195
11
1.000000e-03
1.903818e-303
175
3000
1.675646e+01
1.510315e+00
1.675646e-05
1.498106e-06
0 0 0 1 0 0 0 0 0 0 0 0 0 0 0 0 0 0 0 0 0 0 0 0 0 0 0 1 0 0 0 0 0 0 0 0 0 0 0 0 0 0 1 0 0 0 0 0 0 0 0 0 0 0 0 0 1 0 0 0 0 1 1 0 0 0 0 0 0 0 0 0 0 1 0 0 0 0 0 0 0 0 0 0 0 0 0 0 0 0 0 0 0 0 0 0 1 0 0 0 0 0 0 0 0 0 0 0 0 0 0 0 0 0 0 1 0 0 0 1 0 0 0 0 0 0 0 0 0 0 0 0 0 0 0 1 0 0 1 1 0 0 0 0 0 1 0 0 0 0 0 0 1 0 0 0 0 0 0 0 0 0 0 0 0 0 0 0 0 1 0 0 0 1 1 0 0 0 0 0 1 1 0 0 0 0 0 0 0 0 1 0 0 0 0 
0 0 0 0 0 0 0 0 1 0 0 0 0 0 0 0 0 0 0 0 0 0 0 0 0 0 0 0 0 0 0 0 0 0 0 0 0 0 0 0 0 0 0 0 0 0 0 0 0 1 0 0 1 0 0 1 0 1 1 0 0 0 0 1 0 0 0 0 0 0 0 0 0 0 1 0 0 0 0 0 0 0 0 0 1 0 0 0 0 0 0 0 1 0 0 0 0 0 0 0 0 0 0 0 0 0 0 1 0 0 0 1 0 0 0 0 0 0 0 0 0 0 1 0 0 0 1 0 0 0 0 0 0 0 1 0 0 0 0 0 0 0 0 0 0 0 1 0 0 0 0 0 0 0 0 0 0 0 0 0 0 0 0 0 0 0 0 0 0 0 0 0 0 0 0 0 0 0 0 0 0 0 0 0 0 0 0 0 0 0 0 1 0 0 0 
1 0 0 0 0 0 0 0 0 0 0 0 0 0 0 0 0 0 0 0 0 0 0 0 0 0 0 0 0 0 0 1 0 0 0 0 0 0 0 0 0 1 0 1 0 0 0 0 0 0 0 0 0 1 0 0 0 0 0 0 0 0 0 0 0 0 0 0 0 0 0 0 0 0 0 0 0 0 0 0 0 0 0 0 0 0 0 0 0 0 1 0 0 1 0 0 0 0 0 1 0 0 0 0 0 0 0 0 0 0 1 0 0 0 0 0 0 1 0 0 0 0 0 0 0 1 0 0 0 0 0 0 0 0 0 0 0 0 0 0 0 0 0 0 0 0 0 0 0 0 0 0 0 0 0 0 0 1 0 0 0 0 1 0 0 0 0 1 0 0 0 0 0 0 0 0 0 0 0 0 0 0 0 0 0 0 0 0 0 0 0 0 0 0 0 
0 0 0 0 0 0 0 0 0 0 0 0 0 1 0 0 0 0 0 1 0 0 0 0 0 0 0 0 0 0 0 0 0 0 0 0 0 0 0 0 0 0 0 0 0 0 0 0 0 0 0 0 0 0 1 0 0 0 0 0 0 0 0 0 0 1 0 0 0 0 0 0 0 0 0 0 0 0 0 0 0 0 0 0 0 1 0 0 1 0 0 1 0 0 0 0 0 0 0 0 0 0 1 0 0 0 0 0 0 0 0 0 0 0 0 0 0 0 0 0 0 0 0 0 0 0 0 0 0 0 0 0 0 0 0 0 0 0 0 0 1 0 0 0 0 0 0 0 0 0 0 0 0 0 0 0 0 0 0 0 0 1 0 0 0 0 0 0 0 0 0 0 0 0 0 0 0 0 0 0 0 0 1 0 0 0 0 0 0 0 0 0 0 0 0 
0 1 0 0 0 0 0 0 0 0 0 1 0 0 0 1 0 0 0 0 0 1 0 0 0 0 0 0 0 0 0 0 0 0 0 0 0 0 1 1 0 0 0 0 0 0 0 0 1 0 1 0 0 0 0 0 0 0 0 0 0 0 0 0 0 0 0 0 0 0 0 0 0 0 0 0 0 0 1 0 0 0 0 0 0 0 1 0 0 0 0 0 0 0 1 0 0 0 0 0 0 0 0 0 0 0 0 0 0 0 0 0 1 0 0 0 0 0 0 0 0 0 0 0 1 0 0 0 0 0 0 0 0 0 0 0 1 0 0 0 0 0 0 0 0 0 0 0 0 0 1 0 0 0 0 0 0 0 0 0 0 0 0 1 0 0 0 0 0 0 0 0 0 0 0 0 1 0 0 0 0 0 0 1 1 0 1 0 1 0 0 0 0 0 0 
0 0 0 0 0 0 0 0 0 0 1 0 0 0 0 0 0 0 0 0 0 0 0 0 0 1 0 0 0 0 0 0 0 0 0 0 0 0 0 0 0 0 0 0 0 0 0 0 0 0 0 0 0 0 0 0 0 0 0 1 0 0 0 0 0 0 0 1 0 0 0 0 0 0 0 0 0 0 0 0 0 0 0 0 0 0 0 0 0 1 0 0 0 0 0 0 0 0 0 0 0 1 0 0 0 0 0 0 0 0 0 0 0 0 0 0 0 0 0 0 0 0 0 0 0 0 0 0 0 0 0 0 0 1 0 0 0 0 0 0 0 0 0 0 1 0 0 0 1 0 0 1 0 0 0 0 0 0 0 0 0 0 0 0 0 0 0 0 0 0 0 1 0 0 0 0 0 0 0 0 0 0 0 0 0 0 0 1 0 0 0 0 1 1 0 
0 0 0 0 0 0 0 0 0 0 0 0 0 0 1 0 0 0 1 0 0 0 0 1 0 0 0 0 0 0 0 0 0 1 0 1 0 0 0 0 0 0 0 0 1 0 0 0 0 0 0 1 0 0 0 0 0 0 0 0 0 0 0 0 0 0 0 0 1 0 0 0 0 0 0 0 0 0 0 0 0 0 0 0 0 0 0 0 0 0 0 0 0 0 0 0 0 0 0 0 0 0 0 0 0 0 1 0 0 1 0 0 0 1 0 0 1 0 0 0 0 0 0 0 0 0 0 0 0 1 1 0 0 0 0 0 0 1 0 0 0 0 0 0 0 0 0 0 0 1 0 0 0 0 0 0 0 0 0 0 0 0 0 0 0 1 1 0 0 0 1 0 1 0 0 0 0 1 0 1 0 0 0 0 0 0 0 0 0 1 0 0 0 0 0 
0 0 0 0 0 0 0 0 0 0 0 0 0 0 0 0 1 0 0 0 1 0 0 0 0 0 0 0 0 1 0 0 0 0 1 0 0 0 0 0 1 0 0 0 0 0 0 1 0 0 0 0 0 0 0 0 0 0 0 0 0 0 0 0 0 0 0 0 0 0 0 0 0 0 0 1 0 0 0 0 1 0 0 0 0 0 0 0 0 0 0 0 0 0 0 0 0 0 1 0 0 0 0 0 0 1 0 0 0 0 0 0 0 0 0 0 0 0 0 0 1 0 0 0 0 0 0 0 0 0 0 0 0 0 0 0 0 0 0 0 0 1 0 0 0 0 0 0 0 0 0 0 0 0 1 1 0 0 0 0 0 0 0 0 0 0 0 0 0 0 0 0 0 0 0 1 0 0 0 0 0 0 0 0 0 1 0 0 0 0 0 0 0 0 0 
0 0 0 0 0 0 0 0 0 0 0 0 1 0 0 0 0 0 0 0 0 0 1 0 1 0 0 0 1 0 1 0 1 0 0 0 0 0 0 0 0 0 0 0 0 0 0 0 0 0 0 0 0 0 0 0 0 0 0 0 0 0 0 0 0 0 1 0 0 0 1 0 0 0 0 0 1 0 0 0 0 0 1 0 0 0 0 0 0 0 0 0 0 0 0 0 0 1 0 0 0 0 0 1 0 0 0 0 0 0 0 0 0 0 0 0 0 0 1 0 0 1 0 1 0 0 0 0 0 0 0 0 0 0 0 0 0 0 0 0 0 0 0 1 0 0 0 1 0 0 0 0 0 1 0 0 1 0 0 1 0 0 0 0 1 0 0 0 0 0 0 0 0 0 0 0 0 0 0 0 0 0 0 0 0 0 0 0 0 0 0 0 0 0 0 
0 0 0 0 1 1 0 1 0 0 0 0 0 0 0 0 0 1 0 0 0 0 0 0 0 0 1 0 0 0 0 0 0 0 0 0 1 0 0 0 0 0 0 0 0 0 1 0 0 0 0 0 0 0 0 0 0 0 0 0 0 0 0 0 0 0 0 0 0 1 0 1 0 0 0 0 0 1 0 1 0 0 0 1 0 0 0 1 0 0 0 0 0 0 0 1 0 0 0 0 1 0 0 0 1 0 0 0 0 0 0 0 0 0 0 0 0 0 0 0 0 0 0 0 0 0 0 0 1 0 0 0 0 0 0 0 0 0 0 0 0 0 0 0 0 0 0 0 0 0 0 0 0 0 0 0 0 0 0 0 1 0 0 0 0 0 0 0 1 0 0 0 0 0 0 0 0 0 0 0 0 0 0 0 0 0 0 0 0 0 0 0 0 0 0 
0 0 0 0 0 0 0 0 0 1 0 0 0 0 0 0 0 0 0 0 0 0 0 0 0 0 0 0 0 0 0 0 0 0 0 0 0 1 0 0 0 0 0 0 0 1 0 0 0 0 0 0 0 0 0 0 0 0 0 0 1 0 0 0 1 0 0 0 0 0 0 0 1 0 0 0 0 0 0 0 0 0 0 0 0 0 0 0 0 0 0 0 0 0 0 0 0 0 0 0 0 0 0 0 0 0 0 0 1 0 0 0 0 0 1 0 0 0 0 0 0 0 0 0 0 0 0 0 0 0 0 1 0 0 0 0 0 0 0 0 0 0 0 0 0 0 0 0 0 0 0 0 0 0 0 0 0 0 0 0 0 0 0 0 0 0 0 0 0 0 0 0 0 0 0 0 0 0 0 0 0 0 0 0 0 0 0 0 0 0 0 0 0 0 0 
146 85 163 103 79 193 107 81 33 96 65 
2.929355E-05 3.515351E-05 0.000000E+00 5.977468E-08 5.690446E-05 6.898340E-06 0.000000E+00 6.621051E-06 1.599477E-06 8.101951E-06 4.028979E-05 1.337693E-04 3.205200E-04 1.074802E-06 9.836843E-05 5.367710E-04 4.642063E-05 1.514151E-05 3.541389E-04 3.144382E-10 8.182579E-05 2.443048E-06 4.672621E-05 1.915201E-04 3.292824E-05 1.094285E-05 6.509788E-06 1.290661E-04 3.202965E-06 4.148305E-05 4.907681E-05 1.454051E-04 0.000000E+00 2.393555E-05 1.813339E-05 2.665173E-06 4.146672E-05 1.877971E-06 1.164424E-04 9.789560E-05 1.395660E-04 2.639892E-05 2.222591E-04 1.163173E-05 3.217269E-04 3.405927E-07 2.222472E-05 5.021333E-05 5.208706E-06 1.611903E-04 3.308205E-05 1.414752E-05 5.266405E-06 9.539074E-05 1.070869E-04 1.527871E-05 3.881842E-04 6.065673E-06 2.132211E-04 2.837819E-05 8.778048E-06 1.077823E-04 2.833792E-04 1.909547E-05 0.000000E+00 1.587750E-06 1.173270E-04 9.428960E-05 1.812302E-05 9.738005E-05 2.540503E-05 2.352959E-06 8.145506E-08 3.024577E-05 7.681666E-05 5.542622E-05 1.147325E-04 2.851002E-04 0.000000E+00 1.271596E-04 0.000000E+00 0.000000E+00 7.686867E-05 7.782113E-07 0.000000E+00 7.632647E-08 5.521898E-04 3.582150E-05 1.099466E-05 3.198269E-07 2.188460E-05 3.468911E-05 1.814791E-05 3.490363E-04 9.230469E-06 0.000000E+00 1.131056E-04 4.552004E-05 9.216232E-05 1.910018E-04 9.562883E-05 9.569811E-09 0.000000E+00 1.894758E-05 3.445283E-05 1.363412E-04 0.000000E+00 1.656280E-04 2.401131E-06 1.183953E-05 1.133084E-06 4.804291E-05 3.165619E-06 6.284274E-05 7.565068E-05 4.290869E-05 1.664774E-04 1.873627E-04 3.664648E-04 1.011818E-06 1.974160E-04 7.997166E-05 1.857460E-04 4.563670E-04 1.907415E-04 8.044311E-06 6.456564E-05 0.000000E+00 1.531330E-07 3.971466E-04 8.656660E-05 3.322009E-06 0.000000E+00 8.431191E-05 3.306055E-04 1.130826E-05 7.843832E-04 9.640752E-05 9.952764E-05 1.423188E-05 2.531418E-05 1.374600E-05 0.000000E+00 3.993683E-04 1.192793E-05 0.000000E+00 1.129064E-04 1.371336E-04 1.289617E-05 1.090180E-04 4.629055E-05 6.690572E-05 1.117643E-05 5.594487E-05 2.527816E-07 5.694547E-05 9.997425E-04 2.783768E-05 0.000000E+00 8.784401E-04 1.613943E-04 6.644490E-06 0.000000E+00 1.150681E-05 9.273708E-07 3.639771E-06 6.072323E-05 1.706191E-05 1.750180E-04 1.064121E-04 8.089909E-05 2.125057E-04 6.005119E-06 8.842855E-05 8.119294E-06 4.641125E-06 2.454525E-04 8.556720E-05 0.000000E+00 1.837964E-04 3.347706E-06 4.946131E-06 3.525332E-07 5.235273E-04 1.448411E-05 9.287568E-06 5.622861E-04 1.298371E-04 9.941202E-06 4.509553E-06 1.095075E-04 7.491781E-06 0.000000E+00 5.391763E-06 0.000000E+00 
146 181 153 97 74 28 139 170 4 136 182 120 62 63 175 116 140 57 174 191 43 
85 93 192 58 9 53 56 112 147 127 64 50 123 75 108 59 135 
163 126 158 91 42 118 44 111 1 54 100 168 32 94 
103 89 20 86 162 66 141 55 14 183 92 
79 189 113 164 40 177 125 39 22 2 137 151 185 49 184 16 95 51 87 187 12 
193 26 194 90 145 11 60 102 149 134 68 152 188 172 
107 52 34 173 138 171 190 36 19 110 166 180 178 150 167 69 15 131 45 114 117 130 24 
81 186 35 155 142 156 17 176 76 48 30 21 106 41 99 121 
33 77 165 29 148 144 71 104 83 154 119 23 25 31 13 122 98 160 157 67 124 
96 18 129 27 105 8 84 88 5 72 70 80 101 47 6 37 161 169 78 
65 73 38 46 109 132 61 10 115 

============Find Best @ Round 2770================
==========Cluster 0, RcvInterf=4.83280e-14============
Node 145, SINR:0.00000e+00, BpsHz:0.00000e+00
Node 180, SINR:6.69186e-01, BpsHz:3.69572e-02
Node 152, SINR:6.69186e-01, BpsHz:3.69572e-02
Node 96, SINR:6.69186e-01, BpsHz:3.69572e-02
Node 73, SINR:6.69186e-01, BpsHz:3.69572e-02
Node 27, SINR:6.69186e-01, BpsHz:3.69572e-02
Node 138, SINR:6.69186e-01, BpsHz:3.69572e-02
Node 169, SINR:6.69186e-01, BpsHz:3.69572e-02
Node 3, SINR:6.69186e-01, BpsHz:3.69572e-02
Node 135, SINR:6.69186e-01, BpsHz:3.69572e-02
Node 181, SINR:6.69186e-01, BpsHz:3.69572e-02
Node 119, SINR:6.69186e-01, BpsHz:3.69572e-02
Node 61, SINR:6.69186e-01, BpsHz:3.69572e-02
Node 62, SINR:6.69186e-01, BpsHz:3.69572e-02
Node 174, SINR:6.69186e-01, BpsHz:3.69572e-02
Node 115, SINR:6.69186e-01, BpsHz:3.69572e-02
Node 139, SINR:6.69186e-01, BpsHz:3.69572e-02
Node 56, SINR:6.69186e-01, BpsHz:3.69572e-02
Node 173, SINR:6.69186e-01, BpsHz:3.69572e-02
Node 190, SINR:6.69186e-01, BpsHz:3.69572e-02
Node 42, SINR:6.69186e-01, BpsHz:3.69572e-02
---------------
==========Cluster 1, RcvInterf=5.84734e-14============
Node 84, SINR:0.00000e+00, BpsHz:0.00000e+00
Node 92, SINR:5.06620e-01, BpsHz:3.69572e-02
Node 191, SINR:5.06620e-01, BpsHz:3.69572e-02
Node 57, SINR:5.06620e-01, BpsHz:3.69572e-02
Node 8, SINR:5.06620e-01, BpsHz:3.69572e-02
Node 52, SINR:5.06620e-01, BpsHz:3.69572e-02
Node 55, SINR:5.06620e-01, BpsHz:3.69572e-02
Node 111, SINR:5.06620e-01, BpsHz:3.69572e-02
Node 146, SINR:5.06620e-01, BpsHz:3.69572e-02
Node 126, SINR:5.06620e-01, BpsHz:3.69572e-02
Node 63, SINR:5.06620e-01, BpsHz:3.69572e-02
Node 49, SINR:5.06620e-01, BpsHz:3.69572e-02
Node 122, SINR:5.06620e-01, BpsHz:3.69572e-02
Node 74, SINR:5.06620e-01, BpsHz:3.69572e-02
Node 107, SINR:5.06620e-01, BpsHz:3.69572e-02
Node 58, SINR:5.06620e-01, BpsHz:3.69572e-02
Node 134, SINR:5.06620e-01, BpsHz:3.69572e-02
---------------
==========Cluster 2, RcvInterf=1.05193e-13============
Node 162, SINR:0.00000e+00, BpsHz:0.00000e+00
Node 125, SINR:3.95173e-01, BpsHz:3.69572e-02
Node 157, SINR:3.95173e-01, BpsHz:3.69572e-02
Node 90, SINR:3.95173e-01, BpsHz:3.69572e-02
Node 41, SINR:3.95173e-01, BpsHz:3.69572e-02
Node 117, SINR:3.95173e-01, BpsHz:3.69572e-02
Node 43, SINR:3.95173e-01, BpsHz:3.69572e-02
Node 110, SINR:3.95173e-01, BpsHz:3.69572e-02
Node 0, SINR:3.95173e-01, BpsHz:3.69572e-02
Node 53, SINR:3.95173e-01, BpsHz:3.69572e-02
Node 99, SINR:3.95173e-01, BpsHz:3.69572e-02
Node 167, SINR:3.95173e-01, BpsHz:3.69572e-02
Node 31, SINR:3.95173e-01, BpsHz:3.69572e-02
Node 93, SINR:3.95173e-01, BpsHz:3.69572e-02
---------------
==========Cluster 3, RcvInterf=9.43237e-14============
Node 102, SINR:0.00000e+00, BpsHz:0.00000e+00
Node 88, SINR:2.91970e-01, BpsHz:3.69572e-02
Node 19, SINR:2.91970e-01, BpsHz:3.69572e-02
Node 85, SINR:2.91970e-01, BpsHz:3.69572e-02
Node 161, SINR:2.91970e-01, BpsHz:3.69572e-02
Node 65, SINR:2.91970e-01, BpsHz:3.69572e-02
Node 140, SINR:2.91970e-01, BpsHz:3.69572e-02
Node 54, SINR:2.91970e-01, BpsHz:3.69572e-02
Node 13, SINR:2.91970e-01, BpsHz:3.69572e-02
Node 182, SINR:2.91970e-01, BpsHz:3.69572e-02
Node 91, SINR:2.91970e-01, BpsHz:3.69572e-02
---------------
==========Cluster 4, RcvInterf=5.93127e-14============
Node 78, SINR:0.00000e+00, BpsHz:0.00000e+00
Node 188, SINR:6.69186e-01, BpsHz:3.69572e-02
Node 112, SINR:6.69186e-01, BpsHz:3.69572e-02
Node 163, SINR:6.69186e-01, BpsHz:3.69572e-02
Node 39, SINR:6.69186e-01, BpsHz:3.69572e-02
Node 176, SINR:6.69186e-01, BpsHz:3.69572e-02
Node 124, SINR:6.69186e-01, BpsHz:3.69572e-02
Node 38, SINR:6.69186e-01, BpsHz:3.69572e-02
Node 21, SINR:6.69186e-01, BpsHz:3.69572e-02
Node 1, SINR:6.69186e-01, BpsHz:3.69572e-02
Node 136, SINR:6.69186e-01, BpsHz:3.69572e-02
Node 150, SINR:6.69186e-01, BpsHz:3.69572e-02
Node 184, SINR:6.69186e-01, BpsHz:3.69572e-02
Node 48, SINR:6.69186e-01, BpsHz:3.69572e-02
Node 183, SINR:6.69186e-01, BpsHz:3.69572e-02
Node 15, SINR:6.69186e-01, BpsHz:3.69572e-02
Node 94, SINR:6.69186e-01, BpsHz:3.69572e-02
Node 50, SINR:6.69186e-01, BpsHz:3.69572e-02
Node 86, SINR:6.69186e-01, BpsHz:3.69572e-02
Node 186, SINR:6.69186e-01, BpsHz:3.69572e-02
Node 11, SINR:6.69186e-01, BpsHz:3.69572e-02
---------------
==========Cluster 5, RcvInterf=1.43582e-13============
Node 192, SINR:0.00000e+00, BpsHz:0.00000e+00
Node 25, SINR:3.95173e-01, BpsHz:3.69572e-02
Node 193, SINR:3.95173e-01, BpsHz:3.69572e-02
Node 89, SINR:3.95173e-01, BpsHz:3.69572e-02
Node 144, SINR:3.95173e-01, BpsHz:3.69572e-02
Node 10, SINR:3.95173e-01, BpsHz:3.69572e-02
Node 59, SINR:3.95173e-01, BpsHz:3.69572e-02
Node 101, SINR:3.95173e-01, BpsHz:3.69572e-02
Node 148, SINR:3.95173e-01, BpsHz:3.69572e-02
Node 133, SINR:3.95173e-01, BpsHz:3.69572e-02
Node 67, SINR:3.95173e-01, BpsHz:3.69572e-02
Node 151, SINR:3.95173e-01, BpsHz:3.69572e-02
Node 187, SINR:3.95173e-01, BpsHz:3.69572e-02
Node 171, SINR:3.95173e-01, BpsHz:3.69572e-02
---------------
==========Cluster 6, RcvInterf=3.57303e-14============
Node 106, SINR:0.00000e+00, BpsHz:0.00000e+00
Node 51, SINR:7.56933e-01, BpsHz:3.69572e-02
Node 33, SINR:7.56933e-01, BpsHz:3.69572e-02
Node 172, SINR:7.56933e-01, BpsHz:3.69572e-02
Node 137, SINR:7.56933e-01, BpsHz:3.69572e-02
Node 170, SINR:7.56933e-01, BpsHz:3.69572e-02
Node 189, SINR:7.56933e-01, BpsHz:3.69572e-02
Node 35, SINR:7.56933e-01, BpsHz:3.69572e-02
Node 18, SINR:7.56933e-01, BpsHz:3.69572e-02
Node 109, SINR:7.56933e-01, BpsHz:3.69572e-02
Node 165, SINR:7.56933e-01, BpsHz:3.69572e-02
Node 179, SINR:7.56933e-01, BpsHz:3.69572e-02
Node 177, SINR:7.56933e-01, BpsHz:3.69572e-02
Node 149, SINR:7.56933e-01, BpsHz:3.69572e-02
Node 166, SINR:7.56933e-01, BpsHz:3.69572e-02
Node 68, SINR:7.56933e-01, BpsHz:3.69572e-02
Node 14, SINR:7.56933e-01, BpsHz:3.69572e-02
Node 130, SINR:7.56933e-01, BpsHz:3.69572e-02
Node 44, SINR:7.56933e-01, BpsHz:3.69572e-02
Node 113, SINR:7.56933e-01, BpsHz:3.69572e-02
Node 116, SINR:7.56933e-01, BpsHz:3.69572e-02
Node 129, SINR:7.56933e-01, BpsHz:3.69572e-02
Node 23, SINR:7.56933e-01, BpsHz:3.69572e-02
---------------
==========Cluster 7, RcvInterf=1.36832e-13============
Node 80, SINR:0.00000e+00, BpsHz:0.00000e+00
Node 185, SINR:4.68516e-01, BpsHz:3.69572e-02
Node 34, SINR:4.68516e-01, BpsHz:3.69572e-02
Node 154, SINR:4.68516e-01, BpsHz:3.69572e-02
Node 141, SINR:4.68516e-01, BpsHz:3.69572e-02
Node 155, SINR:4.68516e-01, BpsHz:3.69572e-02
Node 16, SINR:4.68516e-01, BpsHz:3.69572e-02
Node 175, SINR:4.68516e-01, BpsHz:3.69572e-02
Node 75, SINR:4.68516e-01, BpsHz:3.69572e-02
Node 47, SINR:4.68516e-01, BpsHz:3.69572e-02
Node 29, SINR:4.68516e-01, BpsHz:3.69572e-02
Node 20, SINR:4.68516e-01, BpsHz:3.69572e-02
Node 105, SINR:4.68516e-01, BpsHz:3.69572e-02
Node 40, SINR:4.68516e-01, BpsHz:3.69572e-02
Node 98, SINR:4.68516e-01, BpsHz:3.69572e-02
Node 120, SINR:4.68516e-01, BpsHz:3.69572e-02
---------------
==========Cluster 8, RcvInterf=1.04788e-13============
Node 32, SINR:0.00000e+00, BpsHz:0.00000e+00
Node 76, SINR:6.69186e-01, BpsHz:3.69572e-02
Node 164, SINR:6.69186e-01, BpsHz:3.69572e-02
Node 28, SINR:6.69186e-01, BpsHz:3.69572e-02
Node 147, SINR:6.69186e-01, BpsHz:3.69572e-02
Node 143, SINR:6.69186e-01, BpsHz:3.69572e-02
Node 70, SINR:6.69186e-01, BpsHz:3.69572e-02
Node 103, SINR:6.69186e-01, BpsHz:3.69572e-02
Node 82, SINR:6.69186e-01, BpsHz:3.69572e-02
Node 153, SINR:6.69186e-01, BpsHz:3.69572e-02
Node 118, SINR:6.69186e-01, BpsHz:3.69572e-02
Node 22, SINR:6.69186e-01, BpsHz:3.69572e-02
Node 24, SINR:6.69186e-01, BpsHz:3.69572e-02
Node 30, SINR:6.69186e-01, BpsHz:3.69572e-02
Node 12, SINR:6.69186e-01, BpsHz:3.69572e-02
Node 121, SINR:6.69186e-01, BpsHz:3.69572e-02
Node 97, SINR:6.69186e-01, BpsHz:3.69572e-02
Node 159, SINR:6.69186e-01, BpsHz:3.69572e-02
Node 156, SINR:6.69186e-01, BpsHz:3.69572e-02
Node 66, SINR:6.69186e-01, BpsHz:3.69572e-02
Node 123, SINR:6.69186e-01, BpsHz:3.69572e-02
---------------
==========Cluster 9, RcvInterf=1.08486e-13============
Node 95, SINR:0.00000e+00, BpsHz:0.00000e+00
Node 17, SINR:5.85821e-01, BpsHz:3.69572e-02
Node 128, SINR:5.85821e-01, BpsHz:3.69572e-02
Node 26, SINR:5.85822e-01, BpsHz:3.69572e-02
Node 104, SINR:5.85822e-01, BpsHz:3.69572e-02
Node 7, SINR:5.85822e-01, BpsHz:3.69572e-02
Node 83, SINR:5.85821e-01, BpsHz:3.69572e-02
Node 87, SINR:5.85822e-01, BpsHz:3.69572e-02
Node 4, SINR:5.85822e-01, BpsHz:3.69572e-02
Node 71, SINR:5.85821e-01, BpsHz:3.69572e-02
Node 69, SINR:5.85822e-01, BpsHz:3.69572e-02
Node 79, SINR:5.85822e-01, BpsHz:3.69572e-02
Node 100, SINR:5.85822e-01, BpsHz:3.69572e-02
Node 46, SINR:5.85821e-01, BpsHz:3.69572e-02
Node 5, SINR:5.85822e-01, BpsHz:3.69572e-02
Node 36, SINR:5.85822e-01, BpsHz:3.69572e-02
Node 160, SINR:5.85822e-01, BpsHz:3.69572e-02
Node 168, SINR:5.85821e-01, BpsHz:3.69572e-02
Node 77, SINR:5.85822e-01, BpsHz:3.69572e-02
---------------
==========Cluster 10, RcvInterf=8.29626e-14============
Node 64, SINR:0.00000e+00, BpsHz:0.00000e+00
Node 72, SINR:2.27445e-01, BpsHz:3.69572e-02
Node 37, SINR:2.27445e-01, BpsHz:3.69572e-02
Node 45, SINR:2.27445e-01, BpsHz:3.69572e-02
Node 108, SINR:2.27445e-01, BpsHz:3.69572e-02
Node 131, SINR:2.27445e-01, BpsHz:3.69572e-02
Node 60, SINR:2.27445e-01, BpsHz:3.69572e-02
Node 9, SINR:2.27445e-01, BpsHz:3.69572e-02
Node 114, SINR:2.27445e-01, BpsHz:3.69572e-02
---------------
195
11
1.000000e-03
8.641669e-294
175
3000
1.518379e+01
1.360931e+00
1.518379e-05
1.424714e-06
0 0 0 0 0 0 0 0 0 0 0 0 0 0 0 0 0 0 0 0 0 0 0 0 0 0 0 0 0 0 0 0 0 0 0 0 0 0 0 0 0 0 0 0 0 0 0 0 0 1 0 0 1 0 0 1 0 0 0 0 0 0 0 1 0 0 0 0 0 0 0 0 0 0 1 0 0 0 0 0 0 0 0 0 1 0 0 0 0 0 0 0 1 0 0 0 0 0 0 0 0 0 0 0 0 0 0 1 0 0 0 1 0 0 0 0 0 0 0 0 0 0 1 0 0 0 1 0 0 0 0 0 0 0 0 0 0 0 0 0 0 0 0 0 0 0 1 0 0 0 0 0 0 0 0 0 0 0 0 0 0 0 0 0 0 0 0 0 0 0 0 0 0 0 0 0 0 0 0 0 0 0 0 0 0 0 0 0 0 0 0 1 0 0 0 
0 0 1 1 0 0 0 0 0 0 0 0 0 0 0 0 0 0 0 0 0 0 0 0 0 0 0 0 0 1 0 0 0 0 0 0 0 0 0 0 1 0 1 0 0 0 0 0 0 0 0 0 0 0 0 0 0 0 0 0 0 1 0 0 0 0 0 0 0 0 0 0 0 1 0 0 0 0 0 0 0 0 0 0 0 0 0 0 0 0 0 1 0 0 0 0 0 0 0 0 0 0 0 0 0 0 0 0 0 0 0 0 0 0 0 0 0 0 0 1 0 0 0 0 0 0 0 0 0 0 0 0 0 0 0 1 0 0 0 1 1 0 0 0 0 1 0 0 0 0 0 0 0 0 0 0 0 0 1 0 0 0 0 0 0 0 0 0 0 0 0 0 0 1 1 0 0 0 0 0 0 1 0 0 0 0 0 0 0 0 1 0 0 0 0 
0 1 0 0 0 0 0 0 0 0 0 0 0 0 0 1 0 0 0 0 0 1 0 0 0 0 0 0 0 0 0 0 0 0 0 0 0 0 1 1 0 0 0 0 0 0 0 0 1 0 0 0 0 0 0 0 0 0 1 0 0 0 0 0 0 0 0 0 0 0 0 0 0 0 0 0 0 0 1 0 0 0 0 0 0 0 1 0 0 0 0 0 0 0 1 0 0 0 0 0 0 0 0 0 0 0 0 0 0 0 0 0 1 0 0 0 0 0 0 0 0 0 0 0 1 0 0 0 0 0 0 0 1 0 1 0 1 0 0 0 0 0 0 0 0 0 0 0 0 0 0 0 0 0 0 0 0 0 0 0 0 0 0 1 0 0 0 0 0 0 0 0 0 0 0 0 0 0 0 0 0 0 0 0 1 0 0 0 1 0 0 0 0 0 1 
0 0 0 0 0 0 0 0 0 0 0 0 0 0 1 0 0 0 1 0 0 0 0 0 0 0 0 0 0 0 0 0 0 1 0 1 0 0 0 0 0 0 0 0 1 0 0 0 0 0 0 1 0 0 0 0 0 0 0 0 0 0 0 0 0 0 0 0 1 0 0 0 0 0 0 0 0 0 0 0 0 0 0 0 0 0 0 0 0 0 0 0 0 0 0 0 0 0 0 0 0 0 0 0 0 0 1 0 0 1 0 0 0 1 0 0 1 0 0 0 0 0 0 0 0 0 0 0 0 1 1 0 0 0 0 0 0 1 0 0 0 0 0 0 0 0 0 0 0 1 0 0 0 0 0 0 0 0 0 0 0 0 0 0 0 1 1 0 0 0 1 0 1 0 0 0 0 1 0 1 0 0 0 0 0 0 0 0 0 1 0 0 0 0 0 
0 0 0 0 0 0 0 0 0 0 0 0 0 0 0 0 0 0 0 0 0 0 0 0 0 0 0 1 0 0 0 0 0 0 0 0 0 0 0 0 0 0 0 0 0 0 0 0 0 0 0 0 0 0 0 0 1 0 0 0 0 0 1 0 0 0 0 0 0 0 0 0 0 0 0 0 0 0 0 0 0 0 0 0 0 0 0 0 0 0 0 0 0 0 0 0 1 0 0 0 0 0 0 0 0 0 0 0 0 0 0 0 0 0 0 1 0 0 0 0 0 0 0 0 0 0 0 0 0 0 0 0 0 0 0 0 0 0 1 0 0 0 0 0 0 0 0 0 0 0 0 0 1 0 0 0 0 0 0 0 0 0 0 0 0 0 0 0 0 0 0 0 0 0 0 0 0 0 0 0 1 0 0 0 0 0 0 0 0 0 0 0 0 0 0 
0 0 0 0 0 0 0 0 0 0 0 0 0 0 0 0 0 0 0 0 1 0 0 0 0 0 0 0 0 0 0 0 0 0 1 0 0 0 0 0 0 0 0 0 0 0 0 1 0 0 0 0 0 0 0 0 0 0 0 0 0 0 0 0 0 0 0 1 0 0 0 0 0 0 0 1 0 0 0 0 1 0 0 0 0 0 0 0 0 0 0 0 0 0 0 0 0 0 1 0 0 0 0 0 0 1 0 0 0 0 0 0 0 0 0 0 0 0 0 0 1 0 0 0 0 0 0 0 0 0 0 0 0 0 0 0 0 0 0 0 0 1 0 0 0 0 0 0 0 0 0 0 0 0 1 1 0 0 0 0 0 0 0 0 0 0 0 0 0 0 0 1 0 0 0 1 0 0 0 0 0 0 0 0 0 1 0 0 0 0 0 0 0 0 0 
0 0 0 0 0 0 0 0 0 0 0 0 0 1 0 0 0 0 0 1 0 0 0 0 0 0 0 0 0 0 0 0 0 0 0 0 0 0 0 0 0 0 0 0 0 0 0 0 0 0 0 0 0 0 1 0 0 0 0 0 0 0 0 0 0 1 0 0 0 0 0 0 0 0 0 0 0 0 0 1 0 1 0 0 0 1 0 0 1 0 0 0 0 0 0 0 0 0 0 0 1 0 1 0 1 0 0 0 0 0 0 0 0 0 0 0 0 0 0 0 0 0 0 0 0 0 0 0 0 0 0 0 0 0 0 0 0 0 0 0 0 0 0 0 0 0 0 0 0 0 0 0 0 0 0 0 0 0 0 0 1 1 0 0 0 0 0 0 0 0 0 0 0 0 0 0 0 0 0 0 0 0 1 0 0 0 0 0 0 0 0 0 0 0 0 
0 0 0 0 1 1 0 1 0 1 0 0 0 0 0 0 0 1 0 0 0 0 0 0 0 0 1 0 0 0 0 0 0 0 0 0 1 1 0 0 0 0 0 0 0 0 1 0 0 0 0 0 0 0 0 0 0 0 0 0 0 0 0 0 0 0 0 0 0 1 0 1 0 0 0 0 0 1 0 0 0 0 0 1 0 0 0 1 0 0 0 0 0 1 0 1 0 0 0 0 0 0 0 0 0 0 0 0 0 0 0 0 0 0 0 0 0 0 0 0 0 0 0 0 0 0 0 0 1 0 0 0 0 0 0 0 0 0 0 0 0 0 0 0 0 0 0 0 0 0 0 0 0 0 0 0 0 0 0 0 0 0 0 0 0 0 0 0 1 0 0 0 0 0 0 0 0 0 0 0 0 0 0 0 0 0 0 0 0 0 0 0 0 0 0 
0 0 0 0 0 0 0 0 0 0 0 0 0 0 0 0 0 0 0 0 0 0 0 0 1 1 0 0 0 0 0 1 0 0 0 0 0 0 0 0 0 1 0 0 0 0 0 0 0 0 0 0 0 0 0 0 0 0 0 1 0 0 0 0 0 0 0 0 0 0 1 0 0 0 0 0 0 0 0 0 0 0 0 0 0 0 0 0 0 1 1 0 0 0 0 0 0 0 0 0 0 1 0 1 0 0 0 0 0 0 0 0 0 0 0 0 0 1 0 0 0 0 0 1 0 1 0 0 0 0 0 0 0 1 0 0 0 0 0 0 0 0 1 1 1 0 0 0 1 0 0 1 0 0 0 0 1 1 0 1 0 0 0 0 0 0 0 0 0 0 0 0 0 0 0 0 0 0 0 0 0 0 0 0 0 0 0 1 0 0 0 0 1 1 0 
0 0 0 0 0 0 1 0 0 0 0 1 1 0 0 0 0 0 0 0 0 0 1 0 0 0 0 0 1 0 1 0 1 0 0 0 0 0 0 0 0 0 0 0 0 0 0 0 0 0 1 0 0 0 0 0 0 0 0 0 0 0 0 0 0 0 1 0 0 0 0 0 0 0 0 0 1 0 0 0 0 0 1 0 0 0 0 0 0 0 0 0 0 0 0 0 0 1 0 0 0 0 0 0 0 0 0 0 0 0 0 0 0 0 0 0 0 0 1 0 0 1 0 0 0 0 0 0 0 0 0 0 0 0 0 0 0 0 0 0 0 0 0 0 0 0 0 1 0 0 1 0 0 1 0 0 0 0 0 0 0 0 0 0 1 0 0 0 0 0 0 0 0 0 0 0 1 0 0 0 0 0 0 1 0 0 1 0 0 0 0 0 0 0 0 
1 0 0 0 0 0 0 0 0 0 0 0 0 0 0 0 0 0 0 0 0 0 0 0 0 0 0 0 0 0 0 0 0 0 0 0 0 0 0 0 0 0 0 0 0 1 0 0 0 0 0 0 0 1 0 0 0 0 0 0 1 0 0 0 1 0 0 0 0 0 0 0 1 0 0 0 0 0 0 0 0 0 0 0 0 0 0 0 0 0 0 0 0 0 0 0 0 0 0 1 0 0 0 0 0 0 0 0 1 0 1 0 0 0 1 0 0 0 0 0 0 0 0 0 0 0 0 0 0 0 0 1 0 0 0 0 0 0 0 0 0 0 0 0 0 0 0 0 0 0 0 0 0 0 0 0 0 0 0 0 0 0 1 0 0 0 0 1 0 0 0 0 0 0 0 0 0 0 0 0 0 0 0 0 0 0 0 0 0 0 0 0 0 0 0 
53 175 185 107 97 176 14 47 134 29 61 
4.030082E-05 1.501175E-04 8.619770E-07 1.169323E-05 2.159990E-07 2.407970E-06 3.520948E-04 3.426584E-06 0.000000E+00 5.216173E-06 0.000000E+00 4.760533E-05 2.606823E-04 0.000000E+00 1.801098E-04 6.720728E-05 0.000000E+00 2.558760E-05 6.484184E-04 9.217179E-07 1.474506E-04 1.295557E-05 2.378695E-05 0.000000E+00 9.866059E-05 1.799289E-04 1.874771E-06 1.393342E-05 0.000000E+00 9.379805E-06 4.088260E-05 8.566423E-06 2.561684E-06 4.382532E-05 6.502472E-05 4.879857E-06 6.336639E-05 1.545484E-05 2.803150E-06 7.278698E-05 8.961994E-05 1.615355E-04 1.480212E-04 0.000000E+00 5.890729E-04 1.004423E-06 0.000000E+00 1.723025E-06 1.385981E-05 2.641513E-04 9.819764E-05 2.590372E-05 0.000000E+00 2.137821E-05 3.379331E-05 9.885296E-05 6.359835E-07 0.000000E+00 2.978086E-05 2.430944E-04 0.000000E+00 1.522809E-04 7.916905E-07 5.112923E-06 1.207059E-05 3.313403E-06 6.810385E-05 1.187847E-05 3.318273E-05 6.901713E-05 9.351985E-06 2.053441E-06 4.098091E-05 7.973549E-05 2.939482E-06 1.242823E-04 1.833330E-04 1.225084E-05 1.586707E-05 3.589398E-04 2.974923E-06 1.196885E-04 1.573695E-04 3.405784E-05 4.645533E-06 9.914480E-06 5.918581E-05 2.297511E-04 6.044970E-05 1.718659E-04 7.172922E-05 1.743584E-04 2.410794E-06 7.024066E-05 3.202159E-06 1.926297E-05 0.000000E+00 2.827963E-05 9.877542E-06 3.333675E-05 2.310428E-04 6.365687E-05 1.656763E-06 5.103268E-05 1.459942E-04 4.646842E-05 0.000000E+00 1.435817E-05 8.599188E-05 2.167784E-05 1.417982E-04 1.278469E-06 1.445437E-07 1.150633E-04 6.913599E-06 2.668592E-06 3.048155E-04 2.842758E-04 8.914369E-05 1.562105E-07 1.582596E-05 5.431754E-06 1.374683E-04 4.682092E-05 5.947337E-04 2.122900E-04 8.259591E-06 0.000000E+00 5.313758E-05 7.271643E-04 1.585010E-04 1.605166E-05 8.927758E-04 0.000000E+00 5.427332E-05 1.634589E-05 1.332412E-04 1.765194E-04 9.661092E-08 3.666738E-06 1.600961E-04 4.065031E-07 1.424912E-05 1.887783E-04 3.334355E-05 9.035027E-06 1.756082E-04 1.210032E-05 7.214157E-05 1.996090E-04 7.504605E-05 1.046234E-04 2.987536E-06 9.407509E-05 1.638350E-07 1.143956E-06 6.655554E-04 6.266724E-04 7.450264E-05 8.247805E-04 6.894350E-05 2.346316E-05 7.792875E-05 9.791349E-05 4.488859E-06 6.664317E-06 1.111825E-04 9.506413E-05 3.156098E-06 0.000000E+00 1.481239E-04 7.456331E-05 1.099520E-05 4.988427E-05 0.000000E+00 0.000000E+00 4.163968E-04 1.566711E-04 0.000000E+00 3.365261E-04 5.971914E-06 9.410520E-07 1.894923E-05 9.995305E-04 0.000000E+00 3.906555E-06 4.076799E-04 3.722634E-08 6.434687E-06 8.256865E-06 2.997964E-05 7.421748E-05 8.922003E-05 2.301407E-04 8.615095E-04 
53 93 75 108 112 85 127 64 192 123 56 50 147 
175 182 146 3 120 30 136 191 4 159 62 140 174 41 43 74 92 141 
185 49 113 40 16 87 22 59 125 2 189 137 79 95 135 164 39 133 195 
107 114 45 52 167 110 131 166 34 190 150 15 180 171 69 138 117 36 19 173 178 130 
97 139 57 28 63 116 153 181 
176 142 48 81 155 186 121 156 172 99 35 68 106 21 76 
14 89 55 66 20 101 161 103 86 183 162 82 105 80 
47 10 72 6 8 96 5 78 169 84 27 18 37 129 38 70 94 88 
134 71 188 157 126 32 145 124 149 102 26 42 118 104 152 193 91 144 90 160 143 25 60 194 158 
29 23 119 98 67 187 51 31 177 151 148 13 33 122 12 7 165 77 83 154 184 
61 132 163 54 73 109 115 100 46 65 1 168 111 

============Find Best @ Round 2150================
==========Cluster 0, RcvInterf=6.60609e-14============
Node 52, SINR:0.00000e+00, BpsHz:0.00000e+00
Node 92, SINR:4.06556e-01, BpsHz:4.10139e-02
Node 74, SINR:4.06556e-01, BpsHz:4.10139e-02
Node 107, SINR:4.06556e-01, BpsHz:4.10139e-02
Node 111, SINR:4.06556e-01, BpsHz:4.10139e-02
Node 84, SINR:4.06556e-01, BpsHz:4.10139e-02
Node 126, SINR:4.06556e-01, BpsHz:4.10139e-02
Node 63, SINR:4.06556e-01, BpsHz:4.10139e-02
Node 191, SINR:4.06556e-01, BpsHz:4.10139e-02
Node 122, SINR:4.06556e-01, BpsHz:4.10139e-02
Node 55, SINR:4.06556e-01, BpsHz:4.10139e-02
Node 49, SINR:4.06556e-01, BpsHz:4.10139e-02
Node 146, SINR:4.06556e-01, BpsHz:4.10139e-02
---------------
==========Cluster 1, RcvInterf=6.14854e-14============
Node 174, SINR:0.00000e+00, BpsHz:0.00000e+00
Node 181, SINR:6.21395e-01, BpsHz:4.10139e-02
Node 145, SINR:6.21395e-01, BpsHz:4.10139e-02
Node 2, SINR:6.21395e-01, BpsHz:4.10139e-02
Node 119, SINR:6.21395e-01, BpsHz:4.10139e-02
Node 29, SINR:6.21395e-01, BpsHz:4.10139e-02
Node 135, SINR:6.21395e-01, BpsHz:4.10139e-02
Node 190, SINR:6.21395e-01, BpsHz:4.10139e-02
Node 3, SINR:6.21395e-01, BpsHz:4.10139e-02
Node 158, SINR:6.21395e-01, BpsHz:4.10139e-02
Node 61, SINR:6.21395e-01, BpsHz:4.10139e-02
Node 139, SINR:6.21395e-01, BpsHz:4.10139e-02
Node 173, SINR:6.21395e-01, BpsHz:4.10139e-02
Node 40, SINR:6.21395e-01, BpsHz:4.10139e-02
Node 42, SINR:6.21395e-01, BpsHz:4.10139e-02
Node 73, SINR:6.21395e-01, BpsHz:4.10139e-02
Node 91, SINR:6.21395e-01, BpsHz:4.10139e-02
Node 140, SINR:6.21395e-01, BpsHz:4.10139e-02
---------------
==========Cluster 2, RcvInterf=6.68258e-14============
Node 184, SINR:0.00000e+00, BpsHz:0.00000e+00
Node 48, SINR:6.68151e-01, BpsHz:4.10139e-02
Node 112, SINR:6.68151e-01, BpsHz:4.10139e-02
Node 39, SINR:6.68151e-01, BpsHz:4.10139e-02
Node 15, SINR:6.68151e-01, BpsHz:4.10139e-02
Node 86, SINR:6.68151e-01, BpsHz:4.10139e-02
Node 21, SINR:6.68151e-01, BpsHz:4.10139e-02
Node 58, SINR:6.68151e-01, BpsHz:4.10139e-02
Node 124, SINR:6.68151e-01, BpsHz:4.10139e-02
Node 1, SINR:6.68151e-01, BpsHz:4.10139e-02
Node 188, SINR:6.68151e-01, BpsHz:4.10139e-02
Node 136, SINR:6.68151e-01, BpsHz:4.10139e-02
Node 78, SINR:6.68151e-01, BpsHz:4.10139e-02
Node 94, SINR:6.68151e-01, BpsHz:4.10139e-02
Node 134, SINR:6.68151e-01, BpsHz:4.10139e-02
Node 163, SINR:6.68151e-01, BpsHz:4.10139e-02
Node 38, SINR:6.68151e-01, BpsHz:4.10139e-02
Node 132, SINR:6.68151e-01, BpsHz:4.10139e-02
Node 194, SINR:6.68151e-01, BpsHz:4.10139e-02
---------------
==========Cluster 3, RcvInterf=7.31832e-14============
Node 106, SINR:0.00000e+00, BpsHz:0.00000e+00
Node 113, SINR:8.16664e-01, BpsHz:4.10139e-02
Node 44, SINR:8.16664e-01, BpsHz:4.10139e-02
Node 51, SINR:8.16664e-01, BpsHz:4.10139e-02
Node 166, SINR:8.16664e-01, BpsHz:4.10139e-02
Node 109, SINR:8.16664e-01, BpsHz:4.10139e-02
Node 130, SINR:8.16664e-01, BpsHz:4.10139e-02
Node 165, SINR:8.16664e-01, BpsHz:4.10139e-02
Node 33, SINR:8.16664e-01, BpsHz:4.10139e-02
Node 189, SINR:8.16664e-01, BpsHz:4.10139e-02
Node 149, SINR:8.16664e-01, BpsHz:4.10139e-02
Node 14, SINR:8.16664e-01, BpsHz:4.10139e-02
Node 179, SINR:8.16664e-01, BpsHz:4.10139e-02
Node 170, SINR:8.16664e-01, BpsHz:4.10139e-02
Node 68, SINR:8.16664e-01, BpsHz:4.10139e-02
Node 137, SINR:8.16664e-01, BpsHz:4.10139e-02
Node 116, SINR:8.16664e-01, BpsHz:4.10139e-02
Node 35, SINR:8.16664e-01, BpsHz:4.10139e-02
Node 18, SINR:8.16664e-01, BpsHz:4.10139e-02
Node 172, SINR:8.16664e-01, BpsHz:4.10139e-02
Node 177, SINR:8.16664e-01, BpsHz:4.10139e-02
Node 129, SINR:8.16664e-01, BpsHz:4.10139e-02
---------------
==========Cluster 4, RcvInterf=4.84358e-14============
Node 96, SINR:0.00000e+00, BpsHz:0.00000e+00
Node 138, SINR:2.20183e-01, BpsHz:4.10139e-02
Node 56, SINR:2.20183e-01, BpsHz:4.10139e-02
Node 27, SINR:2.20183e-01, BpsHz:4.10139e-02
Node 62, SINR:2.20183e-01, BpsHz:4.10139e-02
Node 115, SINR:2.20183e-01, BpsHz:4.10139e-02
Node 152, SINR:2.20183e-01, BpsHz:4.10139e-02
Node 180, SINR:2.20183e-01, BpsHz:4.10139e-02
---------------
==========Cluster 5, RcvInterf=7.71186e-14============
Node 175, SINR:0.00000e+00, BpsHz:0.00000e+00
Node 141, SINR:4.88846e-01, BpsHz:4.10139e-02
Node 47, SINR:4.88846e-01, BpsHz:4.10139e-02
Node 80, SINR:4.88846e-01, BpsHz:4.10139e-02
Node 154, SINR:4.88846e-01, BpsHz:4.10139e-02
Node 185, SINR:4.88846e-01, BpsHz:4.10139e-02
Node 120, SINR:4.88846e-01, BpsHz:4.10139e-02
Node 155, SINR:4.88846e-01, BpsHz:4.10139e-02
Node 171, SINR:4.88846e-01, BpsHz:4.10139e-02
Node 98, SINR:4.88846e-01, BpsHz:4.10139e-02
Node 34, SINR:4.88846e-01, BpsHz:4.10139e-02
Node 67, SINR:4.88846e-01, BpsHz:4.10139e-02
Node 105, SINR:4.88846e-01, BpsHz:4.10139e-02
Node 20, SINR:4.88846e-01, BpsHz:4.10139e-02
Node 75, SINR:4.88846e-01, BpsHz:4.10139e-02
---------------
==========Cluster 6, RcvInterf=9.50632e-14============
Node 13, SINR:0.00000e+00, BpsHz:0.00000e+00
Node 88, SINR:4.47116e-01, BpsHz:4.10139e-02
Node 54, SINR:4.47116e-01, BpsHz:4.10139e-02
Node 65, SINR:4.47116e-01, BpsHz:4.10139e-02
Node 19, SINR:4.47116e-01, BpsHz:4.10139e-02
Node 100, SINR:4.47116e-01, BpsHz:4.10139e-02
Node 160, SINR:4.47116e-01, BpsHz:4.10139e-02
Node 102, SINR:4.47116e-01, BpsHz:4.10139e-02
Node 85, SINR:4.47116e-01, BpsHz:4.10139e-02
Node 182, SINR:4.47116e-01, BpsHz:4.10139e-02
Node 161, SINR:4.47116e-01, BpsHz:4.10139e-02
Node 81, SINR:4.47116e-01, BpsHz:4.10139e-02
Node 104, SINR:4.47116e-01, BpsHz:4.10139e-02
Node 79, SINR:4.47116e-01, BpsHz:4.10139e-02
---------------
==========Cluster 7, RcvInterf=8.53535e-14============
Node 46, SINR:0.00000e+00, BpsHz:0.00000e+00
Node 9, SINR:6.21395e-01, BpsHz:4.10139e-02
Node 71, SINR:6.21395e-01, BpsHz:4.10139e-02
Node 5, SINR:6.21395e-01, BpsHz:4.10139e-02
Node 7, SINR:6.21395e-01, BpsHz:4.10139e-02
Node 95, SINR:6.21395e-01, BpsHz:4.10139e-02
Node 4, SINR:6.21395e-01, BpsHz:4.10139e-02
Node 77, SINR:6.21395e-01, BpsHz:4.10139e-02
Node 168, SINR:6.21395e-01, BpsHz:4.10139e-02
Node 83, SINR:6.21395e-01, BpsHz:4.10139e-02
Node 26, SINR:6.21395e-01, BpsHz:4.10139e-02
Node 17, SINR:6.21395e-01, BpsHz:4.10139e-02
Node 36, SINR:6.21395e-01, BpsHz:4.10139e-02
Node 128, SINR:6.21395e-01, BpsHz:4.10139e-02
Node 37, SINR:6.21395e-01, BpsHz:4.10139e-02
Node 69, SINR:6.21395e-01, BpsHz:4.10139e-02
Node 93, SINR:6.21395e-01, BpsHz:4.10139e-02
Node 87, SINR:6.21395e-01, BpsHz:4.10139e-02
---------------
==========Cluster 8, RcvInterf=5.10619e-14============
Node 133, SINR:0.00000e+00, BpsHz:0.00000e+00
Node 70, SINR:9.78399e-01, BpsHz:4.10139e-02
Node 187, SINR:9.78399e-01, BpsHz:4.10139e-02
Node 156, SINR:9.78399e-01, BpsHz:4.10139e-02
Node 125, SINR:9.78399e-01, BpsHz:4.10139e-02
Node 31, SINR:9.78399e-01, BpsHz:4.10139e-02
Node 144, SINR:9.78399e-01, BpsHz:4.10139e-02
Node 123, SINR:9.78399e-01, BpsHz:4.10139e-02
Node 148, SINR:9.78399e-01, BpsHz:4.10139e-02
Node 101, SINR:9.78399e-01, BpsHz:4.10139e-02
Node 25, SINR:9.78399e-01, BpsHz:4.10139e-02
Node 41, SINR:9.78399e-01, BpsHz:4.10139e-02
Node 117, SINR:9.78399e-01, BpsHz:4.10139e-02
Node 103, SINR:9.78399e-01, BpsHz:4.10139e-02
Node 151, SINR:9.78399e-01, BpsHz:4.10139e-02
Node 192, SINR:9.78399e-01, BpsHz:4.10139e-02
Node 90, SINR:9.78399e-01, BpsHz:4.10139e-02
Node 143, SINR:9.78399e-01, BpsHz:4.10139e-02
Node 89, SINR:9.78399e-01, BpsHz:4.10139e-02
Node 159, SINR:9.78399e-01, BpsHz:4.10139e-02
Node 142, SINR:9.78399e-01, BpsHz:4.10139e-02
Node 24, SINR:9.78399e-01, BpsHz:4.10139e-02
Node 59, SINR:9.78399e-01, BpsHz:4.10139e-02
Node 193, SINR:9.78399e-01, BpsHz:4.10139e-02
Node 157, SINR:9.78399e-01, BpsHz:4.10139e-02
---------------
==========Cluster 9, RcvInterf=6.78205e-14============
Node 28, SINR:0.00000e+00, BpsHz:0.00000e+00
Node 22, SINR:7.65746e-01, BpsHz:4.10139e-02
Node 118, SINR:7.65746e-01, BpsHz:4.10139e-02
Node 97, SINR:7.65746e-01, BpsHz:4.10139e-02
Node 66, SINR:7.65746e-01, BpsHz:4.10139e-02
Node 186, SINR:7.65746e-01, BpsHz:4.10139e-02
Node 50, SINR:7.65746e-01, BpsHz:4.10139e-02
Node 30, SINR:7.65746e-01, BpsHz:4.10139e-02
Node 176, SINR:7.65746e-01, BpsHz:4.10139e-02
Node 150, SINR:7.65746e-01, BpsHz:4.10139e-02
Node 147, SINR:7.65746e-01, BpsHz:4.10139e-02
Node 12, SINR:7.65746e-01, BpsHz:4.10139e-02
Node 32, SINR:7.65746e-01, BpsHz:4.10139e-02
Node 121, SINR:7.65746e-01, BpsHz:4.10139e-02
Node 11, SINR:7.65746e-01, BpsHz:4.10139e-02
Node 6, SINR:7.65746e-01, BpsHz:4.10139e-02
Node 164, SINR:7.65746e-01, BpsHz:4.10139e-02
Node 76, SINR:7.65746e-01, BpsHz:4.10139e-02
Node 82, SINR:7.65746e-01, BpsHz:4.10139e-02
Node 153, SINR:7.65746e-01, BpsHz:4.10139e-02
Node 183, SINR:7.65746e-01, BpsHz:4.10139e-02
---------------
==========Cluster 10, RcvInterf=5.96688e-14============
Node 60, SINR:0.00000e+00, BpsHz:0.00000e+00
Node 131, SINR:4.06556e-01, BpsHz:4.10139e-02
Node 162, SINR:4.06556e-01, BpsHz:4.10139e-02
Node 53, SINR:4.06556e-01, BpsHz:4.10139e-02
Node 72, SINR:4.06556e-01, BpsHz:4.10139e-02
Node 108, SINR:4.06556e-01, BpsHz:4.10139e-02
Node 114, SINR:4.06556e-01, BpsHz:4.10139e-02
Node 99, SINR:4.06556e-01, BpsHz:4.10139e-02
Node 45, SINR:4.06556e-01, BpsHz:4.10139e-02
Node 64, SINR:4.06556e-01, BpsHz:4.10139e-02
Node 0, SINR:4.06556e-01, BpsHz:4.10139e-02
Node 167, SINR:4.06556e-01, BpsHz:4.10139e-02
Node 110, SINR:4.06556e-01, BpsHz:4.10139e-02
---------------
195
11
1.000000e-03
2.291159e-303
175
3000
1.539398e+01
1.670685e+00
1.539398e-05
1.538000e-06
0 0 0 0 0 0 0 0 0 0 0 0 0 0 0 0 0 0 0 0 0 0 0 0 0 0 0 0 0 0 0 0 0 0 0 0 0 0 1 0 0 0 0 0 0 0 0 0 0 0 0 0 0 0 0 0 0 0 1 0 0 0 0 0 0 0 0 0 0 0 0 0 0 0 0 0 0 0 0 0 0 0 0 0 0 0 1 0 0 0 0 0 0 0 1 0 0 0 0 0 0 0 0 0 0 0 0 0 0 0 0 0 0 0 0 0 0 0 0 0 0 0 0 0 0 0 0 0 0 0 0 0 0 0 1 0 1 0 0 0 0 0 0 0 0 0 0 0 0 0 0 0 0 0 0 0 0 0 0 0 0 0 0 0 0 0 0 0 0 0 0 0 0 0 0 0 0 0 0 0 0 0 0 0 1 0 0 0 0 0 0 0 0 0 0 
0 0 0 0 1 1 0 1 0 0 0 0 0 1 0 0 1 1 0 1 1 0 0 0 0 0 1 0 0 0 0 0 0 0 1 0 1 0 0 0 1 0 0 0 0 0 1 0 0 0 0 0 0 0 1 0 0 0 0 0 0 0 0 0 0 0 0 0 0 1 0 1 0 0 0 1 0 0 0 1 0 1 0 1 0 0 0 1 1 0 0 0 0 0 0 1 0 0 0 0 1 0 1 0 1 1 0 0 0 0 0 0 0 0 0 0 0 0 0 0 0 0 0 0 0 0 0 0 1 0 0 0 0 0 0 0 0 0 0 0 0 0 0 0 0 0 0 0 0 0 0 0 0 0 0 0 0 0 0 0 1 0 0 0 0 0 0 0 0 0 0 0 0 0 0 0 0 0 0 0 0 0 0 0 0 0 0 0 0 0 0 0 0 0 0 
0 0 0 0 0 0 1 0 0 0 0 1 0 0 0 0 0 0 0 0 0 0 1 0 0 0 0 0 1 0 1 0 1 0 0 0 0 0 0 0 0 0 0 0 0 0 0 0 0 0 1 0 0 0 0 0 0 0 0 0 0 0 0 0 0 0 1 0 0 0 0 0 0 0 0 0 0 0 0 0 0 0 0 0 0 0 0 0 0 0 0 0 0 0 0 0 0 1 0 0 0 0 0 1 0 0 0 0 0 0 0 0 0 0 0 0 0 0 1 0 0 1 0 0 0 0 0 0 0 0 0 0 0 0 0 0 0 0 0 0 0 0 0 0 0 0 0 1 0 0 1 1 0 1 0 0 0 0 0 0 0 0 0 1 1 0 0 0 0 0 0 0 0 0 0 0 1 0 0 0 0 0 0 1 0 0 1 0 0 0 0 0 0 0 0 
0 0 0 0 0 0 0 0 0 0 0 0 0 0 0 0 0 0 0 0 0 0 0 0 1 0 0 0 0 0 0 1 0 0 0 0 0 0 0 0 0 1 0 0 0 0 0 0 0 0 0 0 0 0 0 0 0 0 0 0 0 0 0 0 0 0 0 0 0 0 1 0 0 0 0 0 1 0 0 0 0 0 1 0 0 0 0 0 0 0 0 0 0 0 0 0 0 0 0 0 0 0 0 0 0 0 0 0 0 0 0 0 0 0 0 0 0 1 0 0 0 0 0 1 0 0 0 0 0 0 0 0 0 1 0 0 0 0 0 0 0 0 1 1 0 0 0 0 0 0 0 0 0 0 0 0 1 1 0 1 0 0 0 0 0 0 0 0 0 0 0 0 0 0 0 0 0 0 0 0 0 0 0 0 0 0 0 1 0 0 0 0 0 0 0 
0 1 0 0 0 0 0 0 0 0 0 0 0 0 0 0 0 0 0 0 0 1 0 0 0 0 0 0 0 0 0 0 0 0 0 0 0 0 0 1 0 0 0 0 0 0 0 0 1 0 0 0 0 0 0 0 0 0 0 0 0 0 0 0 0 0 0 0 0 0 0 0 0 0 0 0 0 0 1 0 0 0 0 0 0 0 0 0 0 0 0 0 0 0 0 0 0 0 0 0 0 0 0 0 0 0 0 0 0 0 0 0 1 0 0 0 0 0 0 0 0 0 0 0 1 0 0 0 0 0 0 0 0 0 0 0 0 0 0 0 0 0 0 0 0 0 0 0 0 0 0 0 0 0 0 0 0 0 0 0 0 0 0 0 0 0 0 0 0 0 0 0 0 0 0 0 0 0 0 0 0 0 0 0 0 0 0 0 1 0 0 0 0 0 0 
0 0 0 0 0 0 0 0 0 0 0 0 0 0 1 0 0 0 0 0 0 0 0 1 0 0 0 1 0 0 0 0 0 0 0 1 0 0 0 0 0 0 1 0 1 0 0 0 0 0 0 0 0 0 0 0 0 0 0 0 0 1 0 0 0 0 0 0 0 0 0 0 0 0 0 0 0 0 0 0 0 0 0 0 0 0 0 0 0 0 0 0 0 0 0 0 0 0 0 0 0 0 0 0 0 0 0 0 0 0 0 0 0 1 0 0 1 0 0 0 0 0 0 0 0 0 0 1 0 0 0 0 0 0 0 0 0 1 0 0 0 0 0 0 0 0 0 0 0 0 0 0 0 0 0 0 0 0 0 0 0 0 0 0 0 0 1 0 0 1 1 0 1 1 0 0 0 0 0 0 0 0 0 0 0 0 0 0 0 0 1 0 0 0 0 
0 0 1 1 0 0 0 0 0 0 0 0 0 0 0 0 0 0 0 0 0 0 0 0 0 0 0 0 0 0 0 0 0 0 0 0 0 0 0 0 0 0 0 0 0 0 0 0 0 0 0 0 0 0 0 0 1 0 0 0 0 0 1 0 0 1 0 0 0 0 0 0 0 1 0 0 0 0 0 0 0 0 0 0 0 0 0 0 0 0 0 1 0 0 0 0 1 0 0 0 0 0 0 0 0 0 0 0 0 0 0 0 0 0 0 1 0 0 0 1 0 0 0 0 0 0 0 0 0 0 0 0 0 0 0 1 0 0 1 1 1 0 0 0 0 1 0 0 0 0 0 0 1 0 0 0 0 0 1 0 0 1 0 0 0 0 0 0 0 0 0 0 0 0 1 0 0 0 0 0 1 1 1 0 0 0 0 0 0 0 0 0 0 0 0 
0 0 0 0 0 0 0 0 1 0 1 0 0 0 0 0 0 0 0 0 0 0 0 0 0 1 0 0 0 0 0 0 0 0 0 0 0 0 0 0 0 0 0 0 0 0 0 0 0 0 0 0 1 0 0 1 0 0 0 0 0 0 0 1 0 0 0 0 0 0 0 0 0 0 1 0 0 0 0 0 0 0 0 0 1 0 0 0 0 0 0 0 1 0 0 0 0 0 0 0 0 0 0 0 0 0 0 1 0 0 0 1 0 0 0 0 0 0 0 0 0 0 0 0 0 0 1 0 0 0 0 0 0 0 0 0 0 0 0 0 0 0 0 0 0 0 0 0 0 0 0 0 0 0 0 0 0 0 0 0 0 0 0 0 0 0 0 0 0 0 0 0 0 0 0 0 0 0 0 0 0 0 0 0 0 0 0 0 0 0 0 1 0 0 0 
1 0 0 0 0 0 0 0 0 1 0 0 0 0 0 0 0 0 0 0 0 0 0 0 0 0 0 0 0 0 0 0 0 0 0 0 0 1 0 0 0 0 0 0 0 1 0 0 0 0 0 0 0 1 0 0 0 0 0 0 1 0 0 0 1 0 0 0 0 0 0 0 1 0 0 0 0 0 0 0 0 0 0 0 0 0 0 0 0 0 0 0 0 0 0 0 0 0 0 1 0 0 0 0 0 0 0 0 1 0 0 0 0 0 1 0 0 0 0 0 0 0 0 0 0 0 0 0 0 0 0 1 0 0 0 0 0 0 0 0 0 0 0 0 0 0 0 0 0 0 0 0 0 0 0 0 0 0 0 0 0 0 1 0 0 0 0 0 0 0 0 0 0 0 0 0 0 0 0 0 0 0 0 0 0 0 0 0 0 0 0 0 0 0 0 
0 0 0 0 0 0 0 0 0 0 0 0 0 0 0 0 0 0 0 0 0 0 0 0 0 0 0 0 0 0 0 0 0 0 0 0 0 0 0 0 0 0 0 1 0 0 0 1 0 0 0 0 0 0 0 0 0 0 0 1 0 0 0 0 0 0 0 1 0 0 0 0 0 0 0 0 0 1 0 0 1 0 0 0 0 0 0 0 0 1 0 0 0 1 0 0 0 0 1 0 0 1 0 0 0 0 0 0 0 0 0 0 0 0 0 0 0 0 0 0 1 0 0 0 0 1 0 0 0 0 0 0 0 0 0 0 0 0 0 0 0 1 0 0 1 0 0 0 1 0 0 0 0 0 1 1 0 0 0 0 0 0 0 0 0 0 0 0 0 0 0 1 0 0 0 1 0 0 0 0 0 0 0 0 0 1 0 0 0 0 0 0 1 1 0 
0 0 0 0 0 0 0 0 0 0 0 0 0 0 0 0 0 0 1 0 0 0 0 0 0 0 0 0 0 0 0 0 0 1 0 0 0 0 0 0 0 0 0 0 0 0 0 0 0 1 0 1 0 0 0 0 0 0 0 0 0 0 0 0 0 0 0 0 1 0 0 0 0 0 0 0 0 0 0 0 0 0 0 0 0 0 0 0 0 0 0 0 0 0 0 0 0 0 0 0 0 0 0 0 0 0 1 0 0 1 0 0 0 0 0 0 0 0 0 0 0 0 1 0 0 0 0 0 0 1 1 0 1 0 0 0 0 0 0 0 0 0 0 0 0 0 1 0 0 1 0 0 0 0 0 0 0 0 0 0 0 0 0 0 0 1 0 0 0 0 0 0 0 0 0 0 0 1 1 1 0 0 0 0 0 0 0 0 0 1 0 0 0 0 1 
39 88 122 124 22 24 74 93 61 68 150 
8.327745E-05 9.078774E-07 4.511966E-04 1.883369E-05 4.130790E-04 3.990720E-04 7.656108E-05 5.575949E-05 4.181530E-05 2.217396E-04 4.222069E-05 6.175557E-07 0.000000E+00 5.544224E-04 7.593630E-06 0.000000E+00 2.823730E-04 1.414000E-05 2.226738E-05 4.547573E-04 1.410417E-04 0.000000E+00 6.601732E-05 0.000000E+00 1.357353E-05 3.014746E-04 3.804328E-04 8.363914E-05 2.558591E-06 0.000000E+00 2.460145E-05 3.503638E-05 3.012800E-05 2.703934E-06 4.184568E-04 1.729185E-05 9.997066E-04 8.426890E-05 0.000000E+00 2.001316E-06 2.684765E-04 1.377691E-04 1.517579E-04 3.603475E-04 1.939207E-05 2.075535E-06 3.626833E-04 7.545087E-06 9.785559E-06 8.484333E-06 2.563140E-06 3.667124E-05 4.668781E-06 4.417584E-05 8.424866E-04 1.117925E-04 3.784294E-04 0.000000E+00 1.420235E-07 1.128885E-04 0.000000E+00 4.014992E-05 1.872736E-04 1.113498E-08 2.494261E-05 4.211696E-04 2.172069E-05 0.000000E+00 1.652829E-05 4.498034E-05 2.810671E-05 6.535244E-05 8.468279E-05 0.000000E+00 9.217334E-06 2.235966E-04 8.170811E-05 2.713623E-04 5.107263E-07 3.129456E-04 3.025716E-04 8.779134E-07 4.946655E-05 1.851159E-04 3.100212E-05 0.000000E+00 1.989747E-06 0.000000E+00 2.299535E-05 1.905278E-04 0.000000E+00 2.101717E-06 0.000000E+00 7.897506E-05 2.679824E-06 4.901181E-05 2.115965E-04 1.418234E-05 2.331135E-05 6.888693E-05 1.653774E-04 1.961578E-04 4.062745E-04 1.479819E-04 3.207366E-06 1.778717E-04 4.262815E-05 1.196895E-04 1.776932E-04 4.751552E-05 0.000000E+00 3.523311E-05 4.689290E-07 4.625515E-07 1.428623E-05 8.681614E-06 1.007161E-05 5.655981E-05 4.828022E-05 8.512169E-05 2.460530E-06 0.000000E+00 1.858876E-05 0.000000E+00 1.284275E-05 7.119844E-04 3.833152E-07 4.382761E-06 1.626263E-05 1.055383E-05 1.193341E-06 3.316908E-05 3.781579E-05 3.161707E-05 5.108007E-07 1.047894E-06 1.160667E-05 1.973346E-06 8.255550E-05 1.364310E-05 4.293890E-06 2.760328E-05 4.468148E-06 1.202910E-06 4.347024E-04 5.800214E-05 1.327101E-05 1.504972E-06 2.779090E-04 0.000000E+00 1.422998E-06 2.599937E-04 9.234495E-06 8.499642E-05 1.121254E-04 7.572573E-07 1.892329E-05 3.310007E-04 1.231834E-05 3.393419E-05 9.321771E-05 2.027890E-04 1.610316E-04 6.224898E-05 4.387887E-05 8.310020E-05 3.727763E-06 0.000000E+00 0.000000E+00 9.601672E-06 1.636433E-06 8.612734E-06 1.476036E-05 1.786200E-04 1.374105E-04 2.971507E-05 4.530637E-05 7.016842E-06 7.489488E-07 4.291971E-06 9.613110E-06 2.198177E-05 1.533028E-04 1.650859E-04 4.895626E-07 1.394833E-04 6.201344E-05 2.186172E-05 3.121969E-08 5.605993E-05 3.754874E-04 1.025251E-04 1.717655E-04 4.142775E-04 5.550245E-06 
39 135 87 59 185 137 95 
88 129 82 72 80 101 84 89 18 17 55 27 70 105 47 106 35 161 8 96 14 76 21 6 41 103 20 5 37 
122 12 148 51 151 119 23 33 29 177 67 154 187 165 7 98 31 184 104 164 152 
124 143 118 157 32 77 160 71 134 188 83 144 25 42 158 
22 79 40 2 189 125 113 49 
24 114 15 138 128 170 117 171 173 167 45 36 62 28 43 174 191 
74 92 140 146 116 159 139 120 175 181 182 162 66 97 141 183 63 57 136 153 4 3 
93 127 53 64 85 112 9 75 108 11 192 26 56 
61 115 100 132 65 109 163 38 1 73 54 46 10 
68 94 176 121 102 90 60 149 142 81 172 48 155 78 44 193 99 156 145 186 126 194 
150 180 178 131 19 69 34 179 52 195 50 110 123 130 190 147 166 133 107 

============Find Best @ Round 2844================
==========Cluster 0, RcvInterf=4.84040e-14============
Node 38, SINR:0.00000e+00, BpsHz:0.00000e+00
Node 134, SINR:1.49063e-01, BpsHz:3.34097e-02
Node 86, SINR:1.49063e-01, BpsHz:3.34097e-02
Node 58, SINR:1.49063e-01, BpsHz:3.34097e-02
Node 184, SINR:1.49063e-01, BpsHz:3.34097e-02
Node 136, SINR:1.49063e-01, BpsHz:3.34097e-02
Node 94, SINR:1.49063e-01, BpsHz:3.34097e-02
---------------
==========Cluster 1, RcvInterf=9.31022e-14============
Node 87, SINR:0.00000e+00, BpsHz:0.00000e+00
Node 128, SINR:9.12516e-01, BpsHz:3.34097e-02
Node 81, SINR:9.12516e-01, BpsHz:3.34097e-02
Node 71, SINR:9.12516e-01, BpsHz:3.34097e-02
Node 79, SINR:9.12516e-01, BpsHz:3.34097e-02
Node 100, SINR:9.12516e-01, BpsHz:3.34097e-02
Node 83, SINR:9.12516e-01, BpsHz:3.34097e-02
Node 88, SINR:9.12516e-01, BpsHz:3.34097e-02
Node 17, SINR:9.12516e-01, BpsHz:3.34097e-02
Node 16, SINR:9.12516e-01, BpsHz:3.34097e-02
Node 54, SINR:9.12516e-01, BpsHz:3.34097e-02
Node 26, SINR:9.12516e-01, BpsHz:3.34097e-02
Node 69, SINR:9.12516e-01, BpsHz:3.34097e-02
Node 104, SINR:9.12516e-01, BpsHz:3.34097e-02
Node 46, SINR:9.12516e-01, BpsHz:3.34097e-02
Node 105, SINR:9.12516e-01, BpsHz:3.34097e-02
Node 34, SINR:9.12516e-01, BpsHz:3.34097e-02
Node 160, SINR:9.12516e-01, BpsHz:3.34097e-02
Node 7, SINR:9.12516e-01, BpsHz:3.34097e-02
Node 95, SINR:9.12516e-01, BpsHz:3.34097e-02
Node 13, SINR:9.12516e-01, BpsHz:3.34097e-02
Node 75, SINR:9.12516e-01, BpsHz:3.34097e-02
Node 20, SINR:9.12516e-01, BpsHz:3.34097e-02
Node 5, SINR:9.12516e-01, BpsHz:3.34097e-02
Node 40, SINR:9.12516e-01, BpsHz:3.34097e-02
Node 102, SINR:9.12516e-01, BpsHz:3.34097e-02
Node 19, SINR:9.12516e-01, BpsHz:3.34097e-02
Node 4, SINR:9.12516e-01, BpsHz:3.34097e-02
Node 36, SINR:9.12516e-01, BpsHz:3.34097e-02
---------------
==========Cluster 2, RcvInterf=3.45485e-14============
Node 121, SINR:0.00000e+00, BpsHz:0.00000e+00
Node 11, SINR:5.89082e-01, BpsHz:3.34097e-02
Node 147, SINR:5.89082e-01, BpsHz:3.34097e-02
Node 50, SINR:5.89082e-01, BpsHz:3.34097e-02
Node 150, SINR:5.89082e-01, BpsHz:3.34097e-02
Node 118, SINR:5.89082e-01, BpsHz:3.34097e-02
Node 22, SINR:5.89082e-01, BpsHz:3.34097e-02
Node 32, SINR:5.89082e-01, BpsHz:3.34097e-02
Node 28, SINR:5.89082e-01, BpsHz:3.34097e-02
Node 176, SINR:5.89082e-01, BpsHz:3.34097e-02
Node 66, SINR:5.89083e-01, BpsHz:3.34097e-02
Node 153, SINR:5.89082e-01, BpsHz:3.34097e-02
Node 186, SINR:5.89082e-01, BpsHz:3.34097e-02
Node 164, SINR:5.89082e-01, BpsHz:3.34097e-02
Node 6, SINR:5.89083e-01, BpsHz:3.34097e-02
Node 97, SINR:5.89082e-01, BpsHz:3.34097e-02
Node 30, SINR:5.89082e-01, BpsHz:3.34097e-02
Node 183, SINR:5.89082e-01, BpsHz:3.34097e-02
Node 103, SINR:5.89082e-01, BpsHz:3.34097e-02
Node 163, SINR:5.89082e-01, BpsHz:3.34097e-02
Node 151, SINR:5.89083e-01, BpsHz:3.34097e-02
---------------
==========Cluster 3, RcvInterf=1.01154e-13============
Node 123, SINR:0.00000e+00, BpsHz:0.00000e+00
Node 142, SINR:3.82937e-01, BpsHz:3.34097e-02
Node 117, SINR:3.82937e-01, BpsHz:3.34097e-02
Node 156, SINR:3.82937e-01, BpsHz:3.34097e-02
Node 31, SINR:3.82937e-01, BpsHz:3.34097e-02
Node 76, SINR:3.82937e-01, BpsHz:3.34097e-02
Node 159, SINR:3.82937e-01, BpsHz:3.34097e-02
Node 70, SINR:3.82937e-01, BpsHz:3.34097e-02
Node 133, SINR:3.82937e-01, BpsHz:3.34097e-02
Node 187, SINR:3.82937e-01, BpsHz:3.34097e-02
Node 82, SINR:3.82937e-01, BpsHz:3.34097e-02
Node 143, SINR:3.82937e-01, BpsHz:3.34097e-02
Node 24, SINR:3.82937e-01, BpsHz:3.34097e-02
Node 41, SINR:3.82937e-01, BpsHz:3.34097e-02
Node 157, SINR:3.82937e-01, BpsHz:3.34097e-02
---------------
==========Cluster 4, RcvInterf=4.34585e-14============
Node 21, SINR:0.00000e+00, BpsHz:0.00000e+00
Node 78, SINR:1.75984e-01, BpsHz:3.34097e-02
Node 39, SINR:1.75984e-01, BpsHz:3.34097e-02
Node 1, SINR:1.75984e-01, BpsHz:3.34097e-02
Node 188, SINR:1.75984e-01, BpsHz:3.34097e-02
Node 124, SINR:1.75984e-01, BpsHz:3.34097e-02
Node 112, SINR:1.75984e-01, BpsHz:3.34097e-02
Node 48, SINR:1.75984e-01, BpsHz:3.34097e-02
---------------
==========Cluster 5, RcvInterf=3.88534e-14============
Node 23, SINR:0.00000e+00, BpsHz:0.00000e+00
Node 113, SINR:4.48496e-01, BpsHz:3.34097e-02
Node 14, SINR:4.48496e-01, BpsHz:3.34097e-02
Node 137, SINR:4.48496e-01, BpsHz:3.34097e-02
Node 127, SINR:4.48496e-01, BpsHz:3.34097e-02
Node 169, SINR:4.48496e-01, BpsHz:3.34097e-02
Node 116, SINR:4.48495e-01, BpsHz:3.34097e-02
Node 170, SINR:4.48496e-01, BpsHz:3.34097e-02
Node 172, SINR:4.48496e-01, BpsHz:3.34097e-02
Node 166, SINR:4.48496e-01, BpsHz:3.34097e-02
Node 44, SINR:4.48496e-01, BpsHz:3.34097e-02
Node 35, SINR:4.48496e-01, BpsHz:3.34097e-02
Node 61, SINR:4.48495e-01, BpsHz:3.34097e-02
Node 27, SINR:4.48495e-01, BpsHz:3.34097e-02
Node 42, SINR:4.48496e-01, BpsHz:3.34097e-02
Node 173, SINR:4.48495e-01, BpsHz:3.34097e-02
Node 190, SINR:4.48496e-01, BpsHz:3.34097e-02
---------------
==========Cluster 6, RcvInterf=1.17904e-13============
Node 73, SINR:0.00000e+00, BpsHz:0.00000e+00
Node 91, SINR:6.26312e-01, BpsHz:3.34097e-02
Node 139, SINR:6.26312e-01, BpsHz:3.34097e-02
Node 145, SINR:6.26312e-01, BpsHz:3.34097e-02
Node 115, SINR:6.26312e-01, BpsHz:3.34097e-02
Node 158, SINR:6.26312e-01, BpsHz:3.34097e-02
Node 138, SINR:6.26312e-01, BpsHz:3.34097e-02
Node 119, SINR:6.26312e-01, BpsHz:3.34097e-02
Node 174, SINR:6.26312e-01, BpsHz:3.34097e-02
Node 180, SINR:6.26312e-01, BpsHz:3.34097e-02
Node 181, SINR:6.26312e-01, BpsHz:3.34097e-02
Node 161, SINR:6.26312e-01, BpsHz:3.34097e-02
Node 65, SINR:6.26312e-01, BpsHz:3.34097e-02
Node 96, SINR:6.26312e-01, BpsHz:3.34097e-02
Node 140, SINR:6.26312e-01, BpsHz:3.34097e-02
Node 182, SINR:6.26312e-01, BpsHz:3.34097e-02
Node 62, SINR:6.26312e-01, BpsHz:3.34097e-02
Node 56, SINR:6.26312e-01, BpsHz:3.34097e-02
Node 135, SINR:6.26312e-01, BpsHz:3.34097e-02
Node 152, SINR:6.26312e-01, BpsHz:3.34097e-02
Node 3, SINR:6.26312e-01, BpsHz:3.34097e-02
Node 2, SINR:6.26312e-01, BpsHz:3.34097e-02
---------------
==========Cluster 7, RcvInterf=1.88604e-13============
Node 92, SINR:0.00000e+00, BpsHz:0.00000e+00
Node 126, SINR:3.20346e-01, BpsHz:3.34097e-02
Node 52, SINR:3.20346e-01, BpsHz:3.34097e-02
Node 63, SINR:3.20346e-01, BpsHz:3.34097e-02
Node 84, SINR:3.20346e-01, BpsHz:3.34097e-02
Node 111, SINR:3.20346e-01, BpsHz:3.34097e-02
Node 8, SINR:3.20346e-01, BpsHz:3.34097e-02
Node 74, SINR:3.20346e-01, BpsHz:3.34097e-02
Node 107, SINR:3.20346e-01, BpsHz:3.34097e-02
Node 10, SINR:3.20346e-01, BpsHz:3.34097e-02
Node 191, SINR:3.20346e-01, BpsHz:3.34097e-02
Node 25, SINR:3.20346e-01, BpsHz:3.34097e-02
Node 55, SINR:3.20346e-01, BpsHz:3.34097e-02
---------------
==========Cluster 8, RcvInterf=1.85686e-13============
Node 60, SINR:0.00000e+00, BpsHz:0.00000e+00
Node 114, SINR:3.20346e-01, BpsHz:3.34097e-02
Node 99, SINR:3.20346e-01, BpsHz:3.34097e-02
Node 131, SINR:3.20346e-01, BpsHz:3.34097e-02
Node 64, SINR:3.20346e-01, BpsHz:3.34097e-02
Node 108, SINR:3.20346e-01, BpsHz:3.34097e-02
Node 162, SINR:3.20346e-01, BpsHz:3.34097e-02
Node 37, SINR:3.20346e-01, BpsHz:3.34097e-02
Node 0, SINR:3.20346e-01, BpsHz:3.34097e-02
Node 72, SINR:3.20346e-01, BpsHz:3.34097e-02
Node 53, SINR:3.20346e-01, BpsHz:3.34097e-02
Node 45, SINR:3.20346e-01, BpsHz:3.34097e-02
Node 9, SINR:3.20346e-01, BpsHz:3.34097e-02
---------------
==========Cluster 9, RcvInterf=1.67722e-13============
Node 67, SINR:0.00000e+00, BpsHz:0.00000e+00
Node 93, SINR:6.26312e-01, BpsHz:3.34097e-02
Node 175, SINR:6.26312e-01, BpsHz:3.34097e-02
Node 120, SINR:6.26312e-01, BpsHz:3.34097e-02
Node 101, SINR:6.26312e-01, BpsHz:3.34097e-02
Node 89, SINR:6.26312e-01, BpsHz:3.34097e-02
Node 59, SINR:6.26312e-01, BpsHz:3.34097e-02
Node 148, SINR:6.26312e-01, BpsHz:3.34097e-02
Node 141, SINR:6.26312e-01, BpsHz:3.34097e-02
Node 80, SINR:6.26312e-01, BpsHz:3.34097e-02
Node 171, SINR:6.26312e-01, BpsHz:3.34097e-02
Node 47, SINR:6.26312e-01, BpsHz:3.34097e-02
Node 154, SINR:6.26312e-01, BpsHz:3.34097e-02
Node 77, SINR:6.26312e-01, BpsHz:3.34097e-02
Node 43, SINR:6.26312e-01, BpsHz:3.34097e-02
Node 192, SINR:6.26312e-01, BpsHz:3.34097e-02
Node 98, SINR:6.26312e-01, BpsHz:3.34097e-02
Node 155, SINR:6.26312e-01, BpsHz:3.34097e-02
Node 144, SINR:6.26312e-01, BpsHz:3.34097e-02
Node 185, SINR:6.26312e-01, BpsHz:3.34097e-02
Node 125, SINR:6.26312e-01, BpsHz:3.34097e-02
Node 193, SINR:6.26312e-01, BpsHz:3.34097e-02
---------------
==========Cluster 10, RcvInterf=1.27502e-14============
Node 149, SINR:0.00000e+00, BpsHz:0.00000e+00
Node 179, SINR:5.17161e-01, BpsHz:3.34097e-02
Node 177, SINR:5.17161e-01, BpsHz:3.34097e-02
Node 130, SINR:5.17161e-01, BpsHz:3.34097e-02
Node 18, SINR:5.17162e-01, BpsHz:3.34097e-02
Node 68, SINR:5.17162e-01, BpsHz:3.34097e-02
Node 33, SINR:5.17161e-01, BpsHz:3.34097e-02
Node 178, SINR:5.17161e-01, BpsHz:3.34097e-02
Node 51, SINR:5.17161e-01, BpsHz:3.34097e-02
Node 194, SINR:5.17161e-01, BpsHz:3.34097e-02
Node 49, SINR:5.17161e-01, BpsHz:3.34097e-02
Node 109, SINR:5.17161e-01, BpsHz:3.34097e-02
Node 122, SINR:5.17162e-01, BpsHz:3.34097e-02
Node 129, SINR:5.17162e-01, BpsHz:3.34097e-02
Node 189, SINR:5.17161e-01, BpsHz:3.34097e-02
Node 146, SINR:5.17161e-01, BpsHz:3.34097e-02
Node 165, SINR:5.17161e-01, BpsHz:3.34097e-02
Node 132, SINR:5.17161e-01, BpsHz:3.34097e-02
Node 106, SINR:5.17161e-01, BpsHz:3.34097e-02
---------------
