195
11
1.000000e-03
1.903818e-303
175
3000
1.684599e+01
2.263794e+00
1.684599e-05
1.136430e-06
1 0 0 0 0 0 0 0 0 1 0 0 0 0 0 0 0 0 0 0 0 0 0 0 0 0 0 0 0 0 0 0 0 0 0 0 0 1 0 0 0 0 0 1 0 1 1 0 0 0 0 0 0 1 0 0 0 0 0 1 1 0 0 0 1 0 0 0 0 0 0 0 1 0 0 0 0 1 0 0 0 0 0 0 0 0 0 0 0 0 1 0 0 1 0 0 0 0 0 1 0 0 0 0 0 0 0 0 1 0 1 0 0 0 1 0 0 0 0 0 1 0 0 0 0 1 0 0 0 0 0 1 0 0 0 0 0 0 0 0 0 0 0 0 0 0 0 0 1 0 0 0 0 0 0 0 0 1 0 0 0 0 1 0 0 0 0 1 1 0 0 1 0 0 0 0 0 0 0 0 0 0 0 0 0 0 0 0 0 0 0 0 0 0 0 
0 0 0 0 0 0 0 0 0 0 0 0 1 0 0 0 0 0 0 0 0 0 1 0 1 0 0 0 1 0 1 1 1 0 0 0 0 0 0 0 0 0 0 0 0 0 0 0 0 0 0 0 0 0 0 0 0 0 0 0 0 0 0 0 0 0 0 0 0 0 1 0 0 0 0 0 1 0 0 0 0 0 1 0 0 0 0 0 0 0 0 0 0 0 0 0 0 1 0 0 0 0 0 1 0 0 0 0 0 0 0 0 0 0 0 0 0 1 0 0 0 0 0 1 0 0 0 0 0 0 0 0 0 1 0 0 0 0 0 0 0 0 1 1 0 0 0 0 0 0 0 1 0 1 0 0 1 0 0 1 0 0 0 0 1 0 0 0 0 0 0 0 0 0 0 0 0 0 0 0 0 0 0 0 0 0 0 1 0 0 0 0 0 0 0 
0 0 0 0 0 0 0 0 0 0 0 0 0 0 1 0 0 0 0 0 0 0 0 1 0 0 0 1 0 0 0 0 0 0 0 1 0 0 0 0 0 0 0 0 1 0 0 0 0 0 0 0 0 0 0 0 0 0 0 0 0 1 0 0 0 0 0 0 0 0 0 0 0 0 0 0 0 0 0 0 0 0 0 0 0 0 0 0 0 0 0 0 0 0 0 0 0 0 0 0 0 0 0 0 0 0 0 0 0 0 0 0 0 1 0 0 1 0 0 0 0 0 0 0 0 0 0 1 0 0 0 0 0 0 0 0 0 1 0 0 0 0 0 0 0 0 0 0 0 0 0 0 0 0 0 0 0 0 0 0 0 0 0 0 0 0 1 0 0 1 1 0 1 0 0 0 0 0 0 0 0 0 0 0 0 0 0 0 0 0 0 0 0 0 0 
0 0 0 0 0 0 0 0 0 0 0 0 0 0 0 0 0 0 0 0 0 0 0 0 0 0 0 0 0 0 0 0 0 0 0 0 0 0 0 0 0 0 0 0 0 0 0 0 0 1 0 0 0 0 0 0 0 0 0 0 0 0 0 0 0 0 0 0 0 0 0 0 0 0 0 0 0 0 0 0 0 0 0 0 0 0 0 0 0 0 0 0 0 0 0 0 0 0 0 0 0 0 0 0 0 0 0 0 0 0 0 0 0 0 0 0 0 0 0 0 0 0 1 0 0 0 0 0 0 0 1 0 0 0 0 0 0 0 0 0 0 0 0 0 0 0 1 0 0 1 0 0 0 0 0 0 0 0 0 0 0 0 0 0 0 0 0 0 0 0 0 0 0 0 0 0 0 1 1 0 0 0 0 0 0 0 0 0 0 0 0 0 0 0 1 
0 0 0 0 0 0 0 0 0 0 0 0 0 0 0 0 0 0 1 0 0 0 0 0 0 0 0 0 0 0 0 0 0 1 0 0 0 0 0 0 0 0 0 0 0 0 0 0 0 0 0 1 0 0 0 0 0 0 0 0 0 0 0 0 0 0 0 0 1 0 0 0 0 0 0 0 0 0 0 0 0 0 0 0 0 0 0 0 0 0 0 0 0 0 0 0 0 0 0 0 0 0 0 0 0 0 0 0 0 1 0 0 0 0 0 0 0 0 0 0 0 0 0 0 0 0 0 0 0 1 0 0 0 0 0 0 0 0 0 0 0 0 0 0 0 0 0 0 0 0 0 0 0 0 0 0 0 0 0 0 0 0 0 0 0 1 0 0 0 0 0 0 0 0 0 0 0 0 0 1 0 0 0 0 0 0 0 0 0 1 0 0 0 0 0 
0 0 0 1 0 0 0 0 0 0 0 0 0 0 0 0 0 0 0 0 0 0 0 0 0 0 0 0 0 0 0 0 0 0 0 0 0 0 0 0 0 0 0 0 0 0 0 0 0 0 0 0 0 0 0 0 1 0 0 0 0 0 1 0 0 0 0 0 0 0 0 0 0 1 0 0 0 0 0 0 0 0 0 0 0 0 0 0 0 0 0 1 0 0 0 0 1 0 0 0 0 0 0 0 0 0 0 0 0 0 0 0 0 0 0 1 0 0 0 0 0 0 0 0 0 0 0 0 0 0 0 0 0 0 0 1 0 0 1 0 1 0 0 0 0 1 0 0 0 0 0 0 1 0 0 0 0 0 0 0 0 1 0 0 0 0 0 0 0 0 0 0 0 0 0 0 0 0 0 0 1 0 0 0 0 0 0 0 0 0 0 0 0 0 0 
0 0 1 0 0 0 0 0 0 0 0 0 0 0 0 0 1 0 0 0 1 0 0 0 0 0 0 0 0 1 0 0 0 0 1 0 0 0 0 0 1 0 1 0 0 0 0 0 0 0 0 0 0 0 0 0 0 0 0 0 0 0 0 0 0 0 0 0 0 0 0 0 0 0 0 1 0 0 0 0 1 0 0 0 0 0 0 0 0 0 0 0 0 0 0 0 0 0 0 0 0 0 0 0 0 0 0 1 0 0 0 0 0 0 0 0 0 0 0 1 0 0 0 0 0 0 0 0 0 0 0 0 0 0 0 0 0 0 0 1 0 0 0 0 0 0 0 0 0 0 0 0 0 0 1 0 0 0 0 0 0 0 0 0 0 0 0 0 0 0 0 0 0 1 1 1 0 0 0 0 0 1 0 0 0 0 0 0 0 0 1 0 0 0 0 
0 0 0 0 0 1 0 1 0 0 0 0 0 1 0 0 0 1 0 1 0 0 0 0 0 0 1 0 0 0 0 0 0 0 0 0 1 0 0 0 0 0 0 0 0 0 0 0 0 0 0 0 0 0 1 0 0 0 0 0 0 0 0 0 0 1 0 0 0 1 0 1 0 0 0 0 0 0 0 1 0 1 0 1 0 1 0 1 1 0 0 0 0 0 0 1 0 0 0 0 1 0 1 0 1 0 0 0 0 0 0 0 0 0 0 0 0 0 0 0 0 0 0 0 0 0 0 0 1 0 0 0 0 0 0 0 0 0 0 0 0 0 0 0 0 0 0 0 0 0 0 0 0 0 0 0 0 0 0 0 1 0 0 0 0 0 0 0 0 0 0 0 0 0 0 0 0 0 0 0 0 0 1 0 0 0 0 0 0 0 0 0 0 0 0 
0 0 0 0 0 0 1 0 0 0 0 1 0 0 0 0 0 0 0 0 0 0 0 0 0 0 0 0 0 0 0 0 0 0 0 0 0 0 0 0 0 0 0 0 0 0 0 0 0 0 1 0 0 0 0 0 0 0 0 0 0 0 0 0 0 0 0 0 0 0 0 0 0 0 0 0 0 0 0 0 0 0 0 0 0 0 0 0 0 0 0 0 0 0 0 0 0 0 0 0 0 0 0 0 0 0 0 0 0 0 0 0 0 0 0 0 0 0 1 0 0 1 0 0 0 0 0 0 0 0 0 0 0 0 0 0 0 0 0 0 0 0 0 0 0 0 0 1 0 0 1 0 0 0 0 0 0 0 0 0 0 0 0 0 0 0 0 0 0 0 0 0 0 0 0 0 1 0 0 0 0 0 0 1 0 0 1 0 0 0 0 0 0 0 0 
0 1 0 0 0 0 0 0 0 0 0 0 0 0 0 1 0 0 0 0 0 1 0 0 0 0 0 0 0 0 0 0 0 0 0 0 0 0 1 1 0 0 0 0 0 0 0 0 1 0 0 0 0 0 0 0 0 1 1 0 0 0 0 0 0 0 0 0 0 0 0 0 0 0 0 0 0 0 1 0 0 0 0 0 0 0 1 0 0 0 0 0 0 0 1 0 0 0 0 0 0 0 0 0 0 0 0 0 0 0 0 0 1 0 0 0 0 0 0 0 0 0 0 0 0 0 0 0 0 0 0 0 0 0 1 0 1 0 0 0 0 0 0 0 0 0 0 0 0 0 0 0 0 0 0 0 0 0 0 0 0 0 0 1 0 0 0 0 0 0 0 0 0 0 0 0 0 0 0 0 0 0 0 0 1 0 0 0 1 0 0 0 0 0 0 
0 0 0 0 0 0 0 0 1 0 1 0 0 0 0 0 0 0 0 0 0 0 0 0 0 1 0 0 0 0 0 0 0 0 0 0 0 0 0 0 0 0 0 0 0 0 0 1 0 0 0 0 1 0 0 1 0 0 0 0 0 0 0 1 0 0 0 1 0 0 0 0 0 0 1 0 0 0 0 0 0 0 0 0 1 0 0 0 0 1 0 0 1 0 0 0 0 0 1 0 0 1 0 0 0 0 0 0 0 0 0 1 0 0 0 0 0 0 0 0 0 0 0 0 0 0 1 0 0 0 0 0 0 0 0 0 0 0 0 0 0 1 0 0 0 0 0 0 0 0 0 0 0 0 0 1 0 0 0 0 0 0 0 0 0 0 0 0 0 0 0 0 0 0 0 0 0 0 0 0 0 0 0 0 0 1 0 0 0 0 0 1 1 1 0 
1 71 24 179 34 116 30 105 177 185 11 
0.000000E+00 3.475696E-05 5.138393E-06 6.990655E-06 0.000000E+00 1.205131E-04 9.561143E-07 4.486144E-05 1.101701E-04 2.052382E-04 0.000000E+00 1.674112E-06 2.027462E-04 8.068937E-05 3.400829E-06 1.556061E-05 9.627106E-06 2.415803E-05 2.022997E-06 9.544234E-05 2.370635E-05 2.999625E-06 9.223679E-05 0.000000E+00 2.235323E-06 4.923126E-06 1.179379E-04 3.745803E-05 5.340190E-05 0.000000E+00 6.783476E-05 4.372598E-05 6.893395E-06 0.000000E+00 6.559024E-06 7.744206E-06 2.082301E-04 1.256118E-04 6.490181E-07 1.685249E-05 1.194857E-05 0.000000E+00 1.073524E-04 4.426179E-06 8.684792E-06 8.809881E-05 1.352360E-04 2.707852E-04 3.208985E-06 4.257441E-07 6.673804E-06 4.218572E-07 1.659927E-04 3.413286E-04 6.933439E-05 1.108991E-04 7.982625E-06 2.687980E-05 6.895213E-06 5.858193E-05 5.796433E-05 1.798126E-05 2.555988E-06 1.341539E-05 2.391665E-04 2.955582E-04 0.000000E+00 8.435886E-05 5.548823E-08 6.996070E-05 0.000000E+00 4.072351E-05 4.358273E-04 1.680750E-06 1.462764E-04 1.362869E-05 4.461160E-05 2.171452E-05 3.673729E-06 1.601401E-05 1.396511E-05 1.982033E-06 2.419629E-05 3.341064E-05 2.225800E-04 9.190410E-05 1.370339E-05 8.839090E-07 1.459307E-05 4.596818E-06 1.514220E-04 1.121968E-05 2.269346E-05 1.587053E-05 7.414012E-07 1.299095E-05 3.006237E-06 8.000198E-05 9.015576E-06 5.449115E-04 5.649319E-06 3.947526E-05 9.020078E-05 2.772503E-06 0.000000E+00 0.000000E+00 0.000000E+00 1.382930E-04 9.995014E-04 7.567864E-07 1.036103E-05 3.725539E-04 3.346644E-08 2.071550E-07 3.498803E-04 0.000000E+00 4.510598E-06 2.553931E-04 1.332645E-05 1.842292E-05 1.344337E-04 1.020388E-05 6.648096E-07 1.373375E-05 0.000000E+00 4.345459E-05 1.844055E-05 1.962832E-06 3.176131E-06 2.161141E-06 3.020159E-08 6.211213E-04 0.000000E+00 3.085779E-06 1.256599E-05 8.312819E-06 3.084955E-05 8.837684E-07 3.566629E-07 2.276111E-05 1.805357E-05 5.451077E-05 2.892795E-05 2.703992E-05 0.000000E+00 1.593043E-05 5.648797E-07 4.762884E-06 1.544153E-04 3.732219E-07 5.997275E-06 2.270897E-05 7.009260E-08 3.249797E-05 4.189493E-05 1.010621E-04 1.206196E-04 5.113104E-04 0.000000E+00 1.299763E-04 2.072702E-06 9.084630E-05 2.732836E-05 2.267007E-05 1.364732E-05 2.847156E-06 1.669489E-06 2.525928E-07 2.534876E-05 4.300136E-06 7.328811E-07 3.966894E-05 6.610468E-06 5.324560E-05 4.637638E-06 1.026466E-04 0.000000E+00 4.274558E-07 0.000000E+00 3.612697E-07 5.395812E-07 1.954463E-05 1.293909E-04 1.403995E-07 0.000000E+00 5.920328E-05 5.128664E-08 8.069942E-07 1.489834E-06 1.280469E-06 1.858888E-05 1.426768E-04 2.244640E-05 1.697416E-06 1.101817E-05 
1 111 169 38 54 163 126 44 168 73 100 109 172 61 10 46 115 132 65 47 78 158 60 91 94 121 149 
71 188 33 165 134 23 83 77 157 29 143 13 144 160 104 118 32 124 31 152 25 154 98 
24 15 170 171 114 138 167 117 128 45 173 36 62 28 
179 131 147 50 123 150 178 195 
34 69 166 52 180 19 190 110 130 
116 153 97 4 139 63 74 57 141 92 136 181 146 162 
30 35 175 17 41 191 76 120 3 81 155 21 182 140 174 43 108 176 
105 82 84 101 72 96 70 18 8 14 20 161 37 89 80 129 86 27 6 103 55 88 183 66 
177 184 187 12 7 119 148 151 51 122 
185 137 87 39 40 189 16 22 79 95 59 113 49 164 58 135 2 
11 99 102 64 90 26 127 142 194 68 93 186 53 56 193 9 156 192 75 85 48 112 

============Find Best @ Round 1468================
==========Cluster 0, RcvInterf=6.31759e-14============
Node 0, SINR:0.00000e+00, BpsHz:0.00000e+00
Node 110, SINR:5.59482e-01, BpsHz:2.46564e-02
Node 168, SINR:5.59482e-01, BpsHz:2.46564e-02
Node 37, SINR:5.59482e-01, BpsHz:2.46564e-02
Node 53, SINR:5.59482e-01, BpsHz:2.46564e-02
Node 162, SINR:5.59482e-01, BpsHz:2.46564e-02
Node 125, SINR:5.59482e-01, BpsHz:2.46564e-02
Node 43, SINR:5.59482e-01, BpsHz:2.46564e-02
Node 167, SINR:5.59482e-01, BpsHz:2.46564e-02
Node 72, SINR:5.59482e-01, BpsHz:2.46564e-02
Node 99, SINR:5.59482e-01, BpsHz:2.46564e-02
Node 108, SINR:5.59482e-01, BpsHz:2.46564e-02
Node 171, SINR:5.59482e-01, BpsHz:2.46564e-02
Node 60, SINR:5.59482e-01, BpsHz:2.46564e-02
Node 9, SINR:5.59482e-01, BpsHz:2.46564e-02
Node 45, SINR:5.59482e-01, BpsHz:2.46564e-02
Node 114, SINR:5.59482e-01, BpsHz:2.46564e-02
Node 131, SINR:5.59482e-01, BpsHz:2.46564e-02
Node 64, SINR:5.59482e-01, BpsHz:2.46564e-02
Node 46, SINR:5.59482e-01, BpsHz:2.46564e-02
Node 77, SINR:5.59482e-01, BpsHz:2.46564e-02
Node 157, SINR:5.59482e-01, BpsHz:2.46564e-02
Node 59, SINR:5.59482e-01, BpsHz:2.46564e-02
Node 90, SINR:5.59482e-01, BpsHz:2.46564e-02
Node 93, SINR:5.59482e-01, BpsHz:2.46564e-02
Node 120, SINR:5.59482e-01, BpsHz:2.46564e-02
Node 148, SINR:5.59482e-01, BpsHz:2.46564e-02
---------------
==========Cluster 1, RcvInterf=3.08468e-14============
Node 70, SINR:0.00000e+00, BpsHz:0.00000e+00
Node 187, SINR:4.56435e-01, BpsHz:2.46564e-02
Node 32, SINR:4.56435e-01, BpsHz:2.46564e-02
Node 164, SINR:4.56435e-01, BpsHz:2.46564e-02
Node 133, SINR:4.56435e-01, BpsHz:2.46564e-02
Node 22, SINR:4.56435e-01, BpsHz:2.46564e-02
Node 82, SINR:4.56435e-01, BpsHz:2.46564e-02
Node 76, SINR:4.56435e-01, BpsHz:2.46564e-02
Node 156, SINR:4.56435e-01, BpsHz:2.46564e-02
Node 28, SINR:4.56435e-01, BpsHz:2.46564e-02
Node 142, SINR:4.56435e-01, BpsHz:2.46564e-02
Node 12, SINR:4.56435e-01, BpsHz:2.46564e-02
Node 143, SINR:4.56435e-01, BpsHz:2.46564e-02
Node 159, SINR:4.56435e-01, BpsHz:2.46564e-02
Node 103, SINR:4.56435e-01, BpsHz:2.46564e-02
Node 117, SINR:4.56435e-01, BpsHz:2.46564e-02
Node 31, SINR:4.56435e-01, BpsHz:2.46564e-02
Node 123, SINR:4.56435e-01, BpsHz:2.46564e-02
Node 30, SINR:4.56435e-01, BpsHz:2.46564e-02
Node 151, SINR:4.56435e-01, BpsHz:2.46564e-02
Node 24, SINR:4.56435e-01, BpsHz:2.46564e-02
Node 153, SINR:4.56435e-01, BpsHz:2.46564e-02
Node 97, SINR:4.56435e-01, BpsHz:2.46564e-02
---------------
==========Cluster 2, RcvInterf=2.79000e-14============
Node 23, SINR:0.00000e+00, BpsHz:0.00000e+00
Node 14, SINR:2.48792e-01, BpsHz:2.46564e-02
Node 169, SINR:2.48792e-01, BpsHz:2.46564e-02
Node 170, SINR:2.48792e-01, BpsHz:2.46564e-02
Node 113, SINR:2.48792e-01, BpsHz:2.46564e-02
Node 137, SINR:2.48792e-01, BpsHz:2.46564e-02
Node 166, SINR:2.48792e-01, BpsHz:2.46564e-02
Node 116, SINR:2.48792e-01, BpsHz:2.46564e-02
Node 127, SINR:2.48792e-01, BpsHz:2.46564e-02
Node 44, SINR:2.48792e-01, BpsHz:2.46564e-02
Node 172, SINR:2.48792e-01, BpsHz:2.46564e-02
Node 35, SINR:2.48792e-01, BpsHz:2.46564e-02
Node 61, SINR:2.48792e-01, BpsHz:2.46564e-02
Node 27, SINR:2.48792e-01, BpsHz:2.46564e-02
---------------
==========Cluster 3, RcvInterf=4.43589e-14============
Node 178, SINR:0.00000e+00, BpsHz:0.00000e+00
Node 130, SINR:1.27084e-01, BpsHz:2.46564e-02
Node 146, SINR:1.27084e-01, BpsHz:2.46564e-02
Node 49, SINR:1.27084e-01, BpsHz:2.46564e-02
Node 122, SINR:1.27084e-01, BpsHz:2.46564e-02
Node 149, SINR:1.27084e-01, BpsHz:2.46564e-02
Node 177, SINR:1.27084e-01, BpsHz:2.46564e-02
Node 194, SINR:1.27084e-01, BpsHz:2.46564e-02
---------------
==========Cluster 4, RcvInterf=1.58600e-14============
Node 33, SINR:0.00000e+00, BpsHz:0.00000e+00
Node 68, SINR:1.46512e-01, BpsHz:2.46564e-02
Node 165, SINR:1.46512e-01, BpsHz:2.46564e-02
Node 51, SINR:1.46512e-01, BpsHz:2.46564e-02
Node 179, SINR:1.46512e-01, BpsHz:2.46564e-02
Node 18, SINR:1.46512e-01, BpsHz:2.46564e-02
Node 189, SINR:1.46512e-01, BpsHz:2.46564e-02
Node 109, SINR:1.46512e-01, BpsHz:2.46564e-02
Node 129, SINR:1.46512e-01, BpsHz:2.46564e-02
---------------
==========Cluster 5, RcvInterf=4.82353e-14============
Node 115, SINR:0.00000e+00, BpsHz:0.00000e+00
Node 152, SINR:2.48792e-01, BpsHz:2.46564e-02
Node 96, SINR:2.48792e-01, BpsHz:2.46564e-02
Node 3, SINR:2.48792e-01, BpsHz:2.46564e-02
Node 138, SINR:2.48792e-01, BpsHz:2.46564e-02
Node 62, SINR:2.48792e-01, BpsHz:2.46564e-02
Node 73, SINR:2.48792e-01, BpsHz:2.46564e-02
Node 56, SINR:2.48792e-01, BpsHz:2.46564e-02
Node 140, SINR:2.48792e-01, BpsHz:2.46564e-02
Node 91, SINR:2.48792e-01, BpsHz:2.46564e-02
Node 135, SINR:2.48792e-01, BpsHz:2.46564e-02
Node 180, SINR:2.48792e-01, BpsHz:2.46564e-02
Node 145, SINR:2.48792e-01, BpsHz:2.46564e-02
Node 161, SINR:2.48792e-01, BpsHz:2.46564e-02
---------------
==========Cluster 6, RcvInterf=5.44332e-14============
Node 29, SINR:0.00000e+00, BpsHz:0.00000e+00
Node 34, SINR:3.37148e-01, BpsHz:2.46564e-02
Node 174, SINR:3.37148e-01, BpsHz:2.46564e-02
Node 16, SINR:3.37148e-01, BpsHz:2.46564e-02
Node 40, SINR:3.37148e-01, BpsHz:2.46564e-02
Node 190, SINR:3.37148e-01, BpsHz:2.46564e-02
Node 75, SINR:3.37148e-01, BpsHz:2.46564e-02
Node 119, SINR:3.37148e-01, BpsHz:2.46564e-02
Node 2, SINR:3.37148e-01, BpsHz:2.46564e-02
Node 80, SINR:3.37148e-01, BpsHz:2.46564e-02
Node 154, SINR:3.37148e-01, BpsHz:2.46564e-02
Node 20, SINR:3.37148e-01, BpsHz:2.46564e-02
Node 181, SINR:3.37148e-01, BpsHz:2.46564e-02
Node 139, SINR:3.37148e-01, BpsHz:2.46564e-02
Node 173, SINR:3.37148e-01, BpsHz:2.46564e-02
Node 42, SINR:3.37148e-01, BpsHz:2.46564e-02
Node 107, SINR:3.37148e-01, BpsHz:2.46564e-02
Node 175, SINR:3.37148e-01, BpsHz:2.46564e-02
---------------
==========Cluster 7, RcvInterf=4.00216e-14============
Node 104, SINR:0.00000e+00, BpsHz:0.00000e+00
Node 81, SINR:4.81540e-01, BpsHz:2.46564e-02
Node 83, SINR:4.81540e-01, BpsHz:2.46564e-02
Node 100, SINR:4.81540e-01, BpsHz:2.46564e-02
Node 71, SINR:4.81540e-01, BpsHz:2.46564e-02
Node 95, SINR:4.81540e-01, BpsHz:2.46564e-02
Node 69, SINR:4.81540e-01, BpsHz:2.46564e-02
Node 17, SINR:4.81540e-01, BpsHz:2.46564e-02
Node 7, SINR:4.81540e-01, BpsHz:2.46564e-02
Node 13, SINR:4.81540e-01, BpsHz:2.46564e-02
Node 19, SINR:4.81540e-01, BpsHz:2.46564e-02
Node 160, SINR:4.81540e-01, BpsHz:2.46564e-02
Node 36, SINR:4.81540e-01, BpsHz:2.46564e-02
Node 88, SINR:4.81540e-01, BpsHz:2.46564e-02
Node 79, SINR:4.81540e-01, BpsHz:2.46564e-02
Node 128, SINR:4.81540e-01, BpsHz:2.46564e-02
Node 85, SINR:4.81540e-01, BpsHz:2.46564e-02
Node 26, SINR:4.81540e-01, BpsHz:2.46564e-02
Node 5, SINR:4.81540e-01, BpsHz:2.46564e-02
Node 102, SINR:4.81540e-01, BpsHz:2.46564e-02
Node 54, SINR:4.81540e-01, BpsHz:2.46564e-02
Node 87, SINR:4.81540e-01, BpsHz:2.46564e-02
Node 182, SINR:4.81540e-01, BpsHz:2.46564e-02
Node 65, SINR:4.81540e-01, BpsHz:2.46564e-02
---------------
==========Cluster 8, RcvInterf=2.39291e-14============
Node 176, SINR:0.00000e+00, BpsHz:0.00000e+00
Node 183, SINR:1.66275e-01, BpsHz:2.46564e-02
Node 186, SINR:1.66275e-01, BpsHz:2.46564e-02
Node 11, SINR:1.66275e-01, BpsHz:2.46564e-02
Node 6, SINR:1.66275e-01, BpsHz:2.46564e-02
Node 118, SINR:1.66275e-01, BpsHz:2.46564e-02
Node 147, SINR:1.66275e-01, BpsHz:2.46564e-02
Node 150, SINR:1.66275e-01, BpsHz:2.46564e-02
Node 50, SINR:1.66275e-01, BpsHz:2.46564e-02
Node 121, SINR:1.66275e-01, BpsHz:2.46564e-02
---------------
==========Cluster 9, RcvInterf=2.37260e-14============
Node 184, SINR:0.00000e+00, BpsHz:0.00000e+00
Node 136, SINR:3.14490e-01, BpsHz:2.46564e-02
Node 86, SINR:3.14490e-01, BpsHz:2.46564e-02
Node 38, SINR:3.14490e-01, BpsHz:2.46564e-02
Node 39, SINR:3.14490e-01, BpsHz:2.46564e-02
Node 188, SINR:3.14490e-01, BpsHz:2.46564e-02
Node 15, SINR:3.14490e-01, BpsHz:2.46564e-02
Node 21, SINR:3.14490e-01, BpsHz:2.46564e-02
Node 78, SINR:3.14490e-01, BpsHz:2.46564e-02
Node 94, SINR:3.14490e-01, BpsHz:2.46564e-02
Node 58, SINR:3.14490e-01, BpsHz:2.46564e-02
Node 112, SINR:3.14490e-01, BpsHz:2.46564e-02
Node 48, SINR:3.14490e-01, BpsHz:2.46564e-02
Node 163, SINR:3.14490e-01, BpsHz:2.46564e-02
Node 57, SINR:3.14490e-01, BpsHz:2.46564e-02
Node 134, SINR:3.14490e-01, BpsHz:2.46564e-02
Node 1, SINR:3.14490e-01, BpsHz:2.46564e-02
---------------
==========Cluster 10, RcvInterf=6.43939e-14============
Node 10, SINR:0.00000e+00, BpsHz:0.00000e+00
Node 98, SINR:4.31755e-01, BpsHz:2.46564e-02
Node 101, SINR:4.31755e-01, BpsHz:2.46564e-02
Node 63, SINR:4.31755e-01, BpsHz:2.46564e-02
Node 89, SINR:4.31755e-01, BpsHz:2.46564e-02
Node 25, SINR:4.31755e-01, BpsHz:2.46564e-02
Node 126, SINR:4.31755e-01, BpsHz:2.46564e-02
Node 141, SINR:4.31755e-01, BpsHz:2.46564e-02
Node 193, SINR:4.31755e-01, BpsHz:2.46564e-02
Node 67, SINR:4.31755e-01, BpsHz:2.46564e-02
Node 92, SINR:4.31755e-01, BpsHz:2.46564e-02
Node 185, SINR:4.31755e-01, BpsHz:2.46564e-02
Node 52, SINR:4.31755e-01, BpsHz:2.46564e-02
Node 55, SINR:4.31755e-01, BpsHz:2.46564e-02
Node 192, SINR:4.31755e-01, BpsHz:2.46564e-02
Node 8, SINR:4.31755e-01, BpsHz:2.46564e-02
Node 155, SINR:4.31755e-01, BpsHz:2.46564e-02
Node 191, SINR:4.31755e-01, BpsHz:2.46564e-02
Node 74, SINR:4.31755e-01, BpsHz:2.46564e-02
Node 84, SINR:4.31755e-01, BpsHz:2.46564e-02
Node 47, SINR:4.31755e-01, BpsHz:2.46564e-02
Node 111, SINR:4.31755e-01, BpsHz:2.46564e-02
---------------
195
11
1.000000e-03
1.903818e-303
175
3000
1.709009e+01
1.643066e+00
1.709009e-05
1.227937e-06
0 0 0 1 0 0 0 0 0 0 0 0 0 0 0 0 0 0 0 0 0 0 0 0 0 0 0 0 0 0 0 0 0 0 0 0 0 0 0 0 0 0 0 0 0 0 0 0 0 0 0 0 0 0 0 0 1 0 0 0 0 0 1 0 0 1 0 0 0 0 0 0 0 1 0 0 0 0 0 0 0 0 0 0 0 0 0 0 0 0 0 1 0 0 0 0 1 0 0 0 0 0 0 0 0 0 0 0 0 0 0 0 0 0 0 1 0 0 0 1 0 0 0 0 0 0 0 0 0 0 0 0 0 0 0 1 0 0 1 1 1 0 0 0 0 1 0 0 0 0 0 0 1 0 0 0 0 0 1 0 0 1 0 0 0 0 0 0 0 0 0 0 0 0 1 0 0 0 0 0 1 1 1 0 0 0 0 0 0 0 0 0 0 0 0 
0 0 0 0 0 0 0 0 0 0 0 0 0 0 0 0 0 0 0 0 0 0 0 0 0 0 0 0 0 0 0 1 0 0 0 0 0 0 0 0 0 1 0 1 0 0 0 0 0 0 0 0 0 0 0 0 0 0 0 1 0 0 0 0 0 0 0 0 0 0 1 0 0 0 0 0 0 0 0 0 0 0 0 0 0 0 0 0 0 0 1 0 0 0 0 0 0 0 0 0 0 1 0 0 0 0 0 0 0 0 1 0 0 0 0 0 0 1 0 0 0 0 0 1 0 1 0 0 0 0 0 0 0 1 0 0 0 0 0 0 0 0 1 1 1 0 0 0 1 0 0 0 0 0 0 0 1 1 0 0 0 0 1 0 0 0 0 0 0 0 0 0 0 0 0 0 0 0 0 0 0 0 0 0 0 0 0 1 0 0 0 0 1 0 0 
0 0 0 0 0 0 0 0 0 0 0 0 0 0 1 0 0 0 0 0 0 0 0 1 0 0 0 1 0 0 0 0 0 0 0 1 0 0 0 0 0 0 1 0 1 0 0 0 0 0 0 0 0 0 0 0 0 0 0 0 0 1 0 0 0 0 0 0 0 0 0 0 0 0 0 0 0 0 0 0 0 0 0 0 0 0 0 0 0 0 0 0 0 0 0 0 0 0 0 0 0 0 0 0 0 0 0 0 0 0 0 0 0 1 0 0 1 0 0 0 0 0 0 0 0 0 0 1 0 0 0 0 0 0 0 0 0 1 0 0 0 0 0 0 0 0 0 0 0 0 0 0 0 0 0 0 0 0 0 0 0 0 0 0 0 0 1 0 0 1 1 0 1 0 0 0 0 0 0 0 0 0 0 0 0 0 0 0 0 0 0 0 0 0 0 
1 0 0 0 1 1 0 0 0 1 0 0 0 0 0 0 0 0 0 0 0 0 0 0 0 0 1 0 0 0 0 0 0 0 0 0 1 1 0 0 0 0 0 0 0 1 1 0 0 0 0 0 0 1 0 0 0 0 0 0 1 0 0 0 1 0 0 0 0 0 0 0 1 0 0 0 0 1 0 0 0 0 0 0 0 0 0 0 0 0 0 0 0 0 0 0 0 0 0 1 0 0 0 0 0 0 0 0 1 0 0 0 0 0 1 0 0 0 0 0 0 0 0 0 0 0 0 0 0 0 0 1 0 0 0 0 0 0 0 0 0 0 0 0 0 0 0 0 0 0 0 0 0 0 0 0 0 0 0 0 0 0 0 0 0 0 0 1 1 0 0 0 0 0 0 0 0 0 0 0 0 0 0 0 0 0 0 0 0 0 0 0 0 0 0 
0 0 0 0 0 0 0 1 0 0 0 0 0 1 0 0 0 1 0 1 0 0 0 0 0 0 0 0 0 0 0 0 0 0 0 0 0 0 0 0 0 0 0 0 0 0 0 0 0 0 0 0 0 0 1 0 0 0 0 0 0 0 0 0 0 0 0 0 0 0 0 1 0 0 0 0 0 0 0 1 0 1 0 1 0 0 0 1 1 0 0 0 0 0 0 1 0 0 0 0 1 0 1 0 1 0 0 0 0 0 0 0 0 0 0 0 0 0 0 0 0 0 0 0 0 0 0 0 1 0 0 0 0 0 0 0 0 0 0 0 0 0 0 0 0 0 0 0 0 0 0 0 0 0 0 0 0 0 0 0 1 0 0 0 0 0 0 0 0 0 0 0 0 0 0 0 0 0 0 0 0 0 0 0 0 0 0 0 0 0 0 0 0 0 0 
0 0 0 0 0 0 0 0 0 0 0 0 0 0 0 0 1 0 0 0 1 0 0 0 0 0 0 0 0 1 0 0 0 0 1 0 0 0 0 0 0 0 0 0 0 0 0 1 0 0 0 0 0 0 0 0 0 0 0 0 0 0 0 0 0 0 0 1 0 0 0 0 0 0 0 1 0 0 0 0 1 0 0 0 0 0 0 0 0 0 0 0 0 1 0 0 0 0 1 0 0 0 0 0 0 1 0 0 0 0 0 0 0 0 0 0 0 0 0 0 1 0 0 0 0 0 0 0 0 0 0 0 0 0 0 0 0 0 0 0 0 1 0 0 0 0 0 0 0 0 0 0 0 0 1 1 0 0 0 0 0 0 0 0 0 0 0 0 0 0 0 1 0 0 0 1 0 0 0 0 0 0 0 0 0 1 0 0 0 0 0 0 0 0 0 
0 1 0 0 0 0 0 0 0 0 0 0 0 0 0 1 0 0 0 0 0 1 0 0 0 0 0 0 0 0 0 0 0 0 0 0 0 0 1 1 0 0 0 0 0 0 0 0 1 0 0 0 0 0 0 0 0 1 0 0 0 0 0 0 0 0 0 0 0 0 0 0 0 0 0 0 0 0 1 0 0 0 0 0 0 0 1 0 0 0 0 0 0 0 1 0 0 0 0 0 0 0 0 0 0 0 0 0 0 0 0 0 1 0 0 0 0 0 0 0 0 0 0 0 1 0 0 0 0 0 0 0 0 0 0 0 1 0 0 0 0 0 0 0 0 0 0 0 0 0 0 0 0 0 0 0 0 0 0 0 0 0 0 1 0 0 0 0 0 0 0 0 0 0 0 0 0 0 0 0 0 0 0 0 1 0 0 0 1 0 0 0 0 0 0 
0 0 0 0 0 0 0 0 0 0 0 0 0 0 0 0 0 0 0 0 0 0 0 0 0 0 0 0 0 0 0 0 0 0 0 0 0 0 0 0 0 0 0 0 0 0 0 0 0 1 0 0 0 0 0 0 0 0 1 0 0 0 0 0 0 0 0 0 0 0 0 0 0 0 0 0 0 0 0 0 0 0 0 0 0 0 0 0 0 0 0 0 0 0 0 0 0 0 0 0 0 0 0 0 0 0 0 0 0 0 0 0 0 0 0 0 0 0 0 0 0 0 1 0 0 0 0 0 0 0 1 0 1 0 1 0 0 0 0 0 0 0 0 0 0 0 1 0 0 1 0 0 0 0 0 0 0 0 0 0 0 0 0 0 0 0 0 0 0 0 0 0 0 0 0 0 0 1 1 0 0 0 0 0 0 0 0 0 0 0 0 0 0 0 1 
0 0 0 0 0 0 1 0 0 0 0 1 1 0 0 0 0 0 0 0 0 0 1 0 1 0 0 0 1 0 1 0 1 0 0 0 0 0 0 0 0 0 0 0 0 0 0 0 0 0 1 0 0 0 0 0 0 0 0 0 0 0 0 0 0 0 1 0 0 0 0 0 0 0 0 0 1 0 0 0 0 0 1 0 0 0 0 0 0 0 0 0 0 0 0 0 0 1 0 0 0 0 0 1 0 0 0 0 0 0 0 0 0 0 0 0 0 0 1 0 0 1 0 0 0 0 0 0 0 0 0 0 0 0 0 0 0 0 0 0 0 0 0 0 0 0 0 1 0 0 1 1 0 1 0 0 0 0 0 0 0 0 0 0 1 0 0 0 0 0 0 0 0 0 0 0 1 0 0 0 0 0 0 1 0 0 1 0 0 0 0 0 0 0 0 
0 0 0 0 0 0 0 0 0 0 0 0 0 0 0 0 0 0 1 0 0 0 0 0 0 0 0 0 0 0 0 0 0 1 0 0 0 0 0 0 0 0 0 0 0 0 0 0 0 0 0 1 0 0 0 0 0 0 0 0 0 0 0 0 0 0 0 0 1 0 0 0 0 0 0 0 0 0 0 0 0 0 0 0 0 0 0 0 0 0 0 0 0 0 0 0 0 0 0 0 0 0 0 0 0 0 0 0 0 1 0 0 0 0 0 0 0 0 0 0 0 0 0 0 0 0 0 0 0 0 0 0 0 0 0 0 0 0 0 0 0 0 0 0 0 0 0 0 0 0 0 0 0 0 0 0 0 0 0 0 0 0 0 0 0 1 0 0 0 0 0 0 0 0 0 0 0 0 0 1 0 0 0 0 0 0 0 0 0 1 0 0 0 0 0 
0 0 0 0 0 0 0 0 1 0 1 0 0 0 0 0 0 0 0 0 0 0 0 0 0 1 0 0 0 0 0 0 0 0 0 0 0 0 0 0 0 0 0 0 0 0 0 0 0 0 0 0 1 0 0 1 0 0 0 0 0 0 0 1 0 0 0 0 0 0 0 0 0 0 1 0 0 0 0 0 0 0 0 0 1 0 0 0 0 1 0 0 1 0 0 0 0 0 0 0 0 0 0 0 0 0 0 1 0 0 0 1 0 0 0 0 0 0 0 0 0 0 0 0 0 0 1 0 0 0 0 0 0 0 0 0 0 0 0 0 0 0 0 0 0 0 0 0 0 0 0 0 0 0 0 0 0 0 0 0 0 0 0 0 0 0 0 0 0 0 0 0 0 0 0 0 0 0 0 0 0 0 0 0 0 0 0 0 0 0 0 1 0 1 0 
136 32 24 46 105 155 113 50 29 69 64 
9.600160E-05 3.538376E-05 0.000000E+00 3.492297E-06 2.075266E-04 1.313480E-04 3.519785E-04 7.660710E-05 2.236842E-05 3.597157E-05 1.800241E-05 4.758960E-05 2.605962E-04 1.377882E-04 3.787748E-06 6.951577E-05 4.970835E-05 4.125316E-05 3.515834E-06 1.629810E-04 7.130618E-05 1.310558E-06 2.377909E-05 0.000000E+00 1.388656E-04 1.473376E-04 1.346447E-04 4.171970E-05 0.000000E+00 7.736497E-05 4.086909E-05 0.000000E+00 2.560838E-06 7.111508E-08 2.275672E-05 8.625278E-06 1.417719E-04 8.247704E-06 8.405064E-06 2.408273E-05 0.000000E+00 8.483497E-06 7.569774E-05 2.550427E-04 9.672878E-06 0.000000E+00 1.499596E-04 7.602055E-06 5.405460E-06 0.000000E+00 9.816520E-05 1.045219E-08 7.141929E-06 1.713336E-04 1.183980E-04 5.689473E-05 4.518036E-04 8.991019E-05 9.514200E-06 1.528963E-04 1.574243E-06 2.002702E-05 2.659438E-04 0.000000E+00 7.340425E-07 4.058313E-04 6.808135E-05 4.347022E-05 0.000000E+00 0.000000E+00 1.370078E-04 6.954101E-05 7.298622E-06 5.862357E-07 1.452848E-05 5.471174E-05 1.832724E-04 2.474927E-04 1.849542E-06 2.734612E-05 1.571455E-07 3.384595E-06 1.573175E-04 5.705327E-05 2.352871E-05 0.000000E+00 7.126443E-05 1.509396E-06 2.491968E-05 2.084152E-04 6.481983E-06 5.666876E-06 8.031422E-09 2.737476E-04 2.115084E-06 2.218383E-05 2.224497E-04 2.827029E-05 2.692586E-05 2.145711E-04 9.646990E-06 1.572471E-04 1.540303E-04 8.870174E-05 0.000000E+00 4.716980E-05 0.000000E+00 1.366401E-04 3.457334E-05 4.550276E-08 1.540600E-04 4.573756E-05 0.000000E+00 2.307234E-07 6.473884E-05 2.402152E-05 5.023778E-06 3.918312E-05 8.911423E-05 9.675446E-06 4.546478E-05 5.429959E-06 2.506126E-06 5.364191E-05 1.799348E-04 4.735868E-05 6.017963E-07 2.186147E-06 5.423681E-06 0.000000E+00 4.580535E-06 1.178991E-05 9.177758E-05 8.856584E-06 7.907474E-06 0.000000E+00 1.205358E-04 9.843164E-07 1.189310E-04 2.833259E-07 6.072064E-06 2.214586E-06 1.174966E-06 2.648055E-04 2.339639E-05 1.213193E-05 5.749933E-09 1.209633E-05 4.665431E-05 8.105631E-06 7.502125E-05 2.734072E-04 1.364759E-05 9.404401E-05 0.000000E+00 8.926265E-06 7.181455E-04 9.387452E-05 3.888284E-06 0.000000E+00 3.539425E-06 2.453889E-04 2.086550E-04 3.399692E-05 4.487376E-06 7.686555E-07 1.859430E-06 2.421508E-04 1.506782E-04 4.789370E-06 8.162625E-07 1.640910E-04 7.362554E-06 0.000000E+00 1.575911E-05 1.588952E-07 4.162592E-04 9.776087E-06 8.162116E-07 1.620227E-06 8.105468E-06 7.398313E-07 1.033679E-04 9.992003E-04 7.709032E-08 4.077244E-06 4.075452E-04 1.953444E-05 8.706341E-07 2.049741E-07 0.000000E+00 5.484233E-05 2.341230E-04 1.160448E-04 2.342614E-05 
136 4 181 153 140 175 139 159 116 141 146 120 97 74 182 92 162 57 63 66 183 
32 91 42 102 134 163 126 60 144 118 149 145 143 124 158 188 111 157 44 193 71 
24 114 15 171 128 138 62 117 45 167 173 170 36 28 43 
46 38 109 65 61 115 10 37 132 6 1 169 100 73 54 47 27 168 5 78 
105 82 96 84 129 55 80 101 18 14 20 161 72 88 8 89 103 
155 176 156 48 81 142 35 121 99 76 186 68 106 17 21 172 94 30 
113 22 189 49 79 185 39 125 164 40 16 95 2 137 87 58 
50 147 179 135 178 123 131 195 59 150 133 
29 12 151 67 33 98 31 122 154 77 148 119 104 7 83 165 187 23 13 51 25 177 184 152 
69 52 110 34 166 190 180 19 
64 93 56 194 9 127 53 192 85 75 11 112 108 26 90 

============Find Best @ Round 1872================
==========Cluster 0, RcvInterf=6.11664e-14============
Node 135, SINR:0.00000e+00, BpsHz:0.00000e+00
Node 3, SINR:6.01502e-01, BpsHz:3.39713e-02
Node 180, SINR:6.01502e-01, BpsHz:3.39713e-02
Node 152, SINR:6.01502e-01, BpsHz:3.39713e-02
Node 139, SINR:6.01502e-01, BpsHz:3.39713e-02
Node 174, SINR:6.01502e-01, BpsHz:3.39713e-02
Node 138, SINR:6.01502e-01, BpsHz:3.39713e-02
Node 158, SINR:6.01502e-01, BpsHz:3.39713e-02
Node 115, SINR:6.01502e-01, BpsHz:3.39713e-02
Node 140, SINR:6.01502e-01, BpsHz:3.39713e-02
Node 145, SINR:6.01502e-01, BpsHz:3.39713e-02
Node 119, SINR:6.01502e-01, BpsHz:3.39713e-02
Node 96, SINR:6.01502e-01, BpsHz:3.39713e-02
Node 73, SINR:6.01502e-01, BpsHz:3.39713e-02
Node 181, SINR:6.01502e-01, BpsHz:3.39713e-02
Node 91, SINR:6.01502e-01, BpsHz:3.39713e-02
Node 161, SINR:6.01502e-01, BpsHz:3.39713e-02
Node 56, SINR:6.01502e-01, BpsHz:3.39713e-02
Node 62, SINR:6.01502e-01, BpsHz:3.39713e-02
Node 65, SINR:6.01502e-01, BpsHz:3.39713e-02
Node 182, SINR:6.01502e-01, BpsHz:3.39713e-02
---------------
==========Cluster 1, RcvInterf=9.81406e-14============
Node 31, SINR:0.00000e+00, BpsHz:0.00000e+00
Node 90, SINR:6.01502e-01, BpsHz:3.39713e-02
Node 41, SINR:6.01502e-01, BpsHz:3.39713e-02
Node 101, SINR:6.01502e-01, BpsHz:3.39713e-02
Node 133, SINR:6.01502e-01, BpsHz:3.39713e-02
Node 162, SINR:6.01502e-01, BpsHz:3.39713e-02
Node 125, SINR:6.01502e-01, BpsHz:3.39713e-02
Node 59, SINR:6.01502e-01, BpsHz:3.39713e-02
Node 143, SINR:6.01502e-01, BpsHz:3.39713e-02
Node 117, SINR:6.01502e-01, BpsHz:3.39713e-02
Node 148, SINR:6.01502e-01, BpsHz:3.39713e-02
Node 144, SINR:6.01502e-01, BpsHz:3.39713e-02
Node 142, SINR:6.01502e-01, BpsHz:3.39713e-02
Node 123, SINR:6.01502e-01, BpsHz:3.39713e-02
Node 157, SINR:6.01502e-01, BpsHz:3.39713e-02
Node 187, SINR:6.01502e-01, BpsHz:3.39713e-02
Node 110, SINR:6.01502e-01, BpsHz:3.39713e-02
Node 156, SINR:6.01502e-01, BpsHz:3.39713e-02
Node 43, SINR:6.01502e-01, BpsHz:3.39713e-02
Node 192, SINR:6.01502e-01, BpsHz:3.39713e-02
Node 70, SINR:6.01502e-01, BpsHz:3.39713e-02
---------------
==========Cluster 2, RcvInterf=1.45710e-14============
Node 23, SINR:0.00000e+00, BpsHz:0.00000e+00
Node 113, SINR:3.90494e-01, BpsHz:3.39713e-02
Node 14, SINR:3.90494e-01, BpsHz:3.39713e-02
Node 170, SINR:3.90494e-01, BpsHz:3.39713e-02
Node 127, SINR:3.90494e-01, BpsHz:3.39713e-02
Node 137, SINR:3.90494e-01, BpsHz:3.39713e-02
Node 61, SINR:3.90494e-01, BpsHz:3.39713e-02
Node 116, SINR:3.90494e-01, BpsHz:3.39713e-02
Node 44, SINR:3.90494e-01, BpsHz:3.39713e-02
Node 166, SINR:3.90494e-01, BpsHz:3.39713e-02
Node 172, SINR:3.90494e-01, BpsHz:3.39713e-02
Node 169, SINR:3.90494e-01, BpsHz:3.39713e-02
Node 35, SINR:3.90494e-01, BpsHz:3.39713e-02
Node 27, SINR:3.90494e-01, BpsHz:3.39713e-02
Node 42, SINR:3.90494e-01, BpsHz:3.39713e-02
---------------
==========Cluster 3, RcvInterf=6.97131e-14============
Node 45, SINR:0.00000e+00, BpsHz:0.00000e+00
Node 37, SINR:5.64232e-01, BpsHz:3.39713e-02
Node 108, SINR:5.64232e-01, BpsHz:3.39713e-02
Node 64, SINR:5.64232e-01, BpsHz:3.39713e-02
Node 60, SINR:5.64232e-01, BpsHz:3.39713e-02
Node 114, SINR:5.64232e-01, BpsHz:3.39713e-02
Node 9, SINR:5.64232e-01, BpsHz:3.39713e-02
Node 36, SINR:5.64232e-01, BpsHz:3.39713e-02
Node 131, SINR:5.64232e-01, BpsHz:3.39713e-02
Node 5, SINR:5.64232e-01, BpsHz:3.39713e-02
Node 0, SINR:5.64232e-01, BpsHz:3.39713e-02
Node 168, SINR:5.64232e-01, BpsHz:3.39713e-02
Node 99, SINR:5.64232e-01, BpsHz:3.39713e-02
Node 72, SINR:5.64232e-01, BpsHz:3.39713e-02
Node 53, SINR:5.64232e-01, BpsHz:3.39713e-02
Node 46, SINR:5.64232e-01, BpsHz:3.39713e-02
Node 26, SINR:5.64232e-01, BpsHz:3.39713e-02
Node 167, SINR:5.64232e-01, BpsHz:3.39713e-02
Node 4, SINR:5.64232e-01, BpsHz:3.39713e-02
Node 77, SINR:5.64232e-01, BpsHz:3.39713e-02
---------------
==========Cluster 4, RcvInterf=8.62759e-14============
Node 104, SINR:0.00000e+00, BpsHz:0.00000e+00
Node 81, SINR:4.57545e-01, BpsHz:3.39713e-02
Node 95, SINR:4.57545e-01, BpsHz:3.39713e-02
Node 83, SINR:4.57545e-01, BpsHz:3.39713e-02
Node 128, SINR:4.57545e-01, BpsHz:3.39713e-02
Node 54, SINR:4.57545e-01, BpsHz:3.39713e-02
Node 79, SINR:4.57545e-01, BpsHz:3.39713e-02
Node 100, SINR:4.57545e-01, BpsHz:3.39713e-02
Node 17, SINR:4.57545e-01, BpsHz:3.39713e-02
Node 13, SINR:4.57545e-01, BpsHz:3.39713e-02
Node 19, SINR:4.57545e-01, BpsHz:3.39713e-02
Node 160, SINR:4.57545e-01, BpsHz:3.39713e-02
Node 71, SINR:4.57545e-01, BpsHz:3.39713e-02
Node 87, SINR:4.57545e-01, BpsHz:3.39713e-02
Node 7, SINR:4.57545e-01, BpsHz:3.39713e-02
Node 88, SINR:4.57545e-01, BpsHz:3.39713e-02
Node 102, SINR:4.57545e-01, BpsHz:3.39713e-02
---------------
==========Cluster 5, RcvInterf=7.36083e-14============
Node 154, SINR:0.00000e+00, BpsHz:0.00000e+00
Node 175, SINR:4.92273e-01, BpsHz:3.39713e-02
Node 155, SINR:4.92273e-01, BpsHz:3.39713e-02
Node 47, SINR:4.92273e-01, BpsHz:3.39713e-02
Node 80, SINR:4.92273e-01, BpsHz:3.39713e-02
Node 141, SINR:4.92273e-01, BpsHz:3.39713e-02
Node 34, SINR:4.92273e-01, BpsHz:3.39713e-02
Node 120, SINR:4.92273e-01, BpsHz:3.39713e-02
Node 98, SINR:4.92273e-01, BpsHz:3.39713e-02
Node 75, SINR:4.92273e-01, BpsHz:3.39713e-02
Node 185, SINR:4.92273e-01, BpsHz:3.39713e-02
Node 67, SINR:4.92273e-01, BpsHz:3.39713e-02
Node 105, SINR:4.92273e-01, BpsHz:3.39713e-02
Node 16, SINR:4.92273e-01, BpsHz:3.39713e-02
Node 20, SINR:4.92273e-01, BpsHz:3.39713e-02
Node 171, SINR:4.92273e-01, BpsHz:3.39713e-02
Node 93, SINR:4.92273e-01, BpsHz:3.39713e-02
Node 29, SINR:4.92273e-01, BpsHz:3.39713e-02
---------------
==========Cluster 6, RcvInterf=5.33546e-14============
Node 112, SINR:0.00000e+00, BpsHz:0.00000e+00
Node 21, SINR:4.23625e-01, BpsHz:3.39713e-02
Node 188, SINR:4.23625e-01, BpsHz:3.39713e-02
Node 48, SINR:4.23625e-01, BpsHz:3.39713e-02
Node 78, SINR:4.23625e-01, BpsHz:3.39713e-02
Node 184, SINR:4.23625e-01, BpsHz:3.39713e-02
Node 38, SINR:4.23625e-01, BpsHz:3.39713e-02
Node 124, SINR:4.23625e-01, BpsHz:3.39713e-02
Node 163, SINR:4.23625e-01, BpsHz:3.39713e-02
Node 39, SINR:4.23625e-01, BpsHz:3.39713e-02
Node 15, SINR:4.23625e-01, BpsHz:3.39713e-02
Node 94, SINR:4.23625e-01, BpsHz:3.39713e-02
Node 1, SINR:4.23625e-01, BpsHz:3.39713e-02
Node 136, SINR:4.23625e-01, BpsHz:3.39713e-02
Node 86, SINR:4.23625e-01, BpsHz:3.39713e-02
Node 57, SINR:4.23625e-01, BpsHz:3.39713e-02
---------------
==========Cluster 7, RcvInterf=3.92231e-14============
Node 49, SINR:0.00000e+00, BpsHz:0.00000e+00
Node 146, SINR:2.65505e-01, BpsHz:3.39713e-02
Node 178, SINR:2.65505e-01, BpsHz:3.39713e-02
Node 134, SINR:2.65505e-01, BpsHz:3.39713e-02
Node 177, SINR:2.65505e-01, BpsHz:3.39713e-02
Node 122, SINR:2.65505e-01, BpsHz:3.39713e-02
Node 130, SINR:2.65505e-01, BpsHz:3.39713e-02
Node 194, SINR:2.65505e-01, BpsHz:3.39713e-02
Node 58, SINR:2.65505e-01, BpsHz:3.39713e-02
Node 149, SINR:2.65505e-01, BpsHz:3.39713e-02
Node 132, SINR:2.65505e-01, BpsHz:3.39713e-02
---------------
==========Cluster 8, RcvInterf=7.34047e-14============
Node 28, SINR:0.00000e+00, BpsHz:0.00000e+00
Node 11, SINR:7.18726e-01, BpsHz:3.39713e-02
Node 150, SINR:7.18726e-01, BpsHz:3.39713e-02
Node 66, SINR:7.18726e-01, BpsHz:3.39713e-02
Node 32, SINR:7.18726e-01, BpsHz:3.39713e-02
Node 97, SINR:7.18726e-01, BpsHz:3.39713e-02
Node 30, SINR:7.18726e-01, BpsHz:3.39713e-02
Node 121, SINR:7.18726e-01, BpsHz:3.39713e-02
Node 153, SINR:7.18726e-01, BpsHz:3.39713e-02
Node 76, SINR:7.18726e-01, BpsHz:3.39713e-02
Node 147, SINR:7.18726e-01, BpsHz:3.39713e-02
Node 118, SINR:7.18726e-01, BpsHz:3.39713e-02
Node 103, SINR:7.18726e-01, BpsHz:3.39713e-02
Node 6, SINR:7.18726e-01, BpsHz:3.39713e-02
Node 82, SINR:7.18726e-01, BpsHz:3.39713e-02
Node 164, SINR:7.18726e-01, BpsHz:3.39713e-02
Node 186, SINR:7.18726e-01, BpsHz:3.39713e-02
Node 22, SINR:7.18726e-01, BpsHz:3.39713e-02
Node 12, SINR:7.18726e-01, BpsHz:3.39713e-02
Node 50, SINR:7.18726e-01, BpsHz:3.39713e-02
Node 24, SINR:7.18726e-01, BpsHz:3.39713e-02
Node 176, SINR:7.18726e-01, BpsHz:3.39713e-02
Node 183, SINR:7.18726e-01, BpsHz:3.39713e-02
Node 151, SINR:7.18726e-01, BpsHz:3.39713e-02
---------------
==========Cluster 9, RcvInterf=1.74814e-14============
Node 68, SINR:0.00000e+00, BpsHz:0.00000e+00
Node 51, SINR:1.79192e-01, BpsHz:3.39713e-02
Node 109, SINR:1.79192e-01, BpsHz:3.39713e-02
Node 33, SINR:1.79192e-01, BpsHz:3.39713e-02
Node 165, SINR:1.79192e-01, BpsHz:3.39713e-02
Node 189, SINR:1.79192e-01, BpsHz:3.39713e-02
Node 179, SINR:1.79192e-01, BpsHz:3.39713e-02
Node 18, SINR:1.79192e-01, BpsHz:3.39713e-02
---------------
==========Cluster 10, RcvInterf=1.04249e-13============
Node 63, SINR:0.00000e+00, BpsHz:0.00000e+00
Node 92, SINR:3.90494e-01, BpsHz:3.39713e-02
Node 55, SINR:3.90494e-01, BpsHz:3.39713e-02
Node 193, SINR:3.90494e-01, BpsHz:3.39713e-02
Node 8, SINR:3.90494e-01, BpsHz:3.39713e-02
Node 126, SINR:3.90494e-01, BpsHz:3.39713e-02
Node 52, SINR:3.90494e-01, BpsHz:3.39713e-02
Node 191, SINR:3.90494e-01, BpsHz:3.39713e-02
Node 84, SINR:3.90494e-01, BpsHz:3.39713e-02
Node 74, SINR:3.90494e-01, BpsHz:3.39713e-02
Node 10, SINR:3.90494e-01, BpsHz:3.39713e-02
Node 111, SINR:3.90494e-01, BpsHz:3.39713e-02
Node 107, SINR:3.90494e-01, BpsHz:3.39713e-02
Node 25, SINR:3.90494e-01, BpsHz:3.39713e-02
Node 89, SINR:3.90494e-01, BpsHz:3.39713e-02
---------------
195
11
1.000000e-03
8.641669e-294
175
3000
1.344642e+01
1.596680e+00
1.344642e-05
8.288922e-07
0 0 0 0 0 0 0 0 0 0 0 0 0 0 0 1 0 0 0 0 0 1 0 0 0 0 0 0 0 0 0 0 0 0 0 0 0 0 1 1 0 0 0 0 0 0 0 0 1 0 0 0 0 0 0 0 0 1 1 0 0 0 0 0 0 0 0 0 0 0 0 0 0 0 0 0 0 0 1 0 0 0 0 0 0 0 1 0 0 0 0 0 0 0 1 0 0 0 0 0 0 0 0 0 0 0 0 0 0 0 0 0 1 0 0 0 0 0 0 0 0 0 0 0 1 0 0 0 0 0 0 0 0 0 1 0 1 0 0 0 0 0 0 0 0 0 0 0 0 0 0 0 0 0 0 0 0 0 0 0 0 0 0 1 0 0 0 0 0 0 0 0 0 0 0 0 0 0 0 0 0 0 0 0 1 0 0 0 1 0 0 0 0 0 0 
0 0 0 0 0 0 0 0 0 0 0 0 0 0 0 0 0 0 0 0 0 0 0 0 0 0 0 0 0 0 0 1 0 0 0 0 0 0 0 0 0 1 0 1 0 0 0 0 0 0 0 0 0 0 0 0 0 0 0 1 0 0 0 0 0 0 0 0 0 0 0 0 0 0 0 0 0 0 0 0 0 0 0 0 0 0 0 0 0 0 1 0 0 0 0 0 0 0 0 0 0 1 0 0 0 0 0 0 0 0 1 0 0 0 0 0 0 1 0 0 0 0 0 1 0 1 0 0 0 0 0 0 0 1 0 0 0 0 0 0 0 0 1 0 1 0 0 0 1 0 0 0 0 0 0 0 0 1 0 0 0 0 1 0 0 0 0 1 0 0 0 0 0 0 0 0 0 0 0 0 0 0 0 0 0 0 0 1 0 0 0 0 1 0 0 
1 0 0 0 0 0 0 0 0 0 0 0 0 0 0 0 0 0 0 0 0 0 0 0 0 0 0 0 0 0 0 0 0 0 0 0 0 0 0 0 0 0 0 0 0 1 0 0 0 0 0 0 0 1 0 0 0 0 0 0 1 0 0 0 1 0 0 0 0 0 0 0 1 0 0 0 0 0 0 0 0 0 0 0 0 0 0 0 0 0 0 0 0 0 0 0 0 0 0 1 0 0 0 0 0 0 0 0 1 0 0 0 0 0 1 0 0 0 0 0 0 0 0 0 0 0 0 0 0 0 0 1 0 0 0 0 0 0 0 0 0 0 0 0 0 0 0 0 0 0 0 0 0 0 0 0 0 0 0 0 0 0 0 0 0 0 0 0 0 0 0 0 0 0 0 0 0 0 0 0 0 0 0 0 0 0 0 0 0 0 0 0 0 0 0 
0 0 0 0 0 0 0 0 0 0 0 0 0 0 1 0 0 0 0 0 0 0 0 1 0 0 0 0 0 0 0 0 0 0 0 1 0 0 0 0 0 0 1 0 1 0 0 0 0 0 0 0 0 0 0 0 0 0 0 0 0 1 0 0 0 0 0 0 0 0 0 0 0 0 0 0 0 0 0 0 0 0 0 0 0 0 0 0 0 0 0 0 0 0 0 0 0 0 0 0 0 0 0 0 0 0 0 0 0 0 0 0 0 1 0 0 1 0 0 0 0 0 0 0 0 0 0 1 0 0 0 0 0 0 0 0 0 1 0 0 0 0 0 0 0 0 0 0 0 0 0 0 0 0 0 0 0 0 0 0 0 0 0 0 0 0 1 0 0 1 1 0 1 0 0 0 0 0 0 0 0 0 0 0 0 0 0 0 0 0 0 0 0 0 0 
0 0 1 1 0 0 0 0 0 0 0 0 0 0 0 0 0 0 0 0 0 0 0 0 0 0 0 0 0 0 0 0 0 0 0 0 0 0 0 0 0 0 0 0 0 0 0 0 0 0 0 0 0 0 0 0 1 0 0 0 0 0 1 0 0 0 0 0 0 0 0 0 0 1 0 0 0 0 0 0 0 0 0 0 0 0 0 0 0 0 0 1 0 0 0 0 1 0 0 0 0 0 0 0 0 0 0 0 0 0 0 0 0 0 0 1 0 0 0 1 0 0 0 0 0 0 0 0 0 0 0 0 0 0 0 1 0 0 1 1 1 0 0 0 0 1 0 0 0 0 0 0 1 0 0 0 0 0 1 0 0 0 0 0 0 0 0 0 0 0 0 0 0 0 1 0 0 0 0 0 1 1 0 0 0 0 0 0 0 0 0 0 0 0 0 
0 0 0 0 0 0 0 0 1 0 1 0 0 0 0 0 0 0 0 0 0 0 0 0 0 1 0 0 0 0 0 0 0 0 0 0 0 0 0 0 0 0 0 0 0 0 0 0 0 0 0 0 1 0 0 1 0 0 0 0 0 0 0 1 0 0 0 0 0 0 0 0 0 0 1 0 0 0 0 0 0 0 0 0 1 0 0 0 0 1 0 0 1 0 0 0 0 0 0 0 0 0 0 0 0 0 0 1 0 0 0 1 0 0 0 0 0 0 0 0 0 0 0 0 0 0 1 0 0 0 0 0 0 0 0 0 0 0 0 0 0 0 0 0 0 0 0 0 0 0 0 0 0 0 0 0 0 0 0 0 0 0 0 0 0 0 0 0 0 0 0 0 0 0 0 0 0 0 0 0 0 0 0 0 0 0 0 0 0 0 0 1 0 1 0 
0 0 0 0 1 1 0 1 0 1 0 0 0 0 0 0 0 1 0 0 0 0 0 0 0 0 1 0 0 0 0 0 0 0 0 0 1 1 0 0 0 0 0 0 0 0 1 0 0 0 0 0 0 0 0 0 0 0 0 0 0 0 0 0 0 0 0 0 0 0 0 1 0 0 0 0 0 1 0 0 0 0 0 1 0 0 0 1 0 0 0 0 0 1 0 1 0 0 0 0 0 0 0 0 0 0 0 0 0 0 0 0 0 0 0 0 0 0 0 0 0 0 0 0 0 0 0 0 1 0 0 0 0 0 0 0 0 0 0 0 0 0 0 0 0 0 0 0 0 0 0 0 0 0 0 0 0 0 0 0 0 0 0 0 0 0 0 0 1 0 0 0 0 0 0 0 0 0 0 0 0 0 0 0 0 0 0 0 0 0 0 0 0 0 0 
0 0 0 0 0 0 0 0 0 0 0 0 0 1 0 0 0 0 0 1 0 0 0 0 0 0 0 0 0 0 0 0 0 0 0 0 0 0 0 0 0 0 0 0 0 0 0 0 0 0 0 0 0 0 1 0 0 0 0 0 0 0 0 0 0 1 0 0 0 0 0 0 0 0 0 0 0 0 0 0 0 0 0 0 0 1 0 0 1 0 0 0 0 0 0 0 0 0 0 0 0 0 1 0 0 0 0 0 0 0 0 0 0 0 0 0 0 0 0 0 0 0 0 0 0 0 0 0 0 0 0 0 0 0 0 0 0 0 0 0 0 0 0 0 0 0 0 0 0 0 0 0 0 0 0 0 0 0 0 0 1 1 0 0 0 0 0 0 0 0 0 0 0 0 0 0 0 0 0 0 0 0 1 0 0 0 0 0 0 0 0 0 0 0 0 
0 0 0 0 0 0 1 0 0 0 0 1 1 0 0 0 0 0 0 0 0 0 1 0 1 0 0 0 1 0 1 0 1 0 0 0 0 0 0 0 0 0 0 0 0 0 0 0 0 0 1 0 0 0 0 0 0 0 0 0 0 0 0 0 0 0 1 0 0 0 1 0 0 0 0 0 1 0 0 0 0 0 1 0 0 0 0 0 0 0 0 0 0 0 0 0 0 1 0 0 0 0 0 1 0 0 0 0 0 0 0 0 0 0 0 0 0 0 1 0 0 1 0 0 0 0 0 0 0 0 0 0 0 0 0 0 0 0 0 0 0 0 0 1 0 0 0 1 0 0 1 1 0 1 0 0 0 0 0 1 0 0 0 0 1 0 0 0 0 0 0 0 0 0 0 0 1 0 0 0 0 0 0 1 0 0 1 0 0 0 0 0 0 0 0 
0 0 0 0 0 0 0 0 0 0 0 0 0 0 0 0 1 0 0 0 1 0 0 0 0 0 0 0 0 1 0 0 0 0 1 0 0 0 0 0 1 0 0 0 0 0 0 1 0 0 0 0 0 0 0 0 0 0 0 0 0 0 0 0 0 0 0 1 0 0 0 0 0 0 0 1 0 0 0 0 1 0 0 0 0 0 0 0 0 0 0 0 0 0 0 0 0 0 1 0 0 0 0 0 0 1 0 0 0 0 0 0 0 0 0 0 0 0 0 0 1 0 0 0 0 0 0 0 0 0 0 0 0 0 0 0 0 0 0 0 0 1 0 0 0 0 0 0 0 0 0 0 0 0 1 1 0 0 0 0 0 0 0 0 0 0 0 0 0 0 0 1 0 0 0 1 0 0 0 0 0 0 0 0 0 1 0 0 0 0 1 0 0 0 0 
0 0 0 0 0 0 0 0 0 0 0 0 0 0 0 0 0 0 1 0 0 0 0 0 0 0 0 0 0 0 0 0 0 1 0 0 0 0 0 0 0 0 0 0 0 0 0 0 0 1 0 1 0 0 0 0 0 0 0 0 0 0 0 0 0 0 0 0 1 0 0 0 0 0 0 0 0 0 0 0 0 0 0 0 0 0 0 0 0 0 0 0 0 0 0 0 0 0 0 0 0 0 0 0 0 0 1 0 0 1 0 0 0 0 0 0 0 0 0 0 0 0 1 0 0 0 0 0 0 1 1 0 1 0 0 0 0 0 0 0 0 0 0 0 0 0 1 0 0 1 0 0 0 0 0 0 0 0 0 0 0 0 0 0 0 1 0 0 0 0 0 0 0 0 0 0 0 1 1 1 0 0 0 0 0 0 0 0 0 1 0 0 0 0 1 
185 91 61 24 181 64 47 14 29 155 150 
1.991880E-05 0.000000E+00 1.315973E-04 6.748322E-07 1.201409E-07 1.339337E-06 2.665192E-04 1.905901E-06 1.927419E-05 2.901289E-06 1.551213E-05 3.603499E-05 1.973242E-04 0.000000E+00 7.711010E-06 2.708210E-05 4.213188E-05 1.423209E-05 2.822483E-05 2.946126E-07 6.043781E-05 5.220627E-06 1.800560E-05 0.000000E+00 1.051494E-04 1.269564E-04 1.042767E-06 0.000000E+00 0.000000E+00 6.557312E-05 3.094619E-05 6.198040E-06 1.939074E-06 3.427349E-06 1.928818E-05 1.755914E-05 3.524504E-05 8.596139E-06 1.129568E-06 2.933052E-05 1.210654E-04 8.492817E-06 1.541037E-04 2.356874E-05 1.969182E-05 4.964390E-07 0.000000E+00 6.443362E-06 5.585002E-06 1.075425E-05 7.433098E-05 4.648232E-05 6.153984E-06 1.056625E-05 1.080150E-05 4.902447E-05 7.028114E-05 4.678231E-05 1.200061E-05 1.831373E-05 0.000000E+00 4.077055E-05 3.975918E-05 0.000000E+00 5.965925E-06 1.059077E-06 5.155140E-05 3.684456E-05 2.095030E-05 0.000000E+00 1.191476E-04 1.142145E-06 2.025494E-05 4.190973E-06 1.251875E-05 4.637266E-05 1.387744E-04 6.814041E-06 6.393856E-06 0.000000E+00 1.331936E-07 0.000000E+00 1.191213E-04 1.894332E-05 2.027398E-05 3.169008E-06 2.384974E-05 1.277899E-04 1.932179E-05 1.795850E-04 0.000000E+00 4.018174E-05 6.920433E-09 3.906858E-05 1.290354E-06 1.071426E-05 1.514966E-05 2.140635E-05 2.282186E-05 1.647679E-05 0.000000E+00 9.078300E-05 5.295582E-07 6.716522E-05 0.000000E+00 3.998025E-05 5.403296E-05 1.177386E-04 4.250175E-05 6.022791E-05 1.022228E-05 3.941067E-05 5.824588E-08 4.697015E-07 3.417067E-06 1.215080E-06 1.022729E-05 1.219253E-04 6.747757E-05 2.006149E-05 3.853511E-05 4.111582E-06 2.356203E-05 3.891080E-04 2.396562E-04 6.701059E-07 5.185497E-07 4.450509E-06 2.955567E-05 1.337741E-05 1.512610E-06 7.933581E-06 4.793310E-05 7.091030E-05 2.187019E-05 6.316466E-06 5.369137E-05 2.003849E-06 7.774627E-06 2.262266E-05 5.470738E-05 1.877042E-06 5.147067E-05 6.337620E-04 4.306418E-06 2.798837E-06 1.682156E-05 9.159375E-06 5.589991E-06 0.000000E+00 5.680632E-05 2.070248E-04 2.386265E-08 7.121040E-05 0.000000E+00 7.565738E-06 0.000000E+00 7.522596E-05 7.374112E-05 9.999310E-04 2.203670E-05 7.499630E-06 3.002854E-05 3.945559E-05 3.397855E-06 1.053330E-04 3.785385E-06 8.466881E-05 1.755454E-06 9.750092E-06 1.661728E-06 1.390805E-04 1.498852E-05 0.000000E+00 5.433690E-05 1.346766E-07 3.151927E-04 8.894140E-06 9.493238E-07 5.440252E-06 0.000000E+00 1.611759E-05 6.056825E-06 7.565974E-04 0.000000E+00 3.455797E-06 3.085945E-04 1.348916E-04 2.592946E-06 7.105830E-05 4.347748E-04 4.725598E-05 1.459749E-04 9.999227E-05 7.035168E-06 
185 22 113 95 79 40 16 189 49 39 59 137 125 87 135 164 58 
91 118 149 163 60 102 111 126 32 158 145 42 134 44 143 188 193 124 168 
61 132 54 100 46 109 115 65 73 1 
24 171 114 15 167 138 45 173 36 117 128 62 170 43 
181 63 116 4 139 57 97 92 153 159 175 74 3 136 120 140 182 146 141 
64 53 11 75 112 9 93 56 85 127 192 108 194 26 90 
47 8 169 5 84 96 129 78 37 38 27 18 10 6 94 72 88 
14 161 20 103 55 89 183 86 66 162 
29 122 165 77 187 98 31 12 119 151 13 33 67 71 104 51 154 7 25 148 184 83 177 23 160 152 144 
155 186 142 68 48 81 176 35 17 21 156 30 76 172 41 106 99 191 121 
150 179 19 50 69 195 110 130 178 52 34 147 166 131 133 123 180 190 107 

============Find Best @ Round 806================
==========Cluster 0, RcvInterf=3.02247e-14============
Node 184, SINR:0.00000e+00, BpsHz:0.00000e+00
Node 21, SINR:4.73586e-01, BpsHz:3.49582e-02
Node 112, SINR:4.73586e-01, BpsHz:3.49582e-02
Node 94, SINR:4.73586e-01, BpsHz:3.49582e-02
Node 78, SINR:4.73586e-01, BpsHz:3.49582e-02
Node 39, SINR:4.73586e-01, BpsHz:3.49582e-02
Node 15, SINR:4.73586e-01, BpsHz:3.49582e-02
Node 188, SINR:4.73586e-01, BpsHz:3.49582e-02
Node 48, SINR:4.73586e-01, BpsHz:3.49582e-02
Node 38, SINR:4.73586e-01, BpsHz:3.49582e-02
Node 58, SINR:4.73586e-01, BpsHz:3.49582e-02
Node 136, SINR:4.73586e-01, BpsHz:3.49582e-02
Node 124, SINR:4.73586e-01, BpsHz:3.49582e-02
Node 86, SINR:4.73586e-01, BpsHz:3.49582e-02
Node 134, SINR:4.73586e-01, BpsHz:3.49582e-02
Node 163, SINR:4.73586e-01, BpsHz:3.49582e-02
Node 57, SINR:4.73586e-01, BpsHz:3.49582e-02
---------------
==========Cluster 1, RcvInterf=1.04172e-13============
Node 90, SINR:0.00000e+00, BpsHz:0.00000e+00
Node 117, SINR:5.46759e-01, BpsHz:3.49582e-02
Node 148, SINR:5.46759e-01, BpsHz:3.49582e-02
Node 162, SINR:5.46759e-01, BpsHz:3.49582e-02
Node 59, SINR:5.46759e-01, BpsHz:3.49582e-02
Node 101, SINR:5.46759e-01, BpsHz:3.49582e-02
Node 110, SINR:5.46759e-01, BpsHz:3.49582e-02
Node 125, SINR:5.46759e-01, BpsHz:3.49582e-02
Node 31, SINR:5.46759e-01, BpsHz:3.49582e-02
Node 157, SINR:5.46759e-01, BpsHz:3.49582e-02
Node 144, SINR:5.46759e-01, BpsHz:3.49582e-02
Node 41, SINR:5.46759e-01, BpsHz:3.49582e-02
Node 133, SINR:5.46759e-01, BpsHz:3.49582e-02
Node 43, SINR:5.46759e-01, BpsHz:3.49582e-02
Node 142, SINR:5.46759e-01, BpsHz:3.49582e-02
Node 187, SINR:5.46759e-01, BpsHz:3.49582e-02
Node 192, SINR:5.46759e-01, BpsHz:3.49582e-02
Node 123, SINR:5.46759e-01, BpsHz:3.49582e-02
Node 167, SINR:5.46759e-01, BpsHz:3.49582e-02
---------------
==========Cluster 2, RcvInterf=4.60447e-14============
Node 60, SINR:0.00000e+00, BpsHz:0.00000e+00
Node 131, SINR:2.43688e-01, BpsHz:3.49582e-02
Node 53, SINR:2.43688e-01, BpsHz:3.49582e-02
Node 99, SINR:2.43688e-01, BpsHz:3.49582e-02
Node 45, SINR:2.43688e-01, BpsHz:3.49582e-02
Node 108, SINR:2.43688e-01, BpsHz:3.49582e-02
Node 114, SINR:2.43688e-01, BpsHz:3.49582e-02
Node 64, SINR:2.43688e-01, BpsHz:3.49582e-02
Node 72, SINR:2.43688e-01, BpsHz:3.49582e-02
Node 0, SINR:2.43688e-01, BpsHz:3.49582e-02
---------------
==========Cluster 3, RcvInterf=5.19297e-14============
Node 23, SINR:0.00000e+00, BpsHz:0.00000e+00
Node 170, SINR:3.70267e-01, BpsHz:3.49582e-02
Node 113, SINR:3.70267e-01, BpsHz:3.49582e-02
Node 14, SINR:3.70267e-01, BpsHz:3.49582e-02
Node 166, SINR:3.70267e-01, BpsHz:3.49582e-02
Node 137, SINR:3.70267e-01, BpsHz:3.49582e-02
Node 44, SINR:3.70267e-01, BpsHz:3.49582e-02
Node 172, SINR:3.70267e-01, BpsHz:3.49582e-02
Node 35, SINR:3.70267e-01, BpsHz:3.49582e-02
Node 116, SINR:3.70267e-01, BpsHz:3.49582e-02
Node 127, SINR:3.70267e-01, BpsHz:3.49582e-02
Node 61, SINR:3.70267e-01, BpsHz:3.49582e-02
Node 169, SINR:3.70267e-01, BpsHz:3.49582e-02
Node 42, SINR:3.70267e-01, BpsHz:3.49582e-02
---------------
==========Cluster 4, RcvInterf=4.98702e-14============
Node 180, SINR:0.00000e+00, BpsHz:0.00000e+00
Node 62, SINR:5.46759e-01, BpsHz:3.49582e-02
Node 115, SINR:5.46759e-01, BpsHz:3.49582e-02
Node 3, SINR:5.46759e-01, BpsHz:3.49582e-02
Node 138, SINR:5.46759e-01, BpsHz:3.49582e-02
Node 56, SINR:5.46759e-01, BpsHz:3.49582e-02
Node 96, SINR:5.46759e-01, BpsHz:3.49582e-02
Node 91, SINR:5.46759e-01, BpsHz:3.49582e-02
Node 152, SINR:5.46759e-01, BpsHz:3.49582e-02
Node 158, SINR:5.46759e-01, BpsHz:3.49582e-02
Node 174, SINR:5.46759e-01, BpsHz:3.49582e-02
Node 73, SINR:5.46759e-01, BpsHz:3.49582e-02
Node 2, SINR:5.46759e-01, BpsHz:3.49582e-02
Node 135, SINR:5.46759e-01, BpsHz:3.49582e-02
Node 119, SINR:5.46759e-01, BpsHz:3.49582e-02
Node 139, SINR:5.46759e-01, BpsHz:3.49582e-02
Node 181, SINR:5.46759e-01, BpsHz:3.49582e-02
Node 145, SINR:5.46759e-01, BpsHz:3.49582e-02
Node 140, SINR:5.46759e-01, BpsHz:3.49582e-02
---------------
==========Cluster 5, RcvInterf=8.38483e-14============
Node 63, SINR:0.00000e+00, BpsHz:0.00000e+00
Node 52, SINR:4.03876e-01, BpsHz:3.49582e-02
Node 10, SINR:4.03876e-01, BpsHz:3.49582e-02
Node 74, SINR:4.03876e-01, BpsHz:3.49582e-02
Node 111, SINR:4.03876e-01, BpsHz:3.49582e-02
Node 8, SINR:4.03876e-01, BpsHz:3.49582e-02
Node 92, SINR:4.03876e-01, BpsHz:3.49582e-02
Node 55, SINR:4.03876e-01, BpsHz:3.49582e-02
Node 84, SINR:4.03876e-01, BpsHz:3.49582e-02
Node 126, SINR:4.03876e-01, BpsHz:3.49582e-02
Node 191, SINR:4.03876e-01, BpsHz:3.49582e-02
Node 107, SINR:4.03876e-01, BpsHz:3.49582e-02
Node 193, SINR:4.03876e-01, BpsHz:3.49582e-02
Node 25, SINR:4.03876e-01, BpsHz:3.49582e-02
Node 89, SINR:4.03876e-01, BpsHz:3.49582e-02
---------------
==========Cluster 6, RcvInterf=5.74281e-14============
Node 46, SINR:0.00000e+00, BpsHz:0.00000e+00
Node 7, SINR:4.73586e-01, BpsHz:3.49582e-02
Node 168, SINR:4.73586e-01, BpsHz:3.49582e-02
Node 4, SINR:4.73586e-01, BpsHz:3.49582e-02
Node 83, SINR:4.73586e-01, BpsHz:3.49582e-02
Node 95, SINR:4.73586e-01, BpsHz:3.49582e-02
Node 128, SINR:4.73586e-01, BpsHz:3.49582e-02
Node 77, SINR:4.73586e-01, BpsHz:3.49582e-02
Node 36, SINR:4.73586e-01, BpsHz:3.49582e-02
Node 37, SINR:4.73586e-01, BpsHz:3.49582e-02
Node 26, SINR:4.73586e-01, BpsHz:3.49582e-02
Node 17, SINR:4.73586e-01, BpsHz:3.49582e-02
Node 9, SINR:4.73586e-01, BpsHz:3.49582e-02
Node 5, SINR:4.73586e-01, BpsHz:3.49582e-02
Node 93, SINR:4.73586e-01, BpsHz:3.49582e-02
Node 71, SINR:4.73586e-01, BpsHz:3.49582e-02
Node 87, SINR:4.73586e-01, BpsHz:3.49582e-02
---------------
==========Cluster 7, RcvInterf=4.83073e-14============
Node 13, SINR:0.00000e+00, BpsHz:0.00000e+00
Node 160, SINR:2.43688e-01, BpsHz:3.49582e-02
Node 19, SINR:2.43688e-01, BpsHz:3.49582e-02
Node 102, SINR:2.43688e-01, BpsHz:3.49582e-02
Node 54, SINR:2.43688e-01, BpsHz:3.49582e-02
Node 88, SINR:2.43688e-01, BpsHz:3.49582e-02
Node 182, SINR:2.43688e-01, BpsHz:3.49582e-02
Node 85, SINR:2.43688e-01, BpsHz:3.49582e-02
Node 65, SINR:2.43688e-01, BpsHz:3.49582e-02
Node 161, SINR:2.43688e-01, BpsHz:3.49582e-02
---------------
==========Cluster 8, RcvInterf=3.86803e-14============
Node 28, SINR:0.00000e+00, BpsHz:0.00000e+00
Node 121, SINR:8.77631e-01, BpsHz:3.49582e-02
Node 164, SINR:8.77631e-01, BpsHz:3.49582e-02
Node 76, SINR:8.77631e-01, BpsHz:3.49582e-02
Node 186, SINR:8.77631e-01, BpsHz:3.49582e-02
Node 97, SINR:8.77631e-01, BpsHz:3.49582e-02
Node 30, SINR:8.77631e-01, BpsHz:3.49582e-02
Node 11, SINR:8.77631e-01, BpsHz:3.49582e-02
Node 118, SINR:8.77631e-01, BpsHz:3.49582e-02
Node 150, SINR:8.77631e-01, BpsHz:3.49582e-02
Node 12, SINR:8.77631e-01, BpsHz:3.49582e-02
Node 32, SINR:8.77631e-01, BpsHz:3.49582e-02
Node 66, SINR:8.77631e-01, BpsHz:3.49582e-02
Node 70, SINR:8.77631e-01, BpsHz:3.49582e-02
Node 103, SINR:8.77631e-01, BpsHz:3.49582e-02
Node 50, SINR:8.77631e-01, BpsHz:3.49582e-02
Node 153, SINR:8.77631e-01, BpsHz:3.49582e-02
Node 6, SINR:8.77631e-01, BpsHz:3.49582e-02
Node 24, SINR:8.77631e-01, BpsHz:3.49582e-02
Node 147, SINR:8.77631e-01, BpsHz:3.49582e-02
Node 183, SINR:8.77631e-01, BpsHz:3.49582e-02
Node 82, SINR:8.77631e-01, BpsHz:3.49582e-02
Node 176, SINR:8.77631e-01, BpsHz:3.49582e-02
Node 22, SINR:8.77631e-01, BpsHz:3.49582e-02
Node 159, SINR:8.77631e-01, BpsHz:3.49582e-02
Node 151, SINR:8.77631e-01, BpsHz:3.49582e-02
Node 143, SINR:8.77631e-01, BpsHz:3.49582e-02
---------------
==========Cluster 9, RcvInterf=5.19080e-14============
Node 154, SINR:0.00000e+00, BpsHz:0.00000e+00
Node 185, SINR:5.46759e-01, BpsHz:3.49582e-02
Node 141, SINR:5.46759e-01, BpsHz:3.49582e-02
Node 67, SINR:5.46759e-01, BpsHz:3.49582e-02
Node 47, SINR:5.46759e-01, BpsHz:3.49582e-02
Node 80, SINR:5.46759e-01, BpsHz:3.49582e-02
Node 175, SINR:5.46759e-01, BpsHz:3.49582e-02
Node 34, SINR:5.46759e-01, BpsHz:3.49582e-02
Node 16, SINR:5.46759e-01, BpsHz:3.49582e-02
Node 20, SINR:5.46759e-01, BpsHz:3.49582e-02
Node 155, SINR:5.46759e-01, BpsHz:3.49582e-02
Node 29, SINR:5.46759e-01, BpsHz:3.49582e-02
Node 75, SINR:5.46759e-01, BpsHz:3.49582e-02
Node 171, SINR:5.46759e-01, BpsHz:3.49582e-02
Node 40, SINR:5.46759e-01, BpsHz:3.49582e-02
Node 105, SINR:5.46759e-01, BpsHz:3.49582e-02
Node 98, SINR:5.46759e-01, BpsHz:3.49582e-02
Node 190, SINR:5.46759e-01, BpsHz:3.49582e-02
Node 120, SINR:5.46759e-01, BpsHz:3.49582e-02
---------------
==========Cluster 10, RcvInterf=1.88673e-14============
Node 149, SINR:0.00000e+00, BpsHz:0.00000e+00
Node 178, SINR:5.46759e-01, BpsHz:3.49582e-02
Node 18, SINR:5.46759e-01, BpsHz:3.49582e-02
Node 49, SINR:5.46759e-01, BpsHz:3.49582e-02
Node 68, SINR:5.46759e-01, BpsHz:3.49582e-02
Node 194, SINR:5.46759e-01, BpsHz:3.49582e-02
Node 109, SINR:5.46759e-01, BpsHz:3.49582e-02
Node 129, SINR:5.46759e-01, BpsHz:3.49582e-02
Node 177, SINR:5.46759e-01, BpsHz:3.49582e-02
Node 51, SINR:5.46759e-01, BpsHz:3.49582e-02
Node 33, SINR:5.46759e-01, BpsHz:3.49582e-02
Node 146, SINR:5.46759e-01, BpsHz:3.49582e-02
Node 165, SINR:5.46759e-01, BpsHz:3.49582e-02
Node 130, SINR:5.46759e-01, BpsHz:3.49582e-02
Node 132, SINR:5.46759e-01, BpsHz:3.49582e-02
Node 122, SINR:5.46759e-01, BpsHz:3.49582e-02
Node 179, SINR:5.46759e-01, BpsHz:3.49582e-02
Node 189, SINR:5.46759e-01, BpsHz:3.49582e-02
Node 106, SINR:5.46759e-01, BpsHz:3.49582e-02
---------------
195
11
1.000000e-03
2.291159e-303
175
3000
1.542245e+01
1.401062e+00
1.542245e-05
1.102212e-06
0 0 0 0 0 1 0 1 0 1 0 0 0 0 0 0 0 0 0 0 0 0 0 0 0 0 1 0 0 0 0 0 0 0 0 0 1 1 0 0 0 0 0 0 0 1 1 0 0 0 0 0 0 0 0 0 0 0 0 0 0 0 0 0 1 0 0 0 0 0 0 1 1 0 0 0 0 0 0 0 0 0 0 1 0 0 0 0 0 0 0 0 0 0 0 1 0 0 0 0 0 0 0 0 0 0 0 0 1 0 0 0 0 0 0 0 0 0 0 0 0 0 0 0 0 0 0 0 0 0 0 1 0 0 0 0 0 0 0 0 0 0 0 0 0 0 0 0 0 0 0 0 0 0 0 0 0 0 0 0 0 0 0 0 0 0 0 0 1 0 0 0 0 0 0 0 0 0 0 0 0 0 0 0 0 0 0 0 0 0 0 0 0 0 0 
0 0 0 0 0 0 0 0 1 0 0 0 0 0 0 0 0 0 0 0 0 0 0 0 0 0 0 0 0 0 0 0 0 0 0 0 0 0 0 0 0 0 0 0 0 0 0 0 0 0 0 0 1 0 0 1 0 1 0 0 0 0 0 1 0 0 0 0 0 0 0 0 0 0 1 0 0 0 0 0 0 0 0 0 1 0 0 0 0 0 0 0 1 0 0 0 0 0 0 0 0 0 0 0 0 0 0 1 0 0 0 1 0 0 0 0 0 0 0 0 0 0 0 0 0 0 1 0 0 0 0 0 0 0 0 0 0 0 0 0 0 0 0 0 0 0 0 0 0 0 0 0 0 0 0 0 0 0 0 0 0 0 0 0 0 0 0 0 0 0 0 0 0 0 0 0 0 0 0 0 0 0 0 0 0 0 0 0 0 0 0 1 0 0 0 
1 0 0 0 0 0 0 0 0 0 0 0 0 0 0 0 0 0 0 0 0 0 0 0 0 0 0 0 0 0 0 1 0 0 0 0 0 0 0 0 0 1 0 1 0 0 0 0 0 0 0 0 0 1 0 0 0 0 0 0 1 0 0 0 0 0 0 0 0 0 0 0 0 0 0 0 0 0 0 0 0 0 0 0 0 0 0 0 0 0 1 0 0 0 0 0 0 0 0 1 0 0 0 0 0 0 0 0 0 0 1 0 0 0 1 0 0 1 0 0 0 0 0 0 0 1 0 0 0 0 0 0 0 0 0 0 0 0 0 0 0 0 0 0 1 0 0 0 1 0 0 0 0 0 0 0 0 1 0 0 0 0 1 0 0 0 0 1 0 0 0 0 0 0 0 0 0 0 0 0 0 0 0 0 0 0 0 0 0 0 0 0 0 0 0 
0 0 0 0 0 0 0 0 0 0 1 0 0 0 0 0 0 0 0 0 0 0 0 0 0 1 0 0 0 0 0 0 0 0 0 0 0 0 0 0 0 0 0 0 0 0 0 1 0 0 0 0 0 0 0 0 0 0 0 1 0 0 0 0 0 0 0 1 0 0 0 0 0 0 0 0 0 0 0 0 1 0 0 0 0 0 0 0 0 1 0 0 0 1 0 0 0 0 1 0 0 1 0 0 0 1 0 0 0 0 0 0 0 0 0 0 0 0 0 0 1 0 0 0 0 0 0 0 0 0 0 0 0 0 0 0 0 0 0 0 0 1 0 0 0 0 0 0 0 0 0 0 0 0 1 1 0 0 0 0 0 0 0 0 0 0 0 0 0 0 0 1 0 0 0 1 0 0 0 0 0 0 0 0 0 1 0 0 0 0 0 0 1 1 0 
0 1 0 0 0 0 1 0 0 0 0 1 0 0 0 0 0 0 0 0 0 1 0 0 0 0 0 0 1 0 1 0 0 0 0 0 0 0 0 1 0 0 0 0 0 0 0 0 1 0 1 0 0 0 0 0 0 0 0 0 0 0 0 0 0 0 1 0 0 0 0 0 0 0 0 0 0 0 1 0 0 0 0 0 0 0 0 0 0 0 0 0 0 0 1 0 0 1 0 0 0 0 0 0 0 0 0 0 0 0 0 0 1 0 0 0 0 0 1 0 0 1 0 0 1 0 0 0 0 0 0 0 0 0 0 0 0 0 0 0 0 0 0 0 0 0 0 1 0 0 1 0 0 1 0 0 0 0 0 0 0 0 0 1 0 0 0 0 0 0 0 0 0 0 0 0 1 0 0 0 0 0 0 1 1 0 1 0 1 0 0 0 0 0 0 
0 0 0 0 0 0 0 0 0 0 0 0 1 0 0 0 0 0 0 0 0 0 1 0 1 0 0 0 0 0 0 0 1 0 0 0 0 0 0 0 0 0 0 0 0 0 0 0 0 0 0 0 0 0 0 0 0 0 0 0 0 0 0 0 0 0 0 0 0 0 1 0 0 0 0 0 1 0 0 0 0 0 1 0 0 0 0 0 0 0 0 0 0 0 0 0 0 0 0 0 0 0 0 1 0 0 0 0 0 0 0 0 0 0 0 0 0 0 0 0 0 0 0 1 0 0 0 0 0 0 0 0 0 1 0 0 0 0 0 0 0 0 0 1 0 0 0 0 0 0 0 0 0 0 0 0 1 0 0 1 0 0 0 0 1 0 0 0 0 0 0 0 0 0 0 0 0 0 0 0 0 0 0 0 0 0 0 1 0 0 0 0 0 0 0 
0 0 0 1 0 0 0 0 0 0 0 0 0 0 0 0 0 0 0 0 0 0 0 0 0 0 0 0 0 0 0 0 0 0 0 0 0 0 0 0 0 0 0 0 0 0 0 0 0 0 0 0 0 0 0 0 1 0 0 0 0 0 1 0 0 0 0 0 0 0 0 0 0 1 0 0 0 0 0 0 0 0 0 0 0 0 0 0 0 0 0 1 0 0 0 0 1 0 0 0 0 0 0 0 0 0 0 0 0 0 0 0 0 0 0 1 0 0 0 0 0 0 0 0 0 0 0 0 0 0 0 0 0 0 0 1 0 0 1 1 1 0 0 0 0 0 0 0 0 0 0 0 1 0 0 0 0 0 1 0 0 1 0 0 0 0 0 0 0 0 0 0 0 0 0 0 0 0 0 0 1 1 0 0 0 0 0 0 0 0 0 0 0 0 0 
0 0 0 0 0 0 0 0 0 0 0 0 0 0 1 0 0 0 0 0 0 0 0 1 0 0 0 0 0 0 0 0 0 0 0 1 0 0 0 0 0 0 0 0 1 0 0 0 0 0 0 1 0 0 0 0 0 0 0 0 0 0 0 0 0 0 0 0 0 0 0 0 0 0 0 0 0 0 0 0 0 0 0 0 0 0 0 0 0 0 0 0 0 0 0 0 0 0 0 0 0 0 0 0 0 0 1 0 0 1 0 0 0 1 0 0 1 0 0 0 0 0 0 0 0 0 0 1 0 0 0 0 0 0 0 0 0 1 0 0 0 0 0 0 0 0 0 0 0 0 0 0 0 0 0 0 0 0 0 0 0 0 0 0 0 1 1 0 0 0 1 0 1 0 0 0 0 0 0 0 0 0 0 0 0 0 0 0 0 1 0 0 0 0 0 
0 0 0 0 0 0 0 0 0 0 0 0 0 0 0 1 0 0 1 0 0 0 0 0 0 0 0 0 0 0 0 0 0 1 0 0 0 0 1 0 0 0 0 0 0 0 0 0 0 1 0 0 0 0 0 0 0 0 1 0 0 0 0 0 0 0 0 0 1 0 0 0 0 0 0 0 0 0 0 0 0 0 0 0 0 0 1 0 0 0 0 0 0 0 0 0 0 0 0 0 0 0 0 0 0 0 0 0 0 0 0 0 0 0 0 0 0 0 0 0 0 0 0 0 0 0 0 0 0 1 1 0 1 0 1 0 1 0 0 0 0 0 0 0 0 0 1 0 0 1 0 0 0 0 0 0 0 0 0 0 0 0 0 0 0 0 0 0 0 0 0 0 0 0 0 0 0 0 1 1 0 0 0 0 0 0 0 0 0 0 0 0 0 0 1 
0 0 1 0 0 0 0 0 0 0 0 0 0 0 0 0 0 0 0 0 0 0 0 0 0 0 0 0 0 1 0 0 0 0 0 0 0 0 0 0 0 0 1 0 0 0 0 0 0 0 0 0 0 0 0 0 0 0 0 0 0 1 0 0 0 0 0 0 0 0 0 0 0 0 0 0 0 0 0 0 0 0 0 0 0 0 0 0 0 0 0 0 0 0 0 0 0 0 0 0 0 0 0 0 0 0 0 0 0 0 0 0 0 0 0 0 0 0 0 1 0 0 0 0 0 0 0 0 0 0 0 0 0 0 0 0 0 0 0 0 0 0 0 0 0 1 0 0 0 0 0 0 0 0 0 0 0 0 0 0 0 0 0 0 0 0 0 0 0 1 0 0 0 1 1 0 0 0 0 0 0 0 0 0 0 0 0 0 0 0 1 0 0 0 0 
0 0 0 0 0 0 0 0 0 0 0 0 0 1 0 0 1 1 0 1 1 0 0 0 0 0 0 0 0 0 0 0 0 0 0 0 0 0 0 0 1 0 0 0 0 0 0 0 0 0 0 0 0 0 1 0 0 0 0 0 0 0 0 0 0 0 0 0 0 1 0 0 0 0 0 1 0 0 0 1 0 1 0 0 0 1 0 1 1 0 0 0 0 0 0 0 0 0 0 0 1 0 1 0 1 0 0 0 0 0 0 0 0 0 0 0 0 0 0 0 0 0 0 0 0 0 0 0 1 0 0 0 0 0 0 0 0 0 0 0 0 0 0 0 0 0 0 0 0 0 0 0 0 0 0 0 0 0 0 0 1 0 0 0 0 0 0 0 0 0 0 0 0 0 0 0 0 0 0 0 0 0 1 0 0 0 0 0 0 0 0 0 0 0 0 
10 53 163 68 51 25 74 173 195 3 82 
2.379550E-05 2.735127E-04 0.000000E+00 1.111109E-05 0.000000E+00 4.337317E-07 2.537669E-04 4.480436E-05 2.788294E-05 0.000000E+00 1.453508E-04 1.533192E-06 9.809829E-05 1.595604E-04 5.829171E-06 7.862256E-05 1.342219E-04 4.759096E-05 2.952766E-05 1.057803E-04 6.581767E-05 1.817512E-04 5.752956E-05 2.806407E-05 0.000000E+00 3.802243E-04 4.891947E-07 0.000000E+00 9.044670E-05 7.448154E-06 9.940469E-05 1.181143E-04 2.250964E-05 7.802295E-05 0.000000E+00 2.681588E-07 4.469438E-06 1.906629E-07 2.181559E-04 9.998473E-04 9.617290E-05 2.144416E-05 2.411072E-05 9.448594E-06 5.074759E-05 3.600372E-05 4.023175E-06 3.975857E-06 9.337065E-05 7.002407E-05 0.000000E+00 1.795592E-04 0.000000E+00 7.748704E-05 4.209755E-04 9.517864E-05 2.232575E-04 9.202445E-05 9.471884E-05 5.948620E-05 9.759462E-05 3.396952E-05 1.104835E-04 4.922877E-06 1.747686E-05 0.000000E+00 5.366588E-05 0.000000E+00 2.031557E-04 7.714199E-05 5.631534E-06 2.607729E-05 1.461116E-05 0.000000E+00 2.830222E-06 1.062226E-04 6.654776E-06 0.000000E+00 3.870453E-05 2.855842E-04 1.594390E-04 0.000000E+00 1.801932E-06 1.710574E-05 4.472860E-06 6.276087E-05 3.795948E-05 5.835828E-07 1.111790E-06 1.003980E-04 1.777712E-05 1.239924E-06 2.321186E-06 4.161563E-05 2.098989E-04 3.202707E-05 1.248330E-04 6.328279E-05 1.228384E-05 1.551530E-04 1.496164E-04 1.033647E-04 8.991690E-05 8.450383E-05 4.780824E-06 1.468141E-04 7.158359E-06 1.382448E-05 9.297184E-05 1.497877E-04 9.204176E-07 1.230949E-06 2.649177E-04 2.602889E-06 1.615995E-04 5.121787E-06 1.617431E-05 1.521970E-04 3.607339E-04 1.764307E-06 1.296567E-06 5.011908E-06 0.000000E+00 1.670932E-05 5.524033E-04 6.534491E-06 7.952584E-06 1.741181E-04 5.415882E-05 6.162288E-06 1.238050E-04 2.190649E-04 1.688513E-06 8.201460E-05 4.273153E-05 6.182134E-07 7.852788E-05 2.886520E-05 4.870428E-05 8.048857E-06 2.533215E-06 1.454545E-05 0.000000E+00 8.435611E-06 1.082298E-04 1.606973E-05 1.223894E-04 4.088729E-05 8.835953E-05 1.584995E-05 9.699245E-10 0.000000E+00 5.447965E-06 3.241728E-04 5.908409E-05 3.990341E-07 5.945074E-05 2.261288E-05 7.267301E-06 5.466356E-05 5.912282E-05 1.196370E-04 0.000000E+00 1.846019E-05 1.092047E-05 5.165096E-05 1.976622E-05 1.385960E-05 3.127041E-05 2.777379E-04 3.410247E-06 4.538450E-06 0.000000E+00 4.966651E-06 6.177603E-07 1.565825E-05 5.794264E-05 0.000000E+00 6.314082E-05 1.260343E-05 5.671331E-06 1.296832E-05 8.717367E-05 2.415182E-04 4.666187E-04 7.350022E-05 1.367544E-04 4.088624E-05 3.754699E-04 7.897382E-05 1.898284E-06 7.145884E-05 9.051120E-05 2.183020E-04 0.000000E+00 
10 6 47 37 65 109 84 73 46 169 38 132 72 27 96 8 
53 75 85 112 64 108 93 127 9 192 58 56 
163 100 44 42 126 118 32 158 168 111 115 54 91 1 61 145 149 
68 172 193 90 121 99 102 156 176 186 94 48 60 155 11 194 142 26 81 106 
51 12 148 184 79 98 122 125 151 22 177 7 2 189 95 119 29 67 31 164 187 49 113 40 185 154 
25 144 13 104 71 77 157 124 160 188 134 83 165 23 33 
74 141 116 57 139 136 159 4 153 140 97 92 63 181 162 182 
173 24 36 190 114 171 128 15 167 117 166 45 138 107 110 52 
195 180 133 130 87 59 137 179 150 50 34 16 19 135 39 147 131 69 
3 175 120 191 174 30 43 146 62 170 
82 89 88 18 20 86 70 101 103 161 105 14 21 55 76 41 129 80 183 17 

============Find Best @ Round 1448================
==========Cluster 0, RcvInterf=7.85245e-14============
Node 9, SINR:0.00000e+00, BpsHz:0.00000e+00
Node 5, SINR:5.13183e-01, BpsHz:3.98391e-02
Node 46, SINR:5.13183e-01, BpsHz:3.98391e-02
Node 36, SINR:5.13183e-01, BpsHz:3.98391e-02
Node 64, SINR:5.13183e-01, BpsHz:3.98391e-02
Node 108, SINR:5.13183e-01, BpsHz:3.98391e-02
Node 83, SINR:5.13183e-01, BpsHz:3.98391e-02
Node 72, SINR:5.13183e-01, BpsHz:3.98391e-02
Node 45, SINR:5.13183e-01, BpsHz:3.98391e-02
Node 168, SINR:5.13183e-01, BpsHz:3.98391e-02
Node 37, SINR:5.13183e-01, BpsHz:3.98391e-02
Node 131, SINR:5.13183e-01, BpsHz:3.98391e-02
Node 71, SINR:5.13183e-01, BpsHz:3.98391e-02
Node 26, SINR:5.13183e-01, BpsHz:3.98391e-02
Node 95, SINR:5.13183e-01, BpsHz:3.98391e-02
Node 7, SINR:5.13183e-01, BpsHz:3.98391e-02
---------------
==========Cluster 1, RcvInterf=7.47059e-14============
Node 52, SINR:0.00000e+00, BpsHz:0.00000e+00
Node 74, SINR:3.54941e-01, BpsHz:3.98391e-02
Node 84, SINR:3.54941e-01, BpsHz:3.98391e-02
Node 111, SINR:3.54941e-01, BpsHz:3.98391e-02
Node 63, SINR:3.54941e-01, BpsHz:3.98391e-02
Node 107, SINR:3.54941e-01, BpsHz:3.98391e-02
Node 92, SINR:3.54941e-01, BpsHz:3.98391e-02
Node 126, SINR:3.54941e-01, BpsHz:3.98391e-02
Node 8, SINR:3.54941e-01, BpsHz:3.98391e-02
Node 191, SINR:3.54941e-01, BpsHz:3.98391e-02
Node 57, SINR:3.54941e-01, BpsHz:3.98391e-02
Node 55, SINR:3.54941e-01, BpsHz:3.98391e-02
---------------
==========Cluster 2, RcvInterf=5.31821e-14============
Node 162, SINR:0.00000e+00, BpsHz:0.00000e+00
Node 99, SINR:5.55551e-01, BpsHz:3.98391e-02
Node 43, SINR:5.55551e-01, BpsHz:3.98391e-02
Node 41, SINR:5.55551e-01, BpsHz:3.98391e-02
Node 125, SINR:5.55551e-01, BpsHz:3.98391e-02
Node 117, SINR:5.55551e-01, BpsHz:3.98391e-02
Node 31, SINR:5.55551e-01, BpsHz:3.98391e-02
Node 157, SINR:5.55551e-01, BpsHz:3.98391e-02
Node 167, SINR:5.55551e-01, BpsHz:3.98391e-02
Node 110, SINR:5.55551e-01, BpsHz:3.98391e-02
Node 114, SINR:5.55551e-01, BpsHz:3.98391e-02
Node 53, SINR:5.55551e-01, BpsHz:3.98391e-02
Node 90, SINR:5.55551e-01, BpsHz:3.98391e-02
Node 0, SINR:5.55551e-01, BpsHz:3.98391e-02
Node 60, SINR:5.55551e-01, BpsHz:3.98391e-02
Node 144, SINR:5.55551e-01, BpsHz:3.98391e-02
Node 148, SINR:5.55551e-01, BpsHz:3.98391e-02
---------------
==========Cluster 3, RcvInterf=7.08443e-14============
Node 67, SINR:0.00000e+00, BpsHz:0.00000e+00
Node 171, SINR:6.89906e-01, BpsHz:3.98391e-02
Node 192, SINR:6.89906e-01, BpsHz:3.98391e-02
Node 89, SINR:6.89906e-01, BpsHz:3.98391e-02
Node 120, SINR:6.89906e-01, BpsHz:3.98391e-02
Node 98, SINR:6.89906e-01, BpsHz:3.98391e-02
Node 101, SINR:6.89906e-01, BpsHz:3.98391e-02
Node 155, SINR:6.89906e-01, BpsHz:3.98391e-02
Node 175, SINR:6.89906e-01, BpsHz:3.98391e-02
Node 185, SINR:6.89906e-01, BpsHz:3.98391e-02
Node 93, SINR:6.89906e-01, BpsHz:3.98391e-02
Node 47, SINR:6.89906e-01, BpsHz:3.98391e-02
Node 59, SINR:6.89906e-01, BpsHz:3.98391e-02
Node 154, SINR:6.89906e-01, BpsHz:3.98391e-02
Node 10, SINR:6.89906e-01, BpsHz:3.98391e-02
Node 193, SINR:6.89906e-01, BpsHz:3.98391e-02
Node 141, SINR:6.89906e-01, BpsHz:3.98391e-02
Node 25, SINR:6.89906e-01, BpsHz:3.98391e-02
Node 80, SINR:6.89906e-01, BpsHz:3.98391e-02
Node 105, SINR:6.89906e-01, BpsHz:3.98391e-02
---------------
==========Cluster 4, RcvInterf=4.28684e-14============
Node 50, SINR:0.00000e+00, BpsHz:0.00000e+00
Node 11, SINR:9.94432e-01, BpsHz:3.98391e-02
Node 147, SINR:9.94432e-01, BpsHz:3.98391e-02
Node 183, SINR:9.94432e-01, BpsHz:3.98391e-02
Node 78, SINR:9.94432e-01, BpsHz:3.98391e-02
Node 97, SINR:9.94432e-01, BpsHz:3.98391e-02
Node 121, SINR:9.94432e-01, BpsHz:3.98391e-02
Node 124, SINR:9.94432e-01, BpsHz:3.98391e-02
Node 150, SINR:9.94432e-01, BpsHz:3.98391e-02
Node 21, SINR:9.94432e-01, BpsHz:3.98391e-02
Node 176, SINR:9.94432e-01, BpsHz:3.98391e-02
Node 6, SINR:9.94432e-01, BpsHz:3.98391e-02
Node 1, SINR:9.94432e-01, BpsHz:3.98391e-02
Node 188, SINR:9.94432e-01, BpsHz:3.98391e-02
Node 94, SINR:9.94432e-01, BpsHz:3.98391e-02
Node 118, SINR:9.94432e-01, BpsHz:3.98391e-02
Node 28, SINR:9.94432e-01, BpsHz:3.98391e-02
Node 66, SINR:9.94432e-01, BpsHz:3.98391e-02
Node 30, SINR:9.94432e-01, BpsHz:3.98391e-02
Node 163, SINR:9.94432e-01, BpsHz:3.98391e-02
Node 186, SINR:9.94432e-01, BpsHz:3.98391e-02
Node 48, SINR:9.94432e-01, BpsHz:3.98391e-02
Node 112, SINR:9.94432e-01, BpsHz:3.98391e-02
Node 39, SINR:9.94432e-01, BpsHz:3.98391e-02
Node 184, SINR:9.94432e-01, BpsHz:3.98391e-02
Node 153, SINR:9.94432e-01, BpsHz:3.98391e-02
---------------
==========Cluster 5, RcvInterf=1.01011e-13============
Node 24, SINR:0.00000e+00, BpsHz:0.00000e+00
Node 143, SINR:4.71969e-01, BpsHz:3.98391e-02
Node 12, SINR:4.71969e-01, BpsHz:3.98391e-02
Node 103, SINR:4.71969e-01, BpsHz:3.98391e-02
Node 70, SINR:4.71969e-01, BpsHz:3.98391e-02
Node 76, SINR:4.71970e-01, BpsHz:3.98391e-02
Node 156, SINR:4.71969e-01, BpsHz:3.98391e-02
Node 123, SINR:4.71969e-01, BpsHz:3.98391e-02
Node 159, SINR:4.71969e-01, BpsHz:3.98391e-02
Node 187, SINR:4.71969e-01, BpsHz:3.98391e-02
Node 133, SINR:4.71969e-01, BpsHz:3.98391e-02
Node 82, SINR:4.71969e-01, BpsHz:3.98391e-02
Node 164, SINR:4.71969e-01, BpsHz:3.98391e-02
Node 22, SINR:4.71969e-01, BpsHz:3.98391e-02
Node 32, SINR:4.71970e-01, BpsHz:3.98391e-02
---------------
==========Cluster 6, RcvInterf=7.98525e-14============
Node 73, SINR:0.00000e+00, BpsHz:0.00000e+00
Node 140, SINR:5.13183e-01, BpsHz:3.98391e-02
Node 115, SINR:5.13183e-01, BpsHz:3.98391e-02
Node 56, SINR:5.13183e-01, BpsHz:3.98391e-02
Node 138, SINR:5.13183e-01, BpsHz:3.98391e-02
Node 135, SINR:5.13183e-01, BpsHz:3.98391e-02
Node 158, SINR:5.13183e-01, BpsHz:3.98391e-02
Node 3, SINR:5.13183e-01, BpsHz:3.98391e-02
Node 152, SINR:5.13183e-01, BpsHz:3.98391e-02
Node 139, SINR:5.13183e-01, BpsHz:3.98391e-02
Node 96, SINR:5.13183e-01, BpsHz:3.98391e-02
Node 91, SINR:5.13183e-01, BpsHz:3.98391e-02
Node 62, SINR:5.13183e-01, BpsHz:3.98391e-02
Node 180, SINR:5.13183e-01, BpsHz:3.98391e-02
Node 161, SINR:5.13183e-01, BpsHz:3.98391e-02
Node 181, SINR:5.13183e-01, BpsHz:3.98391e-02
---------------
==========Cluster 7, RcvInterf=7.64704e-14============
Node 172, SINR:0.00000e+00, BpsHz:0.00000e+00
Node 23, SINR:5.13183e-01, BpsHz:3.98391e-02
Node 35, SINR:5.13183e-01, BpsHz:3.98391e-02
Node 189, SINR:5.13183e-01, BpsHz:3.98391e-02
Node 113, SINR:5.13183e-01, BpsHz:3.98391e-02
Node 170, SINR:5.13183e-01, BpsHz:3.98391e-02
Node 127, SINR:5.13183e-01, BpsHz:3.98391e-02
Node 14, SINR:5.13183e-01, BpsHz:3.98391e-02
Node 166, SINR:5.13183e-01, BpsHz:3.98391e-02
Node 116, SINR:5.13183e-01, BpsHz:3.98391e-02
Node 165, SINR:5.13183e-01, BpsHz:3.98391e-02
Node 44, SINR:5.13183e-01, BpsHz:3.98391e-02
Node 137, SINR:5.13183e-01, BpsHz:3.98391e-02
Node 106, SINR:5.13183e-01, BpsHz:3.98391e-02
Node 109, SINR:5.13183e-01, BpsHz:3.98391e-02
Node 51, SINR:5.13183e-01, BpsHz:3.98391e-02
---------------
==========Cluster 8, RcvInterf=5.78031e-14============
Node 194, SINR:0.00000e+00, BpsHz:0.00000e+00
Node 179, SINR:5.99105e-01, BpsHz:3.98391e-02
Node 132, SINR:5.99105e-01, BpsHz:3.98391e-02
Node 129, SINR:5.99105e-01, BpsHz:3.98391e-02
Node 86, SINR:5.99105e-01, BpsHz:3.98391e-02
Node 58, SINR:5.99105e-01, BpsHz:3.98391e-02
Node 136, SINR:5.99105e-01, BpsHz:3.98391e-02
Node 178, SINR:5.99105e-01, BpsHz:3.98391e-02
Node 149, SINR:5.99106e-01, BpsHz:3.98391e-02
Node 49, SINR:5.99105e-01, BpsHz:3.98391e-02
Node 33, SINR:5.99105e-01, BpsHz:3.98391e-02
Node 15, SINR:5.99105e-01, BpsHz:3.98391e-02
Node 18, SINR:5.99105e-01, BpsHz:3.98391e-02
Node 134, SINR:5.99105e-01, BpsHz:3.98391e-02
Node 38, SINR:5.99105e-01, BpsHz:3.98391e-02
Node 146, SINR:5.99106e-01, BpsHz:3.98391e-02
Node 130, SINR:5.99105e-01, BpsHz:3.98391e-02
Node 68, SINR:5.99105e-01, BpsHz:3.98391e-02
---------------
==========Cluster 9, RcvInterf=1.07463e-13============
Node 2, SINR:0.00000e+00, BpsHz:0.00000e+00
Node 174, SINR:2.82138e-01, BpsHz:3.98391e-02
Node 119, SINR:2.82138e-01, BpsHz:3.98391e-02
Node 190, SINR:2.82138e-01, BpsHz:3.98391e-02
Node 173, SINR:2.82138e-01, BpsHz:3.98391e-02
Node 29, SINR:2.82138e-01, BpsHz:3.98391e-02
Node 42, SINR:2.82138e-01, BpsHz:3.98391e-02
Node 145, SINR:2.82138e-01, BpsHz:3.98391e-02
Node 61, SINR:2.82138e-01, BpsHz:3.98391e-02
Node 169, SINR:2.82138e-01, BpsHz:3.98391e-02
---------------
==========Cluster 10, RcvInterf=7.96841e-14============
Node 81, SINR:0.00000e+00, BpsHz:0.00000e+00
Node 88, SINR:6.89906e-01, BpsHz:3.98391e-02
Node 87, SINR:6.89906e-01, BpsHz:3.98391e-02
Node 17, SINR:6.89906e-01, BpsHz:3.98391e-02
Node 19, SINR:6.89906e-01, BpsHz:3.98391e-02
Node 85, SINR:6.89906e-01, BpsHz:3.98391e-02
Node 69, SINR:6.89906e-01, BpsHz:3.98391e-02
Node 100, SINR:6.89906e-01, BpsHz:3.98391e-02
Node 102, SINR:6.89906e-01, BpsHz:3.98391e-02
Node 160, SINR:6.89906e-01, BpsHz:3.98391e-02
Node 104, SINR:6.89906e-01, BpsHz:3.98391e-02
Node 13, SINR:6.89906e-01, BpsHz:3.98391e-02
Node 20, SINR:6.89906e-01, BpsHz:3.98391e-02
Node 54, SINR:6.89906e-01, BpsHz:3.98391e-02
Node 75, SINR:6.89906e-01, BpsHz:3.98391e-02
Node 40, SINR:6.89906e-01, BpsHz:3.98391e-02
Node 128, SINR:6.89906e-01, BpsHz:3.98391e-02
Node 79, SINR:6.89906e-01, BpsHz:3.98391e-02
Node 182, SINR:6.89906e-01, BpsHz:3.98391e-02
Node 16, SINR:6.89906e-01, BpsHz:3.98391e-02
---------------
