195
11
1.000000e-03
8.414156e-296
175
3000
1.592192e+01
1.429749e+00
1.592192e-05
1.398631e-06
0 0 0 1 0 0 0 0 0 0 0 0 0 0 0 0 0 0 0 0 0 0 0 0 0 0 0 1 0 0 0 0 0 0 0 0 0 0 0 0 0 0 0 0 0 0 0 0 0 0 0 0 0 0 0 0 1 0 0 0 0 1 1 0 0 0 0 0 0 0 0 0 0 1 0 0 0 0 0 0 0 0 0 0 0 0 0 0 0 0 0 0 0 0 0 0 1 0 0 0 0 0 0 0 0 0 0 0 0 0 0 0 0 0 0 1 0 0 0 1 0 0 0 0 0 0 0 0 0 0 0 0 0 0 0 1 0 0 1 1 0 0 0 0 0 1 0 0 0 0 0 0 1 0 0 0 0 0 0 0 0 0 0 0 0 0 0 0 0 1 0 0 0 1 1 0 0 0 0 0 1 1 0 0 0 0 0 0 0 0 1 0 0 0 0 
0 0 0 0 0 0 0 0 0 0 0 0 0 0 1 0 0 0 1 0 0 0 0 0 0 0 0 0 0 0 0 0 0 1 0 1 0 0 0 0 0 0 0 0 1 0 0 0 0 0 0 1 0 0 0 0 0 0 0 0 0 0 0 0 0 0 0 0 1 0 0 0 0 0 0 0 0 0 0 0 0 0 0 0 0 0 0 0 0 0 0 0 0 0 0 0 0 0 0 0 0 0 0 0 0 0 1 0 0 1 0 0 0 1 0 0 1 0 0 0 0 0 0 0 0 0 0 0 0 1 1 0 0 0 0 0 0 1 0 0 0 0 0 0 0 0 0 0 0 1 0 0 0 0 0 0 0 0 0 0 0 0 0 0 0 1 1 0 0 0 1 0 1 0 0 0 0 1 1 1 0 0 0 0 0 0 0 0 0 1 0 0 0 0 0 
0 0 0 0 0 0 0 0 0 0 0 0 0 0 0 0 1 0 0 0 1 0 0 0 0 0 0 0 0 1 0 0 0 0 1 0 0 0 0 0 0 0 0 0 0 0 0 1 0 0 0 0 0 0 0 0 0 0 0 0 0 0 0 0 0 0 0 1 0 0 0 0 0 0 0 1 0 0 0 0 1 0 0 0 0 0 0 0 0 0 0 0 0 0 0 0 0 0 1 0 0 0 0 0 0 1 0 0 0 0 0 0 0 0 0 0 0 0 0 0 1 0 0 0 0 0 0 0 0 0 0 0 0 0 0 0 0 0 0 0 0 1 0 0 0 0 0 0 0 0 0 0 0 0 1 1 0 0 0 0 0 0 0 0 0 0 0 0 0 0 0 0 0 0 0 1 0 0 0 0 0 0 0 0 0 1 0 0 0 0 0 0 0 0 0 
0 0 0 0 0 0 1 0 0 0 0 1 0 0 0 0 0 0 0 0 0 0 0 0 0 0 0 0 1 0 1 0 0 0 0 0 0 0 0 0 0 0 0 0 0 0 0 0 0 0 1 0 0 0 0 0 0 0 0 0 0 0 0 0 0 0 1 0 0 0 0 0 0 0 0 0 0 0 0 0 0 0 0 0 0 0 0 0 0 0 0 0 0 0 0 0 0 1 0 0 0 0 0 0 0 0 0 0 0 0 0 0 0 0 0 0 0 0 1 0 0 1 0 0 1 0 0 0 0 0 0 0 0 0 0 0 0 0 0 0 0 0 0 0 0 0 0 1 0 0 1 0 0 0 0 0 0 0 0 0 0 0 0 0 0 0 0 0 0 0 0 0 0 0 0 0 1 0 0 0 0 0 0 1 0 0 1 0 0 0 0 0 0 0 0 
1 0 0 0 0 0 0 0 0 0 0 0 0 0 0 0 0 0 0 0 0 0 0 0 0 0 0 0 0 0 0 1 0 0 0 0 0 0 0 0 0 1 0 1 0 0 0 0 0 0 0 0 0 1 0 0 0 0 0 1 0 0 0 0 0 0 0 0 0 0 0 0 0 0 0 0 0 0 0 0 0 0 0 0 0 0 0 0 0 0 1 0 0 1 0 0 0 0 0 1 0 1 0 0 0 0 0 0 0 0 1 0 0 0 1 0 0 1 0 0 0 0 0 0 0 1 0 0 0 0 0 0 0 0 0 0 0 0 0 0 0 0 0 0 1 0 0 0 1 0 0 0 0 0 0 0 0 1 0 0 0 0 1 0 0 0 0 1 0 0 0 1 0 0 0 0 0 0 0 0 0 0 0 0 0 0 0 0 0 0 0 0 1 0 0 
0 1 0 0 0 0 0 0 0 0 0 0 0 0 0 1 0 0 0 0 0 1 0 0 0 0 0 0 0 0 0 0 0 0 0 0 0 0 1 1 0 0 0 0 0 0 0 0 1 1 0 0 0 0 0 0 0 1 1 0 0 0 0 0 0 0 0 0 0 0 0 0 0 0 0 0 0 0 1 0 0 0 0 0 0 0 1 0 0 0 0 0 0 0 1 0 0 0 0 0 0 0 0 0 0 0 0 0 0 0 0 0 1 0 0 0 0 0 0 0 0 0 0 0 0 0 0 0 0 0 0 0 1 0 1 0 1 0 0 0 0 0 0 0 0 0 1 0 0 0 0 0 0 0 0 0 0 0 0 0 0 0 0 1 0 0 0 0 0 0 0 0 0 0 0 0 0 0 0 0 0 0 0 0 1 0 0 0 1 0 0 0 0 0 1 
0 0 0 0 0 0 0 0 0 0 0 0 0 0 0 0 0 1 0 0 0 0 0 0 0 0 0 0 0 0 0 0 0 0 0 0 0 0 0 0 0 0 0 0 0 0 0 0 0 0 0 0 0 0 1 0 0 0 0 0 0 0 0 0 0 0 0 0 0 0 0 0 0 0 0 0 0 0 0 1 0 1 0 0 0 0 0 1 0 0 0 0 0 0 0 1 0 0 0 0 1 0 0 0 1 0 0 0 0 0 0 0 0 0 0 0 0 0 0 0 0 0 0 0 0 0 0 0 1 0 0 0 0 0 0 0 0 0 0 0 0 0 0 0 0 0 0 0 0 0 0 0 0 0 0 0 0 0 0 0 1 0 0 0 0 0 0 0 0 0 0 0 0 0 0 0 0 0 0 0 0 0 0 0 0 0 0 0 0 0 0 0 0 0 0 
0 0 0 0 0 0 0 0 1 0 1 0 0 0 0 0 0 0 0 0 0 0 0 0 0 1 0 0 0 0 0 0 0 0 0 0 0 0 0 0 0 0 0 0 0 0 0 0 0 0 0 0 1 0 0 1 0 0 0 0 0 0 0 1 0 0 0 0 0 0 0 0 0 0 1 0 0 0 0 0 0 0 0 0 1 0 0 0 0 1 0 0 1 0 0 0 0 0 0 0 0 0 0 0 0 0 0 1 0 0 0 1 0 0 0 0 0 0 0 0 0 0 0 0 0 0 1 0 0 0 0 0 0 0 0 0 0 0 0 0 0 0 0 0 0 0 0 0 0 0 0 0 0 0 0 0 0 0 0 0 0 0 0 0 0 0 0 0 0 0 0 0 0 0 0 0 0 0 0 0 0 0 0 0 0 0 0 0 0 0 0 1 0 1 0 
0 0 0 0 0 0 0 0 0 0 0 0 0 1 0 0 0 0 0 1 0 0 0 0 0 0 0 0 0 0 0 0 0 0 0 0 0 0 0 0 0 0 0 0 0 0 0 0 0 0 0 0 0 0 0 0 0 0 0 0 0 0 0 0 0 1 0 0 0 0 0 0 0 0 0 0 0 0 0 0 0 0 0 0 0 1 0 0 1 0 0 1 0 0 0 0 0 0 0 0 0 0 1 0 0 0 0 0 0 0 0 0 0 0 0 0 0 0 0 0 0 0 0 0 0 0 0 0 0 0 0 0 0 0 0 0 0 0 0 0 1 0 0 0 0 0 0 0 0 0 0 0 0 0 0 0 0 0 1 0 0 1 0 0 0 0 0 0 0 0 0 0 0 0 0 0 0 0 0 0 0 0 1 0 0 0 0 0 0 0 0 0 0 0 0 
0 0 0 0 0 0 0 0 0 0 0 0 1 0 0 0 0 0 0 0 0 0 1 0 1 0 0 0 0 0 0 0 1 0 0 0 0 0 0 0 0 0 0 0 0 0 0 0 0 0 0 0 0 0 0 0 0 0 0 0 0 0 0 0 0 0 0 0 0 0 1 0 0 0 0 0 1 0 0 0 0 0 1 0 0 0 0 0 0 0 0 0 0 0 0 0 0 0 0 0 0 0 0 1 0 0 0 0 0 0 0 0 0 0 0 0 0 0 0 0 0 0 0 1 0 0 0 0 0 0 0 0 0 1 0 0 0 0 0 0 0 0 1 1 0 0 0 0 0 0 0 1 0 0 0 0 1 0 0 1 0 0 0 0 1 0 0 0 0 0 0 0 0 0 0 0 0 0 0 0 0 0 0 0 0 0 0 1 0 0 0 0 0 0 0 
0 0 0 0 1 1 0 1 0 1 0 0 0 0 0 0 0 0 0 0 0 0 0 0 0 0 1 0 0 0 0 0 0 0 0 0 1 1 0 0 0 0 0 0 0 1 1 0 0 0 0 0 0 0 0 0 0 0 0 0 0 0 0 0 1 0 0 0 0 0 0 1 1 0 0 0 0 1 0 0 0 0 0 1 0 0 0 0 0 0 0 0 0 0 0 0 0 0 0 0 0 0 0 0 0 0 0 0 1 0 0 0 0 0 0 0 0 0 0 0 0 0 0 0 0 0 0 0 0 0 0 1 0 0 0 0 0 0 0 0 0 0 0 0 0 0 0 0 0 0 0 0 0 0 0 0 0 0 0 0 0 0 0 0 0 0 0 0 1 0 0 0 0 0 0 0 0 0 0 0 0 0 0 0 0 0 0 0 0 0 0 0 0 0 0 
146 107 155 12 111 185 105 64 183 25 10 
1.427545E-05 1.680865E-04 0.000000E+00 6.508458E-08 1.574391E-05 3.818775E-07 4.469928E-05 3.944783E-05 3.781827E-05 0.000000E+00 3.043666E-05 0.000000E+00 7.941556E-05 8.321062E-06 1.636457E-04 7.525198E-05 6.379549E-05 1.838297E-05 5.891452E-04 4.763862E-07 9.151406E-05 1.450635E-05 4.657311E-05 0.000000E+00 0.000000E+00 2.491036E-04 4.307097E-07 1.405313E-04 3.238027E-05 9.928987E-05 1.307526E-04 1.379967E-04 1.822270E-05 3.981917E-05 2.920588E-05 4.433780E-06 3.935100E-06 1.678684E-07 3.138687E-06 8.149958E-05 0.000000E+00 5.624884E-05 0.000000E+00 4.670582E-07 5.352247E-04 3.169934E-05 3.542189E-06 9.756445E-06 1.551883E-05 6.708913E-04 1.132217E-06 2.353581E-05 1.207485E-05 4.072627E-04 5.275976E-05 9.619186E-05 4.226673E-04 1.299922E-04 3.334563E-05 1.777992E-05 0.000000E+00 1.173568E-04 3.085523E-04 0.000000E+00 1.538743E-05 4.985902E-06 9.880053E-05 5.578950E-05 3.014944E-05 0.000000E+00 4.559014E-06 2.295965E-05 1.286434E-05 3.293256E-05 2.456328E-05 7.021681E-05 5.387380E-06 6.799371E-05 1.776636E-05 1.218580E-05 2.016799E-07 1.508221E-06 1.458756E-06 1.506068E-05 3.977996E-05 4.085409E-09 6.627035E-05 6.726074E-07 4.741128E-06 3.523673E-04 9.575920E-06 6.299978E-06 1.357872E-08 1.714028E-04 3.585456E-06 9.885415E-06 1.231530E-04 8.664952E-05 3.455653E-05 6.956945E-04 4.298829E-06 2.741688E-04 2.386266E-07 6.841015E-05 0.000000E+00 6.053752E-05 0.000000E+00 2.310173E-04 8.185671E-05 1.969623E-05 0.000000E+00 7.732844E-05 1.618455E-07 1.045451E-04 6.386531E-04 4.672035E-05 2.769517E-04 3.970378E-04 6.883541E-05 1.101699E-06 5.834931E-05 8.917440E-07 0.000000E+00 1.352704E-05 4.237832E-04 6.401908E-07 1.017456E-06 0.000000E+00 2.416866E-06 6.606929E-04 1.440121E-04 1.928749E-04 9.996409E-04 6.639499E-05 6.076983E-05 1.231279E-05 1.491901E-04 1.603835E-04 1.083689E-04 1.549612E-05 3.564951E-06 2.842190E-06 1.030348E-04 6.829056E-06 4.966794E-05 0.000000E+00 7.857975E-04 2.881639E-06 3.193686E-05 1.813623E-04 5.645088E-07 2.837241E-04 1.216925E-05 0.000000E+00 0.000000E+00 1.145593E-05 4.812840E-05 1.178411E-04 3.916618E-06 4.425293E-05 1.577215E-06 7.139641E-06 1.456432E-06 1.096337E-04 8.840672E-06 6.055120E-06 1.010191E-04 2.849998E-06 2.753192E-05 1.158649E-04 1.345837E-04 1.468505E-04 9.990113E-06 9.628382E-05 8.840545E-06 2.039254E-07 1.073353E-05 1.423495E-04 3.113427E-04 3.057636E-04 3.645088E-06 5.385504E-06 0.000000E+00 7.065330E-05 0.000000E+00 5.232718E-06 2.329697E-05 3.309949E-05 7.204918E-06 7.502089E-06 1.192352E-04 9.272188E-05 3.774014E-04 1.961968E-04 9.646320E-04 
146 28 57 116 63 120 4 140 97 170 174 74 136 153 62 191 139 182 175 181 
107 36 171 34 166 15 190 173 131 178 19 167 138 150 45 114 180 52 110 117 130 69 179 
155 176 81 186 156 68 121 48 35 142 106 99 17 76 30 21 
12 122 51 187 7 177 29 119 148 98 67 151 184 31 125 
111 1 44 145 163 54 100 32 42 126 118 60 115 91 158 149 168 102 172 193 94 
185 113 137 39 2 135 40 79 95 16 87 49 133 59 189 164 22 58 195 50 147 
105 101 88 161 129 82 80 55 18 96 
64 127 11 75 112 9 56 192 93 85 53 194 108 26 90 
183 20 86 162 103 141 159 66 92 14 89 
25 157 33 83 13 23 160 104 134 144 77 71 143 188 124 165 152 
10 73 37 169 6 47 109 132 5 46 84 65 27 72 38 78 8 

============Find Best @ Round 1577================
==========Cluster 0, RcvInterf=5.38952e-14============
Node 145, SINR:0.00000e+00, BpsHz:0.00000e+00
Node 27, SINR:6.72210e-01, BpsHz:3.90398e-02
Node 56, SINR:6.72210e-01, BpsHz:3.90398e-02
Node 115, SINR:6.72210e-01, BpsHz:3.90398e-02
Node 62, SINR:6.72210e-01, BpsHz:3.90398e-02
Node 119, SINR:6.72210e-01, BpsHz:3.90398e-02
Node 3, SINR:6.72210e-01, BpsHz:3.90398e-02
Node 139, SINR:6.72210e-01, BpsHz:3.90398e-02
Node 96, SINR:6.72210e-01, BpsHz:3.90398e-02
Node 169, SINR:6.72210e-01, BpsHz:3.90398e-02
Node 173, SINR:6.72210e-01, BpsHz:3.90398e-02
Node 73, SINR:6.72210e-01, BpsHz:3.90398e-02
Node 135, SINR:6.72210e-01, BpsHz:3.90398e-02
Node 152, SINR:6.72210e-01, BpsHz:3.90398e-02
Node 61, SINR:6.72210e-01, BpsHz:3.90398e-02
Node 190, SINR:6.72210e-01, BpsHz:3.90398e-02
Node 138, SINR:6.72210e-01, BpsHz:3.90398e-02
Node 181, SINR:6.72210e-01, BpsHz:3.90398e-02
Node 174, SINR:6.72210e-01, BpsHz:3.90398e-02
Node 180, SINR:6.72210e-01, BpsHz:3.90398e-02
---------------
==========Cluster 1, RcvInterf=6.51575e-14============
Node 106, SINR:0.00000e+00, BpsHz:0.00000e+00
Node 35, SINR:8.13624e-01, BpsHz:3.90398e-02
Node 170, SINR:8.13624e-01, BpsHz:3.90398e-02
Node 33, SINR:8.13624e-01, BpsHz:3.90398e-02
Node 165, SINR:8.13624e-01, BpsHz:3.90398e-02
Node 14, SINR:8.13624e-01, BpsHz:3.90398e-02
Node 189, SINR:8.13624e-01, BpsHz:3.90398e-02
Node 172, SINR:8.13624e-01, BpsHz:3.90398e-02
Node 130, SINR:8.13624e-01, BpsHz:3.90398e-02
Node 177, SINR:8.13624e-01, BpsHz:3.90398e-02
Node 18, SINR:8.13624e-01, BpsHz:3.90398e-02
Node 166, SINR:8.13624e-01, BpsHz:3.90398e-02
Node 137, SINR:8.13624e-01, BpsHz:3.90398e-02
Node 149, SINR:8.13624e-01, BpsHz:3.90398e-02
Node 44, SINR:8.13624e-01, BpsHz:3.90398e-02
Node 113, SINR:8.13624e-01, BpsHz:3.90398e-02
Node 179, SINR:8.13624e-01, BpsHz:3.90398e-02
Node 51, SINR:8.13624e-01, BpsHz:3.90398e-02
Node 109, SINR:8.13624e-01, BpsHz:3.90398e-02
Node 116, SINR:8.13624e-01, BpsHz:3.90398e-02
Node 129, SINR:8.13624e-01, BpsHz:3.90398e-02
Node 68, SINR:8.13624e-01, BpsHz:3.90398e-02
Node 178, SINR:8.13624e-01, BpsHz:3.90398e-02
---------------
==========Cluster 2, RcvInterf=9.76004e-14============
Node 154, SINR:0.00000e+00, BpsHz:0.00000e+00
Node 175, SINR:5.00660e-01, BpsHz:3.90398e-02
Node 80, SINR:5.00660e-01, BpsHz:3.90398e-02
Node 185, SINR:5.00660e-01, BpsHz:3.90398e-02
Node 155, SINR:5.00660e-01, BpsHz:3.90398e-02
Node 67, SINR:5.00660e-01, BpsHz:3.90398e-02
Node 120, SINR:5.00660e-01, BpsHz:3.90398e-02
Node 47, SINR:5.00660e-01, BpsHz:3.90398e-02
Node 34, SINR:5.00660e-01, BpsHz:3.90398e-02
Node 141, SINR:5.00660e-01, BpsHz:3.90398e-02
Node 105, SINR:5.00660e-01, BpsHz:3.90398e-02
Node 98, SINR:5.00660e-01, BpsHz:3.90398e-02
Node 16, SINR:5.00660e-01, BpsHz:3.90398e-02
Node 75, SINR:5.00660e-01, BpsHz:3.90398e-02
Node 29, SINR:5.00660e-01, BpsHz:3.90398e-02
Node 20, SINR:5.00660e-01, BpsHz:3.90398e-02
---------------
==========Cluster 3, RcvInterf=7.90466e-14============
Node 11, SINR:0.00000e+00, BpsHz:0.00000e+00
Node 121, SINR:4.60596e-01, BpsHz:3.90398e-02
Node 50, SINR:4.60596e-01, BpsHz:3.90398e-02
Node 186, SINR:4.60596e-01, BpsHz:3.90398e-02
Node 6, SINR:4.60596e-01, BpsHz:3.90398e-02
Node 176, SINR:4.60596e-01, BpsHz:3.90398e-02
Node 28, SINR:4.60596e-01, BpsHz:3.90398e-02
Node 118, SINR:4.60596e-01, BpsHz:3.90398e-02
Node 147, SINR:4.60596e-01, BpsHz:3.90398e-02
Node 97, SINR:4.60596e-01, BpsHz:3.90398e-02
Node 66, SINR:4.60596e-01, BpsHz:3.90398e-02
Node 150, SINR:4.60596e-01, BpsHz:3.90398e-02
Node 183, SINR:4.60596e-01, BpsHz:3.90398e-02
Node 30, SINR:4.60596e-01, BpsHz:3.90398e-02
Node 124, SINR:4.60596e-01, BpsHz:3.90398e-02
---------------
==========Cluster 4, RcvInterf=6.91422e-14============
Node 110, SINR:0.00000e+00, BpsHz:0.00000e+00
Node 0, SINR:7.18078e-01, BpsHz:3.90398e-02
Node 43, SINR:7.18078e-01, BpsHz:3.90398e-02
Node 144, SINR:7.18078e-01, BpsHz:3.90398e-02
Node 162, SINR:7.18078e-01, BpsHz:3.90398e-02
Node 53, SINR:7.18078e-01, BpsHz:3.90398e-02
Node 99, SINR:7.18078e-01, BpsHz:3.90398e-02
Node 31, SINR:7.18078e-01, BpsHz:3.90398e-02
Node 41, SINR:7.18078e-01, BpsHz:3.90398e-02
Node 125, SINR:7.18078e-01, BpsHz:3.90398e-02
Node 117, SINR:7.18078e-01, BpsHz:3.90398e-02
Node 59, SINR:7.18078e-01, BpsHz:3.90398e-02
Node 114, SINR:7.18078e-01, BpsHz:3.90398e-02
Node 90, SINR:7.18078e-01, BpsHz:3.90398e-02
Node 157, SINR:7.18078e-01, BpsHz:3.90398e-02
Node 148, SINR:7.18078e-01, BpsHz:3.90398e-02
Node 167, SINR:7.18078e-01, BpsHz:3.90398e-02
Node 101, SINR:7.18078e-01, BpsHz:3.90398e-02
Node 171, SINR:7.18078e-01, BpsHz:3.90398e-02
Node 192, SINR:7.18078e-01, BpsHz:3.90398e-02
Node 93, SINR:7.18078e-01, BpsHz:3.90398e-02
---------------
==========Cluster 5, RcvInterf=7.03756e-14============
Node 184, SINR:0.00000e+00, BpsHz:0.00000e+00
Node 112, SINR:7.18078e-01, BpsHz:3.90398e-02
Node 136, SINR:7.18078e-01, BpsHz:3.90398e-02
Node 38, SINR:7.18078e-01, BpsHz:3.90398e-02
Node 1, SINR:7.18078e-01, BpsHz:3.90398e-02
Node 134, SINR:7.18078e-01, BpsHz:3.90398e-02
Node 39, SINR:7.18078e-01, BpsHz:3.90398e-02
Node 78, SINR:7.18078e-01, BpsHz:3.90398e-02
Node 94, SINR:7.18078e-01, BpsHz:3.90398e-02
Node 15, SINR:7.18078e-01, BpsHz:3.90398e-02
Node 86, SINR:7.18078e-01, BpsHz:3.90398e-02
Node 48, SINR:7.18078e-01, BpsHz:3.90398e-02
Node 132, SINR:7.18078e-01, BpsHz:3.90398e-02
Node 58, SINR:7.18078e-01, BpsHz:3.90398e-02
Node 188, SINR:7.18078e-01, BpsHz:3.90398e-02
Node 163, SINR:7.18078e-01, BpsHz:3.90398e-02
Node 21, SINR:7.18078e-01, BpsHz:3.90398e-02
Node 57, SINR:7.18078e-01, BpsHz:3.90398e-02
Node 194, SINR:7.18078e-01, BpsHz:3.90398e-02
Node 49, SINR:7.18078e-01, BpsHz:3.90398e-02
Node 146, SINR:7.18078e-01, BpsHz:3.90398e-02
---------------
==========Cluster 6, RcvInterf=5.90981e-14============
Node 104, SINR:0.00000e+00, BpsHz:0.00000e+00
Node 100, SINR:2.75761e-01, BpsHz:3.90398e-02
Node 87, SINR:2.75761e-01, BpsHz:3.90398e-02
Node 160, SINR:2.75761e-01, BpsHz:3.90398e-02
Node 128, SINR:2.75761e-01, BpsHz:3.90398e-02
Node 81, SINR:2.75761e-01, BpsHz:3.90398e-02
Node 79, SINR:2.75761e-01, BpsHz:3.90398e-02
Node 54, SINR:2.75761e-01, BpsHz:3.90398e-02
Node 17, SINR:2.75761e-01, BpsHz:3.90398e-02
Node 95, SINR:2.75761e-01, BpsHz:3.90398e-02
---------------
==========Cluster 7, RcvInterf=1.57229e-13============
Node 63, SINR:0.00000e+00, BpsHz:0.00000e+00
Node 126, SINR:4.60596e-01, BpsHz:3.90398e-02
Node 10, SINR:4.60596e-01, BpsHz:3.90398e-02
Node 74, SINR:4.60596e-01, BpsHz:3.90398e-02
Node 111, SINR:4.60596e-01, BpsHz:3.90398e-02
Node 8, SINR:4.60596e-01, BpsHz:3.90398e-02
Node 55, SINR:4.60596e-01, BpsHz:3.90398e-02
Node 191, SINR:4.60596e-01, BpsHz:3.90398e-02
Node 92, SINR:4.60596e-01, BpsHz:3.90398e-02
Node 84, SINR:4.60596e-01, BpsHz:3.90398e-02
Node 52, SINR:4.60596e-01, BpsHz:3.90398e-02
Node 193, SINR:4.60596e-01, BpsHz:3.90398e-02
Node 107, SINR:4.60596e-01, BpsHz:3.90398e-02
Node 25, SINR:4.60596e-01, BpsHz:3.90398e-02
Node 89, SINR:4.60596e-01, BpsHz:3.90398e-02
---------------
==========Cluster 8, RcvInterf=5.34349e-14============
Node 182, SINR:0.00000e+00, BpsHz:0.00000e+00
Node 19, SINR:3.10755e-01, BpsHz:3.90398e-02
Node 85, SINR:3.10755e-01, BpsHz:3.90398e-02
Node 161, SINR:3.10755e-01, BpsHz:3.90398e-02
Node 102, SINR:3.10755e-01, BpsHz:3.90398e-02
Node 140, SINR:3.10755e-01, BpsHz:3.90398e-02
Node 158, SINR:3.10755e-01, BpsHz:3.90398e-02
Node 65, SINR:3.10755e-01, BpsHz:3.90398e-02
Node 91, SINR:3.10755e-01, BpsHz:3.90398e-02
Node 13, SINR:3.10755e-01, BpsHz:3.90398e-02
Node 88, SINR:3.10755e-01, BpsHz:3.90398e-02
---------------
==========Cluster 9, RcvInterf=6.59246e-14============
Node 24, SINR:0.00000e+00, BpsHz:0.00000e+00
Node 156, SINR:5.41822e-01, BpsHz:3.90398e-02
Node 32, SINR:5.41822e-01, BpsHz:3.90398e-02
Node 82, SINR:5.41822e-01, BpsHz:3.90398e-02
Node 12, SINR:5.41822e-01, BpsHz:3.90398e-02
Node 22, SINR:5.41822e-01, BpsHz:3.90398e-02
Node 159, SINR:5.41822e-01, BpsHz:3.90398e-02
Node 103, SINR:5.41822e-01, BpsHz:3.90398e-02
Node 133, SINR:5.41822e-01, BpsHz:3.90398e-02
Node 143, SINR:5.41822e-01, BpsHz:3.90398e-02
Node 76, SINR:5.41822e-01, BpsHz:3.90398e-02
Node 70, SINR:5.41822e-01, BpsHz:3.90398e-02
Node 142, SINR:5.41822e-01, BpsHz:3.90398e-02
Node 187, SINR:5.41822e-01, BpsHz:3.90398e-02
Node 123, SINR:5.41822e-01, BpsHz:3.90398e-02
Node 164, SINR:5.41822e-01, BpsHz:3.90398e-02
Node 151, SINR:5.41822e-01, BpsHz:3.90398e-02
---------------
==========Cluster 10, RcvInterf=6.24926e-14============
Node 9, SINR:0.00000e+00, BpsHz:0.00000e+00
Node 72, SINR:5.41822e-01, BpsHz:3.90398e-02
Node 36, SINR:5.41822e-01, BpsHz:3.90398e-02
Node 168, SINR:5.41822e-01, BpsHz:3.90398e-02
Node 5, SINR:5.41822e-01, BpsHz:3.90398e-02
Node 46, SINR:5.41822e-01, BpsHz:3.90398e-02
Node 108, SINR:5.41822e-01, BpsHz:3.90398e-02
Node 131, SINR:5.41822e-01, BpsHz:3.90398e-02
Node 4, SINR:5.41822e-01, BpsHz:3.90398e-02
Node 45, SINR:5.41822e-01, BpsHz:3.90398e-02
Node 83, SINR:5.41822e-01, BpsHz:3.90398e-02
Node 64, SINR:5.41822e-01, BpsHz:3.90398e-02
Node 26, SINR:5.41822e-01, BpsHz:3.90398e-02
Node 71, SINR:5.41822e-01, BpsHz:3.90398e-02
Node 37, SINR:5.41822e-01, BpsHz:3.90398e-02
Node 77, SINR:5.41822e-01, BpsHz:3.90398e-02
Node 7, SINR:5.41822e-01, BpsHz:3.90398e-02
---------------
195
11
1.000000e-03
1.510781e-303
175
3000
1.671030e+01
1.564331e+00
1.671030e-05
1.858714e-06
0 0 0 0 0 0 0 0 0 0 0 0 0 0 0 0 0 0 0 0 0 0 1 0 0 0 0 0 1 0 0 0 1 0 0 0 0 0 0 0 0 0 0 0 0 0 0 0 0 0 0 0 0 0 0 0 0 0 0 0 0 0 0 0 0 0 0 0 0 0 0 0 0 0 0 0 0 0 0 0 0 0 0 0 0 0 0 0 0 0 0 0 0 0 0 0 0 1 0 0 0 0 0 0 0 0 0 0 0 0 0 0 0 0 0 0 0 0 1 0 0 1 0 0 0 0 0 0 0 0 0 0 0 0 0 0 0 0 0 0 0 0 0 0 0 0 0 1 0 0 0 0 0 0 0 0 0 0 0 0 0 0 0 0 1 0 0 0 0 0 0 0 0 0 0 0 0 0 0 0 0 0 0 0 0 0 0 0 0 0 0 0 0 0 0 
0 0 0 0 0 0 0 0 0 0 0 0 0 0 1 0 0 0 1 0 0 0 0 1 0 0 0 0 0 0 0 0 0 1 0 1 0 0 0 0 0 0 0 0 1 0 0 0 0 0 0 1 0 0 0 0 0 0 0 0 0 0 0 0 0 0 0 0 1 0 0 0 0 0 0 0 0 0 0 0 0 0 0 0 0 0 0 0 0 0 0 0 0 0 0 0 0 0 0 0 0 0 0 0 0 0 1 0 0 1 0 0 0 1 0 0 1 0 0 0 0 0 0 0 0 0 0 0 0 1 1 0 0 0 0 0 0 1 0 0 0 0 0 0 0 0 0 0 0 1 0 0 0 0 0 0 0 0 0 0 0 0 0 0 0 1 1 0 0 0 1 0 1 0 0 0 0 1 0 1 0 0 0 0 0 0 0 0 0 1 0 0 0 0 0 
0 0 0 0 0 0 0 0 0 0 0 0 0 0 0 0 0 0 0 0 0 0 0 0 1 0 0 0 0 0 0 0 0 0 0 0 0 0 0 0 0 0 0 0 0 0 0 0 0 0 0 0 0 0 0 0 0 0 0 0 0 0 0 0 0 0 0 0 0 0 0 0 0 0 0 0 1 0 0 0 0 0 1 0 0 0 0 0 0 0 0 0 0 0 0 0 0 0 0 0 0 0 0 0 0 0 0 0 0 0 0 0 0 0 0 0 0 1 0 0 0 0 0 1 0 0 0 0 0 0 0 0 0 0 0 0 0 0 0 0 0 0 1 1 0 0 0 0 0 0 0 0 0 0 0 0 1 0 0 1 0 0 0 0 0 0 0 0 0 0 0 0 0 0 0 0 0 0 0 0 0 0 0 0 0 0 0 0 0 0 0 0 0 0 0 
0 0 0 0 0 0 0 0 0 0 0 0 0 0 0 0 0 0 0 0 0 0 0 0 0 0 0 0 0 0 0 0 0 0 0 0 0 0 0 0 0 0 0 0 0 0 0 1 0 0 0 0 1 0 0 0 0 0 0 0 0 0 0 1 0 0 0 1 0 0 0 0 0 0 1 0 0 0 0 0 1 0 0 0 0 0 0 0 0 0 0 0 1 0 0 0 0 0 1 0 0 0 0 0 0 0 0 0 0 0 0 1 0 0 0 0 0 0 0 0 0 0 0 0 0 0 1 0 0 0 0 0 0 0 0 0 0 0 0 0 0 1 0 0 0 0 0 0 0 0 0 0 0 0 1 1 0 0 0 0 0 0 0 0 0 0 0 0 0 0 0 0 0 0 0 1 0 0 0 0 0 0 0 0 0 1 0 0 0 0 0 0 0 0 0 
0 0 0 0 1 1 0 1 0 1 0 0 0 0 0 0 0 1 0 0 0 0 0 0 0 0 1 0 0 0 0 0 0 0 0 0 1 1 0 0 0 0 0 0 0 1 1 0 0 0 0 0 0 0 0 0 0 0 0 0 0 0 0 0 1 0 0 0 0 0 0 1 1 0 0 0 0 1 0 1 0 0 0 1 0 0 0 0 0 0 0 0 0 0 0 1 0 0 0 0 0 0 0 0 0 1 0 0 1 0 0 0 0 0 0 0 0 0 0 0 0 0 0 0 0 0 0 0 1 0 0 1 0 0 0 0 0 0 0 0 0 0 0 0 0 0 0 0 0 0 0 0 0 0 0 0 0 0 0 0 0 0 0 0 0 0 0 0 1 0 0 0 0 0 0 0 0 0 0 0 0 0 0 0 0 0 0 0 0 0 0 0 0 0 0 
0 0 1 1 0 0 0 0 0 0 0 0 0 0 0 0 0 0 0 0 0 0 0 0 0 0 0 1 0 0 0 0 0 0 0 0 0 0 0 0 0 0 1 0 0 0 0 0 0 0 0 0 0 0 0 0 1 0 0 0 0 1 1 0 0 0 0 0 0 0 0 0 0 1 0 0 0 0 0 0 0 0 0 0 0 0 0 0 0 0 0 0 0 0 0 0 1 0 0 0 0 0 0 0 0 0 0 0 0 0 0 0 0 0 0 1 0 0 0 1 0 0 0 0 0 0 0 1 0 0 0 0 0 0 0 1 0 0 1 1 0 0 0 0 0 1 0 0 0 0 0 0 1 0 0 0 0 0 0 0 0 0 0 0 0 0 0 0 0 1 0 0 0 1 1 0 0 0 0 0 1 1 0 0 0 0 0 0 0 0 1 0 0 0 0 
0 1 0 0 0 0 1 0 0 0 0 1 0 0 0 0 0 0 0 0 0 0 0 0 0 0 0 0 0 0 0 0 0 0 0 0 0 0 0 0 0 0 0 0 0 0 0 0 0 0 0 0 0 0 0 0 0 0 0 0 0 0 0 0 0 0 0 0 0 0 0 0 0 0 0 0 0 0 0 0 0 0 0 0 0 0 0 0 0 0 0 0 0 0 0 0 0 0 0 0 0 0 0 0 0 0 0 0 0 0 0 0 0 0 0 0 0 0 0 0 0 0 0 0 1 0 0 0 0 0 0 0 0 0 0 0 0 0 0 0 0 0 0 0 0 0 0 0 0 0 0 0 0 0 0 0 0 0 0 0 0 0 0 0 0 0 0 0 0 0 0 0 0 0 0 0 1 0 0 0 0 0 0 1 0 0 1 0 0 0 0 0 0 0 0 
0 0 0 0 0 0 0 0 0 0 0 0 0 1 0 0 1 0 0 1 1 0 0 0 0 0 0 0 0 0 0 0 0 0 1 0 0 0 0 0 1 0 0 0 0 0 0 0 0 0 0 0 0 0 1 0 0 0 0 0 0 0 0 0 0 1 0 0 0 1 0 0 0 0 0 1 0 0 0 0 0 1 0 0 0 1 0 1 1 0 0 0 0 0 0 0 0 0 0 0 1 0 1 0 1 0 0 0 0 0 0 0 0 0 0 0 0 0 0 0 0 0 0 0 0 0 0 0 0 0 0 0 0 0 0 0 0 0 0 0 1 0 0 0 0 0 0 0 0 0 0 0 0 0 0 0 0 0 1 0 1 1 0 0 0 0 0 0 0 0 0 0 0 0 0 0 0 0 0 0 0 0 1 0 0 0 0 0 0 0 0 0 0 0 0 
0 0 0 0 0 0 0 0 0 0 0 0 0 0 0 1 0 0 0 0 0 1 0 0 0 0 0 0 0 0 0 0 0 0 0 0 0 0 1 1 0 0 0 0 0 0 0 0 1 1 0 0 0 0 0 0 0 1 1 0 0 0 0 0 0 0 0 0 0 0 0 0 0 0 0 0 0 0 1 0 0 0 0 0 1 0 1 0 0 0 0 0 0 0 1 0 0 0 0 0 0 0 0 0 0 0 0 0 0 0 0 0 1 0 0 0 0 0 0 0 0 0 0 0 0 0 0 0 0 0 0 0 1 0 1 0 1 0 0 0 0 0 0 0 0 0 1 0 0 0 0 0 0 0 0 0 0 0 0 0 0 0 0 1 0 0 0 0 0 0 0 0 0 0 0 0 0 0 0 0 0 0 0 0 1 0 0 0 1 0 0 0 0 0 1 
1 0 0 0 0 0 0 0 0 0 0 0 0 0 0 0 0 0 0 0 0 0 0 0 0 0 0 0 0 0 0 1 0 0 0 0 0 0 0 0 0 1 0 1 0 0 0 0 0 0 0 0 0 1 0 0 0 0 0 1 1 0 0 0 0 0 0 0 0 0 0 0 0 0 0 0 0 0 0 0 0 0 0 0 0 0 0 0 0 0 1 0 0 1 0 0 0 0 0 1 0 0 0 0 0 0 0 0 0 0 1 0 0 0 1 0 0 0 0 0 0 0 0 0 0 1 0 0 0 0 0 0 0 0 0 0 0 0 0 0 0 0 0 0 1 0 0 0 1 0 0 0 0 0 0 0 0 1 0 0 0 0 1 0 0 0 0 1 0 0 0 1 0 0 0 0 0 0 0 0 0 0 0 0 0 0 0 0 0 0 0 0 0 0 0 
0 0 0 0 0 0 0 0 1 0 1 0 0 0 0 0 0 0 0 0 0 0 0 0 0 1 0 0 0 0 1 0 0 0 0 0 0 0 0 0 0 0 0 0 0 0 0 0 0 0 0 0 0 0 0 1 0 0 0 0 0 0 0 0 0 0 1 0 0 0 1 0 0 0 0 0 0 0 0 0 0 0 0 0 0 0 0 0 0 1 0 0 0 0 0 0 0 0 0 0 0 1 0 1 0 0 0 0 0 0 0 0 0 0 0 0 0 0 0 0 0 0 0 0 0 0 0 0 0 0 0 0 0 1 0 0 0 0 0 0 0 0 0 0 0 0 0 0 0 0 0 1 0 1 0 0 0 0 0 0 0 0 0 0 0 0 0 0 0 0 0 0 0 0 0 0 0 0 0 0 0 0 0 0 0 0 0 1 0 0 0 1 1 1 0 
29 107 144 186 27 146 177 89 39 111 152 
1.249693E-05 3.558696E-05 3.493852E-05 1.036451E-07 1.822724E-05 2.031071E-11 1.740857E-06 1.884805E-05 3.670670E-04 8.253023E-07 8.012474E-05 3.048160E-06 0.000000E+00 8.205255E-05 1.768850E-04 3.454527E-05 9.842891E-05 7.803370E-05 6.368086E-04 3.065224E-05 5.295094E-05 1.533379E-04 8.163641E-06 3.443892E-04 3.318976E-06 2.881680E-06 0.000000E+00 2.237915E-04 0.000000E+00 0.000000E+00 1.574124E-05 1.208043E-04 8.791657E-07 4.304065E-05 1.844037E-04 4.792485E-06 7.639409E-06 9.936906E-06 0.000000E+00 3.152602E-04 4.602011E-05 4.924104E-05 3.853817E-04 4.088694E-07 5.785258E-04 2.273571E-04 2.439475E-06 1.072367E-04 7.010446E-05 1.953938E-04 0.000000E+00 2.543992E-05 4.818124E-04 3.565236E-04 4.858377E-04 1.793328E-04 6.730842E-04 1.005730E-04 1.038335E-06 1.556479E-05 2.459903E-04 1.868870E-04 4.913596E-04 1.741490E-04 1.326643E-04 1.875967E-04 3.976060E-05 1.308213E-04 3.258861E-05 1.983143E-04 5.364504E-05 7.592728E-06 1.019218E-04 5.244404E-05 8.973241E-05 8.053507E-05 8.670335E-06 1.288369E-04 1.628752E-04 5.491204E-04 1.396777E-05 1.132004E-06 5.157483E-06 4.334701E-06 5.657874E-04 9.983216E-06 1.454706E-05 1.556382E-05 0.000000E+00 3.201764E-05 8.382897E-06 0.000000E+00 1.508680E-04 1.500484E-04 1.959221E-05 7.341791E-06 1.961172E-04 9.705522E-06 8.217242E-06 6.090209E-04 3.460079E-04 6.893006E-05 2.300444E-05 1.687180E-06 3.583965E-05 4.170266E-04 0.000000E+00 0.000000E+00 3.816780E-04 2.128971E-05 0.000000E+00 4.409212E-04 2.012238E-05 1.130031E-04 5.590860E-04 7.440066E-05 2.993578E-04 8.379971E-05 3.059396E-05 1.754421E-06 0.000000E+00 1.864169E-06 0.000000E+00 5.826215E-07 2.859256E-05 5.604322E-07 3.789926E-05 9.997543E-04 3.233805E-05 7.141446E-04 1.556631E-04 8.936498E-04 4.492117E-04 8.154962E-05 3.734468E-06 1.960772E-05 8.485643E-05 1.733589E-04 1.725739E-04 2.467707E-05 1.649647E-04 1.036299E-06 2.248636E-05 0.000000E+00 4.348002E-05 0.000000E+00 2.540227E-04 4.152811E-06 2.795799E-05 1.960350E-04 0.000000E+00 0.000000E+00 1.937914E-05 1.004851E-06 9.863594E-06 4.366424E-05 7.222645E-07 1.031597E-04 8.932145E-05 1.425742E-06 1.302404E-04 3.094875E-04 1.274982E-06 3.428175E-04 1.540569E-06 6.544994E-06 1.091918E-04 2.494929E-06 5.560729E-05 1.845111E-04 1.454718E-04 1.285550E-04 1.079834E-05 1.533289E-04 1.407828E-05 9.165717E-06 0.000000E+00 1.538660E-04 0.000000E+00 3.305007E-04 5.804686E-06 8.576242E-06 1.465523E-05 2.556341E-07 3.579196E-06 0.000000E+00 9.338080E-08 6.994383E-05 8.711393E-05 8.109028E-06 1.898783E-04 2.784250E-04 5.518609E-05 1.123431E-05 3.476309E-04 
29 165 33 122 23 148 119 98 
107 167 15 117 34 69 178 36 171 114 45 180 173 150 166 131 19 190 52 110 138 24 130 
144 157 25 160 124 83 77 143 118 
186 176 142 99 127 155 81 156 64 48 68 112 75 93 53 
27 37 109 129 5 6 8 47 73 46 132 84 96 65 78 169 38 10 18 72 80 106 
146 153 120 116 28 140 170 97 181 136 4 74 57 175 182 63 3 62 174 43 191 139 128 
177 7 125 184 187 12 2 
89 103 20 41 14 21 183 88 86 159 76 55 161 105 82 66 17 162 141 101 35 70 
39 113 59 137 16 195 189 49 95 87 58 185 133 147 135 50 22 40 79 85 164 
111 44 100 145 158 54 168 91 42 126 149 115 1 60 163 61 172 94 32 
152 154 194 90 26 193 104 67 188 102 134 56 31 11 192 9 71 

============Find Best @ Round 2950================
==========Cluster 0, RcvInterf=1.01323e-13============
Node 28, SINR:0.00000e+00, BpsHz:0.00000e+00
Node 164, SINR:1.89016e-01, BpsHz:3.56811e-02
Node 32, SINR:1.89016e-01, BpsHz:3.56811e-02
Node 121, SINR:1.89016e-01, BpsHz:3.56811e-02
Node 22, SINR:1.89016e-01, BpsHz:3.56811e-02
Node 147, SINR:1.89016e-01, BpsHz:3.56811e-02
Node 118, SINR:1.89016e-01, BpsHz:3.56811e-02
Node 97, SINR:1.89016e-01, BpsHz:3.56811e-02
---------------
==========Cluster 1, RcvInterf=8.31414e-14============
Node 106, SINR:0.00000e+00, BpsHz:0.00000e+00
Node 166, SINR:7.23074e-01, BpsHz:3.56811e-02
Node 14, SINR:7.23074e-01, BpsHz:3.56811e-02
Node 116, SINR:7.23074e-01, BpsHz:3.56811e-02
Node 33, SINR:7.23074e-01, BpsHz:3.56811e-02
Node 68, SINR:7.23074e-01, BpsHz:3.56811e-02
Node 177, SINR:7.23074e-01, BpsHz:3.56811e-02
Node 35, SINR:7.23074e-01, BpsHz:3.56811e-02
Node 170, SINR:7.23074e-01, BpsHz:3.56811e-02
Node 113, SINR:7.23074e-01, BpsHz:3.56811e-02
Node 44, SINR:7.23074e-01, BpsHz:3.56811e-02
Node 179, SINR:7.23074e-01, BpsHz:3.56811e-02
Node 172, SINR:7.23074e-01, BpsHz:3.56811e-02
Node 149, SINR:7.23074e-01, BpsHz:3.56811e-02
Node 165, SINR:7.23074e-01, BpsHz:3.56811e-02
Node 130, SINR:7.23074e-01, BpsHz:3.56811e-02
Node 18, SINR:7.23074e-01, BpsHz:3.56811e-02
Node 189, SINR:7.23074e-01, BpsHz:3.56811e-02
Node 51, SINR:7.23074e-01, BpsHz:3.56811e-02
Node 109, SINR:7.23074e-01, BpsHz:3.56811e-02
Node 137, SINR:7.23074e-01, BpsHz:3.56811e-02
Node 23, SINR:7.23074e-01, BpsHz:3.56811e-02
Node 129, SINR:7.23074e-01, BpsHz:3.56811e-02
---------------
==========Cluster 2, RcvInterf=8.30097e-14============
Node 143, SINR:0.00000e+00, BpsHz:0.00000e+00
Node 156, SINR:2.18789e-01, BpsHz:3.56811e-02
Node 24, SINR:2.18789e-01, BpsHz:3.56811e-02
Node 159, SINR:2.18789e-01, BpsHz:3.56811e-02
Node 123, SINR:2.18789e-01, BpsHz:3.56811e-02
Node 82, SINR:2.18789e-01, BpsHz:3.56811e-02
Node 76, SINR:2.18789e-01, BpsHz:3.56811e-02
Node 142, SINR:2.18789e-01, BpsHz:3.56811e-02
Node 117, SINR:2.18789e-01, BpsHz:3.56811e-02
---------------
==========Cluster 3, RcvInterf=2.45671e-13============
Node 185, SINR:0.00000e+00, BpsHz:0.00000e+00
Node 175, SINR:4.13758e-01, BpsHz:3.56811e-02
Node 141, SINR:4.13758e-01, BpsHz:3.56811e-02
Node 98, SINR:4.13758e-01, BpsHz:3.56811e-02
Node 126, SINR:4.13758e-01, BpsHz:3.56811e-02
Node 154, SINR:4.13758e-01, BpsHz:3.56811e-02
Node 80, SINR:4.13758e-01, BpsHz:3.56811e-02
Node 155, SINR:4.13758e-01, BpsHz:3.56811e-02
Node 63, SINR:4.13758e-01, BpsHz:3.56811e-02
Node 47, SINR:4.13758e-01, BpsHz:3.56811e-02
Node 67, SINR:4.13758e-01, BpsHz:3.56811e-02
Node 111, SINR:4.13758e-01, BpsHz:3.56811e-02
Node 74, SINR:4.13758e-01, BpsHz:3.56811e-02
Node 92, SINR:4.13758e-01, BpsHz:3.56811e-02
Node 52, SINR:4.13758e-01, BpsHz:3.56811e-02
---------------
==========Cluster 4, RcvInterf=1.04717e-13============
Node 26, SINR:0.00000e+00, BpsHz:0.00000e+00
Node 36, SINR:6.80981e-01, BpsHz:3.56811e-02
Node 108, SINR:6.80981e-01, BpsHz:3.56811e-02
Node 128, SINR:6.80981e-01, BpsHz:3.56811e-02
Node 4, SINR:6.80981e-01, BpsHz:3.56811e-02
Node 5, SINR:6.80981e-01, BpsHz:3.56811e-02
Node 7, SINR:6.80981e-01, BpsHz:3.56811e-02
Node 46, SINR:6.80981e-01, BpsHz:3.56811e-02
Node 72, SINR:6.80981e-01, BpsHz:3.56811e-02
Node 45, SINR:6.80981e-01, BpsHz:3.56811e-02
Node 131, SINR:6.80981e-01, BpsHz:3.56811e-02
Node 83, SINR:6.80981e-01, BpsHz:3.56811e-02
Node 95, SINR:6.80981e-01, BpsHz:3.56811e-02
Node 64, SINR:6.80981e-01, BpsHz:3.56811e-02
Node 77, SINR:6.80981e-01, BpsHz:3.56811e-02
Node 168, SINR:6.80981e-01, BpsHz:3.56811e-02
Node 37, SINR:6.80981e-01, BpsHz:3.56811e-02
Node 9, SINR:6.80981e-01, BpsHz:3.56811e-02
Node 17, SINR:6.80981e-01, BpsHz:3.56811e-02
Node 71, SINR:6.80981e-01, BpsHz:3.56811e-02
Node 79, SINR:6.80981e-01, BpsHz:3.56811e-02
Node 105, SINR:6.80981e-01, BpsHz:3.56811e-02
---------------
==========Cluster 5, RcvInterf=8.84371e-14============
Node 145, SINR:0.00000e+00, BpsHz:0.00000e+00
Node 152, SINR:7.23074e-01, BpsHz:3.56811e-02
Node 119, SINR:7.23074e-01, BpsHz:3.56811e-02
Node 115, SINR:7.23074e-01, BpsHz:3.56811e-02
Node 27, SINR:7.23074e-01, BpsHz:3.56811e-02
Node 139, SINR:7.23074e-01, BpsHz:3.56811e-02
Node 169, SINR:7.23074e-01, BpsHz:3.56811e-02
Node 96, SINR:7.23074e-01, BpsHz:3.56811e-02
Node 180, SINR:7.23074e-01, BpsHz:3.56811e-02
Node 135, SINR:7.23074e-01, BpsHz:3.56811e-02
Node 3, SINR:7.23074e-01, BpsHz:3.56811e-02
Node 73, SINR:7.23074e-01, BpsHz:3.56811e-02
Node 56, SINR:7.23074e-01, BpsHz:3.56811e-02
Node 174, SINR:7.23074e-01, BpsHz:3.56811e-02
Node 181, SINR:7.23074e-01, BpsHz:3.56811e-02
Node 62, SINR:7.23074e-01, BpsHz:3.56811e-02
Node 2, SINR:7.23074e-01, BpsHz:3.56811e-02
Node 61, SINR:7.23074e-01, BpsHz:3.56811e-02
Node 173, SINR:7.23074e-01, BpsHz:3.56811e-02
Node 42, SINR:7.23074e-01, BpsHz:3.56811e-02
Node 190, SINR:7.23074e-01, BpsHz:3.56811e-02
Node 138, SINR:7.23074e-01, BpsHz:3.56811e-02
Node 127, SINR:7.23074e-01, BpsHz:3.56811e-02
---------------
==========Cluster 6, RcvInterf=6.13522e-14============
Node 176, SINR:0.00000e+00, BpsHz:0.00000e+00
Node 6, SINR:1.59969e-01, BpsHz:3.56811e-02
Node 124, SINR:1.59969e-01, BpsHz:3.56811e-02
Node 183, SINR:1.59969e-01, BpsHz:3.56811e-02
Node 186, SINR:1.59969e-01, BpsHz:3.56811e-02
Node 11, SINR:1.59969e-01, BpsHz:3.56811e-02
Node 1, SINR:1.59969e-01, BpsHz:3.56811e-02
---------------
==========Cluster 7, RcvInterf=8.27637e-14============
Node 88, SINR:0.00000e+00, BpsHz:0.00000e+00
Node 102, SINR:6.80981e-01, BpsHz:3.56811e-02
Node 19, SINR:6.80981e-01, BpsHz:3.56811e-02
Node 40, SINR:6.80981e-01, BpsHz:3.56811e-02
Node 13, SINR:6.80981e-01, BpsHz:3.56811e-02
Node 20, SINR:6.80981e-01, BpsHz:3.56811e-02
Node 182, SINR:6.80981e-01, BpsHz:3.56811e-02
Node 87, SINR:6.80981e-01, BpsHz:3.56811e-02
Node 85, SINR:6.80981e-01, BpsHz:3.56811e-02
Node 158, SINR:6.80981e-01, BpsHz:3.56811e-02
Node 75, SINR:6.80981e-01, BpsHz:3.56811e-02
Node 54, SINR:6.80981e-01, BpsHz:3.56811e-02
Node 160, SINR:6.80981e-01, BpsHz:3.56811e-02
Node 104, SINR:6.80981e-01, BpsHz:3.56811e-02
Node 81, SINR:6.80981e-01, BpsHz:3.56811e-02
Node 65, SINR:6.80981e-01, BpsHz:3.56811e-02
Node 16, SINR:6.80981e-01, BpsHz:3.56811e-02
Node 161, SINR:6.80981e-01, BpsHz:3.56811e-02
Node 140, SINR:6.80981e-01, BpsHz:3.56811e-02
Node 100, SINR:6.80981e-01, BpsHz:3.56811e-02
Node 34, SINR:6.80981e-01, BpsHz:3.56811e-02
Node 69, SINR:6.80981e-01, BpsHz:3.56811e-02
---------------
==========Cluster 8, RcvInterf=9.50885e-14============
Node 38, SINR:0.00000e+00, BpsHz:0.00000e+00
Node 112, SINR:6.39916e-01, BpsHz:3.56811e-02
Node 58, SINR:6.39916e-01, BpsHz:3.56811e-02
Node 136, SINR:6.39916e-01, BpsHz:3.56811e-02
Node 15, SINR:6.39916e-01, BpsHz:3.56811e-02
Node 194, SINR:6.39916e-01, BpsHz:3.56811e-02
Node 188, SINR:6.39916e-01, BpsHz:3.56811e-02
Node 48, SINR:6.39916e-01, BpsHz:3.56811e-02
Node 94, SINR:6.39916e-01, BpsHz:3.56811e-02
Node 86, SINR:6.39916e-01, BpsHz:3.56811e-02
Node 57, SINR:6.39916e-01, BpsHz:3.56811e-02
Node 184, SINR:6.39916e-01, BpsHz:3.56811e-02
Node 132, SINR:6.39916e-01, BpsHz:3.56811e-02
Node 146, SINR:6.39916e-01, BpsHz:3.56811e-02
Node 134, SINR:6.39916e-01, BpsHz:3.56811e-02
Node 49, SINR:6.39916e-01, BpsHz:3.56811e-02
Node 21, SINR:6.39916e-01, BpsHz:3.56811e-02
Node 39, SINR:6.39916e-01, BpsHz:3.56811e-02
Node 78, SINR:6.39916e-01, BpsHz:3.56811e-02
Node 84, SINR:6.39916e-01, BpsHz:3.56811e-02
Node 163, SINR:6.39916e-01, BpsHz:3.56811e-02
---------------
==========Cluster 9, RcvInterf=7.96849e-14============
Node 110, SINR:0.00000e+00, BpsHz:0.00000e+00
Node 43, SINR:5.60772e-01, BpsHz:3.56811e-02
Node 99, SINR:5.60772e-01, BpsHz:3.56811e-02
Node 144, SINR:5.60772e-01, BpsHz:3.56811e-02
Node 157, SINR:5.60772e-01, BpsHz:3.56811e-02
Node 53, SINR:5.60772e-01, BpsHz:3.56811e-02
Node 167, SINR:5.60772e-01, BpsHz:3.56811e-02
Node 90, SINR:5.60772e-01, BpsHz:3.56811e-02
Node 41, SINR:5.60772e-01, BpsHz:3.56811e-02
Node 125, SINR:5.60772e-01, BpsHz:3.56811e-02
Node 148, SINR:5.60772e-01, BpsHz:3.56811e-02
Node 114, SINR:5.60772e-01, BpsHz:3.56811e-02
Node 0, SINR:5.60772e-01, BpsHz:3.56811e-02
Node 59, SINR:5.60772e-01, BpsHz:3.56811e-02
Node 162, SINR:5.60772e-01, BpsHz:3.56811e-02
Node 60, SINR:5.60772e-01, BpsHz:3.56811e-02
Node 171, SINR:5.60772e-01, BpsHz:3.56811e-02
Node 93, SINR:5.60772e-01, BpsHz:3.56811e-02
Node 31, SINR:5.60772e-01, BpsHz:3.56811e-02
---------------
==========Cluster 10, RcvInterf=9.04939e-14============
Node 151, SINR:0.00000e+00, BpsHz:0.00000e+00
Node 153, SINR:4.85448e-01, BpsHz:3.56811e-02
Node 193, SINR:4.85448e-01, BpsHz:3.56811e-02
Node 89, SINR:4.85448e-01, BpsHz:3.56811e-02
Node 25, SINR:4.85448e-01, BpsHz:3.56811e-02
Node 192, SINR:4.85448e-01, BpsHz:3.56811e-02
Node 103, SINR:4.85448e-01, BpsHz:3.56811e-02
Node 66, SINR:4.85448e-01, BpsHz:3.56811e-02
Node 187, SINR:4.85448e-01, BpsHz:3.56811e-02
Node 101, SINR:4.85448e-01, BpsHz:3.56811e-02
Node 133, SINR:4.85448e-01, BpsHz:3.56811e-02
Node 55, SINR:4.85448e-01, BpsHz:3.56811e-02
Node 30, SINR:4.85448e-01, BpsHz:3.56811e-02
Node 10, SINR:4.85448e-01, BpsHz:3.56811e-02
Node 191, SINR:4.85448e-01, BpsHz:3.56811e-02
Node 8, SINR:4.85448e-01, BpsHz:3.56811e-02
Node 70, SINR:4.85448e-01, BpsHz:3.56811e-02
---------------
195
11
1.000000e-03
1.903818e-303
175
3000
1.535916e+01
1.456451e+00
1.535917e-05
1.609757e-06
0 0 0 0 0 0 0 0 0 0 0 0 0 0 0 0 0 0 0 0 0 0 0 0 0 0 0 0 0 0 0 0 0 1 0 0 0 0 0 0 0 0 0 0 0 0 0 0 0 1 0 1 0 0 0 0 0 0 0 0 0 0 0 0 0 0 0 0 1 0 0 0 0 0 0 0 0 0 0 0 0 0 0 0 0 0 0 0 0 0 0 0 0 0 0 0 0 0 0 0 0 0 0 0 0 0 1 0 0 1 0 0 0 0 0 0 0 0 0 0 0 0 1 0 0 0 0 0 0 1 1 0 1 0 0 0 0 0 0 0 0 0 0 0 0 0 1 0 0 1 0 0 0 0 0 0 0 0 0 0 0 0 0 0 0 1 0 0 0 0 0 0 0 0 0 0 0 1 1 1 0 0 0 0 0 0 0 0 0 1 0 0 0 0 1 
0 0 0 0 0 0 0 0 0 0 0 0 0 1 0 0 1 0 0 1 1 0 0 0 0 0 0 0 0 0 0 0 0 0 1 0 0 0 0 0 1 0 0 0 0 0 0 0 0 0 0 0 0 0 1 0 0 0 0 0 0 0 0 0 0 1 0 0 0 0 0 0 0 0 0 1 0 0 0 1 0 1 0 0 0 1 0 1 1 0 0 0 0 0 0 0 0 0 0 0 1 0 1 0 1 0 0 0 0 0 0 0 0 0 0 0 0 0 0 0 0 0 0 0 0 0 0 0 0 0 0 0 0 0 0 0 0 0 0 0 0 0 0 0 0 0 0 0 0 0 0 0 0 0 0 0 0 0 0 0 1 1 0 0 0 0 0 0 0 0 0 0 0 0 0 0 0 0 0 0 0 0 1 0 0 0 0 0 0 0 0 0 0 0 0 
0 0 0 0 1 1 0 1 0 1 0 0 0 0 0 0 0 1 0 0 0 0 0 0 0 0 1 0 0 0 0 0 0 0 0 0 1 1 0 0 0 0 0 0 0 0 1 0 0 0 0 0 0 0 0 0 0 0 0 0 0 0 0 0 0 0 0 0 0 1 0 1 0 0 0 0 0 1 0 0 0 0 0 1 0 0 0 0 0 0 0 0 0 0 0 1 0 0 0 0 0 0 0 0 0 1 0 0 0 0 0 0 0 0 0 0 0 0 0 0 0 0 0 0 0 0 0 0 1 0 0 0 0 0 0 0 0 0 0 0 0 0 0 0 0 0 0 0 0 0 0 0 0 0 0 0 0 0 0 0 0 0 0 0 0 0 0 0 1 0 0 0 0 0 0 0 0 0 0 0 0 0 0 0 0 0 0 0 0 0 0 0 0 0 0 
0 1 0 0 0 0 0 0 1 0 0 0 0 0 0 1 0 0 0 0 0 1 0 0 0 0 0 0 0 0 0 0 0 0 0 0 0 0 1 1 0 0 0 0 0 0 0 0 1 0 0 0 0 0 0 1 0 1 1 0 0 0 0 0 0 0 0 0 0 0 0 0 0 0 0 0 0 0 1 0 0 0 0 0 0 0 1 0 0 0 0 0 0 0 1 0 0 0 0 0 0 0 0 0 0 0 0 0 0 0 0 0 1 0 0 0 0 0 0 0 0 0 0 0 0 0 0 0 0 0 0 0 0 0 1 0 1 0 0 0 0 0 0 0 0 0 0 0 0 0 0 0 0 0 0 0 0 0 0 0 0 0 0 1 0 0 0 0 0 0 0 0 0 0 0 0 0 0 0 0 0 0 0 0 1 0 0 0 1 0 0 1 0 0 0 
0 0 0 0 0 0 1 0 0 0 0 1 0 0 0 0 0 0 0 0 0 0 0 0 0 0 0 0 1 0 0 0 0 0 0 0 0 0 0 0 0 0 0 0 0 0 0 0 0 0 1 0 0 0 0 0 0 0 0 0 0 0 0 0 0 0 1 0 0 0 0 0 0 0 0 0 0 0 0 0 0 0 0 0 0 0 0 0 0 0 0 0 0 0 0 0 0 1 0 0 0 0 0 0 0 0 0 0 0 0 0 0 0 0 0 0 0 0 1 0 0 1 0 0 1 0 0 0 0 0 0 0 0 0 0 0 0 0 0 0 0 0 0 0 0 0 0 1 0 0 1 0 0 0 0 0 0 0 0 0 0 0 0 0 0 0 0 0 0 0 0 0 0 0 0 0 1 0 0 0 0 0 0 1 0 0 1 0 0 0 0 0 0 0 0 
0 0 1 1 0 0 0 0 0 0 0 0 0 0 0 0 0 0 0 0 0 0 0 0 0 0 0 1 0 0 0 0 0 0 0 0 0 0 0 0 0 0 0 0 0 0 0 0 0 0 0 0 0 0 0 0 1 0 0 0 0 0 1 0 0 0 0 0 0 0 0 0 0 1 0 0 0 0 0 0 0 0 0 0 0 0 0 0 0 0 0 1 0 0 0 0 1 0 0 0 0 0 0 0 0 0 0 0 0 0 0 0 0 0 0 1 0 0 0 1 0 0 0 0 0 0 0 0 0 0 0 0 0 0 0 1 0 0 1 1 1 0 0 0 0 1 0 0 0 0 0 0 1 0 0 0 0 0 0 0 0 0 0 0 0 0 0 0 0 0 0 0 0 0 1 0 0 0 0 0 1 1 0 0 0 0 0 0 0 0 0 0 0 0 0 
0 0 0 0 0 0 0 0 0 0 0 0 1 0 0 0 0 0 0 0 0 0 1 0 1 0 0 0 0 0 0 0 1 0 0 0 0 0 0 0 0 0 0 0 0 0 0 0 0 0 0 0 0 0 0 0 0 0 0 0 0 0 0 0 0 0 0 0 0 0 1 0 0 0 0 0 1 0 0 0 0 0 1 0 0 0 0 0 0 0 0 0 0 0 0 0 0 0 0 0 0 0 0 1 0 0 0 0 0 0 0 0 0 0 0 0 0 1 0 0 0 0 0 1 0 0 0 0 0 0 0 0 0 1 0 0 0 0 0 0 0 0 1 1 0 0 0 0 0 0 0 0 0 0 0 0 1 0 0 1 0 0 0 0 1 0 0 0 0 0 0 0 0 0 0 0 0 0 0 0 0 0 0 0 0 0 0 1 0 0 0 0 0 0 0 
0 0 0 0 0 0 0 0 0 0 1 0 0 0 0 0 0 0 0 0 0 0 0 0 0 0 0 0 0 1 0 0 0 0 0 0 0 0 0 0 0 0 1 0 0 0 0 0 0 0 0 0 1 0 0 0 0 0 0 0 0 0 0 1 0 0 0 0 0 0 0 0 0 0 1 0 0 0 0 0 1 0 0 0 1 0 0 0 0 0 0 0 1 0 0 0 0 0 1 0 0 0 0 0 0 0 0 1 0 0 0 1 0 0 0 0 0 0 0 0 0 0 0 0 0 0 1 0 0 0 0 0 0 0 0 0 0 0 0 0 0 1 0 0 0 0 0 0 0 0 0 0 0 0 1 0 0 0 0 0 0 0 0 0 0 0 0 0 0 0 0 0 0 1 0 1 0 0 0 0 0 0 0 0 0 1 0 0 0 0 1 0 0 0 0 
0 0 0 0 0 0 0 0 0 0 0 0 0 0 0 0 0 0 0 0 0 0 0 0 0 1 0 0 0 0 0 1 0 0 0 0 0 0 0 0 0 1 0 1 0 0 0 1 0 0 0 0 0 0 0 0 0 0 0 1 0 0 0 0 0 0 0 1 0 0 0 0 0 0 0 0 0 0 0 0 0 0 0 0 0 0 0 0 0 1 1 0 0 0 0 0 0 0 0 0 0 1 0 0 0 0 0 0 0 0 1 0 0 0 0 0 0 0 0 0 1 0 0 0 0 1 0 0 0 0 0 0 0 0 0 0 0 0 0 0 0 0 0 0 1 0 0 0 1 0 0 0 0 0 0 1 0 1 0 0 0 0 1 0 0 0 0 1 0 0 0 1 0 0 0 0 0 0 0 0 0 0 0 0 0 0 0 0 0 0 0 0 1 1 0 
0 0 0 0 0 0 0 0 0 0 0 0 0 0 1 0 0 0 0 0 0 0 0 1 0 0 0 0 0 0 0 0 0 0 0 1 0 0 0 0 0 0 0 0 1 0 0 0 0 0 0 0 0 0 0 0 0 0 0 0 0 0 0 0 0 0 0 0 0 0 0 0 0 0 0 0 0 0 0 0 0 0 0 0 0 0 0 0 0 0 0 0 0 0 0 0 0 0 0 0 0 0 0 0 0 0 0 0 0 0 0 0 0 1 0 0 1 0 0 0 0 0 0 0 0 0 0 1 0 0 0 0 0 0 0 0 0 1 0 0 0 0 0 0 0 0 0 0 0 0 0 0 0 0 0 0 0 0 0 0 0 0 0 0 0 0 1 0 0 1 1 0 1 0 0 0 0 0 0 0 0 0 0 0 0 0 0 0 0 0 0 0 0 0 0 
0 0 0 0 0 0 0 0 0 0 0 0 0 0 0 0 0 0 0 0 0 0 0 0 0 0 0 0 0 0 0 0 0 0 0 0 0 0 0 0 0 0 0 0 0 1 0 0 0 0 0 0 0 1 0 0 0 0 0 0 1 0 0 0 1 0 0 0 0 0 0 0 0 0 0 0 0 0 0 0 0 0 0 0 0 0 0 0 0 0 0 0 0 0 0 0 0 0 0 1 0 0 0 0 0 0 0 0 1 0 0 0 0 0 1 0 0 0 0 0 0 0 0 0 0 0 0 0 0 0 0 1 0 0 0 0 0 0 0 0 0 0 0 0 0 0 0 0 0 0 0 0 0 0 0 0 0 0 0 0 0 0 0 0 0 0 0 0 0 0 0 0 0 0 0 0 0 0 0 0 0 0 0 0 0 0 0 0 0 0 0 0 0 0 0 
150 89 47 95 12 181 25 75 60 24 61 
0.000000E+00 3.362057E-04 2.764493E-04 1.417635E-06 3.318493E-07 3.699475E-06 3.876772E-05 5.264420E-06 1.804613E-04 8.013848E-06 3.618412E-04 0.000000E+00 7.278984E-05 1.366376E-04 1.773314E-05 3.420692E-04 1.639083E-04 3.931142E-05 0.000000E+00 5.104351E-05 8.817632E-05 4.822519E-05 4.268747E-05 0.000000E+00 0.000000E+00 4.875412E-04 2.880297E-06 2.067092E-04 2.808344E-05 5.969168E-04 0.000000E+00 1.954297E-04 1.670236E-05 7.256874E-06 3.070775E-04 4.038106E-05 9.735272E-05 2.374398E-05 1.663628E-05 3.315936E-04 7.663478E-05 3.166976E-04 3.194785E-04 6.537773E-06 4.528562E-05 8.136644E-07 0.000000E+00 4.172385E-04 1.842053E-07 2.277043E-05 9.819730E-07 9.841904E-05 7.568912E-06 1.731810E-05 8.090390E-04 1.401242E-04 1.476411E-04 2.046984E-05 6.011177E-05 0.000000E+00 0.000000E+00 0.000000E+00 8.352296E-05 2.678159E-05 9.778162E-06 3.123946E-04 8.568978E-05 8.665855E-05 4.435898E-05 1.060342E-04 4.178651E-06 3.154796E-06 0.000000E+00 8.804068E-06 0.000000E+00 1.341107E-04 4.937905E-06 1.882153E-05 1.096328E-05 9.995605E-04 2.970947E-04 1.885065E-06 1.337050E-06 5.232463E-05 1.744775E-04 1.662450E-05 2.599963E-04 2.591759E-05 0.000000E+00 1.256266E-04 2.448070E-05 8.441065E-05 1.225532E-05 0.000000E+00 0.000000E+00 2.959460E-05 3.182521E-05 7.515120E-05 2.598406E-04 2.700550E-05 5.761880E-04 2.442284E-05 3.830804E-05 6.270263E-05 5.968182E-05 1.522805E-04 1.144063E-04 8.295666E-06 6.966045E-05 1.275231E-04 2.537139E-05 2.548815E-06 4.299706E-06 1.080180E-06 5.600580E-06 2.552546E-06 2.351987E-05 5.114786E-04 5.970101E-05 4.214361E-05 1.451200E-04 7.734104E-07 4.988890E-05 1.239847E-05 3.675475E-04 7.293586E-06 6.128197E-06 1.023491E-05 8.163773E-05 2.832458E-05 3.202714E-06 1.300315E-05 1.014908E-04 6.085560E-05 1.266431E-04 1.326914E-05 5.720278E-04 4.608285E-06 1.633233E-05 4.752391E-05 1.149250E-04 2.505860E-04 9.443850E-05 6.259302E-06 4.756449E-06 5.879578E-06 3.561702E-05 2.499248E-06 8.350503E-07 0.000000E+00 4.895990E-07 0.000000E+00 5.012879E-08 0.000000E+00 4.111502E-04 2.733840E-04 4.411301E-05 8.710820E-04 0.000000E+00 4.056087E-05 2.168823E-04 5.153727E-04 1.618207E-04 1.369279E-05 8.103088E-06 2.230261E-04 8.705314E-06 2.988537E-05 4.848860E-06 2.242245E-05 3.821505E-06 3.959785E-05 3.446935E-05 4.621991E-04 1.141467E-04 5.037733E-04 9.309199E-06 1.883195E-05 2.010044E-06 1.151888E-05 0.000000E+00 3.385858E-05 2.440455E-05 6.127766E-05 3.471800E-06 7.237968E-05 2.020549E-05 3.033797E-05 5.327528E-05 1.504548E-04 2.544078E-04 1.076843E-04 3.968428E-05 3.475494E-04 1.489586E-05 
150 195 50 179 178 131 69 52 180 133 147 130 34 110 123 190 166 107 
89 103 14 161 86 55 20 183 66 41 17 88 162 35 82 21 76 105 101 80 
47 27 84 8 72 169 78 5 37 10 6 129 18 38 96 106 70 
95 192 164 39 56 185 87 58 59 189 135 49 113 79 22 40 16 137 9 2 
12 51 177 184 187 151 7 122 119 148 98 67 29 125 
181 57 139 97 74 120 63 4 182 136 140 92 175 146 153 141 116 3 28 
25 160 71 77 165 33 157 23 13 83 188 124 144 104 143 118 134 
75 64 81 112 85 186 127 191 93 108 53 155 142 99 11 43 176 174 30 
60 172 194 126 42 121 156 111 149 44 32 168 145 90 91 102 68 193 163 26 158 48 
24 138 128 117 171 167 45 173 114 15 170 36 
61 46 100 54 132 115 65 109 

============Find Best @ Round 1725================
==========Cluster 0, RcvInterf=5.67716e-14============
Node 149, SINR:0.00000e+00, BpsHz:0.00000e+00
Node 194, SINR:5.70810e-01, BpsHz:3.83240e-02
Node 49, SINR:5.70810e-01, BpsHz:3.83240e-02
Node 178, SINR:5.70810e-01, BpsHz:3.83240e-02
Node 177, SINR:5.70810e-01, BpsHz:3.83240e-02
Node 130, SINR:5.70810e-01, BpsHz:3.83240e-02
Node 68, SINR:5.70810e-01, BpsHz:3.83240e-02
Node 51, SINR:5.70810e-01, BpsHz:3.83240e-02
Node 179, SINR:5.70810e-01, BpsHz:3.83240e-02
Node 132, SINR:5.70810e-01, BpsHz:3.83240e-02
Node 146, SINR:5.70810e-01, BpsHz:3.83240e-02
Node 129, SINR:5.70810e-01, BpsHz:3.83240e-02
Node 33, SINR:5.70810e-01, BpsHz:3.83240e-02
Node 109, SINR:5.70810e-01, BpsHz:3.83240e-02
Node 122, SINR:5.70810e-01, BpsHz:3.83240e-02
Node 189, SINR:5.70810e-01, BpsHz:3.83240e-02
Node 165, SINR:5.70810e-01, BpsHz:3.83240e-02
Node 106, SINR:5.70810e-01, BpsHz:3.83240e-02
---------------
==========Cluster 1, RcvInterf=1.56048e-13============
Node 88, SINR:0.00000e+00, BpsHz:0.00000e+00
Node 102, SINR:6.56521e-01, BpsHz:3.83240e-02
Node 13, SINR:6.56521e-01, BpsHz:3.83240e-02
Node 160, SINR:6.56521e-01, BpsHz:3.83240e-02
Node 85, SINR:6.56521e-01, BpsHz:3.83240e-02
Node 54, SINR:6.56521e-01, BpsHz:3.83240e-02
Node 19, SINR:6.56521e-01, BpsHz:3.83240e-02
Node 182, SINR:6.56521e-01, BpsHz:3.83240e-02
Node 65, SINR:6.56521e-01, BpsHz:3.83240e-02
Node 40, SINR:6.56521e-01, BpsHz:3.83240e-02
Node 16, SINR:6.56521e-01, BpsHz:3.83240e-02
Node 87, SINR:6.56521e-01, BpsHz:3.83240e-02
Node 161, SINR:6.56521e-01, BpsHz:3.83240e-02
Node 34, SINR:6.56521e-01, BpsHz:3.83240e-02
Node 81, SINR:6.56521e-01, BpsHz:3.83240e-02
Node 20, SINR:6.56521e-01, BpsHz:3.83240e-02
Node 75, SINR:6.56521e-01, BpsHz:3.83240e-02
Node 104, SINR:6.56521e-01, BpsHz:3.83240e-02
Node 100, SINR:6.56521e-01, BpsHz:3.83240e-02
Node 79, SINR:6.56521e-01, BpsHz:3.83240e-02
---------------
==========Cluster 2, RcvInterf=1.68298e-13============
Node 46, SINR:0.00000e+00, BpsHz:0.00000e+00
Node 26, SINR:5.29632e-01, BpsHz:3.83240e-02
Node 83, SINR:5.29632e-01, BpsHz:3.83240e-02
Node 7, SINR:5.29632e-01, BpsHz:3.83240e-02
Node 71, SINR:5.29632e-01, BpsHz:3.83240e-02
Node 168, SINR:5.29632e-01, BpsHz:3.83240e-02
Node 77, SINR:5.29632e-01, BpsHz:3.83240e-02
Node 4, SINR:5.29632e-01, BpsHz:3.83240e-02
Node 36, SINR:5.29632e-01, BpsHz:3.83240e-02
Node 9, SINR:5.29632e-01, BpsHz:3.83240e-02
Node 5, SINR:5.29632e-01, BpsHz:3.83240e-02
Node 128, SINR:5.29632e-01, BpsHz:3.83240e-02
Node 17, SINR:5.29632e-01, BpsHz:3.83240e-02
Node 37, SINR:5.29632e-01, BpsHz:3.83240e-02
Node 95, SINR:5.29632e-01, BpsHz:3.83240e-02
Node 105, SINR:5.29632e-01, BpsHz:3.83240e-02
Node 69, SINR:5.29632e-01, BpsHz:3.83240e-02
---------------
==========Cluster 3, RcvInterf=7.55979e-14============
Node 94, SINR:0.00000e+00, BpsHz:0.00000e+00
Node 191, SINR:6.56521e-01, BpsHz:3.83240e-02
Node 163, SINR:6.56521e-01, BpsHz:3.83240e-02
Node 38, SINR:6.56521e-01, BpsHz:3.83240e-02
Node 55, SINR:6.56521e-01, BpsHz:3.83240e-02
Node 184, SINR:6.56521e-01, BpsHz:3.83240e-02
Node 86, SINR:6.56521e-01, BpsHz:3.83240e-02
Node 57, SINR:6.56521e-01, BpsHz:3.83240e-02
Node 58, SINR:6.56521e-01, BpsHz:3.83240e-02
Node 188, SINR:6.56521e-01, BpsHz:3.83240e-02
Node 134, SINR:6.56521e-01, BpsHz:3.83240e-02
Node 48, SINR:6.56521e-01, BpsHz:3.83240e-02
Node 112, SINR:6.56521e-01, BpsHz:3.83240e-02
Node 78, SINR:6.56521e-01, BpsHz:3.83240e-02
Node 21, SINR:6.56521e-01, BpsHz:3.83240e-02
Node 39, SINR:6.56521e-01, BpsHz:3.83240e-02
Node 15, SINR:6.56521e-01, BpsHz:3.83240e-02
Node 136, SINR:6.56521e-01, BpsHz:3.83240e-02
Node 8, SINR:6.56521e-01, BpsHz:3.83240e-02
Node 1, SINR:6.56521e-01, BpsHz:3.83240e-02
---------------
==========Cluster 4, RcvInterf=7.59910e-14============
Node 11, SINR:0.00000e+00, BpsHz:0.00000e+00
Node 50, SINR:4.12462e-01, BpsHz:3.83240e-02
Node 176, SINR:4.12462e-01, BpsHz:3.83240e-02
Node 183, SINR:4.12462e-01, BpsHz:3.83240e-02
Node 186, SINR:4.12462e-01, BpsHz:3.83240e-02
Node 150, SINR:4.12462e-01, BpsHz:3.83240e-02
Node 6, SINR:4.12462e-01, BpsHz:3.83240e-02
Node 121, SINR:4.12462e-01, BpsHz:3.83240e-02
Node 118, SINR:4.12462e-01, BpsHz:3.83240e-02
Node 147, SINR:4.12462e-01, BpsHz:3.83240e-02
Node 97, SINR:4.12462e-01, BpsHz:3.83240e-02
Node 66, SINR:4.12462e-01, BpsHz:3.83240e-02
Node 28, SINR:4.12462e-01, BpsHz:3.83240e-02
Node 124, SINR:4.12462e-01, BpsHz:3.83240e-02
---------------
==========Cluster 5, RcvInterf=1.09149e-13============
Node 180, SINR:0.00000e+00, BpsHz:0.00000e+00
Node 56, SINR:6.13096e-01, BpsHz:3.83240e-02
Node 138, SINR:6.13096e-01, BpsHz:3.83240e-02
Node 96, SINR:6.13096e-01, BpsHz:3.83240e-02
Node 73, SINR:6.13096e-01, BpsHz:3.83240e-02
Node 119, SINR:6.13096e-01, BpsHz:3.83240e-02
Node 62, SINR:6.13096e-01, BpsHz:3.83240e-02
Node 3, SINR:6.13096e-01, BpsHz:3.83240e-02
Node 181, SINR:6.13096e-01, BpsHz:3.83240e-02
Node 135, SINR:6.13096e-01, BpsHz:3.83240e-02
Node 139, SINR:6.13096e-01, BpsHz:3.83240e-02
Node 91, SINR:6.13096e-01, BpsHz:3.83240e-02
Node 174, SINR:6.13096e-01, BpsHz:3.83240e-02
Node 145, SINR:6.13096e-01, BpsHz:3.83240e-02
Node 152, SINR:6.13096e-01, BpsHz:3.83240e-02
Node 140, SINR:6.13096e-01, BpsHz:3.83240e-02
Node 115, SINR:6.13096e-01, BpsHz:3.83240e-02
Node 2, SINR:6.13096e-01, BpsHz:3.83240e-02
Node 27, SINR:6.13096e-01, BpsHz:3.83240e-02
---------------
==========Cluster 6, RcvInterf=6.06933e-14============
Node 24, SINR:0.00000e+00, BpsHz:0.00000e+00
Node 159, SINR:5.29632e-01, BpsHz:3.83240e-02
Node 70, SINR:5.29632e-01, BpsHz:3.83240e-02
Node 76, SINR:5.29632e-01, BpsHz:3.83240e-02
Node 164, SINR:5.29632e-01, BpsHz:3.83240e-02
Node 32, SINR:5.29632e-01, BpsHz:3.83240e-02
Node 156, SINR:5.29632e-01, BpsHz:3.83240e-02
Node 22, SINR:5.29632e-01, BpsHz:3.83240e-02
Node 12, SINR:5.29632e-01, BpsHz:3.83240e-02
Node 82, SINR:5.29632e-01, BpsHz:3.83240e-02
Node 187, SINR:5.29632e-01, BpsHz:3.83240e-02
Node 123, SINR:5.29632e-01, BpsHz:3.83240e-02
Node 143, SINR:5.29632e-01, BpsHz:3.83240e-02
Node 103, SINR:5.29632e-01, BpsHz:3.83240e-02
Node 142, SINR:5.29632e-01, BpsHz:3.83240e-02
Node 117, SINR:5.29632e-01, BpsHz:3.83240e-02
Node 133, SINR:5.29632e-01, BpsHz:3.83240e-02
---------------
==========Cluster 7, RcvInterf=1.25532e-13============
Node 74, SINR:0.00000e+00, BpsHz:0.00000e+00
Node 63, SINR:6.13096e-01, BpsHz:3.83240e-02
Node 80, SINR:6.13096e-01, BpsHz:3.83240e-02
Node 111, SINR:6.13096e-01, BpsHz:3.83240e-02
Node 84, SINR:6.13096e-01, BpsHz:3.83240e-02
Node 185, SINR:6.13096e-01, BpsHz:3.83240e-02
Node 126, SINR:6.13096e-01, BpsHz:3.83240e-02
Node 190, SINR:6.13096e-01, BpsHz:3.83240e-02
Node 92, SINR:6.13096e-01, BpsHz:3.83240e-02
Node 107, SINR:6.13096e-01, BpsHz:3.83240e-02
Node 52, SINR:6.13096e-01, BpsHz:3.83240e-02
Node 154, SINR:6.13096e-01, BpsHz:3.83240e-02
Node 141, SINR:6.13096e-01, BpsHz:3.83240e-02
Node 98, SINR:6.13096e-01, BpsHz:3.83240e-02
Node 10, SINR:6.13096e-01, BpsHz:3.83240e-02
Node 42, SINR:6.13096e-01, BpsHz:3.83240e-02
Node 175, SINR:6.13096e-01, BpsHz:3.83240e-02
Node 173, SINR:6.13096e-01, BpsHz:3.83240e-02
Node 29, SINR:6.13096e-01, BpsHz:3.83240e-02
---------------
==========Cluster 8, RcvInterf=1.01549e-13============
Node 59, SINR:0.00000e+00, BpsHz:0.00000e+00
Node 171, SINR:7.46909e-01, BpsHz:3.83240e-02
Node 193, SINR:7.46909e-01, BpsHz:3.83240e-02
Node 125, SINR:7.46909e-01, BpsHz:3.83240e-02
Node 41, SINR:7.46909e-01, BpsHz:3.83240e-02
Node 120, SINR:7.46909e-01, BpsHz:3.83240e-02
Node 155, SINR:7.46909e-01, BpsHz:3.83240e-02
Node 110, SINR:7.46909e-01, BpsHz:3.83240e-02
Node 148, SINR:7.46909e-01, BpsHz:3.83240e-02
Node 43, SINR:7.46909e-01, BpsHz:3.83240e-02
Node 31, SINR:7.46909e-01, BpsHz:3.83240e-02
Node 167, SINR:7.46909e-01, BpsHz:3.83240e-02
Node 144, SINR:7.46909e-01, BpsHz:3.83240e-02
Node 89, SINR:7.46909e-01, BpsHz:3.83240e-02
Node 90, SINR:7.46909e-01, BpsHz:3.83240e-02
Node 101, SINR:7.46909e-01, BpsHz:3.83240e-02
Node 67, SINR:7.46909e-01, BpsHz:3.83240e-02
Node 192, SINR:7.46909e-01, BpsHz:3.83240e-02
Node 162, SINR:7.46909e-01, BpsHz:3.83240e-02
Node 25, SINR:7.46909e-01, BpsHz:3.83240e-02
Node 157, SINR:7.46909e-01, BpsHz:3.83240e-02
Node 47, SINR:7.46909e-01, BpsHz:3.83240e-02
---------------
==========Cluster 9, RcvInterf=1.57455e-13============
Node 23, SINR:0.00000e+00, BpsHz:0.00000e+00
Node 137, SINR:3.39379e-01, BpsHz:3.83240e-02
Node 127, SINR:3.39379e-01, BpsHz:3.83240e-02
Node 116, SINR:3.39379e-01, BpsHz:3.83240e-02
Node 170, SINR:3.39379e-01, BpsHz:3.83240e-02
Node 166, SINR:3.39379e-01, BpsHz:3.83240e-02
Node 44, SINR:3.39379e-01, BpsHz:3.83240e-02
Node 172, SINR:3.39379e-01, BpsHz:3.83240e-02
Node 113, SINR:3.39379e-01, BpsHz:3.83240e-02
Node 14, SINR:3.39379e-01, BpsHz:3.83240e-02
Node 169, SINR:3.39379e-01, BpsHz:3.83240e-02
Node 35, SINR:3.39379e-01, BpsHz:3.83240e-02
---------------
==========Cluster 10, RcvInterf=1.07169e-13============
Node 60, SINR:0.00000e+00, BpsHz:0.00000e+00
Node 45, SINR:2.04361e-01, BpsHz:3.83240e-02
Node 99, SINR:2.04361e-01, BpsHz:3.83240e-02
Node 53, SINR:2.04361e-01, BpsHz:3.83240e-02
Node 131, SINR:2.04361e-01, BpsHz:3.83240e-02
Node 114, SINR:2.04361e-01, BpsHz:3.83240e-02
Node 64, SINR:2.04361e-01, BpsHz:3.83240e-02
Node 108, SINR:2.04361e-01, BpsHz:3.83240e-02
---------------
195
11
1.000000e-03
1.903818e-303
175
3000
1.635361e+01
1.626282e+00
1.635361e-05
1.266964e-06
0 0 0 0 0 0 0 0 0 0 0 0 0 1 0 0 1 0 0 1 1 0 0 0 0 0 0 0 0 0 0 0 0 0 1 0 0 0 0 0 1 0 0 0 0 0 0 0 0 0 0 0 0 0 0 0 0 0 0 0 0 0 1 0 0 1 0 0 0 0 0 0 0 1 0 1 0 0 0 0 0 0 0 0 0 1 0 0 1 0 0 1 0 0 0 0 0 0 0 0 0 0 1 0 0 0 0 0 0 0 0 0 0 0 0 1 0 0 0 0 0 0 0 0 0 0 0 0 0 0 0 0 0 0 0 1 0 0 1 1 1 0 0 0 0 0 0 0 0 0 0 0 1 0 0 0 0 0 1 0 0 1 0 0 0 0 0 0 0 0 0 0 0 0 0 0 0 0 0 0 1 1 1 0 0 0 0 0 0 0 0 0 0 0 0 
0 0 0 0 0 0 0 0 0 0 0 0 1 0 0 0 0 0 0 0 0 0 0 0 1 0 0 0 0 0 0 0 0 0 0 0 0 0 0 0 0 0 0 0 0 0 0 0 0 0 0 0 0 0 0 0 0 0 0 0 0 0 0 0 0 0 0 0 0 0 1 0 0 0 0 0 1 0 0 0 0 0 1 0 0 0 0 0 0 0 0 0 0 0 0 0 0 0 0 0 0 0 0 0 0 0 0 0 0 0 0 0 0 0 0 0 0 1 0 0 0 0 0 1 0 0 0 0 0 0 0 0 0 0 0 0 0 0 0 0 0 0 1 1 0 0 0 0 0 0 0 0 0 0 0 0 1 0 0 1 0 0 0 0 0 0 0 0 0 0 0 0 0 0 0 0 0 0 0 0 0 0 0 0 0 0 0 0 0 0 0 0 0 0 0 
0 0 1 0 0 0 0 0 0 0 0 0 0 0 0 0 0 0 0 0 0 0 0 0 0 0 0 0 0 1 0 0 0 0 0 0 0 0 0 0 0 0 1 0 0 0 0 0 0 0 0 0 0 0 0 0 0 0 0 0 0 1 0 0 0 0 0 0 0 0 0 0 0 0 1 0 0 0 0 0 0 0 0 0 0 0 0 0 0 0 0 0 0 0 0 0 0 0 0 0 0 0 0 0 0 0 0 1 0 0 0 1 0 0 0 0 0 0 0 1 0 0 0 0 0 0 0 0 0 0 0 0 0 0 0 0 0 0 0 0 0 0 0 0 0 1 0 0 0 0 0 0 0 0 0 0 0 0 0 0 0 0 0 0 0 0 0 0 0 0 0 0 0 1 1 0 0 0 0 0 0 0 0 0 0 0 0 0 0 0 1 0 0 0 0 
1 0 0 0 0 0 0 0 0 0 0 0 0 0 0 0 0 0 0 0 0 0 0 0 0 0 0 0 0 0 0 1 0 0 0 0 0 0 0 0 0 1 0 1 0 0 0 0 0 0 0 0 0 0 0 0 0 0 0 1 0 0 0 0 0 0 0 0 0 0 0 0 0 0 0 0 0 0 0 0 0 0 0 0 0 0 0 0 0 0 1 0 0 1 0 0 0 0 0 0 0 1 0 0 0 0 0 0 0 0 1 0 0 0 0 0 0 0 0 0 0 0 0 0 0 1 0 0 0 0 0 0 0 0 0 0 0 0 0 0 0 0 0 0 1 0 0 0 1 0 0 0 0 0 0 0 0 1 0 0 0 0 1 0 0 0 0 1 0 0 0 0 0 0 0 0 0 0 0 0 0 0 0 0 0 0 0 0 0 0 0 0 0 0 0 
0 0 0 0 0 0 0 0 0 0 0 0 0 0 1 0 0 0 0 0 0 0 0 1 0 0 0 1 0 0 0 0 0 0 0 1 0 0 0 0 0 0 0 0 1 0 0 0 0 0 0 0 0 0 0 0 0 0 0 0 0 0 0 0 0 0 0 0 0 0 0 0 0 0 0 0 0 0 0 0 0 0 0 0 0 0 0 0 0 0 0 0 0 0 0 0 0 0 0 0 0 0 0 0 0 0 0 0 0 0 0 0 0 1 0 0 1 0 0 0 0 0 0 0 0 0 0 1 0 0 0 0 0 0 0 0 0 1 0 0 0 0 0 0 0 0 0 0 0 0 0 0 0 0 0 0 0 0 0 0 0 0 0 0 0 0 1 0 0 1 1 0 1 0 0 0 0 0 0 0 0 0 0 0 0 0 0 0 0 0 0 0 0 0 0 
0 0 0 0 0 0 0 0 0 0 0 0 0 0 0 0 0 0 0 0 0 0 0 0 0 0 0 0 0 0 0 0 0 0 0 0 0 1 0 0 0 0 0 0 0 1 0 0 0 0 0 0 0 0 0 0 0 0 0 0 1 0 0 0 1 0 0 0 0 0 0 0 1 0 0 0 0 0 0 0 0 0 0 0 0 0 0 0 0 0 0 0 0 0 0 0 0 0 0 0 0 0 0 0 0 0 0 0 1 0 0 0 0 0 1 0 0 0 0 0 0 0 0 0 0 0 0 0 0 0 0 1 0 0 0 0 0 0 0 0 0 0 0 0 0 0 0 0 0 0 0 0 0 0 0 0 0 0 0 0 0 0 0 0 0 0 0 0 0 0 0 0 0 0 0 0 0 0 0 0 0 0 0 0 0 0 0 0 0 0 0 0 0 0 0 
0 0 0 0 1 1 0 1 0 1 0 0 0 0 0 0 0 1 0 0 0 0 0 0 0 0 1 0 0 0 0 0 0 0 0 0 1 0 0 0 0 0 0 0 0 0 1 0 0 0 0 0 0 0 1 0 0 0 0 0 0 0 0 0 0 0 0 0 0 1 0 1 0 0 0 0 0 1 0 1 0 1 0 1 0 0 0 1 0 0 0 0 0 0 0 1 0 0 0 0 1 0 0 0 1 1 0 0 0 0 0 0 0 0 0 0 0 0 0 0 0 0 0 0 0 0 0 0 1 0 0 0 0 0 0 0 0 0 0 0 0 0 0 0 0 0 0 0 0 0 0 0 0 0 0 0 0 0 0 0 1 0 0 0 0 0 0 0 1 0 0 0 0 0 0 0 0 0 0 0 0 0 0 0 0 0 0 0 0 0 0 0 0 0 0 
0 0 0 0 0 0 0 0 0 0 1 0 0 0 0 0 0 0 0 0 0 0 0 0 0 1 0 0 0 0 0 0 0 0 0 0 0 0 0 0 0 0 0 0 0 0 0 1 0 0 0 0 1 0 0 0 0 0 0 0 0 0 0 1 0 0 0 1 0 0 0 0 0 0 0 0 0 0 0 0 1 0 0 0 0 0 0 0 0 1 0 0 1 0 0 0 0 0 1 0 0 0 0 0 0 0 0 0 0 0 0 0 0 0 0 0 0 0 0 0 1 0 0 0 0 0 1 0 0 0 0 0 0 0 0 0 0 0 0 0 0 1 0 0 0 0 0 0 0 0 0 0 0 0 1 1 0 0 0 0 0 0 0 0 0 0 0 0 0 0 0 1 0 0 0 1 0 0 0 0 0 0 0 0 0 1 0 0 0 0 0 0 1 1 0 
0 1 0 0 0 0 0 0 0 0 0 0 0 0 0 1 0 0 0 0 0 1 0 0 0 0 0 0 0 0 0 0 0 0 0 0 0 0 1 1 0 0 0 0 0 0 0 0 1 0 0 0 0 0 0 1 0 1 1 0 0 0 0 0 0 0 0 0 0 0 0 0 0 0 0 0 0 0 1 0 0 0 0 0 0 0 1 0 0 0 0 0 0 0 1 0 0 0 0 0 0 0 0 0 0 0 0 0 0 0 0 0 1 0 0 0 0 0 0 0 0 0 0 0 1 0 0 0 0 0 0 0 0 0 1 0 1 0 0 0 0 0 0 0 0 0 0 0 0 0 0 0 0 0 0 0 0 0 0 0 0 0 0 1 0 0 0 0 0 0 0 0 0 0 0 0 0 0 0 0 0 0 0 0 1 0 0 0 1 0 0 1 0 0 0 
0 0 0 0 0 0 0 0 0 0 0 0 0 0 0 0 0 0 1 0 0 0 0 0 0 0 0 0 0 0 0 0 0 1 0 0 0 0 0 0 0 0 0 0 0 0 0 0 0 1 0 1 0 0 0 0 0 0 0 0 0 0 0 0 0 0 0 0 1 0 0 0 0 0 0 0 0 0 0 0 0 0 0 0 0 0 0 0 0 0 0 0 0 0 0 0 0 0 0 0 0 0 0 0 0 0 1 0 0 1 0 0 0 0 0 0 0 0 0 0 0 0 1 0 0 0 0 0 0 1 1 0 1 0 0 0 0 0 0 0 0 0 0 0 0 0 1 0 0 1 0 0 0 0 0 0 0 0 0 0 0 0 0 0 0 1 0 0 0 0 0 0 0 0 0 0 0 1 1 1 0 0 0 0 0 0 0 0 0 1 0 0 0 0 1 
0 0 0 0 0 0 1 0 0 0 0 1 0 0 0 0 0 0 0 0 0 0 1 0 0 0 0 0 1 0 1 0 1 0 0 0 0 0 0 0 0 0 0 0 0 0 0 0 0 0 1 0 0 0 0 0 0 0 0 0 0 0 0 0 0 0 1 0 0 0 0 0 0 0 0 0 0 0 0 0 0 0 0 0 0 0 0 0 0 0 0 0 0 0 0 0 0 1 0 0 0 0 0 1 0 0 0 0 0 0 0 0 0 0 0 0 0 0 1 0 0 1 0 0 0 0 0 0 0 0 0 0 0 0 0 0 0 0 0 0 0 0 0 0 0 0 0 1 0 0 1 1 0 1 0 0 0 0 0 0 0 0 0 0 1 0 0 0 0 0 0 0 0 0 0 0 1 0 0 0 0 0 0 1 0 0 1 0 0 0 0 0 0 0 0 
159 144 191 126 24 46 96 99 185 150 122 
7.631813E-05 7.902327E-05 2.725082E-06 0.000000E+00 4.661200E-05 5.650620E-06 9.279587E-05 5.423485E-06 0.000000E+00 3.924323E-05 3.200670E-05 7.485085E-07 5.582821E-05 3.922646E-04 6.963277E-06 3.537855E-05 1.939256E-04 1.240283E-05 4.334736E-05 1.028888E-04 2.050173E-04 6.819936E-06 8.001630E-05 0.000000E+00 2.613813E-06 3.351740E-04 5.332346E-06 7.669619E-05 3.101141E-06 3.868057E-05 2.981819E-05 5.407345E-05 3.651665E-05 5.263681E-06 3.104564E-04 1.585644E-05 3.396653E-05 3.953493E-06 1.475605E-06 3.831576E-05 6.079220E-05 3.832366E-05 2.163298E-06 2.509544E-06 1.778232E-05 0.000000E+00 1.820488E-05 8.987734E-05 7.295934E-06 1.651624E-05 3.106654E-06 7.138700E-05 9.411058E-04 0.000000E+00 9.553882E-04 2.985406E-04 0.000000E+00 6.111379E-05 1.567693E-05 6.515262E-06 7.546052E-07 1.627102E-05 9.993486E-04 1.863465E-04 3.518594E-07 1.942638E-04 2.632656E-05 2.531015E-05 3.217522E-05 7.976667E-05 2.110814E-05 1.927373E-06 3.498556E-06 1.149641E-05 1.469100E-04 1.999796E-04 6.828202E-06 2.335334E-04 8.352576E-06 1.041599E-04 1.604535E-04 1.136259E-04 4.061704E-06 6.374542E-07 0.000000E+00 2.954896E-05 3.115597E-05 2.934237E-05 1.034070E-04 1.216763E-04 8.001683E-07 2.115101E-06 2.072251E-04 3.296293E-04 1.685647E-06 0.000000E+00 0.000000E+00 1.718971E-05 0.000000E+00 0.000000E+00 7.833220E-05 1.296142E-04 8.175777E-05 1.793616E-04 2.822125E-05 2.030696E-04 8.298318E-05 3.022218E-05 1.657255E-05 9.249730E-05 8.160463E-07 1.264530E-04 7.608917E-08 4.241548E-07 3.103222E-05 1.845549E-04 9.235556E-06 6.599530E-05 5.851804E-05 4.590036E-05 1.438280E-04 0.000000E+00 3.618628E-05 4.588355E-07 3.130735E-04 0.000000E+00 7.460894E-05 4.018945E-06 1.254354E-07 2.054487E-05 2.323048E-06 5.651429E-06 7.361508E-05 0.000000E+00 2.856999E-05 6.486543E-06 7.013941E-05 1.809537E-06 6.318181E-04 7.523869E-06 6.680717E-07 2.337169E-06 1.770882E-05 0.000000E+00 1.028040E-05 1.253712E-04 2.583436E-05 1.824101E-06 6.295809E-06 0.000000E+00 1.724745E-06 3.151254E-04 1.812474E-04 1.030199E-04 7.540652E-05 1.497807E-05 5.688094E-07 1.486698E-04 0.000000E+00 1.122823E-06 1.322025E-04 1.349279E-04 1.318022E-05 5.154258E-05 5.318339E-05 1.617691E-04 3.418318E-06 1.929363E-05 1.433620E-04 8.804629E-06 1.500591E-06 3.050042E-04 1.353509E-05 2.983991E-07 3.084388E-05 2.682824E-05 5.491358E-05 1.365951E-05 1.457960E-06 8.355074E-06 1.578589E-04 2.546493E-05 1.401575E-05 2.000924E-04 0.000000E+00 9.512550E-06 7.516339E-05 0.000000E+00 3.387280E-06 1.091305E-04 0.000000E+00 2.419660E-04 2.224312E-04 1.694571E-04 1.080453E-05 
159 141 136 162 92 140 182 41 86 14 139 181 103 21 153 66 89 183 116 20 63 74 17 76 35 
144 25 160 124 83 77 71 157 13 143 118 
191 3 43 174 108 30 175 120 112 62 146 75 
126 149 42 91 163 145 60 168 44 111 158 32 1 102 94 
24 171 114 128 45 167 117 15 138 170 173 36 28 
46 132 61 73 109 115 65 38 
96 27 6 105 101 84 88 18 72 8 161 82 70 5 129 37 55 47 80 106 10 169 78 
99 186 142 11 156 68 48 64 127 93 194 121 81 176 155 90 26 193 53 172 
185 95 113 189 16 59 137 49 40 135 58 2 125 87 22 79 39 164 192 56 
150 179 34 180 131 195 19 52 178 69 147 110 50 123 130 133 190 166 107 
122 12 29 187 148 7 151 177 98 51 67 31 184 154 119 33 23 165 104 152 

============Find Best @ Round 1845================
==========Cluster 0, RcvInterf=8.51714e-14============
Node 158, SINR:0.00000e+00, BpsHz:0.00000e+00
Node 140, SINR:7.69971e-01, BpsHz:3.43219e-02
Node 135, SINR:7.69971e-01, BpsHz:3.43219e-02
Node 161, SINR:7.69971e-01, BpsHz:3.43219e-02
Node 91, SINR:7.69971e-01, BpsHz:3.43219e-02
Node 139, SINR:7.69971e-01, BpsHz:3.43219e-02
Node 181, SINR:7.69971e-01, BpsHz:3.43219e-02
Node 40, SINR:7.69971e-01, BpsHz:3.43219e-02
Node 85, SINR:7.69971e-01, BpsHz:3.43219e-02
Node 13, SINR:7.69971e-01, BpsHz:3.43219e-02
Node 138, SINR:7.69971e-01, BpsHz:3.43219e-02
Node 180, SINR:7.69971e-01, BpsHz:3.43219e-02
Node 102, SINR:7.69971e-01, BpsHz:3.43219e-02
Node 20, SINR:7.69971e-01, BpsHz:3.43219e-02
Node 152, SINR:7.69971e-01, BpsHz:3.43219e-02
Node 65, SINR:7.69971e-01, BpsHz:3.43219e-02
Node 88, SINR:7.69971e-01, BpsHz:3.43219e-02
Node 182, SINR:7.69971e-01, BpsHz:3.43219e-02
Node 115, SINR:7.69971e-01, BpsHz:3.43219e-02
Node 19, SINR:7.69971e-01, BpsHz:3.43219e-02
Node 62, SINR:7.69971e-01, BpsHz:3.43219e-02
Node 73, SINR:7.69971e-01, BpsHz:3.43219e-02
Node 16, SINR:7.69971e-01, BpsHz:3.43219e-02
Node 75, SINR:7.69971e-01, BpsHz:3.43219e-02
Node 34, SINR:7.69971e-01, BpsHz:3.43219e-02
---------------
==========Cluster 1, RcvInterf=4.68007e-14============
Node 143, SINR:0.00000e+00, BpsHz:0.00000e+00
Node 24, SINR:2.68584e-01, BpsHz:3.43219e-02
Node 159, SINR:2.68584e-01, BpsHz:3.43219e-02
Node 123, SINR:2.68584e-01, BpsHz:3.43219e-02
Node 82, SINR:2.68584e-01, BpsHz:3.43219e-02
Node 76, SINR:2.68584e-01, BpsHz:3.43219e-02
Node 70, SINR:2.68584e-01, BpsHz:3.43219e-02
Node 156, SINR:2.68584e-01, BpsHz:3.43219e-02
Node 12, SINR:2.68584e-01, BpsHz:3.43219e-02
Node 142, SINR:2.68584e-01, BpsHz:3.43219e-02
Node 117, SINR:2.68584e-01, BpsHz:3.43219e-02
---------------
==========Cluster 2, RcvInterf=1.51881e-13============
Node 190, SINR:0.00000e+00, BpsHz:0.00000e+00
Node 2, SINR:2.99126e-01, BpsHz:3.43219e-02
Node 42, SINR:2.99126e-01, BpsHz:3.43219e-02
Node 173, SINR:2.99126e-01, BpsHz:3.43219e-02
Node 107, SINR:2.99126e-01, BpsHz:3.43219e-02
Node 29, SINR:2.99126e-01, BpsHz:3.43219e-02
Node 174, SINR:2.99126e-01, BpsHz:3.43219e-02
Node 119, SINR:2.99126e-01, BpsHz:3.43219e-02
Node 111, SINR:2.99126e-01, BpsHz:3.43219e-02
Node 61, SINR:2.99126e-01, BpsHz:3.43219e-02
Node 145, SINR:2.99126e-01, BpsHz:3.43219e-02
Node 74, SINR:2.99126e-01, BpsHz:3.43219e-02
---------------
==========Cluster 3, RcvInterf=1.83814e-13============
Node 125, SINR:0.00000e+00, BpsHz:0.00000e+00
Node 148, SINR:3.95234e-01, BpsHz:3.43219e-02
Node 41, SINR:3.95234e-01, BpsHz:3.43219e-02
Node 90, SINR:3.95233e-01, BpsHz:3.43219e-02
Node 162, SINR:3.95234e-01, BpsHz:3.43219e-02
Node 144, SINR:3.95234e-01, BpsHz:3.43219e-02
Node 59, SINR:3.95234e-01, BpsHz:3.43219e-02
Node 167, SINR:3.95234e-01, BpsHz:3.43219e-02
Node 43, SINR:3.95234e-01, BpsHz:3.43219e-02
Node 110, SINR:3.95234e-01, BpsHz:3.43219e-02
Node 157, SINR:3.95234e-01, BpsHz:3.43219e-02
Node 31, SINR:3.95234e-01, BpsHz:3.43219e-02
Node 0, SINR:3.95233e-01, BpsHz:3.43219e-02
Node 101, SINR:3.95234e-01, BpsHz:3.43219e-02
Node 93, SINR:3.95233e-01, BpsHz:3.43219e-02
---------------
==========Cluster 4, RcvInterf=5.27678e-14============
Node 23, SINR:0.00000e+00, BpsHz:0.00000e+00
Node 170, SINR:3.30402e-01, BpsHz:3.43219e-02
Node 113, SINR:3.30402e-01, BpsHz:3.43219e-02
Node 127, SINR:3.30402e-01, BpsHz:3.43219e-02
Node 44, SINR:3.30402e-01, BpsHz:3.43219e-02
Node 166, SINR:3.30402e-01, BpsHz:3.43219e-02
Node 116, SINR:3.30402e-01, BpsHz:3.43219e-02
Node 14, SINR:3.30403e-01, BpsHz:3.43219e-02
Node 137, SINR:3.30403e-01, BpsHz:3.43219e-02
Node 169, SINR:3.30402e-01, BpsHz:3.43219e-02
Node 172, SINR:3.30402e-01, BpsHz:3.43219e-02
Node 35, SINR:3.30402e-01, BpsHz:3.43219e-02
Node 27, SINR:3.30402e-01, BpsHz:3.43219e-02
---------------
==========Cluster 5, RcvInterf=1.12922e-13============
Node 45, SINR:0.00000e+00, BpsHz:0.00000e+00
Node 131, SINR:1.81200e-01, BpsHz:3.43219e-02
Node 60, SINR:1.81200e-01, BpsHz:3.43219e-02
Node 72, SINR:1.81200e-01, BpsHz:3.43219e-02
Node 108, SINR:1.81200e-01, BpsHz:3.43219e-02
Node 114, SINR:1.81200e-01, BpsHz:3.43219e-02
Node 64, SINR:1.81200e-01, BpsHz:3.43219e-02
Node 37, SINR:1.81200e-01, BpsHz:3.43219e-02
---------------
==========Cluster 6, RcvInterf=7.02554e-14============
Node 95, SINR:0.00000e+00, BpsHz:0.00000e+00
Node 26, SINR:6.87727e-01, BpsHz:3.43219e-02
Node 5, SINR:6.87727e-01, BpsHz:3.43219e-02
Node 104, SINR:6.87727e-01, BpsHz:3.43219e-02
Node 100, SINR:6.87727e-01, BpsHz:3.43219e-02
Node 83, SINR:6.87727e-01, BpsHz:3.43219e-02
Node 87, SINR:6.87727e-01, BpsHz:3.43219e-02
Node 17, SINR:6.87727e-01, BpsHz:3.43219e-02
Node 71, SINR:6.87727e-01, BpsHz:3.43219e-02
Node 7, SINR:6.87727e-01, BpsHz:3.43219e-02
Node 160, SINR:6.87727e-01, BpsHz:3.43219e-02
Node 81, SINR:6.87727e-01, BpsHz:3.43219e-02
Node 69, SINR:6.87727e-01, BpsHz:3.43219e-02
Node 4, SINR:6.87727e-01, BpsHz:3.43219e-02
Node 128, SINR:6.87727e-01, BpsHz:3.43219e-02
Node 36, SINR:6.87727e-01, BpsHz:3.43219e-02
Node 54, SINR:6.87727e-01, BpsHz:3.43219e-02
Node 46, SINR:6.87727e-01, BpsHz:3.43219e-02
Node 79, SINR:6.87727e-01, BpsHz:3.43219e-02
Node 105, SINR:6.87727e-01, BpsHz:3.43219e-02
Node 9, SINR:6.87727e-01, BpsHz:3.43219e-02
Node 168, SINR:6.87727e-01, BpsHz:3.43219e-02
Node 77, SINR:6.87727e-01, BpsHz:3.43219e-02
---------------
==========Cluster 7, RcvInterf=2.02997e-13============
Node 98, SINR:0.00000e+00, BpsHz:0.00000e+00
Node 185, SINR:5.71472e-01, BpsHz:3.43219e-02
Node 141, SINR:5.71472e-01, BpsHz:3.43219e-02
Node 10, SINR:5.71472e-01, BpsHz:3.43219e-02
Node 155, SINR:5.71472e-01, BpsHz:3.43219e-02
Node 67, SINR:5.71472e-01, BpsHz:3.43219e-02
Node 47, SINR:5.71472e-01, BpsHz:3.43219e-02
Node 63, SINR:5.71472e-01, BpsHz:3.43219e-02
Node 126, SINR:5.71472e-01, BpsHz:3.43219e-02
Node 92, SINR:5.71472e-01, BpsHz:3.43219e-02
Node 193, SINR:5.71472e-01, BpsHz:3.43219e-02
Node 120, SINR:5.71472e-01, BpsHz:3.43219e-02
Node 80, SINR:5.71472e-01, BpsHz:3.43219e-02
Node 175, SINR:5.71472e-01, BpsHz:3.43219e-02
Node 154, SINR:5.71472e-01, BpsHz:3.43219e-02
Node 89, SINR:5.71472e-01, BpsHz:3.43219e-02
Node 25, SINR:5.71472e-01, BpsHz:3.43219e-02
Node 192, SINR:5.71472e-01, BpsHz:3.43219e-02
Node 52, SINR:5.71472e-01, BpsHz:3.43219e-02
Node 171, SINR:5.71472e-01, BpsHz:3.43219e-02
---------------
==========Cluster 8, RcvInterf=3.42074e-14============
Node 184, SINR:0.00000e+00, BpsHz:0.00000e+00
Node 94, SINR:5.71472e-01, BpsHz:3.43219e-02
Node 112, SINR:5.71472e-01, BpsHz:3.43219e-02
Node 188, SINR:5.71472e-01, BpsHz:3.43219e-02
Node 15, SINR:5.71472e-01, BpsHz:3.43219e-02
Node 58, SINR:5.71472e-01, BpsHz:3.43219e-02
Node 136, SINR:5.71472e-01, BpsHz:3.43219e-02
Node 48, SINR:5.71472e-01, BpsHz:3.43219e-02
Node 39, SINR:5.71472e-01, BpsHz:3.43219e-02
Node 134, SINR:5.71472e-01, BpsHz:3.43219e-02
Node 57, SINR:5.71472e-01, BpsHz:3.43219e-02
Node 1, SINR:5.71472e-01, BpsHz:3.43219e-02
Node 124, SINR:5.71472e-01, BpsHz:3.43219e-02
Node 86, SINR:5.71472e-01, BpsHz:3.43219e-02
Node 21, SINR:5.71472e-01, BpsHz:3.43219e-02
Node 78, SINR:5.71472e-01, BpsHz:3.43219e-02
Node 38, SINR:5.71472e-01, BpsHz:3.43219e-02
Node 163, SINR:5.71472e-01, BpsHz:3.43219e-02
Node 191, SINR:5.71472e-01, BpsHz:3.43219e-02
Node 55, SINR:5.71472e-01, BpsHz:3.43219e-02
---------------
==========Cluster 9, RcvInterf=3.99160e-14============
Node 149, SINR:0.00000e+00, BpsHz:0.00000e+00
Node 178, SINR:5.34527e-01, BpsHz:3.43219e-02
Node 33, SINR:5.34527e-01, BpsHz:3.43219e-02
Node 179, SINR:5.34527e-01, BpsHz:3.43219e-02
Node 130, SINR:5.34527e-01, BpsHz:3.43219e-02
Node 194, SINR:5.34527e-01, BpsHz:3.43219e-02
Node 18, SINR:5.34527e-01, BpsHz:3.43219e-02
Node 51, SINR:5.34527e-01, BpsHz:3.43219e-02
Node 177, SINR:5.34527e-01, BpsHz:3.43219e-02
Node 68, SINR:5.34527e-01, BpsHz:3.43219e-02
Node 146, SINR:5.34527e-01, BpsHz:3.43219e-02
Node 109, SINR:5.34527e-01, BpsHz:3.43219e-02
Node 49, SINR:5.34527e-01, BpsHz:3.43219e-02
Node 122, SINR:5.34527e-01, BpsHz:3.43219e-02
Node 129, SINR:5.34527e-01, BpsHz:3.43219e-02
Node 132, SINR:5.34527e-01, BpsHz:3.43219e-02
Node 189, SINR:5.34527e-01, BpsHz:3.43219e-02
Node 165, SINR:5.34527e-01, BpsHz:3.43219e-02
Node 106, SINR:5.34527e-01, BpsHz:3.43219e-02
---------------
==========Cluster 10, RcvInterf=4.76542e-14============
Node 121, SINR:0.00000e+00, BpsHz:0.00000e+00
Node 11, SINR:5.71472e-01, BpsHz:3.43219e-02
Node 28, SINR:5.71472e-01, BpsHz:3.43219e-02
Node 186, SINR:5.71472e-01, BpsHz:3.43219e-02
Node 147, SINR:5.71472e-01, BpsHz:3.43219e-02
Node 6, SINR:5.71472e-01, BpsHz:3.43219e-02
Node 150, SINR:5.71472e-01, BpsHz:3.43219e-02
Node 176, SINR:5.71472e-01, BpsHz:3.43219e-02
Node 97, SINR:5.71472e-01, BpsHz:3.43219e-02
Node 50, SINR:5.71472e-01, BpsHz:3.43219e-02
Node 66, SINR:5.71472e-01, BpsHz:3.43219e-02
Node 30, SINR:5.71472e-01, BpsHz:3.43219e-02
Node 183, SINR:5.71472e-01, BpsHz:3.43219e-02
Node 153, SINR:5.71472e-01, BpsHz:3.43219e-02
Node 118, SINR:5.71472e-01, BpsHz:3.43219e-02
Node 32, SINR:5.71472e-01, BpsHz:3.43219e-02
Node 22, SINR:5.71472e-01, BpsHz:3.43219e-02
Node 164, SINR:5.71472e-01, BpsHz:3.43219e-02
Node 103, SINR:5.71472e-01, BpsHz:3.43219e-02
Node 151, SINR:5.71472e-01, BpsHz:3.43219e-02
---------------
