195
11
1.000000e-03
2.291159e-303
175
3000
1.418271e+01
1.645203e+00
1.418271e-05
1.043250e-06
0 0 0 0 0 0 0 0 0 0 0 0 0 0 0 0 0 0 0 0 0 0 0 0 0 0 0 0 0 0 0 0 0 0 0 0 0 0 0 0 0 0 0 0 0 0 0 0 0 0 0 0 1 0 0 1 0 0 0 0 0 0 0 1 0 0 0 0 0 0 0 0 0 0 1 0 0 0 0 0 0 0 0 0 1 0 0 0 0 0 0 0 1 0 0 0 0 0 0 0 0 0 0 0 0 0 0 1 0 0 0 1 0 0 0 0 0 0 0 0 0 0 1 0 0 0 1 0 0 0 0 0 0 0 0 0 0 0 0 0 0 0 0 0 0 0 0 0 0 0 0 0 0 0 0 0 0 0 0 0 0 0 0 0 0 0 0 0 0 0 0 0 0 0 0 0 0 0 0 0 0 0 0 0 0 0 0 0 0 0 0 1 0 0 0 
0 0 0 0 0 0 0 0 0 0 0 0 1 0 0 0 0 0 0 0 0 0 1 0 1 0 0 0 0 0 0 0 1 0 0 0 0 0 0 0 0 0 0 0 0 0 0 0 0 0 0 0 0 0 0 0 0 0 0 0 0 0 0 0 0 0 0 0 0 0 1 0 0 0 0 0 1 0 0 0 0 0 1 0 0 0 0 0 0 0 0 0 0 0 0 0 0 0 0 0 0 0 0 1 0 0 0 0 0 0 0 0 0 0 0 0 0 0 0 0 0 0 0 1 0 0 0 0 0 0 0 0 0 0 0 0 0 0 0 0 0 0 0 1 0 0 0 0 0 0 0 1 0 0 0 0 1 0 0 1 0 0 0 0 1 0 0 0 0 0 0 0 0 0 0 0 0 0 0 0 0 0 0 0 0 0 0 1 0 0 0 0 0 0 0 
0 1 0 0 0 0 1 0 0 0 0 1 0 0 0 0 0 0 0 0 0 1 0 0 0 0 0 0 1 0 1 0 0 0 0 0 0 0 0 0 0 0 0 0 0 0 0 0 1 0 1 0 0 0 0 0 0 0 0 0 0 0 0 0 0 0 1 0 0 0 0 0 0 0 0 0 0 0 1 0 0 0 0 0 0 0 0 0 0 0 0 0 0 0 0 0 0 1 0 0 0 0 0 0 0 0 0 0 0 0 0 0 0 0 0 0 0 0 1 0 0 1 0 0 1 0 0 0 0 0 0 0 0 0 0 0 0 0 0 0 0 0 0 0 0 0 0 1 0 0 1 0 0 1 0 0 0 0 0 0 0 0 0 1 0 0 0 0 0 0 0 0 0 0 0 0 1 0 0 0 0 0 0 1 0 0 1 0 0 0 0 0 0 0 0 
0 0 0 0 0 0 0 0 0 0 0 0 0 0 0 0 0 0 0 0 0 0 0 0 0 0 0 0 0 0 0 1 0 0 0 0 0 0 0 0 0 1 0 1 0 0 0 0 0 0 0 0 0 0 0 0 0 0 0 1 0 0 0 0 0 0 0 0 0 0 0 0 0 0 0 0 0 0 0 0 0 0 0 0 0 0 0 0 0 0 1 0 0 0 0 0 0 0 0 0 0 0 0 0 0 0 0 0 0 0 1 0 0 0 0 0 0 1 0 0 0 0 0 0 0 1 0 0 0 0 0 0 0 1 0 0 0 0 0 0 0 0 1 0 1 0 0 0 1 0 0 0 0 0 0 0 0 1 0 0 0 0 1 0 0 0 0 1 0 0 0 0 0 0 0 0 0 0 0 0 0 0 0 0 0 0 0 0 0 0 0 0 0 0 0 
0 0 0 0 0 0 0 0 0 0 1 0 0 0 0 0 0 0 0 0 0 0 0 0 0 1 0 0 0 0 0 0 0 0 0 0 0 0 0 0 0 0 0 0 0 0 0 1 0 0 0 0 0 0 0 0 0 0 0 0 0 0 0 0 0 0 0 1 0 0 0 0 0 0 0 0 0 0 0 0 1 0 0 0 0 0 0 0 0 1 0 0 0 1 0 0 0 0 1 0 0 0 0 0 0 0 0 0 0 0 0 0 0 0 0 0 0 0 0 0 1 0 0 0 0 0 0 0 0 0 0 0 0 0 0 0 0 0 0 0 0 1 0 0 0 0 0 0 0 0 0 0 0 0 1 1 0 0 0 0 0 0 0 0 0 0 0 0 0 0 0 1 0 0 0 1 0 0 0 0 0 0 0 0 0 1 0 0 0 0 0 0 1 1 0 
0 0 1 1 0 0 0 0 0 0 0 0 0 0 0 0 0 0 0 0 0 0 0 0 0 0 0 0 0 1 0 0 0 0 0 0 0 0 0 0 0 0 0 0 0 0 0 0 0 0 0 0 0 0 0 0 1 0 0 0 0 0 1 0 0 0 0 0 0 0 0 0 0 1 0 0 0 0 0 0 0 0 0 0 0 0 0 0 0 0 0 1 0 0 0 0 1 0 0 0 0 0 0 0 0 0 0 0 0 0 0 0 0 0 0 1 0 0 0 1 0 0 0 0 0 0 0 0 0 0 0 0 0 0 0 1 0 0 1 1 1 0 0 0 0 1 0 0 0 0 0 0 1 0 0 0 0 0 1 0 0 0 0 0 0 0 0 0 0 0 0 0 0 1 1 0 0 0 0 0 1 1 0 0 0 0 0 0 0 0 1 0 0 0 0 
0 0 0 0 0 0 0 1 0 0 0 0 0 1 0 0 1 1 0 1 1 0 0 0 0 0 0 0 0 0 0 0 0 0 1 0 0 0 0 0 1 0 0 0 0 0 0 0 0 0 0 0 0 0 1 0 0 0 0 0 0 0 0 0 0 1 0 0 0 1 0 0 0 0 0 1 0 0 0 1 0 1 0 0 0 1 0 1 1 0 0 0 0 0 0 1 0 0 0 0 1 0 1 0 1 0 0 0 0 0 0 0 0 0 0 0 0 0 0 0 0 0 0 0 0 0 0 0 1 0 0 0 0 0 0 0 0 0 0 0 0 0 0 0 0 0 0 0 0 0 0 0 0 0 0 0 0 0 0 0 1 1 0 0 0 0 0 0 0 0 0 0 0 0 0 0 0 0 0 0 0 0 1 0 0 0 0 0 0 0 0 0 0 0 0 
0 0 0 0 0 0 0 0 0 0 0 0 0 0 0 0 0 0 1 0 0 0 0 0 0 0 0 0 0 0 0 0 0 1 0 0 0 0 0 0 0 0 0 0 0 0 0 0 0 0 0 1 0 0 0 0 0 0 0 0 0 0 0 0 0 0 0 0 1 0 0 0 0 0 0 0 0 0 0 0 0 0 0 0 0 0 0 0 0 0 0 0 0 0 0 0 0 0 0 0 0 0 0 0 0 0 1 0 0 1 0 0 0 0 0 0 0 0 0 0 0 0 0 0 0 0 0 0 0 1 1 0 0 0 0 0 0 0 0 0 0 0 0 0 0 0 0 0 0 1 0 0 0 0 0 0 0 0 0 0 0 0 0 0 0 1 0 0 0 0 0 0 0 0 0 0 0 1 0 1 0 0 0 0 0 0 0 0 0 1 0 0 0 0 0 
0 0 0 0 0 0 0 0 0 0 0 0 0 0 1 0 0 0 0 0 0 0 0 1 0 0 0 0 0 0 0 0 0 0 0 1 0 0 0 0 0 0 0 0 1 0 0 0 0 0 0 0 0 0 0 0 0 0 0 0 0 1 0 0 0 0 0 0 0 0 0 0 0 0 0 0 0 0 0 0 0 0 0 0 0 0 0 0 0 0 0 0 0 0 0 0 0 0 0 0 0 0 0 0 0 0 0 0 0 0 0 0 0 1 0 0 1 0 0 0 0 0 0 0 0 0 0 1 0 0 0 0 0 0 0 0 0 1 0 0 0 0 0 0 0 0 0 0 0 0 0 0 0 0 0 0 0 0 0 0 0 0 0 0 0 0 1 0 0 1 1 0 1 0 0 0 0 0 0 0 0 0 0 0 0 0 0 0 0 0 0 0 0 0 0 
0 0 0 0 1 1 0 0 0 1 0 0 0 0 0 0 0 0 0 0 0 0 0 0 0 0 1 0 0 0 0 0 0 0 0 0 1 1 0 0 0 0 0 0 0 1 1 0 0 0 0 0 0 0 0 0 0 0 0 0 1 0 0 0 1 0 0 0 0 0 0 1 1 0 0 0 0 1 0 0 0 0 0 1 0 0 0 0 0 0 0 0 0 0 0 0 0 0 0 1 0 0 0 0 0 0 0 0 1 0 0 0 0 0 1 0 0 0 0 0 0 0 0 0 0 0 0 0 0 0 0 1 0 0 0 0 0 0 0 0 0 0 0 0 0 0 0 0 0 0 0 0 0 0 0 0 0 0 0 0 0 0 0 0 0 0 0 0 1 0 0 0 0 0 0 0 0 0 0 0 0 0 0 0 0 0 0 0 0 0 0 0 0 0 0 
0 0 0 0 0 0 0 0 0 0 0 0 0 0 0 1 0 0 0 0 0 0 0 0 0 0 0 0 0 0 0 0 0 0 0 0 0 0 1 1 0 0 0 0 0 0 0 0 0 1 0 0 0 0 0 0 0 0 1 0 0 0 0 0 0 0 0 0 0 0 0 0 0 0 0 0 0 0 0 0 0 0 0 0 0 0 1 0 0 0 0 0 0 0 1 0 0 0 0 0 0 0 0 0 0 0 0 0 0 0 0 0 1 0 0 0 0 0 0 0 0 0 0 0 0 0 0 0 0 0 0 0 1 0 1 0 1 0 0 0 0 0 0 0 0 0 1 0 0 0 0 0 0 0 0 0 0 0 0 0 0 0 0 0 0 0 0 0 0 0 0 0 0 0 0 0 0 0 0 0 0 0 0 0 1 0 0 0 1 0 0 0 0 0 1 
53 25 51 91 68 4 82 34 24 38 135 
0.000000E+00 2.157200E-04 3.331105E-05 0.000000E+00 2.866010E-05 5.150579E-06 2.001465E-04 1.051814E-04 0.000000E+00 1.755321E-07 1.221972E-04 1.209232E-06 8.020989E-05 1.207643E-04 4.931827E-06 1.027098E-05 1.015868E-04 3.601954E-05 6.865801E-06 8.006053E-05 4.981454E-05 1.433475E-04 4.703894E-05 0.000000E+00 0.000000E+00 3.196566E-04 5.422632E-06 0.000000E+00 7.133549E-05 1.612914E-04 7.840067E-05 4.319388E-06 1.840497E-05 0.000000E+00 1.699515E-04 1.123052E-05 1.273195E-05 0.000000E+00 1.202274E-06 2.790194E-04 7.278910E-05 5.918607E-06 0.000000E+00 1.642495E-05 1.259455E-05 7.599959E-06 1.097417E-05 3.342524E-06 7.364160E-05 1.212580E-05 0.000000E+00 1.431732E-06 0.000000E+00 0.000000E+00 3.186181E-04 7.066779E-05 2.617231E-04 0.000000E+00 2.764028E-08 1.276276E-05 5.889621E-05 2.607613E-05 1.743606E-04 3.655115E-06 3.729520E-06 3.342017E-04 4.232638E-05 0.000000E+00 1.883202E-07 5.838543E-05 4.604614E-06 6.579271E-05 5.180224E-06 8.973577E-06 2.101370E-06 8.039526E-05 5.441265E-06 7.619142E-05 3.052633E-05 2.161463E-04 1.340412E-04 0.000000E+00 1.473347E-06 5.506494E-05 3.320989E-06 4.750098E-05 1.929893E-06 4.416886E-07 8.414655E-07 8.440509E-05 0.000000E+00 5.878232E-05 1.723423E-06 3.498648E-05 4.801573E-05 9.548770E-05 7.834755E-05 4.991126E-05 1.032708E-05 9.990587E-04 1.132382E-04 0.000000E+00 6.805421E-05 6.909441E-05 3.618399E-06 0.000000E+00 9.908838E-06 1.026434E-05 5.111585E-05 2.568440E-06 7.123866E-06 9.139490E-07 5.767534E-05 3.004129E-07 4.625420E-04 1.720463E-05 6.541197E-06 8.496919E-05 2.845115E-04 1.709106E-06 1.090031E-06 3.952902E-06 9.827304E-05 1.366234E-05 4.356815E-04 4.669939E-07 5.904598E-06 2.846467E-06 4.099047E-05 7.334648E-06 1.697272E-05 9.587788E-05 4.570495E-05 4.941708E-05 0.000000E+00 2.974311E-06 2.226602E-05 1.281627E-06 5.681543E-05 6.280533E-06 6.843140E-05 1.222844E-05 3.586969E-05 6.897362E-06 3.001124E-06 5.461687E-08 2.080004E-05 3.224789E-05 3.895641E-06 2.862708E-06 7.649813E-10 2.865620E-04 3.593203E-06 2.556757E-04 4.967230E-05 3.354700E-07 4.860979E-05 5.242465E-05 6.012890E-05 4.469556E-05 4.474750E-05 5.555511E-04 2.092676E-05 1.455959E-05 8.929099E-06 9.662897E-06 2.421066E-06 5.900533E-05 3.225974E-05 6.235988E-06 1.062812E-06 3.815499E-06 9.586394E-06 1.530143E-04 9.601357E-06 1.316397E-05 4.569947E-05 3.692063E-05 0.000000E+00 1.226105E-06 7.375220E-07 2.362662E-06 6.597798E-05 1.904859E-04 2.231003E-05 6.179202E-05 1.078585E-04 3.343056E-05 1.313819E-04 4.345755E-06 1.696998E-04 5.305643E-05 7.609324E-05 1.835277E-04 2.192171E-05 
53 75 112 93 85 64 127 108 192 123 56 
25 71 160 157 124 83 33 77 13 144 165 23 104 152 188 
51 12 151 148 7 67 122 177 164 79 184 98 2 187 31 22 125 49 119 29 154 
91 126 42 149 143 111 145 32 60 163 158 44 118 168 134 
68 48 186 121 176 155 156 142 99 81 94 90 11 172 193 194 26 
4 146 181 153 74 139 97 3 63 175 57 116 92 136 140 120 159 182 141 30 191 174 
82 66 35 76 14 70 129 101 103 183 161 41 89 80 17 55 105 88 86 18 20 21 162 96 8 
34 166 110 52 130 19 107 190 69 180 150 131 178 
24 117 171 15 138 173 114 128 36 167 170 45 62 
38 132 73 169 61 65 84 115 6 47 46 37 10 5 109 27 72 78 100 
135 50 147 137 133 39 113 59 87 16 185 195 95 40 189 

============Find Best @ Round 2492================
==========Cluster 0, RcvInterf=7.41525e-14============
Node 52, SINR:0.00000e+00, BpsHz:0.00000e+00
Node 74, SINR:2.65118e-01, BpsHz:3.39272e-02
Node 111, SINR:2.65118e-01, BpsHz:3.39272e-02
Node 92, SINR:2.65118e-01, BpsHz:3.39272e-02
Node 84, SINR:2.65118e-01, BpsHz:3.39272e-02
Node 63, SINR:2.65118e-01, BpsHz:3.39272e-02
Node 126, SINR:2.65118e-01, BpsHz:3.39272e-02
Node 107, SINR:2.65118e-01, BpsHz:3.39272e-02
Node 191, SINR:2.65118e-01, BpsHz:3.39272e-02
Node 122, SINR:2.65118e-01, BpsHz:3.39272e-02
Node 55, SINR:2.65118e-01, BpsHz:3.39272e-02
---------------
==========Cluster 1, RcvInterf=9.97921e-14============
Node 24, SINR:0.00000e+00, BpsHz:0.00000e+00
Node 70, SINR:3.89899e-01, BpsHz:3.39272e-02
Node 159, SINR:3.89899e-01, BpsHz:3.39272e-02
Node 156, SINR:3.89899e-01, BpsHz:3.39272e-02
Node 123, SINR:3.89899e-01, BpsHz:3.39272e-02
Node 82, SINR:3.89899e-01, BpsHz:3.39272e-02
Node 32, SINR:3.89899e-01, BpsHz:3.39272e-02
Node 76, SINR:3.89899e-01, BpsHz:3.39272e-02
Node 12, SINR:3.89899e-01, BpsHz:3.39272e-02
Node 143, SINR:3.89899e-01, BpsHz:3.39272e-02
Node 164, SINR:3.89899e-01, BpsHz:3.39272e-02
Node 22, SINR:3.89899e-01, BpsHz:3.39272e-02
Node 103, SINR:3.89899e-01, BpsHz:3.39272e-02
Node 151, SINR:3.89899e-01, BpsHz:3.39272e-02
Node 187, SINR:3.89899e-01, BpsHz:3.39272e-02
---------------
==========Cluster 2, RcvInterf=6.14969e-14============
Node 50, SINR:0.00000e+00, BpsHz:0.00000e+00
Node 11, SINR:6.00523e-01, BpsHz:3.39272e-02
Node 150, SINR:6.00523e-01, BpsHz:3.39272e-02
Node 147, SINR:6.00523e-01, BpsHz:3.39272e-02
Node 6, SINR:6.00523e-01, BpsHz:3.39272e-02
Node 66, SINR:6.00523e-01, BpsHz:3.39272e-02
Node 121, SINR:6.00523e-01, BpsHz:3.39272e-02
Node 176, SINR:6.00523e-01, BpsHz:3.39272e-02
Node 163, SINR:6.00523e-01, BpsHz:3.39272e-02
Node 78, SINR:6.00523e-01, BpsHz:3.39272e-02
Node 183, SINR:6.00523e-01, BpsHz:3.39272e-02
Node 97, SINR:6.00523e-01, BpsHz:3.39272e-02
Node 1, SINR:6.00523e-01, BpsHz:3.39272e-02
Node 186, SINR:6.00523e-01, BpsHz:3.39272e-02
Node 30, SINR:6.00523e-01, BpsHz:3.39272e-02
Node 21, SINR:6.00523e-01, BpsHz:3.39272e-02
Node 124, SINR:6.00523e-01, BpsHz:3.39272e-02
Node 48, SINR:6.00523e-01, BpsHz:3.39272e-02
Node 118, SINR:6.00523e-01, BpsHz:3.39272e-02
Node 28, SINR:6.00523e-01, BpsHz:3.39272e-02
Node 153, SINR:6.00523e-01, BpsHz:3.39272e-02
---------------
==========Cluster 3, RcvInterf=1.01394e-13============
Node 90, SINR:0.00000e+00, BpsHz:0.00000e+00
Node 125, SINR:3.89899e-01, BpsHz:3.39272e-02
Node 41, SINR:3.89899e-01, BpsHz:3.39272e-02
Node 148, SINR:3.89899e-01, BpsHz:3.39272e-02
Node 142, SINR:3.89899e-01, BpsHz:3.39272e-02
Node 110, SINR:3.89899e-01, BpsHz:3.39272e-02
Node 144, SINR:3.89899e-01, BpsHz:3.39272e-02
Node 31, SINR:3.89899e-01, BpsHz:3.39272e-02
Node 59, SINR:3.89899e-01, BpsHz:3.39272e-02
Node 162, SINR:3.89899e-01, BpsHz:3.39272e-02
Node 157, SINR:3.89899e-01, BpsHz:3.39272e-02
Node 43, SINR:3.89899e-01, BpsHz:3.39272e-02
Node 117, SINR:3.89899e-01, BpsHz:3.39272e-02
Node 167, SINR:3.89899e-01, BpsHz:3.39272e-02
Node 133, SINR:3.89899e-01, BpsHz:3.39272e-02
---------------
==========Cluster 4, RcvInterf=9.47994e-14============
Node 67, SINR:0.00000e+00, BpsHz:0.00000e+00
Node 47, SINR:4.56832e-01, BpsHz:3.39272e-02
Node 185, SINR:4.56832e-01, BpsHz:3.39272e-02
Node 120, SINR:4.56832e-01, BpsHz:3.39272e-02
Node 175, SINR:4.56832e-01, BpsHz:3.39272e-02
Node 154, SINR:4.56832e-01, BpsHz:3.39272e-02
Node 155, SINR:4.56832e-01, BpsHz:3.39272e-02
Node 141, SINR:4.56832e-01, BpsHz:3.39272e-02
Node 98, SINR:4.56832e-01, BpsHz:3.39272e-02
Node 80, SINR:4.56832e-01, BpsHz:3.39272e-02
Node 93, SINR:4.56832e-01, BpsHz:3.39272e-02
Node 89, SINR:4.56832e-01, BpsHz:3.39272e-02
Node 10, SINR:4.56832e-01, BpsHz:3.39272e-02
Node 171, SINR:4.56832e-01, BpsHz:3.39272e-02
Node 192, SINR:4.56832e-01, BpsHz:3.39272e-02
Node 193, SINR:4.56832e-01, BpsHz:3.39272e-02
Node 25, SINR:4.56832e-01, BpsHz:3.39272e-02
---------------
==========Cluster 5, RcvInterf=4.55067e-14============
Node 3, SINR:0.00000e+00, BpsHz:0.00000e+00
Node 145, SINR:6.38608e-01, BpsHz:3.39272e-02
Node 180, SINR:6.38608e-01, BpsHz:3.39272e-02
Node 152, SINR:6.38608e-01, BpsHz:3.39272e-02
Node 73, SINR:6.38608e-01, BpsHz:3.39272e-02
Node 138, SINR:6.38608e-01, BpsHz:3.39272e-02
Node 96, SINR:6.38608e-01, BpsHz:3.39272e-02
Node 2, SINR:6.38608e-01, BpsHz:3.39272e-02
Node 62, SINR:6.38608e-01, BpsHz:3.39272e-02
Node 174, SINR:6.38608e-01, BpsHz:3.39272e-02
Node 56, SINR:6.38608e-01, BpsHz:3.39272e-02
Node 115, SINR:6.38608e-01, BpsHz:3.39272e-02
Node 91, SINR:6.38608e-01, BpsHz:3.39272e-02
Node 135, SINR:6.38608e-01, BpsHz:3.39272e-02
Node 139, SINR:6.38608e-01, BpsHz:3.39272e-02
Node 119, SINR:6.38608e-01, BpsHz:3.39272e-02
Node 158, SINR:6.38608e-01, BpsHz:3.39272e-02
Node 181, SINR:6.38608e-01, BpsHz:3.39272e-02
Node 140, SINR:6.38608e-01, BpsHz:3.39272e-02
Node 29, SINR:6.38608e-01, BpsHz:3.39272e-02
Node 190, SINR:6.38608e-01, BpsHz:3.39272e-02
Node 173, SINR:6.38608e-01, BpsHz:3.39272e-02
---------------
==========Cluster 6, RcvInterf=4.92569e-14============
Node 81, SINR:0.00000e+00, BpsHz:0.00000e+00
Node 65, SINR:7.58386e-01, BpsHz:3.39272e-02
Node 34, SINR:7.58387e-01, BpsHz:3.39272e-02
Node 75, SINR:7.58386e-01, BpsHz:3.39272e-02
Node 13, SINR:7.58386e-01, BpsHz:3.39272e-02
Node 69, SINR:7.58387e-01, BpsHz:3.39272e-02
Node 128, SINR:7.58387e-01, BpsHz:3.39272e-02
Node 100, SINR:7.58386e-01, BpsHz:3.39272e-02
Node 102, SINR:7.58387e-01, BpsHz:3.39272e-02
Node 182, SINR:7.58386e-01, BpsHz:3.39272e-02
Node 160, SINR:7.58386e-01, BpsHz:3.39272e-02
Node 40, SINR:7.58386e-01, BpsHz:3.39272e-02
Node 88, SINR:7.58386e-01, BpsHz:3.39272e-02
Node 79, SINR:7.58387e-01, BpsHz:3.39272e-02
Node 16, SINR:7.58386e-01, BpsHz:3.39272e-02
Node 54, SINR:7.58387e-01, BpsHz:3.39272e-02
Node 104, SINR:7.58387e-01, BpsHz:3.39272e-02
Node 87, SINR:7.58386e-01, BpsHz:3.39272e-02
Node 85, SINR:7.58386e-01, BpsHz:3.39272e-02
Node 17, SINR:7.58386e-01, BpsHz:3.39272e-02
Node 19, SINR:7.58386e-01, BpsHz:3.39272e-02
Node 20, SINR:7.58386e-01, BpsHz:3.39272e-02
Node 161, SINR:7.58386e-01, BpsHz:3.39272e-02
Node 95, SINR:7.58387e-01, BpsHz:3.39272e-02
Node 7, SINR:7.58386e-01, BpsHz:3.39272e-02
---------------
==========Cluster 7, RcvInterf=3.36396e-14============
Node 33, SINR:0.00000e+00, BpsHz:0.00000e+00
Node 165, SINR:3.26042e-01, BpsHz:3.39272e-02
Node 109, SINR:3.26042e-01, BpsHz:3.39272e-02
Node 51, SINR:3.26042e-01, BpsHz:3.39272e-02
Node 129, SINR:3.26042e-01, BpsHz:3.39272e-02
Node 18, SINR:3.26042e-01, BpsHz:3.39272e-02
Node 106, SINR:3.26042e-01, BpsHz:3.39272e-02
Node 189, SINR:3.26042e-01, BpsHz:3.39272e-02
Node 68, SINR:3.26042e-01, BpsHz:3.39272e-02
Node 179, SINR:3.26042e-01, BpsHz:3.39272e-02
Node 149, SINR:3.26042e-01, BpsHz:3.39272e-02
Node 130, SINR:3.26042e-01, BpsHz:3.39272e-02
Node 177, SINR:3.26042e-01, BpsHz:3.39272e-02
---------------
==========Cluster 8, RcvInterf=3.27925e-14============
Node 23, SINR:0.00000e+00, BpsHz:0.00000e+00
Node 116, SINR:3.26042e-01, BpsHz:3.39272e-02
Node 170, SINR:3.26042e-01, BpsHz:3.39272e-02
Node 14, SINR:3.26042e-01, BpsHz:3.39272e-02
Node 137, SINR:3.26042e-01, BpsHz:3.39272e-02
Node 172, SINR:3.26042e-01, BpsHz:3.39272e-02
Node 113, SINR:3.26042e-01, BpsHz:3.39272e-02
Node 127, SINR:3.26042e-01, BpsHz:3.39272e-02
Node 35, SINR:3.26042e-01, BpsHz:3.39272e-02
Node 166, SINR:3.26042e-01, BpsHz:3.39272e-02
Node 169, SINR:3.26042e-01, BpsHz:3.39272e-02
Node 44, SINR:3.26042e-01, BpsHz:3.39272e-02
Node 61, SINR:3.26042e-01, BpsHz:3.39272e-02
---------------
==========Cluster 9, RcvInterf=6.85365e-14============
Node 37, SINR:0.00000e+00, BpsHz:0.00000e+00
Node 131, SINR:5.26989e-01, BpsHz:3.39272e-02
Node 72, SINR:5.26989e-01, BpsHz:3.39272e-02
Node 168, SINR:5.26988e-01, BpsHz:3.39272e-02
Node 60, SINR:5.26989e-01, BpsHz:3.39272e-02
Node 64, SINR:5.26989e-01, BpsHz:3.39272e-02
Node 83, SINR:5.26989e-01, BpsHz:3.39272e-02
Node 114, SINR:5.26989e-01, BpsHz:3.39272e-02
Node 5, SINR:5.26988e-01, BpsHz:3.39272e-02
Node 46, SINR:5.26988e-01, BpsHz:3.39272e-02
Node 45, SINR:5.26989e-01, BpsHz:3.39272e-02
Node 36, SINR:5.26989e-01, BpsHz:3.39272e-02
Node 9, SINR:5.26989e-01, BpsHz:3.39272e-02
Node 4, SINR:5.26989e-01, BpsHz:3.39272e-02
Node 108, SINR:5.26988e-01, BpsHz:3.39272e-02
Node 26, SINR:5.26988e-01, BpsHz:3.39272e-02
Node 71, SINR:5.26989e-01, BpsHz:3.39272e-02
Node 77, SINR:5.26988e-01, BpsHz:3.39272e-02
Node 99, SINR:5.26989e-01, BpsHz:3.39272e-02
---------------
==========Cluster 10, RcvInterf=4.17536e-14============
Node 134, SINR:0.00000e+00, BpsHz:0.00000e+00
Node 49, SINR:3.89899e-01, BpsHz:3.39272e-02
Node 146, SINR:3.89899e-01, BpsHz:3.39272e-02
Node 136, SINR:3.89899e-01, BpsHz:3.39272e-02
Node 132, SINR:3.89899e-01, BpsHz:3.39272e-02
Node 38, SINR:3.89899e-01, BpsHz:3.39272e-02
Node 112, SINR:3.89899e-01, BpsHz:3.39272e-02
Node 58, SINR:3.89899e-01, BpsHz:3.39272e-02
Node 86, SINR:3.89899e-01, BpsHz:3.39272e-02
Node 15, SINR:3.89899e-01, BpsHz:3.39272e-02
Node 184, SINR:3.89899e-01, BpsHz:3.39272e-02
Node 194, SINR:3.89899e-01, BpsHz:3.39272e-02
Node 94, SINR:3.89899e-01, BpsHz:3.39272e-02
Node 39, SINR:3.89899e-01, BpsHz:3.39272e-02
Node 188, SINR:3.89899e-01, BpsHz:3.39272e-02
---------------
195
11
1.000000e-03
8.641669e-294
175
3000
1.323353e+01
1.487122e+00
1.323353e-05
1.513698e-06
0 0 0 0 0 0 0 0 0 0 0 0 0 0 0 0 0 0 0 0 0 0 0 0 0 0 0 0 0 0 0 0 0 0 0 0 0 0 0 0 0 0 0 0 0 0 0 0 0 0 0 0 1 0 0 1 0 0 0 0 0 0 0 1 0 0 0 0 0 0 0 0 0 0 1 0 0 0 0 0 0 0 0 0 1 0 0 0 0 0 0 0 1 0 0 0 0 0 0 0 0 0 0 0 0 0 0 1 0 0 0 1 0 0 0 0 0 0 0 0 0 0 1 0 0 0 1 0 0 0 0 0 0 0 0 0 0 0 0 0 0 0 0 0 0 0 0 0 0 0 0 0 0 0 0 0 0 0 0 0 0 0 0 0 0 0 0 0 0 0 0 0 0 0 0 0 0 0 0 0 0 0 0 0 0 0 0 0 0 0 0 1 0 0 0 
0 0 0 0 0 0 0 0 0 0 0 0 1 0 0 0 0 0 0 0 0 0 1 0 1 0 0 0 0 0 0 0 1 0 0 0 0 0 0 0 0 0 0 0 0 0 0 0 0 0 0 0 0 0 0 0 0 0 0 0 0 0 0 0 0 0 0 0 0 0 1 0 0 0 0 0 1 0 0 0 0 0 1 0 0 0 0 0 0 0 0 0 0 0 0 0 0 0 0 0 0 0 0 1 0 0 0 0 0 0 0 0 0 0 0 0 0 0 0 0 0 0 0 1 0 0 0 0 0 0 0 0 0 0 0 0 0 0 0 0 0 0 0 1 0 0 0 0 0 0 0 0 0 0 0 0 1 0 0 1 0 0 0 0 1 0 0 0 0 0 0 0 0 0 0 0 0 0 0 0 0 0 0 0 0 0 0 0 0 0 0 0 0 0 0 
0 1 0 0 0 0 1 0 0 0 0 1 0 0 0 0 0 0 0 0 0 1 0 0 0 0 0 0 1 0 1 0 0 0 0 0 0 0 0 0 0 0 0 0 0 0 0 0 1 0 1 0 0 0 0 0 0 0 0 0 0 0 0 0 0 0 1 0 0 0 0 0 0 0 0 0 0 0 1 0 0 0 0 0 0 0 0 0 0 0 0 0 0 0 0 0 0 1 0 0 0 0 0 0 0 0 0 0 0 0 0 0 0 0 0 0 0 0 1 0 0 1 0 0 1 0 0 0 0 0 0 0 0 0 0 0 0 0 0 0 0 0 0 0 0 0 0 1 0 0 1 0 0 0 0 0 0 0 0 0 0 0 0 1 0 0 0 0 0 0 0 0 0 0 0 0 1 0 0 0 0 0 0 1 0 0 1 0 0 0 0 0 0 0 0 
0 0 0 0 0 0 0 0 0 0 0 0 0 0 0 0 0 0 0 0 0 0 0 0 0 0 0 0 0 0 0 1 0 0 0 0 0 0 0 0 0 1 0 1 0 0 0 0 0 0 0 0 0 0 0 0 0 0 0 1 0 0 0 0 0 0 0 0 0 0 0 0 0 0 0 0 0 0 0 0 0 0 0 0 0 0 0 0 0 0 1 0 0 0 0 0 0 0 0 0 0 1 0 0 0 0 0 0 0 0 1 0 0 0 0 0 0 1 0 0 0 0 0 0 0 1 0 0 0 0 0 0 0 1 0 0 0 0 0 0 0 0 1 0 1 0 0 0 1 0 0 0 0 0 0 0 0 1 0 0 0 0 1 0 0 0 0 1 0 0 0 0 0 0 0 0 0 0 0 0 0 0 0 0 0 0 0 0 0 0 0 0 0 0 0 
0 0 0 0 0 0 0 0 0 0 1 0 0 0 0 0 0 0 0 0 0 0 0 0 0 1 0 0 0 0 0 0 0 0 0 0 0 0 0 0 0 0 0 0 0 0 0 1 0 0 0 0 0 0 0 0 0 0 0 0 0 0 0 0 0 0 0 1 0 0 0 0 0 0 0 0 0 0 0 0 1 0 0 0 0 0 0 0 0 1 0 0 0 1 0 0 0 0 1 0 0 0 0 0 0 0 0 0 0 0 0 0 0 0 0 0 0 0 0 0 1 0 0 0 0 0 0 0 0 0 0 0 0 0 0 0 0 0 0 0 0 1 0 0 0 0 0 0 0 0 0 0 0 0 1 1 0 0 0 0 0 0 0 0 0 0 0 0 0 0 0 1 0 0 0 1 0 0 0 0 0 0 0 0 0 1 0 0 0 0 0 0 1 1 0 
0 0 1 1 0 0 0 0 0 0 0 0 0 0 0 0 0 0 0 0 0 0 0 0 0 0 0 0 0 1 0 0 0 0 0 0 0 0 0 0 0 0 0 0 0 0 0 0 0 0 0 0 0 0 0 0 1 0 0 0 0 0 1 0 0 0 0 0 0 0 0 0 0 1 0 0 0 0 0 0 0 0 0 0 0 0 0 0 0 0 0 1 0 0 0 0 1 0 0 0 0 0 0 0 0 0 0 0 0 0 0 0 0 0 0 1 0 0 0 1 0 0 0 0 0 0 0 0 0 0 0 0 0 0 0 1 0 0 1 1 1 0 0 0 0 1 0 0 0 0 0 0 1 0 0 0 0 0 1 0 0 0 0 0 0 0 0 0 0 0 0 0 0 1 1 0 0 0 0 0 1 1 0 0 0 0 0 0 0 0 1 0 0 0 0 
0 0 0 0 0 0 0 1 0 0 0 0 0 1 0 0 1 1 0 1 1 0 0 0 0 0 0 0 0 0 0 0 0 0 1 0 0 0 0 0 1 0 0 0 0 0 0 0 0 0 0 0 0 0 1 0 0 0 0 0 0 0 0 0 0 1 0 0 0 1 0 0 0 0 0 1 0 0 0 1 0 1 0 0 0 1 0 1 1 0 0 0 0 0 0 1 0 0 0 0 1 0 1 0 1 0 0 0 0 0 0 0 0 0 0 0 0 0 0 0 0 0 0 0 0 0 0 0 1 0 0 0 0 0 0 0 0 0 0 0 0 0 0 0 0 0 0 0 0 0 0 0 0 0 0 0 0 0 0 0 1 1 0 0 0 0 0 0 0 0 0 0 0 0 0 0 0 0 0 0 0 0 1 0 0 0 0 0 0 0 0 0 0 0 0 
0 0 0 0 0 0 0 0 0 0 0 0 0 0 0 0 0 0 1 0 0 0 0 0 0 0 0 0 0 0 0 0 0 1 0 0 0 0 0 0 0 0 0 0 0 0 0 0 0 0 0 1 0 0 0 0 0 0 0 0 0 0 0 0 0 0 0 0 1 0 0 0 0 0 0 0 0 0 0 0 0 0 0 0 0 0 0 0 0 0 0 0 0 0 0 0 0 0 0 0 0 0 0 0 0 0 1 0 0 1 0 0 0 0 0 0 0 0 0 0 0 0 0 0 0 0 0 0 0 1 1 0 0 0 0 0 0 0 0 0 0 0 0 0 0 0 0 0 0 1 0 0 0 0 0 0 0 0 0 0 0 0 0 0 0 1 0 0 0 0 0 0 0 0 0 0 0 0 1 1 0 0 0 0 0 0 0 0 0 1 0 0 0 0 0 
0 0 0 0 0 0 0 0 0 0 0 0 0 0 1 0 0 0 0 0 0 0 0 1 0 0 0 1 0 0 0 0 0 0 0 1 0 0 0 0 0 0 1 0 1 0 0 0 0 0 0 0 0 0 0 0 0 0 0 0 0 1 0 0 0 0 0 0 0 0 0 0 0 0 0 0 0 0 0 0 0 0 0 0 0 0 0 0 0 0 0 0 0 0 0 0 0 0 0 0 0 0 0 0 0 0 0 0 0 0 0 0 0 1 0 0 1 0 0 0 0 0 0 0 0 0 0 1 0 0 0 0 0 0 0 0 0 1 0 0 0 0 0 0 0 0 0 0 0 0 0 0 0 0 0 0 0 0 0 0 0 0 0 0 0 0 1 0 0 1 1 0 1 0 0 0 0 0 0 0 0 0 0 0 0 0 0 0 0 0 0 0 0 0 0 
0 0 0 0 1 1 0 0 0 1 0 0 0 0 0 0 0 0 0 0 0 0 0 0 0 0 1 0 0 0 0 0 0 0 0 0 1 1 0 0 0 0 0 0 0 1 1 0 0 0 0 0 0 0 0 0 0 0 0 0 1 0 0 0 1 0 0 0 0 0 0 1 1 0 0 0 0 1 0 0 0 0 0 1 0 0 0 0 0 0 0 0 0 0 0 0 0 0 0 0 0 0 0 0 0 0 0 0 1 0 0 0 0 0 1 0 0 0 0 0 0 0 0 0 0 0 0 0 0 0 0 1 0 0 0 0 0 0 0 0 0 0 0 0 0 0 0 0 0 0 0 0 0 0 0 0 0 0 0 0 0 0 0 0 0 0 0 0 1 0 0 0 0 0 0 0 0 0 0 0 0 0 0 0 0 0 0 0 0 0 0 0 0 0 0 
0 0 0 0 0 0 0 0 0 0 0 0 0 0 0 1 0 0 0 0 0 0 0 0 0 0 0 0 0 0 0 0 0 0 0 0 0 0 1 1 0 0 0 0 0 0 0 0 0 1 0 0 0 0 0 0 0 1 1 0 0 0 0 0 0 0 0 0 0 0 0 0 0 0 0 0 0 0 0 0 0 0 0 0 0 0 1 0 0 0 0 0 0 0 1 0 0 0 0 0 0 0 0 0 0 0 0 0 0 0 0 0 1 0 0 0 0 0 0 0 0 0 0 0 0 0 0 0 0 0 0 0 1 0 1 0 1 0 0 0 0 0 0 0 0 0 1 0 0 0 0 0 0 0 0 0 0 0 0 0 0 0 0 0 0 0 0 0 0 0 0 0 0 0 0 0 0 0 0 0 0 0 0 0 1 0 0 0 1 0 0 0 0 0 1 
53 25 51 91 68 4 82 34 24 38 135 
0.000000E+00 3.332811E-04 7.232538E-05 0.000000E+00 4.681179E-05 8.412665E-06 3.092205E-04 1.892146E-04 0.000000E+00 2.867042E-07 2.071984E-04 1.868228E-06 9.487943E-05 2.172473E-04 1.124365E-05 2.354041E-05 1.827481E-04 6.479684E-05 1.428805E-05 1.440238E-04 8.961318E-05 2.214678E-04 5.564187E-05 0.000000E+00 0.000000E+00 5.420119E-04 8.857022E-06 1.238419E-04 1.102113E-04 3.501979E-04 1.211268E-04 5.115010E-06 2.177104E-05 0.000000E+00 3.057319E-04 2.560351E-05 2.079565E-05 0.000000E+00 2.755531E-06 6.394940E-04 1.309429E-04 7.008804E-06 2.247032E-04 1.945040E-05 2.871323E-05 1.241335E-05 1.792459E-05 5.667607E-06 1.137742E-04 2.779153E-05 0.000000E+00 2.979499E-06 0.000000E+00 0.000000E+00 5.731736E-04 1.741141E-04 5.682567E-04 1.486239E-04 6.334968E-08 1.511363E-05 9.619776E-05 5.944875E-05 3.785739E-04 9.005618E-06 6.091588E-06 6.012075E-04 6.539305E-05 0.000000E+00 3.919031E-07 1.050317E-04 5.446750E-06 1.074621E-04 8.461087E-06 1.948354E-05 5.177440E-06 1.446259E-04 6.436416E-06 1.244468E-04 4.716231E-05 3.888334E-04 2.272813E-04 0.000000E+00 1.742806E-06 8.993997E-05 8.182385E-06 8.545123E-05 4.423186E-06 7.945695E-07 1.513743E-06 1.431179E-04 0.000000E+00 1.276289E-04 4.246239E-06 5.932332E-05 1.100489E-04 1.717762E-04 1.701092E-04 7.711146E-05 1.751068E-05 0.000000E+00 2.037083E-04 7.491981E-05 1.224252E-04 8.173105E-05 6.509268E-06 0.000000E+00 2.062075E-05 2.528968E-05 8.348975E-05 5.345042E-06 8.436068E-06 2.251824E-06 1.321880E-04 6.848857E-07 7.554900E-04 3.735491E-05 1.491272E-05 1.006204E-04 4.395621E-04 3.710833E-06 1.848265E-06 6.107120E-06 2.421290E-04 1.616104E-05 6.731154E-04 5.530133E-07 1.454799E-05 6.489418E-06 7.373923E-05 1.526374E-05 3.532102E-05 1.566015E-04 1.047527E-04 5.851961E-05 0.000000E+00 6.457863E-06 5.103222E-05 2.921872E-06 1.233584E-04 1.363638E-05 1.485791E-04 2.073463E-05 4.247681E-05 8.158817E-06 3.553925E-06 1.185849E-07 4.767230E-05 4.982206E-05 4.613210E-06 5.957429E-06 1.181874E-09 0.000000E+00 7.801608E-06 0.000000E+00 8.422471E-05 5.688254E-07 5.750002E-05 6.208116E-05 1.305526E-04 5.286991E-05 8.049789E-05 9.994009E-04 2.478143E-05 2.249415E-05 1.056214E-05 2.010894E-05 5.519582E-06 6.987400E-05 5.269124E-05 1.421690E-05 2.423016E-06 6.469586E-06 2.185520E-05 3.322266E-04 2.084659E-05 2.232093E-05 7.060437E-05 0.000000E+00 5.010236E-05 2.551581E-06 1.601317E-06 5.129843E-06 1.186902E-04 2.942952E-04 5.113309E-05 1.047750E-04 1.666382E-04 0.000000E+00 3.011186E-04 9.043718E-06 3.684544E-04 1.307226E-04 1.290242E-04 3.111908E-04 5.024311E-05 
53 93 112 64 108 75 192 127 85 56 123 
25 71 160 124 77 144 83 157 13 33 23 165 104 
51 12 151 148 7 67 122 177 184 98 164 187 2 31 79 49 125 22 119 29 
91 126 42 32 158 145 118 149 143 111 60 163 44 134 168 102 
68 48 121 156 172 142 155 81 176 186 94 99 90 193 11 194 26 
4 146 181 120 3 116 136 57 182 140 74 97 153 63 175 139 92 141 191 174 159 30 
82 76 14 70 129 101 103 105 183 88 55 89 41 80 21 18 66 20 162 161 17 86 35 96 8 
34 52 110 19 180 107 131 190 130 150 69 166 179 
24 138 128 15 173 36 114 117 167 45 171 170 62 28 43 
38 132 73 169 84 27 5 61 46 115 6 10 109 65 37 72 47 78 
135 133 87 113 59 147 39 195 95 50 137 16 185 40 189 58 

============Find Best @ Round 1052================
==========Cluster 0, RcvInterf=1.84579e-13============
Node 52, SINR:0.00000e+00, BpsHz:0.00000e+00
Node 92, SINR:2.97142e-01, BpsHz:3.75336e-02
Node 111, SINR:2.97142e-01, BpsHz:3.75336e-02
Node 63, SINR:2.97142e-01, BpsHz:3.75336e-02
Node 107, SINR:2.97142e-01, BpsHz:3.75336e-02
Node 74, SINR:2.97142e-01, BpsHz:3.75336e-02
Node 191, SINR:2.97142e-01, BpsHz:3.75336e-02
Node 126, SINR:2.97142e-01, BpsHz:3.75336e-02
Node 84, SINR:2.97142e-01, BpsHz:3.75336e-02
Node 55, SINR:2.97142e-01, BpsHz:3.75336e-02
Node 122, SINR:2.97142e-01, BpsHz:3.75336e-02
---------------
==========Cluster 1, RcvInterf=1.30262e-13============
Node 24, SINR:0.00000e+00, BpsHz:0.00000e+00
Node 70, SINR:3.66423e-01, BpsHz:3.75336e-02
Node 159, SINR:3.66423e-01, BpsHz:3.75336e-02
Node 123, SINR:3.66423e-01, BpsHz:3.75336e-02
Node 76, SINR:3.66423e-01, BpsHz:3.75336e-02
Node 143, SINR:3.66423e-01, BpsHz:3.75336e-02
Node 82, SINR:3.66423e-01, BpsHz:3.75336e-02
Node 156, SINR:3.66423e-01, BpsHz:3.75336e-02
Node 12, SINR:3.66423e-01, BpsHz:3.75336e-02
Node 32, SINR:3.66423e-01, BpsHz:3.75336e-02
Node 22, SINR:3.66423e-01, BpsHz:3.75336e-02
Node 164, SINR:3.66423e-01, BpsHz:3.75336e-02
Node 103, SINR:3.66423e-01, BpsHz:3.75336e-02
---------------
==========Cluster 2, RcvInterf=9.73586e-14============
Node 50, SINR:0.00000e+00, BpsHz:0.00000e+00
Node 11, SINR:6.39367e-01, BpsHz:3.75336e-02
Node 150, SINR:6.39367e-01, BpsHz:3.75336e-02
Node 147, SINR:6.39367e-01, BpsHz:3.75336e-02
Node 6, SINR:6.39367e-01, BpsHz:3.75336e-02
Node 66, SINR:6.39367e-01, BpsHz:3.75336e-02
Node 121, SINR:6.39367e-01, BpsHz:3.75336e-02
Node 176, SINR:6.39367e-01, BpsHz:3.75336e-02
Node 183, SINR:6.39367e-01, BpsHz:3.75336e-02
Node 97, SINR:6.39367e-01, BpsHz:3.75336e-02
Node 163, SINR:6.39367e-01, BpsHz:3.75336e-02
Node 186, SINR:6.39367e-01, BpsHz:3.75336e-02
Node 1, SINR:6.39367e-01, BpsHz:3.75336e-02
Node 30, SINR:6.39367e-01, BpsHz:3.75336e-02
Node 78, SINR:6.39367e-01, BpsHz:3.75336e-02
Node 48, SINR:6.39367e-01, BpsHz:3.75336e-02
Node 124, SINR:6.39367e-01, BpsHz:3.75336e-02
Node 21, SINR:6.39367e-01, BpsHz:3.75336e-02
Node 118, SINR:6.39367e-01, BpsHz:3.75336e-02
Node 28, SINR:6.39367e-01, BpsHz:3.75336e-02
---------------
==========Cluster 3, RcvInterf=9.74861e-14============
Node 90, SINR:0.00000e+00, BpsHz:0.00000e+00
Node 125, SINR:4.77343e-01, BpsHz:3.75336e-02
Node 41, SINR:4.77343e-01, BpsHz:3.75336e-02
Node 31, SINR:4.77343e-01, BpsHz:3.75336e-02
Node 157, SINR:4.77343e-01, BpsHz:3.75336e-02
Node 144, SINR:4.77343e-01, BpsHz:3.75336e-02
Node 117, SINR:4.77343e-01, BpsHz:3.75336e-02
Node 148, SINR:4.77343e-01, BpsHz:3.75336e-02
Node 142, SINR:4.77343e-01, BpsHz:3.75336e-02
Node 110, SINR:4.77343e-01, BpsHz:3.75336e-02
Node 59, SINR:4.77343e-01, BpsHz:3.75336e-02
Node 162, SINR:4.77343e-01, BpsHz:3.75336e-02
Node 43, SINR:4.77343e-01, BpsHz:3.75336e-02
Node 133, SINR:4.77343e-01, BpsHz:3.75336e-02
Node 167, SINR:4.77343e-01, BpsHz:3.75336e-02
Node 101, SINR:4.77343e-01, BpsHz:3.75336e-02
---------------
==========Cluster 4, RcvInterf=1.51239e-13============
Node 67, SINR:0.00000e+00, BpsHz:0.00000e+00
Node 47, SINR:5.16282e-01, BpsHz:3.75336e-02
Node 120, SINR:5.16282e-01, BpsHz:3.75336e-02
Node 155, SINR:5.16282e-01, BpsHz:3.75336e-02
Node 171, SINR:5.16282e-01, BpsHz:3.75336e-02
Node 141, SINR:5.16282e-01, BpsHz:3.75336e-02
Node 154, SINR:5.16282e-01, BpsHz:3.75336e-02
Node 80, SINR:5.16282e-01, BpsHz:3.75336e-02
Node 175, SINR:5.16282e-01, BpsHz:3.75336e-02
Node 185, SINR:5.16282e-01, BpsHz:3.75336e-02
Node 93, SINR:5.16282e-01, BpsHz:3.75336e-02
Node 98, SINR:5.16282e-01, BpsHz:3.75336e-02
Node 89, SINR:5.16282e-01, BpsHz:3.75336e-02
Node 192, SINR:5.16282e-01, BpsHz:3.75336e-02
Node 10, SINR:5.16282e-01, BpsHz:3.75336e-02
Node 193, SINR:5.16282e-01, BpsHz:3.75336e-02
Node 25, SINR:5.16282e-01, BpsHz:3.75336e-02
---------------
==========Cluster 5, RcvInterf=1.03134e-13============
Node 3, SINR:0.00000e+00, BpsHz:0.00000e+00
Node 145, SINR:7.26926e-01, BpsHz:3.75336e-02
Node 180, SINR:7.26926e-01, BpsHz:3.75336e-02
Node 119, SINR:7.26926e-01, BpsHz:3.75336e-02
Node 2, SINR:7.26926e-01, BpsHz:3.75336e-02
Node 115, SINR:7.26926e-01, BpsHz:3.75336e-02
Node 135, SINR:7.26926e-01, BpsHz:3.75336e-02
Node 56, SINR:7.26926e-01, BpsHz:3.75336e-02
Node 181, SINR:7.26926e-01, BpsHz:3.75336e-02
Node 139, SINR:7.26926e-01, BpsHz:3.75336e-02
Node 73, SINR:7.26926e-01, BpsHz:3.75336e-02
Node 96, SINR:7.26926e-01, BpsHz:3.75336e-02
Node 152, SINR:7.26926e-01, BpsHz:3.75336e-02
Node 62, SINR:7.26926e-01, BpsHz:3.75336e-02
Node 174, SINR:7.26926e-01, BpsHz:3.75336e-02
Node 138, SINR:7.26926e-01, BpsHz:3.75336e-02
Node 91, SINR:7.26926e-01, BpsHz:3.75336e-02
Node 140, SINR:7.26926e-01, BpsHz:3.75336e-02
Node 190, SINR:7.26926e-01, BpsHz:3.75336e-02
Node 173, SINR:7.26926e-01, BpsHz:3.75336e-02
Node 158, SINR:7.26926e-01, BpsHz:3.75336e-02
Node 29, SINR:7.26926e-01, BpsHz:3.75336e-02
---------------
==========Cluster 6, RcvInterf=8.78203e-14============
Node 81, SINR:0.00000e+00, BpsHz:0.00000e+00
Node 75, SINR:8.67111e-01, BpsHz:3.75336e-02
Node 13, SINR:8.67110e-01, BpsHz:3.75336e-02
Node 69, SINR:8.67110e-01, BpsHz:3.75336e-02
Node 128, SINR:8.67110e-01, BpsHz:3.75336e-02
Node 100, SINR:8.67110e-01, BpsHz:3.75336e-02
Node 102, SINR:8.67111e-01, BpsHz:3.75336e-02
Node 104, SINR:8.67110e-01, BpsHz:3.75336e-02
Node 182, SINR:8.67110e-01, BpsHz:3.75336e-02
Node 87, SINR:8.67111e-01, BpsHz:3.75336e-02
Node 54, SINR:8.67110e-01, BpsHz:3.75336e-02
Node 88, SINR:8.67110e-01, BpsHz:3.75336e-02
Node 40, SINR:8.67110e-01, BpsHz:3.75336e-02
Node 79, SINR:8.67110e-01, BpsHz:3.75336e-02
Node 20, SINR:8.67111e-01, BpsHz:3.75336e-02
Node 17, SINR:8.67110e-01, BpsHz:3.75336e-02
Node 65, SINR:8.67111e-01, BpsHz:3.75336e-02
Node 19, SINR:8.67110e-01, BpsHz:3.75336e-02
Node 161, SINR:8.67110e-01, BpsHz:3.75336e-02
Node 160, SINR:8.67111e-01, BpsHz:3.75336e-02
Node 16, SINR:8.67110e-01, BpsHz:3.75336e-02
Node 85, SINR:8.67111e-01, BpsHz:3.75336e-02
Node 34, SINR:8.67110e-01, BpsHz:3.75336e-02
Node 95, SINR:8.67111e-01, BpsHz:3.75336e-02
Node 7, SINR:8.67110e-01, BpsHz:3.75336e-02
---------------
==========Cluster 7, RcvInterf=7.76214e-14============
Node 33, SINR:0.00000e+00, BpsHz:0.00000e+00
Node 51, SINR:3.66423e-01, BpsHz:3.75336e-02
Node 109, SINR:3.66423e-01, BpsHz:3.75336e-02
Node 18, SINR:3.66423e-01, BpsHz:3.75336e-02
Node 179, SINR:3.66423e-01, BpsHz:3.75336e-02
Node 106, SINR:3.66423e-01, BpsHz:3.75336e-02
Node 130, SINR:3.66423e-01, BpsHz:3.75336e-02
Node 189, SINR:3.66423e-01, BpsHz:3.75336e-02
Node 129, SINR:3.66423e-01, BpsHz:3.75336e-02
Node 149, SINR:3.66423e-01, BpsHz:3.75336e-02
Node 68, SINR:3.66423e-01, BpsHz:3.75336e-02
Node 165, SINR:3.66423e-01, BpsHz:3.75336e-02
Node 178, SINR:3.66423e-01, BpsHz:3.75336e-02
---------------
==========Cluster 8, RcvInterf=6.79229e-14============
Node 23, SINR:0.00000e+00, BpsHz:0.00000e+00
Node 137, SINR:4.39403e-01, BpsHz:3.75336e-02
Node 127, SINR:4.39403e-01, BpsHz:3.75336e-02
Node 14, SINR:4.39403e-01, BpsHz:3.75336e-02
Node 172, SINR:4.39403e-01, BpsHz:3.75336e-02
Node 35, SINR:4.39403e-01, BpsHz:3.75336e-02
Node 113, SINR:4.39403e-01, BpsHz:3.75336e-02
Node 116, SINR:4.39403e-01, BpsHz:3.75336e-02
Node 166, SINR:4.39403e-01, BpsHz:3.75336e-02
Node 44, SINR:4.39403e-01, BpsHz:3.75336e-02
Node 170, SINR:4.39403e-01, BpsHz:3.75336e-02
Node 169, SINR:4.39403e-01, BpsHz:3.75336e-02
Node 61, SINR:4.39403e-01, BpsHz:3.75336e-02
Node 27, SINR:4.39403e-01, BpsHz:3.75336e-02
Node 42, SINR:4.39403e-01, BpsHz:3.75336e-02
---------------
==========Cluster 9, RcvInterf=1.15909e-13============
Node 37, SINR:0.00000e+00, BpsHz:0.00000e+00
Node 131, SINR:5.56248e-01, BpsHz:3.75336e-02
Node 72, SINR:5.56248e-01, BpsHz:3.75336e-02
Node 168, SINR:5.56248e-01, BpsHz:3.75336e-02
Node 83, SINR:5.56248e-01, BpsHz:3.75336e-02
Node 26, SINR:5.56248e-01, BpsHz:3.75336e-02
Node 4, SINR:5.56248e-01, BpsHz:3.75336e-02
Node 60, SINR:5.56248e-01, BpsHz:3.75336e-02
Node 45, SINR:5.56248e-01, BpsHz:3.75336e-02
Node 114, SINR:5.56248e-01, BpsHz:3.75336e-02
Node 5, SINR:5.56248e-01, BpsHz:3.75336e-02
Node 9, SINR:5.56248e-01, BpsHz:3.75336e-02
Node 108, SINR:5.56248e-01, BpsHz:3.75336e-02
Node 64, SINR:5.56248e-01, BpsHz:3.75336e-02
Node 36, SINR:5.56248e-01, BpsHz:3.75336e-02
Node 71, SINR:5.56248e-01, BpsHz:3.75336e-02
Node 46, SINR:5.56248e-01, BpsHz:3.75336e-02
Node 77, SINR:5.56248e-01, BpsHz:3.75336e-02
---------------
==========Cluster 10, RcvInterf=9.38634e-14============
Node 134, SINR:0.00000e+00, BpsHz:0.00000e+00
Node 132, SINR:4.77343e-01, BpsHz:3.75336e-02
Node 86, SINR:4.77343e-01, BpsHz:3.75336e-02
Node 112, SINR:4.77343e-01, BpsHz:3.75336e-02
Node 58, SINR:4.77343e-01, BpsHz:3.75336e-02
Node 146, SINR:4.77343e-01, BpsHz:3.75336e-02
Node 38, SINR:4.77343e-01, BpsHz:3.75336e-02
Node 194, SINR:4.77343e-01, BpsHz:3.75336e-02
Node 94, SINR:4.77343e-01, BpsHz:3.75336e-02
Node 49, SINR:4.77343e-01, BpsHz:3.75336e-02
Node 136, SINR:4.77343e-01, BpsHz:3.75336e-02
Node 15, SINR:4.77343e-01, BpsHz:3.75336e-02
Node 184, SINR:4.77343e-01, BpsHz:3.75336e-02
Node 39, SINR:4.77343e-01, BpsHz:3.75336e-02
Node 188, SINR:4.77343e-01, BpsHz:3.75336e-02
Node 57, SINR:4.77343e-01, BpsHz:3.75336e-02
---------------
