2013-09-15_21-37  185 16 8.19e-01    131.6 1.57e-06 2.3e-08 1.0e-03 1.57 
2013-09-15_21-37  150 19 7.61e-01    145.3 2.16e-06 4.3e-08 1.0e-03 2.16 
2013-09-15_21-37  61 11 8.68e-01    95.9 2.10e-06 5.3e-08 1.0e-03 2.10 
2013-09-15_21-37  74 24 6.89e-01    166.2 2.36e-06 2.5e-07 1.0e-03 2.36 
2013-09-15_21-37  24 15 8.03e-01    121.1 2.04e-06 4.2e-08 1.0e-03 2.04 
2013-09-15_21-37  32 18 8.27e-01    149.6 1.16e-06 2.1e-07 1.0e-03 1.16 
2013-09-15_21-37  148 16 8.32e-01    133.8 2.64e-06 1.2e-07 1.0e-03 2.64 
2013-09-15_21-37  155 18 7.31e-01    132.2 1.33e-07 9.9e-08 1.0e-03 0.13 
2013-09-15_21-37  96 23 7.35e-01    169.8 2.27e-06 1.6e-07 1.0e-03 2.27 
2013-09-15_21-37  152 14 7.56e-01    106.4 2.55e-07 4.2e-08 1.0e-03 0.25 
2013-09-15_21-37  53 12 8.22e-01    99.1 1.01e-07 6.7e-08 1.0e-03 0.10 

2013-09-15_21-41  146 20 7.03e-01    141.3 1.21e-06 1.3e-07 1.0e-03 1.21 
2013-09-15_21-41  107 23 6.56e-01    151.7 3.77e-06 2.6e-07 1.0e-03 3.77 
2013-09-15_21-41  155 16 6.65e-01    106.9 1.08e-07 5.7e-08 1.0e-03 0.11 
2013-09-15_21-41  12 15 7.62e-01    114.9 1.84e-06 1.0e-07 1.0e-03 1.84 
2013-09-15_21-41  111 21 7.50e-01    158.3 1.06e-06 2.5e-07 1.0e-03 1.06 
2013-09-15_21-41  185 21 7.68e-01    162.1 1.93e-06 3.1e-07 1.0e-03 1.93 
2013-09-15_21-41  105 10 8.14e-01    81.8 1.27e-06 1.6e-08 1.0e-03 1.27 
2013-09-15_21-41  64 15 7.50e-01    113.0 7.35e-08 1.5e-07 1.0e-03 0.07 
2013-09-15_21-41  183 11 6.30e-01    69.7 1.06e-06 5.7e-09 1.0e-03 1.06 
2013-09-15_21-41  25 17 7.82e-01    133.6 1.84e-06 7.4e-08 1.0e-03 1.84 
2013-09-15_21-41  10 17 6.58e-01    112.4 1.76e-06 4.8e-08 1.0e-03 1.76 

2013-09-15_21-35  53 11 7.71e-01    85.2 8.64e-08 4.1e-08 1.0e-03 0.09 
2013-09-15_21-35  25 15 7.74e-01    116.6 1.60e-06 7.9e-08 1.0e-03 1.60 
2013-09-15_21-35  51 21 7.39e-01    155.9 1.77e-06 1.9e-07 1.0e-03 1.77 
2013-09-15_21-35  91 15 7.28e-01    109.8 6.61e-07 4.2e-08 1.0e-03 0.66 
2013-09-15_21-35  68 17 6.76e-01    115.4 1.40e-07 1.1e-07 1.0e-03 0.14 
2013-09-15_21-35  4 22 6.06e-01    133.8 1.28e-06 1.0e-07 1.0e-03 1.28 
2013-09-15_21-35  82 25 6.21e-01    155.9 1.54e-06 1.9e-07 1.0e-03 1.54 
2013-09-15_21-35  34 13 6.51e-01    85.1 2.28e-06 1.4e-08 1.0e-03 2.28 
2013-09-15_21-35  24 13 6.88e-01    89.9 1.52e-06 1.2e-08 1.0e-03 1.52 
2013-09-15_21-35  38 19 6.65e-01    127.0 2.10e-06 1.8e-07 1.0e-03 2.10 
2013-09-15_21-35  135 15 7.61e-01    114.7 1.21e-06 7.9e-08 1.0e-03 1.21 

2013-09-15_21-41  29 8 9.09e-01    73.1 8.15e-07 1.3e-08 1.0e-03 0.81 
2013-09-15_21-41  107 23 6.94e-01    160.3 3.99e-06 3.0e-07 1.0e-03 3.99 
2013-09-15_21-41  144 9 8.37e-01    75.7 1.62e-06 2.5e-08 1.0e-03 1.62 
2013-09-15_21-41  186 15 7.61e-01    114.7 6.23e-08 1.9e-07 1.0e-03 0.06 
2013-09-15_21-41  27 22 6.97e-01    154.0 2.14e-06 2.3e-07 1.0e-03 2.14 
2013-09-15_21-41  146 23 7.39e-01    170.8 1.46e-06 2.9e-07 1.0e-03 1.46 
2013-09-15_21-41  177 7 8.86e-01    62.3 2.00e-06 1.8e-08 1.0e-03 2.00 
2013-09-15_21-41  89 22 7.04e-01    155.6 1.56e-06 1.9e-07 1.0e-03 1.56 
2013-09-15_21-41  39 21 8.05e-01    169.8 1.73e-06 2.5e-07 1.0e-03 1.73 
2013-09-15_21-41  111 19 7.98e-01    152.2 1.02e-06 2.1e-07 1.0e-03 1.02 
2013-09-15_21-41  152 17 7.34e-01    125.4 3.00e-07 1.3e-07 1.0e-03 0.30 

2013-09-15_21-35  53 11 7.36e-01    81.4 8.25e-08 9.2e-08 1.0e-03 0.08 
2013-09-15_21-35  25 13 7.35e-01    96.0 1.32e-06 5.1e-08 1.0e-03 1.32 
2013-09-15_21-35  51 20 7.05e-01    141.6 1.60e-06 2.4e-07 1.0e-03 1.60 
2013-09-15_21-35  91 16 6.86e-01    110.3 6.64e-07 4.9e-08 1.0e-03 0.66 
2013-09-15_21-35  68 17 6.25e-01    106.8 1.29e-07 1.8e-07 1.0e-03 0.13 
2013-09-15_21-35  4 22 5.44e-01    120.3 1.15e-06 2.0e-07 1.0e-03 1.15 
2013-09-15_21-35  82 25 5.66e-01    142.1 1.40e-06 3.1e-07 1.0e-03 1.40 
2013-09-15_21-35  34 13 6.07e-01    79.2 2.12e-06 2.3e-08 1.0e-03 2.12 
2013-09-15_21-35  24 15 6.68e-01    100.6 1.70e-06 5.8e-08 1.0e-03 1.70 
2013-09-15_21-35  38 18 6.08e-01    110.0 1.82e-06 1.4e-07 1.0e-03 1.82 
2013-09-15_21-35  135 16 7.30e-01    117.4 1.23e-06 1.7e-07 1.0e-03 1.23 

2013-09-15_21-38  146 21 7.79e-01    164.3 1.41e-06 1.3e-07 1.0e-03 1.41 
2013-09-15_21-38  85 17 8.24e-01    140.8 2.19e-07 1.4e-07 1.0e-03 0.22 
2013-09-15_21-38  163 14 8.57e-01    120.6 1.31e-06 1.3e-07 1.0e-03 1.31 
2013-09-15_21-38  103 11 7.23e-01    79.9 1.64e-06 2.8e-08 1.0e-03 1.64 
2013-09-15_21-38  79 21 8.23e-01    173.6 2.14e-06 3.0e-07 1.0e-03 2.14 
2013-09-15_21-38  193 14 7.74e-01    108.8 1.79e-07 8.1e-08 1.0e-03 0.18 
2013-09-15_21-38  107 23 7.33e-01    169.4 4.21e-06 1.6e-07 1.0e-03 4.21 
2013-09-15_21-38  81 16 7.37e-01    118.5 1.25e-07 9.5e-08 1.0e-03 0.12 
2013-09-15_21-38  33 21 8.39e-01    177.0 1.56e-06 3.2e-07 1.0e-03 1.56 
2013-09-15_21-38  96 19 7.23e-01    138.0 1.84e-06 9.8e-08 1.0e-03 1.84 
2013-09-15_21-38  65 9 8.72e-01    78.8 2.11e-06 1.9e-08 1.0e-03 2.11 

2013-09-15_21-36  24 13 7.11e-01    92.8 1.57e-06 1.5e-08 1.0e-03 1.57 
2013-09-15_21-36  135 11 7.55e-01    83.4 8.77e-07 1.1e-08 1.0e-03 0.88 
2013-09-15_21-36  165 17 7.36e-01    125.8 1.65e-06 6.5e-08 1.0e-03 1.65 
2013-09-15_21-36  163 14 7.29e-01    102.5 1.12e-06 3.4e-08 1.0e-03 1.12 
2013-09-15_21-36  34 14 6.03e-01    84.8 2.27e-06 8.3e-09 1.0e-03 2.27 
2013-09-15_21-36  79 16 7.06e-01    113.6 1.40e-06 5.1e-08 1.0e-03 1.40 
2013-09-15_21-36  134 16 6.32e-01    101.7 5.43e-07 3.2e-08 1.0e-03 0.54 
2013-09-15_21-36  74 27 4.99e-01    135.3 1.92e-06 1.5e-07 1.0e-03 1.92 
2013-09-15_21-36  93 12 6.95e-01    83.8 5.36e-08 1.8e-08 1.0e-03 0.05 
2013-09-15_21-36  155 19 5.84e-01    111.4 1.12e-07 6.3e-08 1.0e-03 0.11 
2013-09-15_21-36  27 27 5.57e-01    151.1 2.10e-06 2.1e-07 1.0e-03 2.10 

2013-09-15_21-36  83 13 7.97e-01    104.0 2.22e-06 1.0e-07 1.0e-03 2.22 
2013-09-15_21-36  163 18 7.35e-01    133.0 1.45e-06 1.5e-07 1.0e-03 1.45 
2013-09-15_21-36  79 21 7.35e-01    155.1 1.91e-06 2.7e-07 1.0e-03 1.91 
2013-09-15_21-36  14 12 6.78e-01    81.7 2.45e-06 2.6e-08 1.0e-03 2.45 
2013-09-15_21-36  93 12 7.36e-01    88.7 5.68e-08 2.7e-08 1.0e-03 0.06 
2013-09-15_21-36  155 19 6.17e-01    117.8 1.19e-07 8.2e-08 1.0e-03 0.12 
2013-09-15_21-36  152 14 6.34e-01    89.1 2.13e-07 5.2e-08 1.0e-03 0.21 
2013-09-15_21-36  10 20 5.94e-01    119.3 1.87e-06 8.0e-08 1.0e-03 1.87 
2013-09-15_21-36  24 15 7.12e-01    107.3 1.81e-06 5.1e-08 1.0e-03 1.81 
2013-09-15_21-36  4 21 5.97e-01    125.9 1.21e-06 1.1e-07 1.0e-03 1.21 
2013-09-15_21-36  150 21 6.79e-01    143.2 2.13e-06 1.2e-07 1.0e-03 2.13 

2013-09-15_21-42  60 19 7.40e-01    141.2 3.99e-07 2.0e-07 1.0e-03 0.40 
2013-09-15_21-42  93 17 7.95e-01    135.8 8.69e-08 1.5e-07 1.0e-03 0.09 
2013-09-15_21-42  185 17 7.92e-01    135.4 1.61e-06 4.9e-08 1.0e-03 1.61 
2013-09-15_21-42  150 18 7.19e-01    130.0 1.93e-06 4.9e-08 1.0e-03 1.93 
2013-09-15_21-42  46 11 8.28e-01    91.5 2.01e-06 8.3e-08 1.0e-03 2.01 
2013-09-15_21-42  92 21 6.69e-01    141.1 2.17e-06 2.8e-07 1.0e-03 2.17 
2013-09-15_21-42  24 14 7.62e-01    107.2 1.81e-06 4.7e-08 1.0e-03 1.81 
2013-09-15_21-42  124 13 8.07e-01    105.4 1.62e-06 2.7e-08 1.0e-03 1.62 
2013-09-15_21-42  122 20 7.72e-01    155.1 1.84e-06 9.0e-08 1.0e-03 1.84 
2013-09-15_21-42  30 16 7.22e-01    116.1 2.43e-07 1.7e-07 1.0e-03 0.24 
2013-09-15_21-42  129 20 7.03e-01    141.3 1.92e-06 1.9e-07 1.0e-03 1.92 

2013-09-15_21-42  150 18 6.93e-01    125.4 1.87e-06 1.1e-07 1.0e-03 1.87 
2013-09-15_21-42  155 17 6.55e-01    111.9 1.13e-07 1.5e-07 1.0e-03 0.11 
2013-09-15_21-42  24 14 7.31e-01    102.9 1.73e-06 3.0e-08 1.0e-03 1.73 
2013-09-15_21-42  105 15 7.55e-01    113.8 1.76e-06 1.5e-07 1.0e-03 1.76 
2013-09-15_21-42  46 19 7.07e-01    135.1 2.96e-06 1.9e-07 1.0e-03 2.96 
2013-09-15_21-42  95 20 7.45e-01    149.6 1.05e-06 2.5e-07 1.0e-03 1.05 
2013-09-15_21-42  12 13 7.70e-01    100.5 1.61e-06 5.0e-08 1.0e-03 1.61 
2013-09-15_21-42  74 22 6.40e-01    141.4 2.00e-06 2.4e-07 1.0e-03 2.00 
2013-09-15_21-42  25 14 8.02e-01    112.8 1.55e-06 4.7e-08 1.0e-03 1.55 
2013-09-15_21-42  108 12 7.97e-01    96.1 1.27e-07 1.3e-07 1.0e-03 0.13 
2013-09-15_21-42  149 22 7.22e-01    159.5 4.92e-07 3.3e-07 1.0e-03 0.49 

2013-09-15_21-39  1 27 8.31e-01    225.4 1.51e-06 4.7e-07 1.0e-03 1.51 
2013-09-15_21-39  71 23 8.28e-01    191.3 1.35e-06 1.3e-07 1.0e-03 1.35 
2013-09-15_21-39  24 14 7.95e-01    111.9 1.89e-06 1.7e-08 1.0e-03 1.89 
2013-09-15_21-39  179 8 8.39e-01    67.5 5.75e-07 4.4e-09 1.0e-03 0.58 
2013-09-15_21-39  34 9 6.89e-01    62.3 1.67e-06 2.8e-09 1.0e-03 1.67 
2013-09-15_21-39  116 14 7.69e-01    108.2 2.43e-06 2.9e-08 1.0e-03 2.43 
2013-09-15_21-39  30 18 7.56e-01    136.6 2.86e-07 8.1e-08 1.0e-03 0.29 
2013-09-15_21-39  105 24 7.26e-01    175.1 2.71e-06 1.5e-07 1.0e-03 2.71 
2013-09-15_21-39  177 10 8.14e-01    81.7 2.63e-06 1.1e-08 1.0e-03 2.63 
2013-09-15_21-39  185 17 8.22e-01    140.4 1.67e-06 2.7e-08 1.0e-03 1.67 
2013-09-15_21-39  11 22 7.89e-01    174.4 1.29e-07 2.1e-07 1.0e-03 0.13 

2013-09-15_21-37  122 13 6.78e-01    88.5 1.05e-06 2.9e-08 1.0e-03 1.05 
2013-09-15_21-37  96 21 5.58e-01    117.8 1.57e-06 1.6e-07 1.0e-03 1.57 
2013-09-15_21-37  53 11 6.83e-01    75.5 7.66e-08 3.0e-08 1.0e-03 0.08 
2013-09-15_21-37  61 11 7.90e-01    87.3 1.91e-06 4.6e-08 1.0e-03 1.91 
2013-09-15_21-37  68 23 6.15e-01    142.1 1.72e-07 1.5e-07 1.0e-03 0.17 
2013-09-15_21-37  185 18 6.79e-01    122.9 1.46e-06 4.1e-08 1.0e-03 1.46 
2013-09-15_21-37  25 20 7.09e-01    142.5 1.96e-06 1.1e-07 1.0e-03 1.96 
2013-09-15_21-37  92 23 5.35e-01    123.7 1.90e-06 2.1e-07 1.0e-03 1.90 
2013-09-15_21-37  24 13 6.41e-01    83.7 1.41e-06 2.3e-08 1.0e-03 1.41 
2013-09-15_21-37  150 19 6.09e-01    116.2 1.73e-06 4.0e-08 1.0e-03 1.73 
2013-09-15_21-37  30 14 6.31e-01    88.7 1.85e-07 6.6e-08 1.0e-03 0.19 

2013-09-15_21-43  139 7 7.22e-01    50.8 1.55e-06 8.1e-10 1.0e-03 1.55 
2013-09-15_21-43  185 22 7.48e-01    165.4 1.97e-06 1.9e-07 1.0e-03 1.97 
2013-09-15_21-43  150 18 6.85e-01    123.9 1.84e-06 8.4e-08 1.0e-03 1.84 
2013-09-15_21-43  91 17 7.46e-01    127.5 7.67e-07 7.4e-08 1.0e-03 0.77 
2013-09-15_21-43  61 9 8.10e-01    73.2 1.60e-06 1.7e-08 1.0e-03 1.60 
2013-09-15_21-43  114 13 7.10e-01    92.8 1.98e-06 1.9e-08 1.0e-03 1.98 
2013-09-15_21-43  175 21 6.80e-01    143.4 5.96e-07 1.2e-07 1.0e-03 0.60 
2013-09-15_21-43  99 22 7.08e-01    156.6 9.17e-08 2.0e-07 1.0e-03 0.09 
2013-09-15_21-43  47 19 6.05e-01    115.5 9.94e-07 4.6e-08 1.0e-03 0.99 
2013-09-15_21-43  14 12 7.10e-01    85.6 2.57e-06 4.0e-08 1.0e-03 2.57 
2013-09-15_21-43  29 26 7.43e-01    194.0 2.16e-06 2.8e-07 1.0e-03 2.16 

2013-09-15_21-37  150 18 6.62e-01    119.7 1.78e-06 4.3e-08 1.0e-03 1.78 
2013-09-15_21-37  91 19 6.98e-01    133.2 8.02e-07 6.5e-08 1.0e-03 0.80 
2013-09-15_21-37  185 18 7.28e-01    131.6 1.57e-06 5.4e-08 1.0e-03 1.57 
2013-09-15_21-37  24 13 6.88e-01    89.9 1.52e-06 1.9e-08 1.0e-03 1.52 
2013-09-15_21-37  4 21 6.18e-01    130.3 1.25e-06 2.0e-07 1.0e-03 1.25 
2013-09-15_21-37  48 16 6.96e-01    111.9 1.56e-07 5.3e-08 1.0e-03 0.16 
2013-09-15_21-37  96 15 6.11e-01    92.1 1.23e-06 4.9e-08 1.0e-03 1.23 
2013-09-15_21-37  29 26 7.09e-01    185.1 2.06e-06 2.6e-07 1.0e-03 2.06 
2013-09-15_21-37  89 17 6.36e-01    108.7 1.09e-06 2.3e-07 1.0e-03 1.09 
2013-09-15_21-37  64 14 7.30e-01    102.7 6.68e-08 6.3e-08 1.0e-03 0.07 
2013-09-15_21-37  46 9 8.13e-01    73.5 1.61e-06 3.4e-08 1.0e-03 1.61 

2013-09-15_21-43  136 21 6.94e-01    146.5 1.39e-06 2.7e-07 1.0e-03 1.39 
2013-09-15_21-43  32 22 7.75e-01    171.2 1.33e-06 2.9e-07 1.0e-03 1.33 
2013-09-15_21-43  24 15 7.71e-01    116.2 1.96e-06 2.4e-08 1.0e-03 1.96 
2013-09-15_21-43  46 19 7.52e-01    143.6 3.15e-06 1.8e-07 1.0e-03 3.15 
2013-09-15_21-43  105 19 7.38e-01    140.9 2.18e-06 1.7e-07 1.0e-03 2.18 
2013-09-15_21-43  155 18 7.05e-01    127.5 1.28e-07 1.3e-07 1.0e-03 0.13 
2013-09-15_21-43  113 16 8.14e-01    130.8 1.71e-06 5.3e-08 1.0e-03 1.71 
2013-09-15_21-43  50 11 8.19e-01    90.6 5.74e-07 2.2e-08 1.0e-03 0.57 
2013-09-15_21-43  29 22 7.73e-01    170.9 1.90e-06 1.8e-07 1.0e-03 1.90 
2013-09-15_21-43  69 8 6.56e-01    52.7 1.89e-06 1.4e-09 1.0e-03 1.89 
2013-09-15_21-43  64 15 7.79e-01    117.4 7.64e-08 8.3e-08 1.0e-03 0.08 

2013-09-15_21-39  136 21 7.38e-01    155.8 1.47e-06 1.6e-07 1.0e-03 1.47 
2013-09-15_21-39  32 21 8.18e-01    172.6 1.34e-06 2.2e-07 1.0e-03 1.34 
2013-09-15_21-39  24 15 8.03e-01    121.1 2.04e-06 2.1e-08 1.0e-03 2.04 
2013-09-15_21-39  46 20 7.77e-01    156.2 3.42e-06 1.8e-07 1.0e-03 3.42 
2013-09-15_21-39  105 17 7.88e-01    134.6 2.08e-06 9.4e-08 1.0e-03 2.08 
2013-09-15_21-39  155 18 7.44e-01    134.5 1.35e-07 8.7e-08 1.0e-03 0.14 
2013-09-15_21-39  113 16 8.45e-01    135.8 1.77e-06 7.1e-08 1.0e-03 1.77 
2013-09-15_21-39  50 11 8.46e-01    93.4 5.92e-07 2.6e-08 1.0e-03 0.59 
2013-09-15_21-39  29 24 8.06e-01    194.4 2.17e-06 2.8e-07 1.0e-03 2.17 
2013-09-15_21-39  69 8 6.88e-01    55.3 1.98e-06 1.5e-09 1.0e-03 1.98 
2013-09-15_21-39  64 15 8.10e-01    122.0 7.94e-08 1.0e-07 1.0e-03 0.08 

2013-09-15_21-38  53 13 7.27e-01    95.0 9.64e-08 9.0e-08 1.0e-03 0.10 
2013-09-15_21-38  175 18 6.19e-01    111.9 4.65e-07 8.1e-08 1.0e-03 0.47 
2013-09-15_21-38  185 19 6.85e-01    130.8 1.56e-06 2.3e-07 1.0e-03 1.56 
2013-09-15_21-38  107 22 5.70e-01    126.0 3.13e-06 2.6e-07 1.0e-03 3.13 
2013-09-15_21-38  97 8 6.95e-01    55.9 1.82e-06 5.3e-09 1.0e-03 1.82 
2013-09-15_21-38  176 15 6.17e-01    92.9 8.78e-08 4.9e-08 1.0e-03 0.09 
2013-09-15_21-38  14 14 6.28e-01    88.3 2.65e-06 1.1e-07 1.0e-03 2.65 
2013-09-15_21-38  47 18 5.00e-01    90.4 7.78e-07 4.9e-08 1.0e-03 0.78 
2013-09-15_21-38  134 25 6.28e-01    157.6 8.42e-07 2.5e-07 1.0e-03 0.84 
2013-09-15_21-38  29 21 6.65e-01    140.3 1.56e-06 2.3e-07 1.0e-03 1.56 
2013-09-15_21-38  61 13 7.66e-01    100.1 2.19e-06 6.5e-08 1.0e-03 2.19 

2013-09-15_21-43  126 19 7.53e-01    143.7 7.81e-07 8.8e-08 1.0e-03 0.78 
2013-09-15_21-43  127 23 7.29e-01    168.4 7.61e-08 1.5e-07 1.0e-03 0.08 
2013-09-15_21-43  24 14 7.31e-01    102.9 1.73e-06 1.1e-08 1.0e-03 1.73 
2013-09-15_21-43  96 23 6.54e-01    151.2 2.02e-06 1.7e-07 1.0e-03 2.02 
2013-09-15_21-43  69 10 6.45e-01    64.8 2.33e-06 2.5e-09 1.0e-03 2.33 
2013-09-15_21-43  179 9 7.96e-01    72.0 6.14e-07 1.1e-08 1.0e-03 0.61 
2013-09-15_21-43  46 10 8.16e-01    82.0 1.80e-06 3.8e-08 1.0e-03 1.80 
2013-09-15_21-43  185 17 7.56e-01    129.2 1.54e-06 2.8e-08 1.0e-03 1.54 
2013-09-15_21-43  33 21 7.62e-01    160.8 1.42e-06 1.6e-07 1.0e-03 1.42 
2013-09-15_21-43  177 8 7.82e-01    62.9 2.02e-06 1.1e-08 1.0e-03 2.02 
2013-09-15_21-43  136 32 5.83e-01    187.3 1.77e-06 3.8e-07 1.0e-03 1.77 

2013-09-15_21-44  107 23 7.15e-01    165.2 4.11e-06 3.3e-07 1.0e-03 4.11 
2013-09-15_21-44  47 18 6.47e-01    117.0 1.01e-06 7.6e-08 1.0e-03 1.01 
2013-09-15_21-44  124 14 8.07e-01    113.5 1.75e-06 1.2e-07 1.0e-03 1.75 
2013-09-15_21-44  14 13 7.42e-01    96.9 2.90e-06 1.0e-07 1.0e-03 2.90 
2013-09-15_21-44  61 8 8.70e-01    69.9 1.53e-06 4.1e-08 1.0e-03 1.53 
2013-09-15_21-44  4 24 7.08e-01    170.7 1.64e-06 2.5e-07 1.0e-03 1.64 
2013-09-15_21-44  64 14 7.85e-01    110.5 7.19e-08 1.9e-07 1.0e-03 0.07 
2013-09-15_21-44  155 17 6.91e-01    118.1 1.19e-07 1.2e-07 1.0e-03 0.12 
2013-09-15_21-44  122 20 7.72e-01    155.1 1.84e-06 2.8e-07 1.0e-03 1.84 
2013-09-15_21-44  60 13 7.36e-01    96.2 2.72e-07 9.9e-08 1.0e-03 0.27 
2013-09-15_21-44  185 22 8.01e-01    177.1 2.11e-06 3.2e-07 1.0e-03 2.11 

2013-09-15_21-38  39 7 8.14e-01    57.2 5.84e-07 4.9e-09 1.0e-03 0.58 
2013-09-15_21-38  88 29 5.87e-01    171.1 1.60e-06 4.4e-07 1.0e-03 1.60 
2013-09-15_21-38  122 21 7.11e-01    150.0 1.78e-06 9.7e-08 1.0e-03 1.78 
2013-09-15_21-38  124 15 7.58e-01    114.3 1.76e-06 1.0e-07 1.0e-03 1.76 
2013-09-15_21-38  22 8 8.22e-01    66.1 1.29e-06 6.3e-09 1.0e-03 1.29 
2013-09-15_21-38  24 17 7.07e-01    120.7 2.04e-06 9.6e-08 1.0e-03 2.04 
2013-09-15_21-38  74 22 6.14e-01    135.7 1.92e-06 2.0e-07 1.0e-03 1.92 
2013-09-15_21-38  93 13 7.48e-01    97.7 6.25e-08 1.1e-07 1.0e-03 0.06 
2013-09-15_21-38  61 13 8.08e-01    105.5 2.31e-06 1.4e-07 1.0e-03 2.31 
2013-09-15_21-38  68 22 6.50e-01    143.7 1.74e-07 3.1e-07 1.0e-03 0.17 
2013-09-15_21-38  150 19 6.59e-01    125.8 1.87e-06 3.9e-08 1.0e-03 1.87 

2013-09-15_21-44  126 15 7.64e-01    115.1 6.26e-07 5.7e-08 1.0e-03 0.63 
2013-09-15_21-44  107 26 6.67e-01    174.3 4.34e-06 3.3e-07 1.0e-03 4.34 
2013-09-15_21-44  22 20 7.54e-01    151.5 2.97e-06 2.3e-07 1.0e-03 2.97 
2013-09-15_21-44  26 10 7.22e-01    72.6 1.04e-07 1.8e-08 1.0e-03 0.10 
2013-09-15_21-44  146 25 7.08e-01    177.9 1.52e-06 2.3e-07 1.0e-03 1.52 
2013-09-15_21-44  56 11 7.98e-01    88.2 1.65e-07 5.5e-08 1.0e-03 0.17 
2013-09-15_21-44  186 15 7.47e-01    112.6 6.11e-08 1.2e-07 1.0e-03 0.06 
2013-09-15_21-44  47 18 5.97e-01    107.9 9.28e-07 4.0e-08 1.0e-03 0.93 
2013-09-15_21-44  165 17 8.21e-01    140.2 1.84e-06 1.8e-07 1.0e-03 1.84 
2013-09-15_21-44  61 9 8.10e-01    73.2 1.60e-06 1.3e-08 1.0e-03 1.60 
2013-09-15_21-44  89 20 6.67e-01    133.9 1.34e-06 1.8e-07 1.0e-03 1.34 

2013-09-15_21-39  185 17 6.93e-01    118.3 1.41e-06 5.1e-08 1.0e-03 1.41 
2013-09-15_21-39  91 19 6.44e-01    123.0 7.41e-07 1.1e-07 1.0e-03 0.74 
2013-09-15_21-39  61 10 7.75e-01    77.9 1.70e-06 2.3e-08 1.0e-03 1.70 
2013-09-15_21-39  24 14 6.56e-01    92.2 1.56e-06 3.5e-08 1.0e-03 1.56 
2013-09-15_21-39  181 19 5.24e-01    100.0 1.49e-06 5.0e-08 1.0e-03 1.49 
2013-09-15_21-39  64 15 6.80e-01    102.5 6.67e-08 8.4e-08 1.0e-03 0.07 
2013-09-15_21-39  47 17 4.97e-01    84.8 7.30e-07 3.0e-08 1.0e-03 0.73 
2013-09-15_21-39  14 10 6.38e-01    64.1 1.92e-06 1.3e-08 1.0e-03 1.92 
2013-09-15_21-39  29 27 6.58e-01    178.4 1.99e-06 2.9e-07 1.0e-03 1.99 
2013-09-15_21-39  155 19 5.84e-01    111.4 1.12e-07 9.6e-08 1.0e-03 0.11 
2013-09-15_21-39  150 19 6.09e-01    116.2 1.73e-06 4.7e-08 1.0e-03 1.73 

2013-09-15_21-41  150 18 7.62e-01    137.9 2.05e-06 9.0e-08 1.0e-03 2.05 
2013-09-15_21-41  89 20 7.13e-01    143.2 1.44e-06 3.5e-07 1.0e-03 1.44 
2013-09-15_21-41  47 17 6.91e-01    118.0 1.02e-06 5.7e-08 1.0e-03 1.02 
2013-09-15_21-41  95 20 8.11e-01    162.9 1.14e-06 2.0e-07 1.0e-03 1.14 
2013-09-15_21-41  12 14 8.38e-01    117.9 1.89e-06 8.4e-08 1.0e-03 1.89 
2013-09-15_21-41  181 19 7.37e-01    140.7 2.09e-06 1.0e-07 1.0e-03 2.09 
2013-09-15_21-41  25 17 8.52e-01    145.5 2.00e-06 9.2e-08 1.0e-03 2.00 
2013-09-15_21-41  75 19 8.40e-01    160.4 1.18e-07 3.3e-07 1.0e-03 0.12 
2013-09-15_21-41  60 22 7.76e-01    171.6 4.85e-07 2.5e-07 1.0e-03 0.48 
2013-09-15_21-41  24 12 7.67e-01    92.5 1.56e-06 2.8e-08 1.0e-03 1.56 
2013-09-15_21-41  61 8 8.91e-01    71.6 1.57e-06 3.0e-08 1.0e-03 1.57 

2013-09-15_21-44  155 17 7.42e-01    126.8 1.28e-07 7.7e-08 1.0e-03 0.13 
2013-09-15_21-44  134 19 8.05e-01    153.6 8.20e-07 1.8e-07 1.0e-03 0.82 
2013-09-15_21-44  27 17 6.86e-01    117.1 1.63e-06 1.0e-07 1.0e-03 1.63 
2013-09-15_21-44  61 7 8.69e-01    61.1 1.34e-06 1.6e-08 1.0e-03 1.34 
2013-09-15_21-44  4 24 7.08e-01    170.7 1.64e-06 1.7e-07 1.0e-03 1.64 
2013-09-15_21-44  107 23 6.94e-01    160.3 3.99e-06 2.9e-07 1.0e-03 3.99 
2013-09-15_21-44  64 11 7.94e-01    87.7 5.71e-08 3.7e-08 1.0e-03 0.06 
2013-09-15_21-44  29 21 7.76e-01    163.7 1.82e-06 2.1e-07 1.0e-03 1.82 
2013-09-15_21-44  44 12 8.11e-01    97.7 4.72e-07 4.4e-08 1.0e-03 0.47 
2013-09-15_21-44  185 22 8.01e-01    177.1 2.11e-06 3.0e-07 1.0e-03 2.11 
2013-09-15_21-44  14 13 7.42e-01    96.9 2.90e-06 1.0e-07 1.0e-03 2.90 

2013-09-15_21-39  10 16 6.45e-01    103.6 1.62e-06 5.1e-08 1.0e-03 1.62 
2013-09-15_21-39  53 12 7.26e-01    87.5 8.88e-08 4.1e-08 1.0e-03 0.09 
2013-09-15_21-39  163 17 7.55e-01    128.9 1.40e-06 9.4e-08 1.0e-03 1.40 
2013-09-15_21-39  68 20 6.62e-01    133.0 1.61e-07 1.2e-07 1.0e-03 0.16 
2013-09-15_21-39  51 26 7.06e-01    184.4 2.09e-06 2.9e-07 1.0e-03 2.09 
2013-09-15_21-39  25 15 7.51e-01    113.2 1.56e-06 5.5e-08 1.0e-03 1.56 
2013-09-15_21-39  74 16 6.37e-01    102.5 1.45e-06 6.4e-08 1.0e-03 1.45 
2013-09-15_21-39  173 16 6.22e-01    100.0 2.53e-06 7.4e-08 1.0e-03 2.53 
2013-09-15_21-39  195 18 7.52e-01    135.9 2.97e-06 1.1e-07 1.0e-03 2.97 
2013-09-15_21-39  3 10 8.05e-01    80.9 2.58e-07 5.7e-08 1.0e-03 0.26 
2013-09-15_21-39  82 20 6.50e-01    130.6 1.29e-06 1.5e-07 1.0e-03 1.29 

2013-09-15_21-45  111 14 7.75e-01    108.9 7.30e-07 5.8e-08 1.0e-03 0.73 
2013-09-15_21-45  114 12 6.99e-01    84.3 1.80e-06 1.1e-08 1.0e-03 1.80 
2013-09-15_21-45  4 19 6.77e-01    129.2 1.24e-06 1.0e-07 1.0e-03 1.24 
2013-09-15_21-45  53 12 7.53e-01    90.8 9.21e-08 3.9e-08 1.0e-03 0.09 
2013-09-15_21-45  65 10 8.23e-01    82.7 2.21e-06 1.6e-08 1.0e-03 2.21 
2013-09-15_21-45  103 12 6.85e-01    82.6 1.70e-06 2.5e-08 1.0e-03 1.70 
2013-09-15_21-45  51 26 7.40e-01    193.2 2.19e-06 3.0e-07 1.0e-03 2.19 
2013-09-15_21-45  68 18 6.79e-01    122.9 1.49e-07 7.6e-08 1.0e-03 0.15 
2013-09-15_21-45  150 24 6.94e-01    167.3 2.49e-06 1.6e-07 1.0e-03 2.49 
2013-09-15_21-45  18 24 6.07e-01    146.4 9.03e-07 9.8e-08 1.0e-03 0.90 
2013-09-15_21-45  25 15 7.80e-01    117.5 1.62e-06 4.7e-08 1.0e-03 1.62 

2013-09-15_21-41  159 25 6.88e-01    172.8 1.70e-06 2.9e-07 1.0e-03 1.70 
2013-09-15_21-41  144 11 8.64e-01    95.5 2.05e-06 2.9e-08 1.0e-03 2.05 
2013-09-15_21-41  191 12 8.72e-01    105.1 2.46e-07 8.4e-08 1.0e-03 0.25 
2013-09-15_21-41  126 15 8.21e-01    123.7 6.73e-07 9.7e-08 1.0e-03 0.67 
2013-09-15_21-41  24 13 7.82e-01    102.1 1.72e-06 2.2e-08 1.0e-03 1.72 
2013-09-15_21-41  46 8 8.87e-01    71.3 1.56e-06 1.4e-08 1.0e-03 1.56 
2013-09-15_21-41  96 23 7.34e-01    169.6 2.27e-06 1.7e-07 1.0e-03 2.27 
2013-09-15_21-41  99 20 7.79e-01    156.5 9.17e-08 2.7e-07 1.0e-03 0.09 
2013-09-15_21-41  185 20 8.19e-01    164.6 1.96e-06 1.1e-07 1.0e-03 1.96 
2013-09-15_21-41  150 19 7.61e-01    145.3 2.16e-06 7.3e-08 1.0e-03 2.16 
2013-09-15_21-41  122 20 8.07e-01    162.2 1.93e-06 1.1e-07 1.0e-03 1.93 

2013-09-15_21-45  181 19 7.30e-01    139.4 2.08e-06 1.1e-07 1.0e-03 2.08 
2013-09-15_21-45  89 19 6.85e-01    130.7 1.31e-06 1.7e-07 1.0e-03 1.31 
2013-09-15_21-45  27 19 6.81e-01    130.0 1.81e-06 9.9e-08 1.0e-03 1.81 
2013-09-15_21-45  12 10 7.84e-01    78.8 1.26e-06 2.3e-08 1.0e-03 1.26 
2013-09-15_21-45  59 14 8.35e-01    117.5 1.03e-06 1.8e-07 1.0e-03 1.03 
2013-09-15_21-45  68 20 7.34e-01    147.5 1.79e-07 1.7e-07 1.0e-03 0.18 
2013-09-15_21-45  33 21 7.78e-01    164.1 1.45e-06 3.5e-07 1.0e-03 1.45 
2013-09-15_21-45  163 18 8.07e-01    146.0 1.59e-06 1.7e-07 1.0e-03 1.59 
2013-09-15_21-45  22 9 8.41e-01    76.1 1.49e-06 7.2e-09 1.0e-03 1.49 
2013-09-15_21-45  107 23 6.94e-01    160.3 3.99e-06 2.6e-07 1.0e-03 3.99 
2013-09-15_21-45  108 14 8.42e-01    118.4 1.57e-07 1.8e-07 1.0e-03 0.16 

2013-09-15_21-40  92 18 5.61e-01    101.4 1.56e-06 3.2e-07 1.0e-03 1.56 
2013-09-15_21-40  150 22 6.23e-01    137.8 2.05e-06 2.1e-07 1.0e-03 2.05 
2013-09-15_21-40  129 19 5.73e-01    109.3 1.48e-06 1.8e-07 1.0e-03 1.48 
2013-09-15_21-40  175 14 6.54e-01    92.0 3.83e-07 1.5e-07 1.0e-03 0.38 
2013-09-15_21-40  165 23 6.95e-01    160.6 2.11e-06 2.8e-07 1.0e-03 2.11 
2013-09-15_21-40  91 17 6.59e-01    112.6 6.78e-07 8.3e-08 1.0e-03 0.68 
2013-09-15_21-40  24 12 6.24e-01    75.2 1.27e-06 2.2e-08 1.0e-03 1.27 
2013-09-15_21-40  64 14 7.02e-01    98.8 6.43e-08 1.2e-07 1.0e-03 0.06 
2013-09-15_21-40  48 18 6.29e-01    113.7 1.59e-07 1.6e-07 1.0e-03 0.16 
2013-09-15_21-40  79 19 7.00e-01    133.6 1.65e-06 3.4e-07 1.0e-03 1.65 
2013-09-15_21-40  46 10 7.58e-01    76.2 1.67e-06 8.3e-08 1.0e-03 1.67 

2013-09-15_21-40  150 23 6.77e-01    156.5 2.33e-06 1.1e-07 1.0e-03 2.33 
2013-09-15_21-40  47 18 5.62e-01    101.6 8.74e-07 4.6e-08 1.0e-03 0.87 
2013-09-15_21-40  24 13 6.88e-01    89.9 1.52e-06 1.1e-08 1.0e-03 1.52 
2013-09-15_21-40  79 18 7.44e-01    134.6 1.66e-06 1.9e-07 1.0e-03 1.66 
2013-09-15_21-40  64 15 7.23e-01    108.9 7.08e-08 1.5e-07 1.0e-03 0.07 
2013-09-15_21-40  61 9 7.88e-01    71.2 1.56e-06 2.4e-08 1.0e-03 1.56 
2013-09-15_21-40  14 12 6.84e-01    82.5 2.47e-06 3.7e-08 1.0e-03 2.47 
2013-09-15_21-40  91 18 6.92e-01    125.2 7.54e-07 1.2e-07 1.0e-03 0.75 
2013-09-15_21-40  181 19 5.85e-01    111.6 1.66e-06 2.8e-08 1.0e-03 1.66 
2013-09-15_21-40  165 23 7.44e-01    172.0 2.25e-06 3.5e-07 1.0e-03 2.25 
2013-09-15_21-40  155 18 6.18e-01    111.7 1.13e-07 7.7e-08 1.0e-03 0.11 

