195
21
1.000000e-03
8.021859e-279
165
3000
1.688738e+01
6.842041e-01
1.688738e-05
6.329065e-07
0 0 0 0 0 0 1 0 0 0 0 1 0 0 0 0 0 0 0 0 0 0 0 0 0 0 0 0 0 0 0 0 0 0 0 0 0 0 0 0 0 0 0 0 0 0 0 0 0 0 1 0 0 0 0 0 0 0 0 0 0 0 0 0 0 0 0 0 0 0 0 0 0 0 0 0 0 0 0 0 0 0 0 0 0 0 0 0 0 0 0 0 0 0 0 0 0 0 0 0 0 0 0 0 0 0 0 0 0 0 0 0 0 0 0 0 0 0 0 0 0 1 0 0 1 0 0 0 0 0 0 0 0 0 0 0 0 0 0 0 0 0 0 0 0 0 0 1 0 0 1 0 0 0 0 0 0 0 0 0 0 0 0 0 0 0 0 0 0 0 0 0 0 0 0 0 1 0 0 0 0 0 0 1 0 0 1 0 0 0 0 0 0 0 0 
0 0 0 0 0 0 0 0 0 0 1 0 0 0 0 0 0 0 0 0 0 0 0 0 0 1 0 0 0 0 0 0 0 0 0 0 0 0 0 0 0 0 0 0 0 0 0 0 0 0 0 0 0 0 0 0 0 0 0 0 0 0 0 0 0 0 0 0 0 0 0 0 0 0 0 0 0 0 0 0 0 0 0 0 0 0 0 0 0 1 0 0 0 0 0 0 0 0 0 0 0 1 0 0 0 0 0 0 0 0 0 0 0 0 0 0 0 0 0 0 0 0 0 0 0 0 0 0 0 0 0 0 0 0 0 0 0 0 0 0 0 0 0 0 0 0 0 0 0 0 0 1 0 1 0 0 0 0 0 0 0 0 0 0 0 0 0 0 0 0 0 0 0 0 0 0 0 0 0 0 0 0 0 0 0 0 0 0 0 0 0 0 1 1 0 
0 0 0 1 0 0 0 0 0 0 0 0 0 0 0 0 0 0 0 0 0 0 0 0 0 0 0 0 0 0 0 0 0 0 0 0 0 0 0 0 0 0 0 0 0 0 0 0 0 0 0 0 0 0 0 0 1 0 0 0 0 0 1 0 0 0 0 0 0 0 0 0 0 1 0 0 0 0 0 0 0 0 0 0 0 0 0 0 0 0 0 0 0 0 0 0 1 0 0 0 0 0 0 0 0 0 0 0 0 0 0 0 0 0 0 1 0 0 0 0 0 0 0 0 0 0 0 0 0 0 0 0 0 0 0 0 0 0 1 0 0 0 0 0 0 1 0 0 0 0 0 0 1 0 0 0 0 0 0 0 0 0 0 0 0 0 0 0 0 0 0 0 0 0 0 0 0 0 0 0 1 1 0 0 0 0 0 0 0 0 0 0 0 0 0 
0 0 0 0 0 0 0 0 1 0 0 0 0 0 0 0 0 0 0 0 0 0 0 0 0 0 0 0 0 0 1 0 0 0 0 0 0 0 0 0 0 0 0 0 0 0 0 0 0 0 0 0 0 0 0 1 0 1 0 0 0 0 0 0 0 0 1 0 0 0 0 0 0 0 0 0 0 0 0 0 0 0 0 0 0 0 0 0 0 0 0 0 0 0 0 0 0 1 0 0 0 0 0 0 0 0 0 0 0 0 0 0 0 0 0 0 0 0 0 0 0 0 0 0 0 0 0 0 0 0 0 0 0 0 0 0 0 0 0 0 0 0 0 0 0 0 0 0 0 0 0 0 0 0 0 0 0 0 0 0 0 0 0 1 0 0 0 0 0 0 0 0 0 0 0 0 0 0 0 0 0 0 0 0 0 0 0 0 0 0 0 1 0 0 0 
0 0 0 0 0 0 0 0 0 0 0 0 0 0 0 0 0 0 0 0 0 0 0 0 0 0 0 0 0 0 0 0 0 0 0 0 0 0 0 0 0 0 0 0 0 0 0 0 0 0 0 0 1 0 0 0 0 0 0 0 0 0 0 1 0 0 0 0 0 0 0 0 0 0 1 0 0 0 0 0 0 0 0 0 1 0 0 0 0 0 0 0 1 0 0 0 0 0 0 0 0 0 0 0 0 0 0 1 0 0 0 1 0 0 0 0 0 0 0 0 0 0 0 0 0 0 1 0 0 0 0 0 0 0 0 0 0 0 0 0 0 0 0 0 0 0 0 0 0 0 0 0 0 0 0 0 0 0 0 0 0 0 0 0 0 0 0 0 0 0 0 0 0 0 0 0 0 0 0 0 0 0 0 0 0 0 0 0 0 0 0 0 0 0 0 
0 0 0 0 0 0 0 0 0 0 0 0 0 0 0 0 0 0 0 0 0 0 0 0 0 0 0 0 0 0 0 0 0 0 0 0 0 0 0 0 0 0 0 0 0 0 0 1 0 0 0 0 0 0 0 0 0 0 0 0 0 0 0 0 0 0 0 1 0 1 0 0 0 0 0 0 0 1 0 0 1 0 0 0 0 0 0 0 0 0 0 0 0 1 0 0 0 0 1 0 0 0 0 0 0 1 0 0 0 0 0 0 0 0 0 0 0 0 0 0 1 0 0 0 0 0 0 0 0 0 0 0 0 0 0 0 0 0 0 0 0 1 0 0 0 0 0 0 0 0 0 0 0 0 1 1 0 0 0 0 0 0 0 0 0 0 0 0 0 0 0 1 0 0 0 1 0 0 0 0 0 0 0 0 0 1 0 0 0 0 0 0 0 0 0 
0 0 0 0 0 0 0 0 0 0 0 0 0 0 0 0 0 0 0 0 0 0 0 0 1 0 0 0 0 0 0 0 1 0 0 0 0 0 0 0 0 0 0 0 0 0 0 0 0 0 0 0 0 0 0 0 0 0 0 0 0 0 0 0 0 0 0 0 0 0 1 0 0 0 0 0 0 0 0 0 0 0 0 0 0 0 0 0 0 0 0 0 0 0 0 0 0 0 0 0 0 0 0 1 0 0 0 0 0 0 0 0 0 0 0 0 0 0 0 0 0 0 0 0 0 0 0 0 0 0 0 0 0 1 0 0 0 0 0 0 0 0 0 0 0 0 0 0 0 0 0 0 0 0 0 0 0 0 0 0 0 0 0 0 0 0 0 0 0 0 0 0 0 0 0 0 0 0 0 0 0 0 0 0 0 0 0 1 0 0 0 0 0 0 0 
0 0 0 0 0 0 0 0 0 0 0 0 0 0 0 0 0 0 0 0 0 0 0 0 0 0 0 0 0 0 0 1 0 0 0 0 0 0 0 0 0 1 0 0 0 0 0 0 0 0 0 0 0 0 0 0 0 0 0 0 0 0 0 0 0 0 0 0 0 0 0 0 0 0 0 0 0 0 0 0 0 0 0 0 0 0 0 0 0 0 0 0 0 0 0 0 0 0 0 0 0 0 0 0 0 0 0 0 0 0 0 0 0 0 0 0 0 1 0 0 0 0 0 0 0 0 0 0 0 0 0 0 0 0 0 0 0 0 0 0 0 0 0 0 0 0 0 0 0 0 0 0 0 0 0 0 0 1 0 0 0 0 0 0 0 0 0 0 0 0 0 0 0 0 0 0 0 0 0 0 0 0 0 0 0 0 0 0 0 0 0 0 0 0 0 
0 0 0 0 0 0 0 0 0 0 0 0 0 0 0 0 1 0 0 0 1 0 0 0 0 0 0 0 0 1 0 0 0 0 1 0 0 0 0 0 1 0 0 0 0 0 0 0 0 0 0 0 0 0 0 0 0 0 0 0 0 0 0 0 0 0 0 0 0 0 0 0 0 0 0 1 0 0 0 0 0 0 0 0 0 0 0 0 0 0 0 0 0 0 0 0 0 0 0 0 0 0 0 0 0 0 0 0 0 0 0 0 0 0 0 0 0 0 0 0 0 0 0 0 0 0 0 0 0 0 0 0 0 0 0 0 0 0 0 1 0 0 0 0 0 0 0 0 0 0 0 0 0 0 0 0 0 0 0 0 0 0 0 0 0 0 0 0 0 0 0 0 0 0 0 0 0 0 0 0 0 0 0 0 0 0 0 0 0 0 0 0 0 0 0 
0 0 0 0 0 0 0 0 0 0 0 0 0 0 0 0 0 0 0 0 0 0 0 0 0 0 0 0 0 0 0 0 0 0 0 0 0 0 0 0 0 0 0 0 0 0 0 0 0 0 0 0 0 0 0 0 0 0 0 0 0 0 0 0 0 0 0 0 0 0 0 0 0 0 0 0 0 0 0 0 0 0 0 0 0 0 0 0 0 0 0 0 0 0 0 0 0 0 0 0 0 0 0 0 0 0 0 0 0 0 0 0 0 0 0 0 0 0 0 0 0 0 0 1 0 0 0 0 0 0 0 0 0 0 0 0 0 0 0 0 0 0 0 1 0 0 0 0 0 0 0 0 0 0 0 0 1 0 0 1 0 0 0 0 0 0 0 0 0 0 0 0 0 0 0 0 0 0 0 0 0 0 0 0 0 0 0 0 0 0 0 0 0 0 0 
0 0 0 0 0 0 0 0 0 0 0 0 0 0 0 0 0 1 0 0 0 0 0 0 0 0 0 0 0 0 0 0 0 0 0 0 0 0 0 0 0 0 0 0 0 0 0 0 0 0 0 0 0 0 1 0 0 0 0 0 0 0 0 0 0 0 0 0 0 0 0 0 0 0 0 0 0 0 0 1 0 1 0 0 0 0 0 1 0 0 0 0 0 0 0 1 0 0 0 0 1 0 0 0 1 0 0 0 0 0 0 0 0 0 0 0 0 0 0 0 0 0 0 0 0 0 0 0 1 0 0 0 0 0 0 0 0 0 0 0 0 0 0 0 0 0 0 0 0 0 0 0 0 0 0 0 0 0 0 0 1 0 0 0 0 0 0 0 0 0 0 0 0 0 0 0 0 0 0 0 0 0 0 0 0 0 0 0 0 0 0 0 0 0 0 
0 0 0 0 0 0 0 0 0 0 0 0 0 1 0 0 0 0 0 1 0 0 0 0 0 0 0 0 0 0 0 0 0 0 0 0 0 0 0 0 0 0 0 0 0 0 0 0 0 0 0 0 0 0 0 0 0 0 0 0 0 0 0 0 0 1 0 0 0 0 0 0 0 0 0 0 0 0 0 0 0 0 0 0 0 1 0 0 1 0 0 1 0 0 0 0 0 0 0 0 0 0 1 0 0 0 0 0 0 0 0 0 0 0 0 0 0 0 0 0 0 0 0 0 0 0 0 0 0 0 0 0 0 0 0 0 0 0 0 0 1 0 0 0 0 0 0 0 0 0 0 0 0 0 0 0 0 0 1 0 0 1 0 0 0 0 0 0 0 0 0 0 0 0 0 0 0 0 0 0 0 0 1 0 0 0 0 0 0 0 0 0 0 0 0 
0 0 0 0 0 0 0 0 0 0 0 0 0 0 0 0 0 0 0 0 0 0 0 0 0 0 0 0 0 0 0 0 0 0 0 0 0 0 0 0 0 0 0 0 0 0 0 0 0 0 0 0 0 1 0 0 0 0 0 0 1 0 0 0 0 0 0 0 0 0 0 0 0 0 0 0 0 0 0 0 0 0 0 0 0 0 0 0 0 0 0 0 0 0 0 0 0 0 0 1 0 0 0 0 0 0 0 0 0 0 0 0 0 0 1 0 0 0 0 0 0 0 0 0 0 0 0 0 0 0 0 0 0 0 0 0 0 0 0 0 0 0 0 0 0 0 0 0 0 0 0 0 0 0 0 0 0 0 0 0 0 0 0 0 0 0 0 0 0 0 0 0 0 0 0 0 0 0 0 0 0 0 0 0 0 0 0 0 0 0 0 0 0 0 0 
0 0 0 0 0 0 0 0 0 0 0 0 0 0 0 1 0 0 0 0 0 1 0 0 0 0 0 0 0 0 0 0 0 0 0 0 0 0 1 1 0 0 0 0 0 0 0 0 1 0 0 0 0 0 0 0 0 0 1 0 0 0 0 0 0 0 0 0 0 0 0 0 0 0 0 0 0 0 1 0 0 0 0 0 0 0 1 0 0 0 0 0 0 0 1 0 0 0 0 0 0 0 0 0 0 0 0 0 0 0 0 0 1 0 0 0 0 0 0 0 0 0 0 0 0 0 0 0 0 0 0 0 0 0 1 0 1 0 0 0 0 0 0 0 0 0 0 0 0 0 0 0 0 0 0 0 0 0 0 0 0 0 0 0 0 0 0 0 0 0 0 0 0 0 0 0 0 0 0 0 0 0 0 0 1 0 0 0 1 0 0 0 0 0 0 
0 0 0 0 0 0 0 0 0 0 0 0 1 0 0 0 0 0 0 0 0 0 1 0 0 0 0 0 1 0 0 0 0 0 0 0 0 0 0 0 0 0 0 0 0 0 0 0 0 0 0 0 0 0 0 0 0 0 0 0 0 0 0 0 0 0 0 0 0 0 0 0 0 0 0 0 1 0 0 0 0 0 0 0 0 0 0 0 0 0 0 0 0 0 0 0 0 0 0 0 0 0 0 0 0 0 0 0 0 0 0 0 0 0 0 0 0 0 1 0 0 0 0 0 0 0 0 0 0 0 0 0 0 0 0 0 0 0 0 0 0 0 0 0 0 0 0 0 0 0 0 0 0 0 0 0 0 0 0 0 0 0 0 0 1 0 0 0 0 0 0 0 0 0 0 0 0 0 0 0 0 0 0 0 0 0 0 0 0 0 0 0 0 0 0 
0 0 0 0 0 0 0 0 0 0 0 0 0 0 0 0 0 0 1 0 0 0 0 0 0 0 0 0 0 0 0 0 0 1 0 0 0 0 0 0 0 0 0 0 0 0 0 0 0 0 0 1 0 0 0 0 0 0 0 0 0 0 0 0 0 0 0 0 1 0 0 0 0 0 0 0 0 0 0 0 0 0 0 0 0 0 0 0 0 0 0 0 0 0 0 0 0 0 0 0 0 0 0 0 0 0 1 0 0 1 0 0 0 0 0 0 0 0 0 0 0 0 0 0 0 0 0 0 0 1 0 0 1 0 0 0 0 0 0 0 0 0 0 0 0 0 0 0 0 0 0 0 0 0 0 0 0 0 0 0 0 0 0 0 0 1 0 0 0 0 0 0 0 0 0 0 0 0 0 1 0 0 0 0 0 0 0 0 0 1 0 0 0 0 0 
0 0 0 0 0 0 0 0 0 0 0 0 0 0 0 0 0 0 0 0 0 0 0 0 0 0 0 0 0 0 0 0 0 0 0 0 0 0 0 0 0 0 0 0 0 0 0 0 0 1 0 0 0 0 0 0 0 0 0 0 0 0 0 0 0 0 0 0 0 0 0 0 0 0 0 0 0 0 0 0 0 0 0 0 0 0 0 0 0 0 0 0 0 0 0 0 0 0 0 0 0 0 0 0 0 0 0 0 0 0 0 0 0 0 0 0 0 0 0 0 0 0 1 0 0 0 0 0 0 0 1 0 0 0 0 0 0 0 0 0 0 0 0 0 0 0 1 0 0 1 0 0 0 0 0 0 0 0 0 0 0 0 0 0 0 0 0 0 0 0 0 0 0 0 0 0 0 1 1 0 0 0 0 0 0 0 0 0 0 0 0 0 0 0 1 
1 0 0 0 0 0 0 0 0 0 0 0 0 0 0 0 0 0 0 0 0 0 0 0 0 0 0 0 0 0 0 0 0 0 0 0 0 0 0 0 0 0 0 1 0 0 0 0 0 0 0 0 0 0 0 0 0 0 0 1 0 0 0 0 0 0 0 0 0 0 0 0 0 0 0 0 0 0 0 0 0 0 0 0 0 0 0 0 0 0 1 0 0 0 0 0 0 0 0 0 0 0 0 0 0 0 0 0 0 0 1 0 0 0 0 0 0 0 0 0 0 0 0 0 0 1 0 0 0 0 0 0 0 0 0 0 0 0 0 0 0 0 0 0 1 0 0 0 1 0 0 0 0 0 0 0 0 0 0 0 0 0 1 0 0 0 0 1 0 0 0 0 0 0 0 0 0 0 0 0 0 0 0 0 0 0 0 0 0 0 0 0 0 0 0 
0 0 0 0 1 1 0 0 0 1 0 0 0 0 0 0 0 0 0 0 0 0 0 0 0 0 1 0 0 0 0 0 0 0 0 0 1 1 0 0 0 0 0 0 0 1 1 0 0 0 0 0 0 0 0 0 0 0 0 0 0 0 0 0 1 0 0 0 0 0 0 1 1 0 0 0 0 0 0 0 0 0 0 1 0 0 0 0 0 0 0 0 0 0 0 0 0 0 0 0 0 0 0 0 0 0 0 0 1 0 0 0 0 0 0 0 0 0 0 0 0 0 0 0 0 0 0 0 0 0 0 0 0 0 0 0 0 0 0 0 0 0 0 0 0 0 0 0 0 0 0 0 0 0 0 0 0 0 0 0 0 0 0 0 0 0 0 0 1 0 0 0 0 0 0 0 0 0 0 0 0 0 0 0 0 0 0 0 0 0 0 0 0 0 0 
0 0 1 0 0 0 0 0 0 0 0 0 0 0 0 0 0 0 0 0 0 0 0 0 0 0 0 0 0 0 0 0 0 0 0 0 0 0 0 0 0 0 1 0 0 0 0 0 0 0 0 0 0 0 0 0 0 0 0 0 0 1 0 0 0 0 0 0 0 0 0 0 0 0 0 0 0 0 0 0 0 0 0 0 0 0 0 0 0 0 0 0 0 0 0 0 0 0 0 0 0 0 0 0 0 0 0 0 0 0 0 0 0 0 0 0 0 0 0 0 0 0 0 0 0 0 0 0 0 0 0 0 0 0 0 0 0 0 0 0 0 0 0 0 0 0 0 0 0 0 0 0 0 0 0 0 0 0 0 0 0 0 0 0 0 0 0 0 0 0 0 0 0 1 1 0 0 0 0 0 0 0 0 0 0 0 0 0 0 0 1 0 0 0 0 
0 0 0 0 0 0 0 0 0 0 0 0 0 0 1 0 0 0 0 0 0 0 0 1 0 0 0 0 0 0 0 0 0 0 0 1 0 0 0 0 0 0 0 0 1 0 0 0 0 0 0 0 0 0 0 0 0 0 0 0 0 0 0 0 0 0 0 0 0 0 0 0 0 0 0 0 0 0 0 0 0 0 0 0 0 0 0 0 0 0 0 0 0 0 0 0 0 0 0 0 0 0 0 0 0 0 0 0 0 0 0 0 0 1 0 0 1 0 0 0 0 0 0 0 0 0 0 1 0 0 0 0 0 0 0 0 0 1 0 0 0 0 0 0 0 0 0 0 0 0 0 0 0 0 0 0 0 0 0 0 0 0 0 0 0 0 1 0 0 0 1 0 1 0 0 0 0 0 0 0 0 0 0 0 0 0 0 0 0 0 0 0 0 0 0 
177 194 153 56 53 48 71 42 41 144 105 183 115 185 23 34 179 126 10 174 114 
7.500371E-05 0.000000E+00 7.043022E-06 1.836145E-05 1.923171E-04 4.664760E-06 4.128472E-06 0.000000E+00 6.319314E-07 0.000000E+00 5.209888E-06 7.228763E-06 3.911287E-06 7.071831E-05 1.304720E-06 1.085372E-04 1.004993E-06 2.524420E-04 2.073907E-05 4.048670E-06 1.639358E-06 2.092276E-05 0.000000E+00 6.298064E-07 5.262330E-06 9.554257E-08 5.261262E-06 0.000000E+00 1.258510E-05 8.796693E-05 1.092067E-04 1.535480E-06 1.622823E-05 0.000000E+00 6.439304E-06 4.247117E-06 4.806856E-05 2.050569E-06 4.526981E-06 1.175482E-04 0.000000E+00 0.000000E+00 2.870241E-07 2.466322E-06 1.240379E-05 3.872179E-04 4.326902E-05 0.000000E+00 2.238306E-05 2.569230E-06 2.881728E-05 4.324737E-06 0.000000E+00 1.071848E-06 7.245176E-04 0.000000E+00 2.066096E-04 1.701512E-05 4.809496E-05 6.403050E-06 1.367979E-05 1.924363E-06 1.000127E-04 7.925979E-06 1.879626E-04 4.237375E-05 5.760619E-05 1.875232E-05 5.688465E-07 3.566988E-04 0.000000E+00 2.804598E-04 1.571422E-04 2.248374E-05 4.556743E-06 1.094539E-06 7.142985E-06 3.729028E-04 2.562472E-05 1.673402E-04 2.001145E-04 2.071148E-05 0.000000E+00 1.839712E-04 7.201440E-06 3.472072E-08 9.558284E-05 9.236507E-06 4.029349E-05 5.890918E-07 7.863870E-07 5.354171E-05 3.737178E-06 1.617160E-04 5.171365E-06 1.357504E-04 4.232596E-05 1.277255E-04 2.057377E-04 8.114793E-07 5.903319E-05 2.056526E-05 2.028019E-06 6.526943E-06 0.000000E+00 7.627014E-05 2.993097E-05 2.225783E-05 9.999069E-04 7.758318E-06 8.019916E-07 1.981864E-06 2.334326E-07 0.000000E+00 0.000000E+00 8.815052E-07 3.387674E-06 1.175530E-06 1.112580E-05 0.000000E+00 3.388407E-06 4.406003E-05 4.011913E-06 4.157134E-07 6.780774E-05 0.000000E+00 1.280390E-05 1.954035E-05 3.318934E-05 2.215529E-05 1.822570E-07 0.000000E+00 2.485956E-04 7.264448E-06 8.764936E-05 0.000000E+00 2.151794E-04 5.246087E-06 1.374667E-05 1.765279E-04 3.029750E-05 6.004137E-05 0.000000E+00 0.000000E+00 1.010334E-05 5.218405E-05 3.408868E-06 2.056599E-05 6.187376E-06 2.252275E-06 2.589605E-05 2.329012E-05 0.000000E+00 1.265483E-04 4.873422E-05 2.627254E-06 5.153518E-07 5.167627E-07 3.328622E-05 1.017298E-06 2.165894E-05 6.067775E-05 1.295321E-05 5.949344E-05 2.707406E-06 2.918808E-05 5.528621E-06 1.896134E-05 3.363115E-04 0.000000E+00 5.698037E-08 6.725672E-05 1.864013E-06 0.000000E+00 5.069713E-05 1.071269E-05 0.000000E+00 2.579559E-06 0.000000E+00 3.703614E-06 1.332672E-07 1.773170E-04 0.000000E+00 6.062405E-07 0.000000E+00 2.841699E-04 2.214541E-07 1.899802E-06 1.039178E-05 1.312694E-05 2.947641E-07 1.853019E-08 9.219824E-06 0.000000E+00 6.649113E-05 
177 12 187 125 7 151 184 51 148 122 
194 26 193 102 11 90 152 154 
153 74 116 97 181 57 139 4 63 146 182 
56 192 9 67 58 164 31 98 
53 112 75 127 93 85 64 108 
48 156 176 155 68 172 99 94 142 186 121 81 106 78 70 
71 188 104 134 33 25 
42 118 32 158 
41 76 17 21 35 140 30 
144 160 157 124 
105 80 101 161 82 96 55 88 129 18 
183 66 86 14 103 162 141 159 20 92 89 
115 54 100 61 
185 189 79 40 22 113 49 39 16 87 95 59 137 135 
23 13 119 165 29 77 
34 69 19 166 180 190 52 107 130 110 133 
179 178 147 131 123 50 150 195 
126 60 91 111 149 168 44 145 1 163 
10 38 27 6 73 65 84 5 47 37 109 169 72 46 
174 191 43 62 3 175 
114 171 173 117 45 15 36 24 138 167 128 

============Find Best @ Round 1242================
==========Cluster 0, RcvInterf=2.73717e-14============
Node 176, SINR:0.00000e+00, BpsHz:0.00000e+00
Node 11, SINR:6.63493e-01, BpsHz:8.15796e-02
Node 186, SINR:6.63493e-01, BpsHz:8.15796e-02
Node 124, SINR:6.63493e-01, BpsHz:8.15796e-02
Node 6, SINR:6.63493e-01, BpsHz:8.15796e-02
Node 150, SINR:6.63493e-01, BpsHz:8.15796e-02
Node 183, SINR:6.63493e-01, BpsHz:8.15796e-02
Node 50, SINR:6.63493e-01, BpsHz:8.15796e-02
Node 147, SINR:6.63493e-01, BpsHz:8.15796e-02
Node 121, SINR:6.63493e-01, BpsHz:8.15796e-02
---------------
==========Cluster 1, RcvInterf=2.06845e-13============
Node 193, SINR:0.00000e+00, BpsHz:0.00000e+00
Node 25, SINR:4.85612e-01, BpsHz:8.15796e-02
Node 192, SINR:4.85612e-01, BpsHz:8.15796e-02
Node 101, SINR:4.85612e-01, BpsHz:8.15796e-02
Node 10, SINR:4.85612e-01, BpsHz:8.15796e-02
Node 89, SINR:4.85612e-01, BpsHz:8.15796e-02
Node 151, SINR:4.85612e-01, BpsHz:8.15796e-02
Node 153, SINR:4.85612e-01, BpsHz:8.15796e-02
---------------
==========Cluster 2, RcvInterf=2.54591e-13============
Node 152, SINR:0.00000e+00, BpsHz:0.00000e+00
Node 73, SINR:7.60269e-01, BpsHz:8.15796e-02
Node 115, SINR:7.60269e-01, BpsHz:8.15796e-02
Node 96, SINR:7.60269e-01, BpsHz:8.15796e-02
Node 180, SINR:7.60269e-01, BpsHz:8.15796e-02
Node 56, SINR:7.60269e-01, BpsHz:8.15796e-02
Node 138, SINR:7.60269e-01, BpsHz:8.15796e-02
Node 3, SINR:7.60269e-01, BpsHz:8.15796e-02
Node 62, SINR:7.60269e-01, BpsHz:8.15796e-02
Node 145, SINR:7.60269e-01, BpsHz:8.15796e-02
Node 181, SINR:7.60269e-01, BpsHz:8.15796e-02
---------------
==========Cluster 3, RcvInterf=1.18999e-13============
Node 55, SINR:0.00000e+00, BpsHz:0.00000e+00
Node 191, SINR:4.85612e-01, BpsHz:8.15796e-02
Node 8, SINR:4.85612e-01, BpsHz:8.15796e-02
Node 66, SINR:4.85612e-01, BpsHz:8.15796e-02
Node 57, SINR:4.85612e-01, BpsHz:8.15796e-02
Node 163, SINR:4.85612e-01, BpsHz:8.15796e-02
Node 30, SINR:4.85612e-01, BpsHz:8.15796e-02
Node 97, SINR:4.85612e-01, BpsHz:8.15796e-02
---------------
==========Cluster 4, RcvInterf=9.10960e-14============
Node 52, SINR:0.00000e+00, BpsHz:0.00000e+00
Node 111, SINR:4.85612e-01, BpsHz:8.15796e-02
Node 74, SINR:4.85612e-01, BpsHz:8.15796e-02
Node 126, SINR:4.85612e-01, BpsHz:8.15796e-02
Node 92, SINR:4.85612e-01, BpsHz:8.15796e-02
Node 84, SINR:4.85612e-01, BpsHz:8.15796e-02
Node 63, SINR:4.85612e-01, BpsHz:8.15796e-02
Node 107, SINR:4.85612e-01, BpsHz:8.15796e-02
---------------
==========Cluster 5, RcvInterf=2.21509e-13============
Node 47, SINR:0.00000e+00, BpsHz:0.00000e+00
Node 155, SINR:1.20704e+00, BpsHz:8.15796e-02
Node 175, SINR:1.20704e+00, BpsHz:8.15796e-02
Node 154, SINR:1.20704e+00, BpsHz:8.15796e-02
Node 67, SINR:1.20704e+00, BpsHz:8.15796e-02
Node 171, SINR:1.20704e+00, BpsHz:8.15796e-02
Node 98, SINR:1.20704e+00, BpsHz:8.15796e-02
Node 93, SINR:1.20704e+00, BpsHz:8.15796e-02
Node 141, SINR:1.20704e+00, BpsHz:8.15796e-02
Node 185, SINR:1.20704e+00, BpsHz:8.15796e-02
Node 120, SINR:1.20704e+00, BpsHz:8.15796e-02
Node 80, SINR:1.20704e+00, BpsHz:8.15796e-02
Node 105, SINR:1.20704e+00, BpsHz:8.15796e-02
Node 77, SINR:1.20704e+00, BpsHz:8.15796e-02
Node 69, SINR:1.20704e+00, BpsHz:8.15796e-02
---------------
==========Cluster 6, RcvInterf=1.42634e-13============
Node 70, SINR:0.00000e+00, BpsHz:0.00000e+00
Node 187, SINR:3.26751e-01, BpsHz:8.15796e-02
Node 103, SINR:3.26751e-01, BpsHz:8.15796e-02
Node 133, SINR:3.26751e-01, BpsHz:8.15796e-02
Node 32, SINR:3.26751e-01, BpsHz:8.15796e-02
Node 24, SINR:3.26751e-01, BpsHz:8.15796e-02
---------------
==========Cluster 7, RcvInterf=5.03920e-14============
Node 41, SINR:0.00000e+00, BpsHz:0.00000e+00
Node 117, SINR:1.84878e-01, BpsHz:8.15796e-02
Node 31, SINR:1.84878e-01, BpsHz:8.15796e-02
Node 157, SINR:1.84878e-01, BpsHz:8.15795e-02
---------------
==========Cluster 8, RcvInterf=4.27091e-13============
Node 40, SINR:0.00000e+00, BpsHz:0.00000e+00
Node 75, SINR:4.03936e-01, BpsHz:8.15796e-02
Node 16, SINR:4.03936e-01, BpsHz:8.15796e-02
Node 20, SINR:4.03936e-01, BpsHz:8.15796e-02
Node 34, SINR:4.03936e-01, BpsHz:8.15796e-02
Node 139, SINR:4.03936e-01, BpsHz:8.15796e-02
Node 29, SINR:4.03936e-01, BpsHz:8.15796e-02
---------------
==========Cluster 9, RcvInterf=6.72927e-14============
Node 143, SINR:0.00000e+00, BpsHz:0.00000e+00
Node 159, SINR:1.84878e-01, BpsHz:8.15796e-02
Node 156, SINR:1.84878e-01, BpsHz:8.15795e-02
Node 123, SINR:1.84878e-01, BpsHz:8.15796e-02
---------------
==========Cluster 10, RcvInterf=4.22034e-13============
Node 104, SINR:0.00000e+00, BpsHz:0.00000e+00
Node 79, SINR:6.63493e-01, BpsHz:8.15796e-02
Node 100, SINR:6.63493e-01, BpsHz:8.15796e-02
Node 160, SINR:6.63493e-01, BpsHz:8.15796e-02
Node 81, SINR:6.63493e-01, BpsHz:8.15796e-02
Node 95, SINR:6.63493e-01, BpsHz:8.15796e-02
Node 54, SINR:6.63493e-01, BpsHz:8.15796e-02
Node 87, SINR:6.63493e-01, BpsHz:8.15796e-02
Node 128, SINR:6.63493e-01, BpsHz:8.15796e-02
Node 17, SINR:6.63493e-01, BpsHz:8.15796e-02
---------------
==========Cluster 11, RcvInterf=2.30150e-13============
Node 182, SINR:0.00000e+00, BpsHz:0.00000e+00
Node 65, SINR:7.60269e-01, BpsHz:8.15796e-02
Node 85, SINR:7.60269e-01, BpsHz:8.15796e-02
Node 13, SINR:7.60269e-01, BpsHz:8.15796e-02
Node 102, SINR:7.60269e-01, BpsHz:8.15796e-02
Node 161, SINR:7.60269e-01, BpsHz:8.15796e-02
Node 140, SINR:7.60269e-01, BpsHz:8.15796e-02
Node 158, SINR:7.60269e-01, BpsHz:8.15796e-02
Node 19, SINR:7.60269e-01, BpsHz:8.15796e-02
Node 91, SINR:7.60269e-01, BpsHz:8.15796e-02
Node 88, SINR:7.60269e-01, BpsHz:8.15796e-02
---------------
==========Cluster 12, RcvInterf=3.19953e-13============
Node 114, SINR:0.00000e+00, BpsHz:0.00000e+00
Node 53, SINR:1.84878e-01, BpsHz:8.15796e-02
Node 99, SINR:1.84878e-01, BpsHz:8.15796e-02
Node 60, SINR:1.84878e-01, BpsHz:8.15796e-02
---------------
==========Cluster 13, RcvInterf=6.63051e-14============
Node 184, SINR:0.00000e+00, BpsHz:0.00000e+00
Node 188, SINR:1.08570e+00, BpsHz:8.15796e-02
Node 78, SINR:1.08570e+00, BpsHz:8.15796e-02
Node 39, SINR:1.08570e+00, BpsHz:8.15796e-02
Node 21, SINR:1.08570e+00, BpsHz:8.15796e-02
Node 112, SINR:1.08570e+00, BpsHz:8.15796e-02
Node 48, SINR:1.08570e+00, BpsHz:8.15796e-02
Node 38, SINR:1.08570e+00, BpsHz:8.15796e-02
Node 15, SINR:1.08570e+00, BpsHz:8.15796e-02
Node 86, SINR:1.08570e+00, BpsHz:8.15796e-02
Node 94, SINR:1.08570e+00, BpsHz:8.15796e-02
Node 58, SINR:1.08570e+00, BpsHz:8.15796e-02
Node 136, SINR:1.08570e+00, BpsHz:8.15796e-02
Node 134, SINR:1.08570e+00, BpsHz:8.15796e-02
---------------
==========Cluster 14, RcvInterf=8.84085e-14============
Node 22, SINR:0.00000e+00, BpsHz:0.00000e+00
Node 12, SINR:3.26751e-01, BpsHz:8.15796e-02
Node 118, SINR:3.26751e-01, BpsHz:8.15796e-02
Node 164, SINR:3.26751e-01, BpsHz:8.15796e-02
Node 28, SINR:3.26751e-01, BpsHz:8.15796e-02
Node 76, SINR:3.26751e-01, BpsHz:8.15796e-02
---------------
==========Cluster 15, RcvInterf=4.88939e-14============
Node 33, SINR:0.00000e+00, BpsHz:0.00000e+00
Node 68, SINR:7.60269e-01, BpsHz:8.15796e-02
Node 18, SINR:7.60269e-01, BpsHz:8.15796e-02
Node 165, SINR:7.60269e-01, BpsHz:8.15796e-02
Node 179, SINR:7.60269e-01, BpsHz:8.15796e-02
Node 189, SINR:7.60269e-01, BpsHz:8.15796e-02
Node 51, SINR:7.60269e-01, BpsHz:8.15796e-02
Node 106, SINR:7.60269e-01, BpsHz:8.15796e-02
Node 129, SINR:7.60269e-01, BpsHz:8.15796e-02
Node 109, SINR:7.60269e-01, BpsHz:8.15796e-02
Node 132, SINR:7.60269e-01, BpsHz:8.15796e-02
---------------
==========Cluster 16, RcvInterf=8.04815e-14============
Node 178, SINR:0.00000e+00, BpsHz:0.00000e+00
Node 177, SINR:4.85612e-01, BpsHz:8.15796e-02
Node 146, SINR:4.85612e-01, BpsHz:8.15796e-02
Node 130, SINR:4.85612e-01, BpsHz:8.15796e-02
Node 122, SINR:4.85612e-01, BpsHz:8.15796e-02
Node 49, SINR:4.85612e-01, BpsHz:8.15796e-02
Node 149, SINR:4.85612e-01, BpsHz:8.15796e-02
Node 194, SINR:4.85612e-01, BpsHz:8.15796e-02
---------------
==========Cluster 17, RcvInterf=1.00147e-13============
Node 125, SINR:0.00000e+00, BpsHz:0.00000e+00
Node 59, SINR:6.63493e-01, BpsHz:8.15796e-02
Node 90, SINR:6.63493e-01, BpsHz:8.15796e-02
Node 110, SINR:6.63493e-01, BpsHz:8.15796e-02
Node 148, SINR:6.63493e-01, BpsHz:8.15796e-02
Node 167, SINR:6.63493e-01, BpsHz:8.15796e-02
Node 43, SINR:6.63493e-01, BpsHz:8.15796e-02
Node 144, SINR:6.63493e-01, BpsHz:8.15796e-02
Node 0, SINR:6.63493e-01, BpsHz:8.15796e-02
Node 162, SINR:6.63493e-01, BpsHz:8.15796e-02
---------------
==========Cluster 18, RcvInterf=4.72689e-13============
Node 9, SINR:0.00000e+00, BpsHz:0.00000e+00
Node 37, SINR:1.08570e+00, BpsHz:8.15796e-02
Node 26, SINR:1.08570e+00, BpsHz:8.15796e-02
Node 5, SINR:1.08570e+00, BpsHz:8.15796e-02
Node 72, SINR:1.08570e+00, BpsHz:8.15796e-02
Node 64, SINR:1.08570e+00, BpsHz:8.15796e-02
Node 83, SINR:1.08570e+00, BpsHz:8.15796e-02
Node 4, SINR:1.08570e+00, BpsHz:8.15796e-02
Node 46, SINR:1.08570e+00, BpsHz:8.15796e-02
Node 36, SINR:1.08570e+00, BpsHz:8.15796e-02
Node 108, SINR:1.08570e+00, BpsHz:8.15796e-02
Node 168, SINR:1.08570e+00, BpsHz:8.15796e-02
Node 71, SINR:1.08570e+00, BpsHz:8.15796e-02
Node 45, SINR:1.08570e+00, BpsHz:8.15796e-02
---------------
==========Cluster 19, RcvInterf=1.35624e-13============
Node 173, SINR:0.00000e+00, BpsHz:0.00000e+00
Node 190, SINR:3.26751e-01, BpsHz:8.15796e-02
Node 42, SINR:3.26751e-01, BpsHz:8.15796e-02
Node 61, SINR:3.26751e-01, BpsHz:8.15796e-02
Node 2, SINR:3.26751e-01, BpsHz:8.15796e-02
Node 174, SINR:3.26751e-01, BpsHz:8.15796e-02
---------------
==========Cluster 20, RcvInterf=2.76661e-14============
Node 113, SINR:0.00000e+00, BpsHz:0.00000e+00
Node 170, SINR:7.60269e-01, BpsHz:8.15796e-02
Node 172, SINR:7.60269e-01, BpsHz:8.15796e-02
Node 116, SINR:7.60269e-01, BpsHz:8.15796e-02
Node 44, SINR:7.60269e-01, BpsHz:8.15796e-02
Node 14, SINR:7.60269e-01, BpsHz:8.15796e-02
Node 35, SINR:7.60269e-01, BpsHz:8.15796e-02
Node 23, SINR:7.60269e-01, BpsHz:8.15796e-02
Node 137, SINR:7.60269e-01, BpsHz:8.15796e-02
Node 166, SINR:7.60269e-01, BpsHz:8.15796e-02
Node 127, SINR:7.60269e-01, BpsHz:8.15796e-02
---------------
