195
11
1.000000e-03
1.023703e-298
175
3000
1.349059e+01
1.418610e+00
1.349059e-05
1.325155e-06
0 0 0 0 0 0 0 0 0 0 0 0 0 0 0 0 0 0 0 0 0 0 0 0 0 0 0 0 0 0 0 1 0 0 0 0 0 0 0 0 0 1 0 1 0 0 0 0 0 0 0 0 0 0 0 0 0 0 0 1 0 0 0 0 0 0 0 0 0 0 0 0 0 0 0 0 0 0 0 0 0 0 0 0 0 0 0 0 0 0 1 0 0 0 0 0 0 0 0 0 0 0 0 0 0 0 0 0 0 0 1 0 0 0 0 0 0 1 0 0 0 0 0 0 0 1 0 0 0 0 0 0 0 0 0 0 0 0 0 0 0 0 0 0 1 0 0 0 1 0 0 0 0 0 0 0 0 1 0 0 0 0 1 0 0 0 0 1 0 0 0 0 0 0 0 0 0 0 0 0 0 0 0 0 0 0 0 0 0 0 0 0 0 0 0 
0 0 0 0 0 0 0 0 0 0 0 0 0 0 1 0 0 0 0 0 0 0 0 1 0 0 0 0 0 0 0 0 0 0 0 1 0 0 0 0 0 0 0 0 1 0 0 0 0 0 0 0 0 0 0 0 0 0 0 0 0 0 0 0 0 0 0 0 0 0 0 0 0 0 0 0 0 0 0 0 0 0 0 0 0 0 0 0 0 0 0 0 0 0 0 0 0 0 0 0 0 0 0 0 0 0 0 0 0 0 0 0 0 1 0 0 1 0 0 0 0 0 0 0 0 0 0 1 0 0 0 0 0 0 0 0 0 1 0 0 0 0 0 0 0 0 0 0 0 0 0 0 0 0 0 0 0 0 0 0 0 0 0 0 0 0 1 0 0 1 1 0 1 0 0 0 0 0 0 0 0 0 0 0 0 0 0 0 0 0 0 0 0 0 0 
0 0 1 1 0 0 0 0 0 0 0 0 0 0 0 0 0 0 0 0 0 0 0 0 0 0 0 1 0 1 0 0 0 0 0 0 0 0 0 0 0 0 0 0 0 0 0 0 0 0 0 0 0 0 0 0 1 0 0 0 0 0 1 0 0 0 0 0 0 0 0 0 0 1 0 0 0 0 0 0 0 0 0 0 0 0 0 0 0 0 0 0 0 0 0 0 1 0 0 0 0 0 0 0 0 0 0 0 0 0 0 0 0 0 0 1 0 0 0 1 0 0 0 0 0 0 0 0 0 0 0 0 0 0 0 1 0 0 1 1 0 0 0 0 0 1 0 0 0 0 0 0 1 0 0 0 0 0 0 0 0 0 0 0 0 0 0 0 0 0 0 0 0 1 1 0 0 0 0 0 1 1 0 0 0 0 0 0 0 0 1 0 0 0 0 
0 0 0 0 0 0 0 0 1 0 0 0 0 0 0 0 0 0 0 0 0 0 0 0 0 0 0 0 0 0 0 0 0 0 0 0 0 0 0 0 0 0 1 0 0 0 0 0 0 0 0 0 1 0 0 1 0 1 0 0 0 0 0 1 0 0 0 0 0 0 0 0 0 0 1 0 0 0 0 0 0 0 0 0 1 0 0 0 0 0 0 0 1 0 0 0 0 0 0 0 0 0 0 0 0 0 0 1 0 0 0 1 0 0 0 0 0 0 0 0 0 0 0 0 0 0 1 0 0 0 0 0 0 0 0 0 0 0 0 0 0 0 0 0 0 0 0 0 0 0 0 0 0 0 0 0 0 0 0 0 0 0 0 0 0 0 0 0 0 0 0 0 0 0 0 0 0 0 0 0 0 0 0 0 0 0 0 0 0 0 0 1 0 0 0 
0 0 0 0 0 0 0 0 0 1 0 0 0 0 0 0 0 0 0 0 0 0 0 0 0 0 0 0 0 0 0 0 0 0 0 0 1 1 0 0 0 0 0 0 0 1 0 0 0 0 0 0 0 0 0 0 0 0 0 0 1 0 0 0 1 0 0 0 0 0 0 0 1 0 0 0 0 0 0 0 0 0 0 0 0 0 0 0 0 0 0 0 0 0 0 0 0 0 0 0 0 0 0 0 0 0 0 0 1 0 0 0 0 0 1 0 0 0 0 0 0 0 0 0 0 0 0 0 0 0 0 1 0 0 0 0 0 0 0 0 0 0 0 0 0 0 0 0 0 0 0 0 0 0 0 0 0 0 0 0 0 0 0 0 0 0 0 0 0 0 0 0 0 0 0 0 0 0 0 0 0 0 0 0 0 0 0 0 0 0 0 0 0 0 0 
0 0 0 0 0 0 0 0 0 0 0 0 0 1 0 0 0 0 0 1 0 0 0 0 0 0 0 0 0 0 0 0 0 0 0 0 0 0 0 0 0 0 0 0 0 0 0 0 0 0 0 0 0 0 1 0 0 0 0 0 0 0 0 0 0 1 0 0 0 0 0 0 0 0 0 0 0 0 0 0 0 0 0 0 0 1 0 0 1 0 0 1 0 0 0 0 0 0 0 0 0 0 1 0 0 0 0 0 0 0 0 0 0 0 0 0 0 0 0 0 0 0 0 0 0 0 0 0 0 0 0 0 0 0 0 0 0 0 0 0 1 0 0 0 0 0 0 0 0 0 0 0 0 0 0 0 0 0 1 0 1 1 0 0 0 0 0 0 0 0 0 0 0 0 0 0 0 0 0 0 0 0 1 0 0 0 0 0 0 0 0 0 0 0 0 
0 1 0 0 0 0 1 0 0 0 0 1 0 0 0 0 0 0 0 0 0 1 0 0 0 0 0 0 0 0 1 0 0 0 0 0 0 0 0 1 0 0 0 0 0 0 0 0 1 0 1 0 0 0 0 0 0 0 0 0 0 0 0 0 0 0 1 0 0 0 0 0 0 0 0 0 0 0 1 0 0 0 0 0 0 0 0 0 0 0 0 0 0 0 1 0 0 1 0 0 0 0 0 0 0 0 0 0 0 0 0 0 1 0 0 0 0 0 1 0 0 1 0 0 1 0 0 0 0 0 0 0 0 0 0 0 0 0 0 0 0 0 0 0 0 0 0 1 0 0 1 0 0 1 0 0 0 0 0 0 0 0 0 1 0 0 0 0 0 0 0 0 0 0 0 0 1 0 0 0 0 0 0 1 1 0 1 0 1 0 0 0 0 0 0 
0 0 0 0 0 0 0 0 0 0 1 0 0 0 0 0 0 0 0 0 0 0 0 0 0 1 0 0 0 0 0 0 0 0 0 0 0 0 0 0 0 0 0 0 0 0 0 1 0 0 0 0 0 0 0 0 0 0 0 0 0 0 0 0 0 0 0 1 0 0 0 0 0 0 0 0 0 0 0 0 1 0 0 0 0 0 0 0 0 1 0 0 0 1 0 0 0 0 1 0 0 1 0 0 0 0 0 0 0 0 0 0 0 0 0 0 0 0 0 0 1 0 0 0 0 0 0 0 0 0 0 0 0 0 0 0 0 0 0 0 0 1 0 0 0 0 0 0 0 0 0 0 0 0 1 1 0 0 0 0 0 0 0 0 0 0 0 0 0 0 0 1 0 0 0 1 0 0 0 0 0 0 0 0 0 1 0 0 0 0 0 0 1 1 0 
0 0 0 0 0 0 0 0 0 0 0 0 0 0 0 1 0 0 1 0 0 0 0 0 0 0 0 0 0 0 0 0 0 1 0 0 0 0 0 0 0 0 0 0 0 0 0 0 0 1 0 1 0 0 0 0 0 0 1 0 0 0 0 0 0 0 0 0 1 0 0 0 0 0 0 0 0 0 0 0 0 0 0 0 0 0 1 0 0 0 0 0 0 0 0 0 0 0 0 0 0 0 0 0 0 0 0 0 0 1 0 0 0 0 0 0 0 0 0 0 0 0 1 0 0 0 0 0 0 1 1 0 1 0 1 0 1 0 0 0 0 0 0 0 0 0 1 0 0 1 0 0 0 0 0 0 0 0 0 0 0 0 0 0 0 1 0 0 0 0 0 0 0 0 0 0 0 1 1 1 0 0 0 0 0 0 0 0 0 1 0 0 0 0 1 
0 0 0 0 1 1 0 1 0 0 0 0 0 0 0 0 1 1 0 0 1 0 0 0 0 0 1 0 0 0 0 0 0 0 1 0 0 0 0 0 1 0 0 0 0 0 1 0 0 0 0 0 0 0 0 0 0 0 0 0 0 0 0 0 0 0 0 0 0 1 0 1 0 0 0 1 0 1 0 1 0 1 0 1 0 0 0 1 0 0 0 0 0 0 0 1 0 0 0 0 1 0 0 0 1 1 0 0 0 0 0 0 0 0 0 0 0 0 0 0 0 0 0 0 0 0 0 0 1 0 0 0 0 0 0 0 0 0 0 0 0 0 0 0 0 0 0 0 0 0 0 0 0 0 0 0 0 0 0 0 0 0 0 0 0 0 0 0 1 0 0 0 0 0 0 0 0 0 0 0 0 0 0 0 0 0 0 0 0 0 0 0 0 0 0 
0 0 0 0 0 0 0 0 0 0 0 0 1 0 0 0 0 0 0 0 0 0 1 0 1 0 0 0 0 0 0 0 1 0 0 0 0 0 0 0 0 0 0 0 0 0 0 0 0 0 0 0 0 0 0 0 0 0 0 0 0 0 0 0 0 0 0 0 0 0 1 0 0 0 0 0 1 0 0 0 0 0 1 0 0 0 0 0 0 0 0 0 0 0 0 0 0 0 0 0 0 0 0 1 0 0 0 0 0 0 0 0 0 0 0 0 0 0 0 0 0 0 0 1 0 0 0 0 0 0 0 0 0 1 0 0 0 0 0 0 0 0 0 1 0 0 0 0 0 0 0 0 0 0 0 0 1 0 0 1 0 0 0 0 1 0 0 0 0 0 0 0 0 0 0 0 0 0 0 0 0 0 0 0 0 0 0 1 0 0 0 0 0 0 0 
111 114 4 53 65 103 51 68 150 18 25 
0.000000E+00 2.734018E-04 9.154752E-05 0.000000E+00 2.501799E-05 7.293883E-05 2.536641E-04 4.453143E-07 4.271275E-05 7.358376E-06 1.480504E-04 1.532570E-06 9.325019E-05 1.346225E-06 1.824288E-06 5.057252E-04 2.318602E-04 0.000000E+00 5.396849E-05 3.938442E-10 1.290393E-04 1.816775E-04 5.468641E-05 8.806093E-07 0.000000E+00 3.872862E-04 6.582999E-05 4.281191E-04 0.000000E+00 4.432710E-04 9.936439E-05 7.310788E-05 2.139719E-05 6.553409E-06 2.717900E-04 5.938413E-06 1.956373E-05 1.705616E-06 0.000000E+00 9.994421E-04 3.375447E-04 2.979949E-05 3.856480E-04 2.474379E-07 1.734326E-05 3.093341E-07 2.808791E-05 4.049701E-06 9.333279E-05 2.056311E-05 0.000000E+00 8.887851E-05 0.000000E+00 0.000000E+00 1.341298E-04 1.458003E-04 7.192839E-04 1.409685E-04 2.152544E-04 9.419439E-06 7.972423E-06 0.000000E+00 4.791886E-04 7.541154E-06 0.000000E+00 1.988708E-06 5.364413E-05 0.000000E+00 4.005892E-05 1.115026E-06 5.353219E-06 1.669092E-06 7.397934E-08 2.466174E-05 4.335502E-06 1.875781E-04 6.325892E-06 1.015314E-04 3.868884E-05 6.007541E-04 1.624003E-04 4.978443E-05 1.712879E-06 7.805417E-05 6.851793E-06 9.560141E-08 2.809840E-04 9.832619E-06 1.377118E-05 1.022627E-04 5.073128E-06 4.344925E-05 3.555730E-06 4.238856E-05 2.098138E-04 1.440609E-05 2.153196E-04 6.325714E-05 1.251199E-05 0.000000E+00 4.157278E-04 1.052845E-04 0.000000E+00 8.032759E-05 6.095682E-05 1.232031E-05 0.000000E+00 2.117716E-05 2.180761E-06 1.151613E-04 0.000000E+00 1.885640E-06 2.648103E-04 0.000000E+00 6.870767E-05 4.728284E-05 4.736721E-06 2.103426E-04 3.605877E-04 4.697072E-06 1.320649E-06 5.009877E-06 4.505278E-05 1.588353E-05 5.521794E-04 3.391601E-07 1.218224E-05 2.732174E-05 1.346008E-05 2.557885E-05 2.892250E-06 3.017125E-06 9.165252E-05 7.796138E-05 1.384856E-04 8.174187E-06 5.580995E-04 7.335194E-06 1.561437E-04 1.726056E-05 3.170684E-05 1.481561E-05 0.000000E+00 8.018716E-06 2.631307E-05 1.501015E-07 3.216439E-05 4.087072E-05 1.691950E-05 0.000000E+00 9.695312E-10 0.000000E+00 9.875065E-06 3.240414E-04 6.018146E-05 4.064454E-07 5.651264E-05 6.242980E-05 4.227602E-05 5.196205E-05 1.232653E-04 8.322443E-06 7.715883E-07 1.845271E-05 1.038077E-05 2.014064E-04 7.730240E-06 1.509871E-06 8.477995E-05 9.379895E-05 7.967121E-08 4.622743E-06 2.606304E-06 4.205235E-04 2.638705E-05 1.594907E-05 5.791915E-05 1.700642E-05 1.815195E-06 1.040227E-05 2.026904E-06 6.493216E-06 4.415594E-07 2.414203E-04 4.664296E-04 7.486535E-05 1.366990E-04 3.886561E-05 3.753177E-04 1.358700E-04 4.663797E-04 1.094649E-04 9.219227E-05 2.223566E-04 1.345189E-05 
111 158 168 149 42 163 126 60 44 145 91 32 118 
114 138 173 167 117 171 45 24 15 36 128 170 
4 146 175 140 120 116 74 181 97 63 136 182 3 139 153 57 28 174 30 191 
53 108 112 127 75 85 93 192 64 9 58 56 43 
65 132 10 61 38 46 109 73 37 115 
103 20 183 162 14 86 66 89 55 141 161 159 92 
51 187 98 189 184 125 49 151 122 12 113 67 7 31 148 22 2 79 164 40 177 95 185 119 154 
68 48 156 172 142 176 94 186 121 90 155 193 99 102 81 194 11 26 
150 130 34 69 110 178 135 131 52 133 137 50 179 19 147 195 87 123 180 16 190 59 166 
18 70 106 84 105 47 27 17 5 6 96 8 129 88 72 21 80 82 169 76 101 78 35 41 
25 124 13 157 71 77 83 188 33 144 23 165 160 104 134 

============Find Best @ Round 1755================
==========Cluster 0, RcvInterf=6.76213e-14============
Node 110, SINR:0.00000e+00, BpsHz:0.00000e+00
Node 157, SINR:3.87181e-01, BpsHz:3.93463e-02
Node 167, SINR:3.87181e-01, BpsHz:3.93463e-02
Node 148, SINR:3.87181e-01, BpsHz:3.93463e-02
Node 41, SINR:3.87181e-01, BpsHz:3.93463e-02
Node 162, SINR:3.87181e-01, BpsHz:3.93463e-02
Node 125, SINR:3.87181e-01, BpsHz:3.93463e-02
Node 59, SINR:3.87181e-01, BpsHz:3.93463e-02
Node 43, SINR:3.87181e-01, BpsHz:3.93463e-02
Node 144, SINR:3.87181e-01, BpsHz:3.93463e-02
Node 90, SINR:3.87181e-01, BpsHz:3.93463e-02
Node 31, SINR:3.87181e-01, BpsHz:3.93463e-02
Node 117, SINR:3.87181e-01, BpsHz:3.93463e-02
---------------
==========Cluster 1, RcvInterf=1.20753e-13============
Node 113, SINR:0.00000e+00, BpsHz:0.00000e+00
Node 137, SINR:3.49860e-01, BpsHz:3.93463e-02
Node 172, SINR:3.49860e-01, BpsHz:3.93463e-02
Node 166, SINR:3.49860e-01, BpsHz:3.93463e-02
Node 116, SINR:3.49860e-01, BpsHz:3.93463e-02
Node 170, SINR:3.49860e-01, BpsHz:3.93463e-02
Node 44, SINR:3.49860e-01, BpsHz:3.93463e-02
Node 23, SINR:3.49860e-01, BpsHz:3.93463e-02
Node 14, SINR:3.49860e-01, BpsHz:3.93463e-02
Node 35, SINR:3.49860e-01, BpsHz:3.93463e-02
Node 127, SINR:3.49860e-01, BpsHz:3.93463e-02
Node 169, SINR:3.49860e-01, BpsHz:3.93463e-02
---------------
==========Cluster 2, RcvInterf=1.46157e-13============
Node 3, SINR:0.00000e+00, BpsHz:0.00000e+00
Node 145, SINR:6.78974e-01, BpsHz:3.93463e-02
Node 174, SINR:6.78975e-01, BpsHz:3.93463e-02
Node 139, SINR:6.78975e-01, BpsHz:3.93463e-02
Node 119, SINR:6.78975e-01, BpsHz:3.93463e-02
Node 115, SINR:6.78974e-01, BpsHz:3.93463e-02
Node 73, SINR:6.78974e-01, BpsHz:3.93463e-02
Node 180, SINR:6.78975e-01, BpsHz:3.93463e-02
Node 96, SINR:6.78975e-01, BpsHz:3.93463e-02
Node 62, SINR:6.78975e-01, BpsHz:3.93463e-02
Node 135, SINR:6.78974e-01, BpsHz:3.93463e-02
Node 181, SINR:6.78975e-01, BpsHz:3.93463e-02
Node 2, SINR:6.78975e-01, BpsHz:3.93463e-02
Node 138, SINR:6.78975e-01, BpsHz:3.93463e-02
Node 152, SINR:6.78975e-01, BpsHz:3.93463e-02
Node 56, SINR:6.78975e-01, BpsHz:3.93463e-02
Node 27, SINR:6.78975e-01, BpsHz:3.93463e-02
Node 173, SINR:6.78974e-01, BpsHz:3.93463e-02
Node 29, SINR:6.78974e-01, BpsHz:3.93463e-02
Node 190, SINR:6.78975e-01, BpsHz:3.93463e-02
---------------
==========Cluster 3, RcvInterf=1.12187e-13============
Node 52, SINR:0.00000e+00, BpsHz:0.00000e+00
Node 107, SINR:3.87181e-01, BpsHz:3.93463e-02
Node 111, SINR:3.87181e-01, BpsHz:3.93463e-02
Node 126, SINR:3.87181e-01, BpsHz:3.93463e-02
Node 74, SINR:3.87181e-01, BpsHz:3.93463e-02
Node 84, SINR:3.87181e-01, BpsHz:3.93463e-02
Node 92, SINR:3.87181e-01, BpsHz:3.93463e-02
Node 191, SINR:3.87181e-01, BpsHz:3.93463e-02
Node 63, SINR:3.87181e-01, BpsHz:3.93463e-02
Node 8, SINR:3.87181e-01, BpsHz:3.93463e-02
Node 57, SINR:3.87181e-01, BpsHz:3.93463e-02
Node 55, SINR:3.87181e-01, BpsHz:3.93463e-02
Node 42, SINR:3.87181e-01, BpsHz:3.93463e-02
---------------
==========Cluster 4, RcvInterf=5.69664e-14============
Node 64, SINR:0.00000e+00, BpsHz:0.00000e+00
Node 131, SINR:2.78203e-01, BpsHz:3.93463e-02
Node 9, SINR:2.78203e-01, BpsHz:3.93463e-02
Node 60, SINR:2.78203e-01, BpsHz:3.93463e-02
Node 37, SINR:2.78203e-01, BpsHz:3.93463e-02
Node 45, SINR:2.78203e-01, BpsHz:3.93463e-02
Node 108, SINR:2.78203e-01, BpsHz:3.93463e-02
Node 72, SINR:2.78203e-01, BpsHz:3.93463e-02
Node 36, SINR:2.78203e-01, BpsHz:3.93463e-02
Node 114, SINR:2.78203e-01, BpsHz:3.93463e-02
---------------
==========Cluster 5, RcvInterf=8.80925e-14============
Node 102, SINR:0.00000e+00, BpsHz:0.00000e+00
Node 19, SINR:3.87181e-01, BpsHz:3.93463e-02
Node 182, SINR:3.87181e-01, BpsHz:3.93463e-02
Node 161, SINR:3.87181e-01, BpsHz:3.93463e-02
Node 13, SINR:3.87181e-01, BpsHz:3.93463e-02
Node 85, SINR:3.87181e-01, BpsHz:3.93463e-02
Node 65, SINR:3.87181e-01, BpsHz:3.93463e-02
Node 88, SINR:3.87181e-01, BpsHz:3.93463e-02
Node 54, SINR:3.87181e-01, BpsHz:3.93463e-02
Node 140, SINR:3.87181e-01, BpsHz:3.93463e-02
Node 160, SINR:3.87181e-01, BpsHz:3.93463e-02
Node 158, SINR:3.87181e-01, BpsHz:3.93463e-02
Node 91, SINR:3.87181e-01, BpsHz:3.93463e-02
---------------
==========Cluster 6, RcvInterf=4.74624e-14============
Node 50, SINR:0.00000e+00, BpsHz:0.00000e+00
Node 186, SINR:9.24271e-01, BpsHz:3.93463e-02
Node 97, SINR:9.24271e-01, BpsHz:3.93463e-02
Node 188, SINR:9.24271e-01, BpsHz:3.93463e-02
Node 183, SINR:9.24271e-01, BpsHz:3.93463e-02
Node 124, SINR:9.24271e-01, BpsHz:3.93463e-02
Node 48, SINR:9.24271e-01, BpsHz:3.93463e-02
Node 150, SINR:9.24271e-01, BpsHz:3.93463e-02
Node 121, SINR:9.24271e-01, BpsHz:3.93463e-02
Node 11, SINR:9.24271e-01, BpsHz:3.93463e-02
Node 112, SINR:9.24271e-01, BpsHz:3.93463e-02
Node 66, SINR:9.24271e-01, BpsHz:3.93463e-02
Node 6, SINR:9.24271e-01, BpsHz:3.93463e-02
Node 30, SINR:9.24271e-01, BpsHz:3.93463e-02
Node 147, SINR:9.24271e-01, BpsHz:3.93463e-02
Node 21, SINR:9.24271e-01, BpsHz:3.93463e-02
Node 1, SINR:9.24271e-01, BpsHz:3.93463e-02
Node 78, SINR:9.24271e-01, BpsHz:3.93463e-02
Node 163, SINR:9.24271e-01, BpsHz:3.93463e-02
Node 39, SINR:9.24271e-01, BpsHz:3.93463e-02
Node 176, SINR:9.24271e-01, BpsHz:3.93463e-02
Node 94, SINR:9.24271e-01, BpsHz:3.93463e-02
Node 184, SINR:9.24271e-01, BpsHz:3.93463e-02
Node 118, SINR:9.24271e-01, BpsHz:3.93463e-02
Node 153, SINR:9.24271e-01, BpsHz:3.93463e-02
---------------
==========Cluster 7, RcvInterf=8.78456e-14============
Node 67, SINR:0.00000e+00, BpsHz:0.00000e+00
Node 47, SINR:5.89847e-01, BpsHz:3.93463e-02
Node 155, SINR:5.89847e-01, BpsHz:3.93463e-02
Node 171, SINR:5.89847e-01, BpsHz:3.93463e-02
Node 141, SINR:5.89847e-01, BpsHz:3.93463e-02
Node 175, SINR:5.89847e-01, BpsHz:3.93463e-02
Node 93, SINR:5.89847e-01, BpsHz:3.93463e-02
Node 185, SINR:5.89847e-01, BpsHz:3.93463e-02
Node 120, SINR:5.89847e-01, BpsHz:3.93463e-02
Node 89, SINR:5.89847e-01, BpsHz:3.93463e-02
Node 154, SINR:5.89847e-01, BpsHz:3.93463e-02
Node 192, SINR:5.89847e-01, BpsHz:3.93463e-02
Node 98, SINR:5.89847e-01, BpsHz:3.93463e-02
Node 101, SINR:5.89847e-01, BpsHz:3.93463e-02
Node 80, SINR:5.89847e-01, BpsHz:3.93463e-02
Node 193, SINR:5.89847e-01, BpsHz:3.93463e-02
Node 10, SINR:5.89847e-01, BpsHz:3.93463e-02
Node 25, SINR:5.89847e-01, BpsHz:3.93463e-02
---------------
==========Cluster 8, RcvInterf=2.88824e-14============
Node 149, SINR:0.00000e+00, BpsHz:0.00000e+00
Node 129, SINR:8.22122e-01, BpsHz:3.93463e-02
Node 33, SINR:8.22122e-01, BpsHz:3.93463e-02
Node 68, SINR:8.22122e-01, BpsHz:3.93463e-02
Node 109, SINR:8.22122e-01, BpsHz:3.93463e-02
Node 177, SINR:8.22122e-01, BpsHz:3.93463e-02
Node 134, SINR:8.22122e-01, BpsHz:3.93463e-02
Node 130, SINR:8.22122e-01, BpsHz:3.93463e-02
Node 51, SINR:8.22122e-01, BpsHz:3.93463e-02
Node 132, SINR:8.22122e-01, BpsHz:3.93463e-02
Node 136, SINR:8.22122e-01, BpsHz:3.93463e-02
Node 49, SINR:8.22122e-01, BpsHz:3.93463e-02
Node 178, SINR:8.22122e-01, BpsHz:3.93463e-02
Node 18, SINR:8.22122e-01, BpsHz:3.93463e-02
Node 146, SINR:8.22122e-01, BpsHz:3.93463e-02
Node 194, SINR:8.22122e-01, BpsHz:3.93463e-02
Node 86, SINR:8.22122e-01, BpsHz:3.93463e-02
Node 122, SINR:8.22122e-01, BpsHz:3.93463e-02
Node 179, SINR:8.22122e-01, BpsHz:3.93463e-02
Node 15, SINR:8.22122e-01, BpsHz:3.93463e-02
Node 189, SINR:8.22122e-01, BpsHz:3.93463e-02
Node 58, SINR:8.22122e-01, BpsHz:3.93463e-02
Node 165, SINR:8.22122e-01, BpsHz:3.93463e-02
---------------
==========Cluster 9, RcvInterf=6.28012e-14============
Node 17, SINR:0.00000e+00, BpsHz:0.00000e+00
Node 69, SINR:8.72500e-01, BpsHz:3.93463e-02
Node 105, SINR:8.72500e-01, BpsHz:3.93463e-02
Node 83, SINR:8.72500e-01, BpsHz:3.93463e-02
Node 104, SINR:8.72500e-01, BpsHz:3.93463e-02
Node 46, SINR:8.72500e-01, BpsHz:3.93463e-02
Node 26, SINR:8.72500e-01, BpsHz:3.93463e-02
Node 16, SINR:8.72500e-01, BpsHz:3.93463e-02
Node 4, SINR:8.72500e-01, BpsHz:3.93463e-02
Node 5, SINR:8.72500e-01, BpsHz:3.93463e-02
Node 95, SINR:8.72500e-01, BpsHz:3.93463e-02
Node 7, SINR:8.72500e-01, BpsHz:3.93463e-02
Node 128, SINR:8.72500e-01, BpsHz:3.93463e-02
Node 87, SINR:8.72500e-01, BpsHz:3.93463e-02
Node 71, SINR:8.72500e-01, BpsHz:3.93463e-02
Node 20, SINR:8.72500e-01, BpsHz:3.93463e-02
Node 79, SINR:8.72500e-01, BpsHz:3.93463e-02
Node 81, SINR:8.72500e-01, BpsHz:3.93463e-02
Node 168, SINR:8.72500e-01, BpsHz:3.93463e-02
Node 75, SINR:8.72500e-01, BpsHz:3.93463e-02
Node 100, SINR:8.72500e-01, BpsHz:3.93463e-02
Node 77, SINR:8.72500e-01, BpsHz:3.93463e-02
Node 34, SINR:8.72500e-01, BpsHz:3.93463e-02
Node 40, SINR:8.72500e-01, BpsHz:3.93463e-02
---------------
==========Cluster 10, RcvInterf=9.68383e-14============
Node 24, SINR:0.00000e+00, BpsHz:0.00000e+00
Node 123, SINR:4.64947e-01, BpsHz:3.93463e-02
Node 12, SINR:4.64947e-01, BpsHz:3.93463e-02
Node 156, SINR:4.64947e-01, BpsHz:3.93463e-02
Node 70, SINR:4.64947e-01, BpsHz:3.93463e-02
Node 76, SINR:4.64947e-01, BpsHz:3.93463e-02
Node 82, SINR:4.64947e-01, BpsHz:3.93463e-02
Node 187, SINR:4.64947e-01, BpsHz:3.93463e-02
Node 32, SINR:4.64947e-01, BpsHz:3.93463e-02
Node 143, SINR:4.64947e-01, BpsHz:3.93463e-02
Node 22, SINR:4.64947e-01, BpsHz:3.93463e-02
Node 164, SINR:4.64947e-01, BpsHz:3.93463e-02
Node 159, SINR:4.64947e-01, BpsHz:3.93463e-02
Node 103, SINR:4.64947e-01, BpsHz:3.93463e-02
Node 133, SINR:4.64947e-01, BpsHz:3.93463e-02
---------------
