195
17
1.000000e-03
1.339250e-303
169
3000
1.584342e+01
1.546021e+00
1.584342e-05
4.978798e-07
0 0 0 0 0 0 0 0 0 0 0 0 0 0 0 0 0 0 0 0 0 0 0 0 0 0 0 0 0 0 0 0 0 0 0 0 0 0 0 0 0 0 0 0 0 0 0 0 0 0 0 0 1 0 0 0 0 0 0 0 0 0 0 0 0 0 0 0 0 0 0 0 0 0 1 0 0 0 0 0 0 0 0 0 0 0 0 0 0 0 0 0 0 0 0 0 0 0 0 0 0 0 0 0 0 0 0 1 0 0 0 1 0 0 0 0 0 0 0 0 0 0 0 0 0 0 0 0 0 0 0 0 0 0 0 0 0 0 0 0 0 0 0 0 0 0 0 0 0 0 0 0 0 0 0 0 0 0 0 0 0 0 0 0 0 0 0 0 0 0 0 0 0 0 0 0 0 0 0 0 0 0 0 0 0 0 0 0 0 0 1 0 0 0 0 
0 0 1 1 0 0 0 0 0 0 0 0 0 0 0 0 0 0 0 0 0 0 0 0 0 0 0 0 0 1 0 0 0 0 0 0 0 0 0 0 0 0 0 0 0 0 0 0 0 0 0 0 0 0 0 0 0 0 0 0 0 0 0 0 0 0 0 0 0 0 0 0 0 1 0 0 0 0 0 0 0 0 0 0 0 0 0 0 0 0 0 1 0 0 0 0 0 0 0 0 0 0 0 0 0 0 0 0 0 0 0 0 0 0 0 0 0 0 0 1 0 0 0 0 0 0 0 0 0 0 0 0 0 0 0 1 0 0 0 1 1 0 0 0 0 1 0 0 0 0 0 0 0 0 0 0 0 0 1 0 0 0 0 0 0 0 0 0 0 0 0 0 0 0 1 0 0 0 0 0 0 1 0 0 0 0 0 0 0 0 0 0 0 0 0 
1 0 0 0 1 1 0 1 0 1 0 0 0 0 0 0 0 0 0 0 0 0 0 0 0 0 1 0 0 0 0 0 0 0 0 0 1 1 0 0 0 0 0 0 0 1 1 0 0 0 0 0 0 0 0 0 0 0 0 0 1 0 0 0 1 0 0 0 0 0 0 1 1 0 0 0 0 1 0 0 0 0 0 1 0 0 0 0 0 0 0 0 0 1 0 1 0 0 0 1 0 0 0 0 0 0 0 0 1 0 0 0 0 0 1 0 0 0 0 0 0 0 0 0 0 0 0 0 0 0 0 1 0 0 0 0 0 0 0 0 0 0 0 0 0 0 0 0 0 0 0 0 0 0 0 0 0 0 0 0 0 0 0 0 0 0 0 0 1 0 0 0 0 0 0 0 0 0 0 0 0 0 0 0 0 0 0 0 0 0 0 0 0 0 0 
0 0 0 0 0 0 0 0 1 0 0 0 0 0 0 0 0 0 0 0 0 0 0 0 0 1 0 0 0 0 1 0 1 0 0 0 0 0 0 0 0 0 0 0 0 0 0 0 0 0 0 0 0 0 0 1 0 0 0 0 0 0 0 0 0 0 1 0 0 0 0 0 0 0 0 0 0 0 0 0 0 0 0 0 0 0 0 0 0 0 0 0 0 0 0 0 0 1 0 0 0 0 0 1 0 0 0 0 0 0 0 0 0 0 0 0 0 0 0 0 0 0 0 0 0 0 0 0 0 0 0 0 0 0 0 0 0 0 0 0 0 0 0 0 0 0 0 0 0 0 0 1 0 1 0 0 0 0 0 0 0 0 0 0 0 0 0 0 0 0 0 0 0 0 0 0 0 0 0 0 0 0 0 0 0 0 0 0 0 0 0 1 0 1 0 
0 0 0 0 0 0 0 0 0 0 0 0 0 0 0 0 0 0 0 0 0 0 0 1 0 0 0 0 0 0 0 0 0 0 0 0 0 0 0 0 0 0 0 0 1 0 0 0 0 0 0 0 0 0 0 0 0 0 0 0 0 0 0 0 0 0 0 0 0 0 0 0 0 0 0 0 0 0 0 0 0 0 0 0 0 0 0 0 0 0 0 0 0 0 0 0 0 0 0 0 0 0 0 0 0 0 0 0 0 0 0 0 0 1 0 0 0 0 0 0 0 0 0 0 0 0 0 1 0 0 0 0 0 0 0 0 0 1 0 0 0 0 0 0 0 0 0 0 0 0 0 0 0 0 0 0 0 0 0 0 0 0 0 0 0 0 1 0 0 1 1 0 0 0 0 0 0 0 0 0 0 0 0 0 0 0 0 0 0 0 0 0 0 0 0 
0 0 0 0 0 0 0 0 0 0 0 0 0 0 0 0 0 0 0 0 0 0 0 0 0 0 0 0 0 0 0 0 0 0 0 0 0 0 0 0 0 0 0 0 0 0 0 0 0 1 0 0 0 0 0 0 0 0 0 0 0 0 0 0 0 0 0 0 0 0 0 0 0 0 0 0 0 0 0 0 0 0 0 0 1 0 0 0 0 0 0 0 0 0 0 0 0 0 0 0 0 0 0 0 0 0 0 0 0 0 0 0 0 0 0 0 0 0 0 0 0 0 1 0 0 0 0 0 0 0 1 0 0 0 0 0 0 0 0 0 0 0 0 0 0 0 1 0 0 0 0 0 0 0 0 0 0 0 0 0 0 0 0 0 0 0 0 0 0 0 0 0 0 0 0 0 0 1 1 0 0 0 0 0 0 0 0 0 0 0 0 0 0 0 0 
0 0 0 0 0 0 0 0 0 0 0 0 0 0 0 0 0 0 1 0 0 0 0 0 0 0 0 0 0 0 0 0 0 1 0 0 0 0 0 0 0 0 0 0 0 0 0 0 0 0 0 1 0 0 0 0 0 0 0 0 0 0 0 0 0 0 0 0 1 0 0 0 0 0 0 0 0 0 0 0 0 0 0 0 0 0 0 0 0 0 0 0 0 0 0 0 0 0 0 0 0 0 0 0 0 0 0 0 0 1 0 0 0 0 0 0 0 0 0 0 0 0 0 0 0 0 0 0 0 1 0 0 1 0 0 0 0 0 0 0 0 0 0 0 0 0 0 0 0 1 0 0 0 0 0 0 0 0 0 0 0 0 0 0 0 0 0 0 0 0 0 0 0 0 0 0 0 0 0 1 0 0 0 0 0 0 0 0 0 0 0 0 0 0 1 
0 0 0 0 0 0 0 0 0 0 0 0 0 0 0 0 0 0 0 0 0 0 0 0 0 0 0 1 0 0 0 0 0 0 0 0 0 0 0 0 0 0 0 0 0 0 0 0 0 0 0 0 0 0 0 0 1 0 0 0 0 0 1 0 0 0 0 0 0 0 0 0 0 0 0 0 0 0 0 0 0 0 0 0 0 0 0 0 0 0 0 0 0 0 0 0 1 0 0 0 0 0 0 0 0 0 0 0 0 0 0 0 0 0 0 1 0 0 0 0 0 0 0 0 0 0 0 0 0 0 0 0 0 0 0 0 0 0 1 0 0 0 0 0 0 0 0 0 0 0 0 0 1 0 0 0 0 0 0 0 0 0 0 0 0 0 0 0 0 0 0 0 0 0 0 0 0 0 0 0 1 0 0 0 0 0 0 0 0 0 0 0 0 0 0 
0 0 0 0 0 0 0 0 0 0 0 0 0 0 0 0 1 1 0 0 1 0 0 0 0 0 0 0 0 0 0 0 0 0 1 0 0 0 0 0 1 0 0 0 0 0 0 0 0 0 0 0 0 0 0 0 0 0 0 0 0 0 0 0 0 0 0 0 0 1 0 0 0 0 0 1 0 0 0 0 1 0 0 0 0 0 0 0 0 0 0 0 0 0 0 0 0 0 0 0 0 0 0 0 0 1 0 0 0 0 0 0 0 0 0 0 0 0 0 0 0 0 0 0 0 0 0 0 0 0 0 0 0 0 0 0 0 0 0 0 0 0 0 0 0 0 0 0 0 0 0 0 0 0 0 0 0 0 0 0 0 0 0 0 0 0 0 0 0 0 0 0 0 0 0 0 0 0 0 0 0 0 0 0 0 0 0 0 0 0 0 0 0 0 0 
0 0 0 0 0 0 0 0 0 0 0 0 0 1 0 0 0 0 0 1 0 0 0 0 0 0 0 0 0 0 0 0 0 0 0 0 0 0 0 0 0 0 0 0 0 0 0 0 0 0 0 0 0 0 1 0 0 0 0 0 0 0 0 0 0 1 0 0 0 0 0 0 0 0 0 0 0 0 0 1 0 1 0 0 0 1 0 1 1 0 0 0 0 0 0 0 0 0 0 0 1 0 1 0 1 0 0 0 0 0 0 0 0 0 0 0 0 0 0 0 0 0 0 0 0 0 0 0 1 0 0 0 0 0 0 0 0 0 0 0 0 0 0 0 0 0 0 0 0 0 0 0 0 0 0 0 0 0 0 0 1 1 0 0 0 0 0 0 0 0 0 0 0 0 0 0 0 0 0 0 0 0 1 0 0 0 0 0 0 0 0 0 0 0 0 
0 0 0 0 0 0 1 0 0 0 0 1 0 0 0 0 0 0 0 0 0 0 0 0 0 0 0 0 0 0 0 0 0 0 0 0 0 0 0 0 0 0 0 0 0 0 0 0 0 0 1 0 0 0 0 0 0 0 0 0 0 0 0 0 0 0 0 0 0 0 0 0 0 0 0 0 0 0 0 0 0 0 0 0 0 0 0 0 0 0 0 0 0 0 0 0 0 0 0 0 0 0 0 0 0 0 0 0 0 0 0 0 0 0 0 0 0 0 1 0 0 1 0 0 0 0 0 0 0 0 0 0 0 0 0 0 0 0 0 0 0 0 0 0 0 0 0 1 0 0 1 0 0 0 0 0 0 0 0 0 0 0 0 0 0 0 0 0 0 0 0 0 0 0 0 0 1 0 0 0 0 0 0 1 0 0 1 0 0 0 0 0 0 0 0 
0 0 0 0 0 0 0 0 0 0 0 0 0 0 0 1 0 0 0 0 0 0 0 0 0 0 0 0 0 0 0 0 0 0 0 0 0 0 1 0 0 0 0 0 0 0 0 0 0 0 0 0 0 0 0 0 0 1 1 0 0 0 0 0 0 0 0 0 0 0 0 0 0 0 0 0 0 0 0 0 0 0 0 0 0 0 1 0 0 0 0 0 0 0 1 0 0 0 0 0 0 0 0 0 0 0 0 0 0 0 0 0 0 0 0 0 0 0 0 0 0 0 0 0 0 0 0 0 0 0 0 0 0 0 1 0 1 0 0 0 0 0 0 0 0 0 0 0 0 0 0 0 0 0 0 0 0 0 0 0 0 0 0 0 0 0 0 0 0 0 0 0 0 0 0 0 0 0 0 0 0 0 0 0 1 0 0 0 0 0 0 0 0 0 0 
0 0 0 0 0 0 0 0 0 0 1 0 0 0 0 0 0 0 0 0 0 0 0 0 0 0 0 0 0 0 0 0 0 0 0 0 0 0 0 0 0 0 0 0 0 0 0 1 0 0 0 0 0 0 0 0 0 0 0 0 0 0 0 1 0 0 0 1 0 0 0 0 0 0 0 0 0 0 0 0 0 0 0 0 0 0 0 0 0 1 0 0 1 0 0 0 0 0 1 0 0 0 0 0 0 0 0 0 0 0 0 0 0 0 0 0 0 0 0 0 1 0 0 0 0 0 1 0 0 0 0 0 0 0 0 0 0 0 0 0 0 1 0 0 0 0 0 0 0 0 0 0 0 0 1 1 0 0 0 0 0 0 0 0 0 0 0 0 0 0 0 1 0 0 0 1 0 0 0 0 0 0 0 0 0 1 0 0 0 0 0 0 1 0 0 
0 0 0 0 0 0 0 0 0 0 0 0 1 0 0 0 0 0 0 0 0 0 1 0 1 0 0 0 0 0 0 0 0 0 0 0 0 0 0 0 0 0 0 0 0 0 0 0 0 0 0 0 0 0 0 0 0 0 0 0 0 0 0 0 0 0 0 0 0 0 0 0 0 0 0 0 1 0 0 0 0 0 1 0 0 0 0 0 0 0 0 0 0 0 0 0 0 0 0 0 0 0 0 0 0 0 0 0 0 0 0 0 0 0 0 0 0 0 0 0 0 0 0 0 0 0 0 0 0 0 0 0 0 0 0 0 0 0 0 0 0 0 0 1 0 0 0 0 0 0 0 0 0 0 0 0 1 0 0 1 0 0 0 0 1 0 0 0 0 0 0 0 0 0 0 0 0 0 0 0 0 0 0 0 0 0 0 0 0 0 0 0 0 0 0 
0 0 0 0 0 0 0 0 0 0 0 0 0 0 0 0 0 0 0 0 0 0 0 0 0 0 0 0 0 0 0 1 0 0 0 0 0 0 0 0 0 1 0 1 0 0 0 0 0 0 0 0 0 0 0 0 0 0 0 1 0 0 0 0 0 0 0 0 0 0 0 0 0 0 0 0 0 0 0 0 0 0 0 0 0 0 0 0 0 0 1 0 0 0 0 0 0 0 0 0 0 1 0 0 0 0 0 0 0 0 1 0 0 0 0 0 0 1 0 0 0 0 0 0 0 1 0 0 0 0 0 0 0 1 0 0 0 0 0 0 0 0 1 0 1 0 0 0 1 0 0 0 0 0 0 0 0 1 0 0 0 0 1 0 0 0 0 1 0 0 0 0 0 0 0 0 0 0 0 0 0 0 0 0 0 0 0 1 0 0 0 0 0 0 0 
0 1 0 0 0 0 0 0 0 0 0 0 0 0 0 0 0 0 0 0 0 1 0 0 0 0 0 0 0 0 0 0 0 0 0 0 0 0 0 1 0 0 0 0 0 0 0 0 0 0 0 0 0 0 0 0 0 0 0 0 0 0 0 0 0 0 0 0 0 0 0 0 0 0 0 0 0 0 1 0 0 0 0 0 0 0 0 0 0 0 0 0 0 0 0 0 0 0 0 0 0 0 0 0 0 0 0 0 0 0 0 0 1 0 0 0 0 0 0 0 0 0 0 0 1 0 0 0 0 0 0 0 0 0 0 0 0 0 0 0 0 0 0 0 0 0 0 0 0 0 0 0 0 0 0 0 0 0 0 0 0 0 0 0 0 0 0 0 0 0 0 0 0 0 0 0 0 0 0 0 0 0 0 0 0 0 0 0 1 0 0 0 0 0 0 
0 0 0 0 0 0 0 0 0 0 0 0 0 0 1 0 0 0 0 0 0 0 0 0 0 0 0 0 0 0 0 0 0 0 0 1 0 0 0 0 0 0 0 0 0 0 0 0 0 0 0 0 0 0 0 0 0 0 0 0 0 0 0 0 0 0 0 0 0 0 0 0 0 0 0 0 0 0 0 0 0 0 0 0 0 0 0 0 0 0 0 0 0 0 0 0 0 0 0 0 0 0 0 0 0 0 1 0 0 0 0 0 0 0 0 0 1 0 0 0 0 0 0 0 0 0 0 0 0 0 0 0 0 0 0 0 0 0 0 0 0 0 0 0 0 0 0 0 0 0 0 0 0 0 0 0 0 0 0 0 0 0 0 0 0 1 0 0 0 0 0 0 1 0 0 0 0 0 0 0 0 0 0 0 0 0 0 0 0 1 0 0 0 0 0 
108 182 38 154 24 147 180 139 21 89 12 39 99 83 91 22 173 
1.262114E-04 3.916911E-07 4.292526E-06 7.509402E-07 2.867869E-05 5.153920E-06 7.046423E-06 9.607095E-05 1.327380E-04 1.756459E-07 1.330711E-05 0.000000E+00 3.470633E-06 2.870804E-05 5.480225E-07 4.124398E-06 1.520338E-08 3.254601E-05 7.114325E-08 1.072442E-05 0.000000E+00 0.000000E+00 4.306053E-06 0.000000E+00 4.895919E-07 1.217343E-05 5.426150E-06 1.600097E-05 0.000000E+00 1.031636E-05 3.142802E-07 4.665963E-06 1.703427E-05 4.592352E-07 1.607536E-07 2.521063E-08 1.274021E-05 0.000000E+00 0.000000E+00 8.634399E-07 1.621328E-07 6.393499E-06 0.000000E+00 1.774284E-05 4.306257E-06 7.604889E-06 1.098129E-05 3.736741E-05 0.000000E+00 2.720614E-09 1.784835E-07 4.732067E-06 3.975231E-06 0.000000E+00 1.699819E-04 5.102617E-05 2.419529E-07 1.200753E-05 1.239679E-07 1.378680E-05 5.893442E-05 0.000000E+00 6.173992E-08 7.747543E-05 3.731939E-06 6.563518E-05 2.073431E-06 1.052295E-05 1.607010E-06 1.111626E-05 0.000000E+00 6.583539E-05 5.183585E-06 3.328867E-06 8.919735E-07 2.335183E-09 6.133380E-09 7.624085E-05 2.203457E-07 2.100111E-04 2.005693E-05 3.960587E-07 0.000000E+00 5.510066E-05 2.094950E-05 3.492866E-06 1.736789E-06 5.445375E-06 0.000000E+00 5.058817E-05 0.000000E+00 1.064014E-05 8.615594E-05 2.088668E-04 2.339136E-06 9.005873E-05 4.019411E-08 1.017814E-06 0.000000E+00 9.997068E-04 1.210591E-04 6.834258E-05 8.048652E-06 1.138775E-06 1.253936E-05 1.469827E-05 6.729845E-07 0.000000E+00 5.114901E-05 7.156870E-06 7.695464E-06 1.154478E-07 2.023129E-07 1.027155E-07 4.628420E-04 1.317204E-07 1.520608E-06 9.178687E-05 1.085126E-05 1.748690E-07 5.979793E-05 1.405751E-07 5.192942E-07 0.000000E+00 5.540828E-06 5.044641E-07 3.101942E-05 9.732483E-07 8.113870E-05 2.832368E-08 2.182767E-06 9.594007E-05 5.037282E-06 5.338216E-05 4.458623E-07 2.002681E-07 1.013110E-05 4.382067E-07 0.000000E+00 1.165529E-08 9.877373E-06 9.717014E-07 3.874777E-05 3.561607E-06 3.241925E-06 1.436411E-06 0.000000E+00 4.542635E-07 4.208216E-06 1.701944E-06 8.898954E-08 4.773310E-07 4.036825E-07 0.000000E+00 3.135102E-05 6.227282E-06 9.352797E-06 5.663104E-05 4.132057E-06 5.680200E-06 4.556773E-05 1.082816E-04 2.260587E-05 0.000000E+00 3.419968E-06 4.855903E-06 8.277975E-07 6.373975E-05 3.228067E-05 2.132174E-06 3.633909E-07 1.268086E-04 0.000000E+00 0.000000E+00 2.455928E-07 1.115411E-05 1.692041E-06 3.659523E-06 5.124061E-07 0.000000E+00 1.275048E-06 0.000000E+00 5.127481E-06 1.113783E-05 4.273242E-07 3.954939E-06 3.672550E-06 1.015481E-04 1.346930E-08 7.424629E-06 5.627369E-06 8.392656E-05 9.247803E-05 2.899670E-05 1.750095E-06 
108 75 112 53 191 
182 175 120 3 4 146 140 74 136 159 92 141 30 
38 6 46 47 84 72 96 132 37 61 169 115 5 8 78 65 10 109 73 27 1 100 94 
154 104 152 31 67 26 56 98 33 192 194 9 
24 170 114 138 128 167 45 171 
147 123 50 179 131 178 85 
180 19 52 69 34 130 133 195 150 110 
139 57 63 116 97 153 181 28 
21 76 17 41 35 70 106 18 81 
89 161 20 103 88 105 14 86 82 55 183 66 101 80 162 129 
12 148 7 151 187 122 51 177 184 119 
39 59 87 135 16 185 137 95 58 
99 11 155 48 156 127 176 121 142 68 186 90 172 64 93 193 
83 23 157 13 144 25 160 77 165 
91 145 126 32 149 42 158 60 168 118 134 102 111 163 44 143 188 
22 79 189 40 2 113 125 
173 107 15 36 166 117 190 

============Find Best @ Round 2463================
==========Cluster 0, RcvInterf=7.18715e-14============
Node 107, SINR:0.00000e+00, BpsHz:0.00000e+00
Node 74, SINR:1.05282e-01, BpsHz:3.61037e-02
Node 111, SINR:1.05282e-01, BpsHz:3.61037e-02
Node 52, SINR:1.05282e-01, BpsHz:3.61037e-02
Node 190, SINR:1.05282e-01, BpsHz:3.61037e-02
---------------
==========Cluster 1, RcvInterf=1.88009e-14============
Node 181, SINR:0.00000e+00, BpsHz:0.00000e+00
Node 174, SINR:3.50267e-01, BpsHz:3.61037e-02
Node 119, SINR:3.50267e-01, BpsHz:3.61037e-02
Node 2, SINR:3.50267e-01, BpsHz:3.61037e-02
Node 3, SINR:3.50267e-01, BpsHz:3.61037e-02
Node 145, SINR:3.50267e-01, BpsHz:3.61037e-02
Node 139, SINR:3.50267e-01, BpsHz:3.61037e-02
Node 73, SINR:3.50267e-01, BpsHz:3.61037e-02
Node 135, SINR:3.50267e-01, BpsHz:3.61037e-02
Node 158, SINR:3.50267e-01, BpsHz:3.61037e-02
Node 91, SINR:3.50267e-01, BpsHz:3.61037e-02
Node 140, SINR:3.50267e-01, BpsHz:3.61037e-02
Node 29, SINR:3.50267e-01, BpsHz:3.61037e-02
---------------
==========Cluster 2, RcvInterf=4.41526e-14============
Node 37, SINR:0.00000e+00, BpsHz:0.00000e+00
Node 5, SINR:7.34214e-01, BpsHz:3.61037e-02
Node 45, SINR:7.34214e-01, BpsHz:3.61037e-02
Node 46, SINR:7.34214e-01, BpsHz:3.61037e-02
Node 83, SINR:7.34214e-01, BpsHz:3.61037e-02
Node 71, SINR:7.34214e-01, BpsHz:3.61037e-02
Node 95, SINR:7.34214e-01, BpsHz:3.61037e-02
Node 131, SINR:7.34214e-01, BpsHz:3.61037e-02
Node 36, SINR:7.34214e-01, BpsHz:3.61037e-02
Node 60, SINR:7.34214e-01, BpsHz:3.61037e-02
Node 168, SINR:7.34214e-01, BpsHz:3.61037e-02
Node 114, SINR:7.34214e-01, BpsHz:3.61037e-02
Node 4, SINR:7.34214e-01, BpsHz:3.61037e-02
Node 7, SINR:7.34214e-01, BpsHz:3.61037e-02
Node 77, SINR:7.34214e-01, BpsHz:3.61037e-02
Node 64, SINR:7.34214e-01, BpsHz:3.61037e-02
Node 9, SINR:7.34214e-01, BpsHz:3.61037e-02
Node 108, SINR:7.34214e-01, BpsHz:3.61037e-02
Node 72, SINR:7.34214e-01, BpsHz:3.61037e-02
Node 26, SINR:7.34214e-01, BpsHz:3.61037e-02
Node 0, SINR:7.34214e-01, BpsHz:3.61037e-02
Node 99, SINR:7.34214e-01, BpsHz:3.61037e-02
Node 93, SINR:7.34214e-01, BpsHz:3.61037e-02
---------------
==========Cluster 3, RcvInterf=6.09495e-14============
Node 153, SINR:0.00000e+00, BpsHz:0.00000e+00
Node 103, SINR:3.16895e-01, BpsHz:3.61037e-02
Node 151, SINR:3.16895e-01, BpsHz:3.61037e-02
Node 30, SINR:3.16895e-01, BpsHz:3.61037e-02
Node 66, SINR:3.16895e-01, BpsHz:3.61037e-02
Node 25, SINR:3.16895e-01, BpsHz:3.61037e-02
Node 55, SINR:3.16895e-01, BpsHz:3.61037e-02
Node 97, SINR:3.16895e-01, BpsHz:3.61037e-02
Node 32, SINR:3.16895e-01, BpsHz:3.61037e-02
Node 191, SINR:3.16895e-01, BpsHz:3.61037e-02
Node 193, SINR:3.16895e-01, BpsHz:3.61037e-02
Node 8, SINR:3.16895e-01, BpsHz:3.61037e-02
---------------
==========Cluster 4, RcvInterf=1.15747e-14============
Node 23, SINR:0.00000e+00, BpsHz:0.00000e+00
Node 169, SINR:1.91456e-01, BpsHz:3.61037e-02
Node 113, SINR:1.91456e-01, BpsHz:3.61037e-02
Node 137, SINR:1.91456e-01, BpsHz:3.61037e-02
Node 127, SINR:1.91456e-01, BpsHz:3.61037e-02
Node 166, SINR:1.91456e-01, BpsHz:3.61037e-02
Node 44, SINR:1.91456e-01, BpsHz:3.61037e-02
Node 170, SINR:1.91456e-01, BpsHz:3.61037e-02
---------------
==========Cluster 5, RcvInterf=2.63718e-14============
Node 146, SINR:0.00000e+00, BpsHz:0.00000e+00
Node 122, SINR:1.62010e-01, BpsHz:3.61037e-02
Node 49, SINR:1.62010e-01, BpsHz:3.61037e-02
Node 178, SINR:1.62010e-01, BpsHz:3.61037e-02
Node 130, SINR:1.62010e-01, BpsHz:3.61037e-02
Node 177, SINR:1.62010e-01, BpsHz:3.61037e-02
Node 84, SINR:1.62010e-01, BpsHz:3.61037e-02
---------------
==========Cluster 6, RcvInterf=6.96425e-15============
Node 179, SINR:0.00000e+00, BpsHz:0.00000e+00
Node 18, SINR:2.52607e-01, BpsHz:3.61037e-02
Node 51, SINR:2.52607e-01, BpsHz:3.61037e-02
Node 68, SINR:2.52607e-01, BpsHz:3.61037e-02
Node 33, SINR:2.52607e-01, BpsHz:3.61037e-02
Node 129, SINR:2.52607e-01, BpsHz:3.61037e-02
Node 132, SINR:2.52607e-01, BpsHz:3.61037e-02
Node 194, SINR:2.52607e-01, BpsHz:3.61037e-02
Node 149, SINR:2.52607e-01, BpsHz:3.61037e-02
Node 109, SINR:2.52607e-01, BpsHz:3.61037e-02
---------------
==========Cluster 7, RcvInterf=1.37872e-14============
Node 138, SINR:0.00000e+00, BpsHz:0.00000e+00
Node 56, SINR:1.91456e-01, BpsHz:3.61037e-02
Node 62, SINR:1.91456e-01, BpsHz:3.61037e-02
Node 115, SINR:1.91456e-01, BpsHz:3.61037e-02
Node 96, SINR:1.91456e-01, BpsHz:3.61037e-02
Node 152, SINR:1.91456e-01, BpsHz:3.61037e-02
Node 180, SINR:1.91456e-01, BpsHz:3.61037e-02
Node 27, SINR:1.91456e-01, BpsHz:3.61037e-02
---------------
==========Cluster 8, RcvInterf=6.22220e-14============
Node 20, SINR:0.00000e+00, BpsHz:0.00000e+00
Node 75, SINR:2.21649e-01, BpsHz:3.61037e-02
Node 16, SINR:2.21649e-01, BpsHz:3.61037e-02
Node 40, SINR:2.21649e-01, BpsHz:3.61037e-02
Node 34, SINR:2.21649e-01, BpsHz:3.61037e-02
Node 69, SINR:2.21649e-01, BpsHz:3.61037e-02
Node 105, SINR:2.21649e-01, BpsHz:3.61037e-02
Node 17, SINR:2.21649e-01, BpsHz:3.61037e-02
Node 80, SINR:2.21649e-01, BpsHz:3.61037e-02
---------------
==========Cluster 9, RcvInterf=3.47015e-14============
Node 88, SINR:0.00000e+00, BpsHz:0.00000e+00
Node 160, SINR:4.55541e-01, BpsHz:3.61037e-02
Node 19, SINR:4.55541e-01, BpsHz:3.61037e-02
Node 102, SINR:4.55541e-01, BpsHz:3.61037e-02
Node 87, SINR:4.55541e-01, BpsHz:3.61037e-02
Node 104, SINR:4.55541e-01, BpsHz:3.61037e-02
Node 13, SINR:4.55541e-01, BpsHz:3.61037e-02
Node 85, SINR:4.55541e-01, BpsHz:3.61037e-02
Node 81, SINR:4.55541e-01, BpsHz:3.61037e-02
Node 54, SINR:4.55541e-01, BpsHz:3.61037e-02
Node 182, SINR:4.55541e-01, BpsHz:3.61037e-02
Node 65, SINR:4.55541e-01, BpsHz:3.61037e-02
Node 100, SINR:4.55541e-01, BpsHz:3.61037e-02
Node 79, SINR:4.55541e-01, BpsHz:3.61037e-02
Node 161, SINR:4.55541e-01, BpsHz:3.61037e-02
Node 128, SINR:4.55541e-01, BpsHz:3.61037e-02
---------------
==========Cluster 10, RcvInterf=9.89485e-15============
Node 11, SINR:0.00000e+00, BpsHz:0.00000e+00
Node 147, SINR:2.52607e-01, BpsHz:3.61037e-02
Node 6, SINR:2.52607e-01, BpsHz:3.61037e-02
Node 150, SINR:2.52607e-01, BpsHz:3.61037e-02
Node 186, SINR:2.52607e-01, BpsHz:3.61037e-02
Node 121, SINR:2.52607e-01, BpsHz:3.61037e-02
Node 50, SINR:2.52607e-01, BpsHz:3.61037e-02
Node 176, SINR:2.52607e-01, BpsHz:3.61037e-02
Node 183, SINR:2.52607e-01, BpsHz:3.61037e-02
Node 118, SINR:2.52607e-01, BpsHz:3.61037e-02
---------------
==========Cluster 11, RcvInterf=2.09806e-14============
Node 38, SINR:0.00000e+00, BpsHz:0.00000e+00
Node 58, SINR:2.21649e-01, BpsHz:3.61037e-02
Node 86, SINR:2.21649e-01, BpsHz:3.61037e-02
Node 134, SINR:2.21649e-01, BpsHz:3.61037e-02
Node 15, SINR:2.21649e-01, BpsHz:3.61037e-02
Node 184, SINR:2.21649e-01, BpsHz:3.61037e-02
Node 136, SINR:2.21649e-01, BpsHz:3.61037e-02
Node 94, SINR:2.21649e-01, BpsHz:3.61037e-02
Node 57, SINR:2.21649e-01, BpsHz:3.61037e-02
---------------
==========Cluster 12, RcvInterf=9.72645e-14============
Node 98, SINR:0.00000e+00, BpsHz:0.00000e+00
Node 10, SINR:4.55541e-01, BpsHz:3.61037e-02
Node 154, SINR:4.55541e-01, BpsHz:3.61037e-02
Node 47, SINR:4.55541e-01, BpsHz:3.61037e-02
Node 155, SINR:4.55541e-01, BpsHz:3.61037e-02
Node 126, SINR:4.55541e-01, BpsHz:3.61037e-02
Node 175, SINR:4.55541e-01, BpsHz:3.61037e-02
Node 120, SINR:4.55541e-01, BpsHz:3.61037e-02
Node 141, SINR:4.55541e-01, BpsHz:3.61037e-02
Node 67, SINR:4.55541e-01, BpsHz:3.61037e-02
Node 185, SINR:4.55541e-01, BpsHz:3.61037e-02
Node 89, SINR:4.55541e-01, BpsHz:3.61037e-02
Node 171, SINR:4.55541e-01, BpsHz:3.61037e-02
Node 63, SINR:4.55541e-01, BpsHz:3.61037e-02
Node 92, SINR:4.55541e-01, BpsHz:3.61037e-02
Node 192, SINR:4.55541e-01, BpsHz:3.61037e-02
---------------
==========Cluster 13, RcvInterf=5.08545e-14============
Node 82, SINR:0.00000e+00, BpsHz:0.00000e+00
Node 22, SINR:2.21649e-01, BpsHz:3.61037e-02
Node 156, SINR:2.21649e-01, BpsHz:3.61037e-02
Node 12, SINR:2.21649e-01, BpsHz:3.61037e-02
Node 143, SINR:2.21649e-01, BpsHz:3.61037e-02
Node 24, SINR:2.21649e-01, BpsHz:3.61037e-02
Node 159, SINR:2.21649e-01, BpsHz:3.61037e-02
Node 76, SINR:2.21649e-01, BpsHz:3.61037e-02
Node 164, SINR:2.21649e-01, BpsHz:3.61037e-02
---------------
==========Cluster 14, RcvInterf=8.41207e-14============
Node 90, SINR:0.00000e+00, BpsHz:0.00000e+00
Node 144, SINR:4.92426e-01, BpsHz:3.61037e-02
Node 125, SINR:4.92426e-01, BpsHz:3.61037e-02
Node 31, SINR:4.92426e-01, BpsHz:3.61037e-02
Node 148, SINR:4.92426e-01, BpsHz:3.61037e-02
Node 41, SINR:4.92426e-01, BpsHz:3.61037e-02
Node 157, SINR:4.92426e-01, BpsHz:3.61037e-02
Node 59, SINR:4.92426e-01, BpsHz:3.61037e-02
Node 167, SINR:4.92426e-01, BpsHz:3.61037e-02
Node 117, SINR:4.92426e-01, BpsHz:3.61037e-02
Node 133, SINR:4.92426e-01, BpsHz:3.61037e-02
Node 101, SINR:4.92426e-01, BpsHz:3.61037e-02
Node 110, SINR:4.92426e-01, BpsHz:3.61037e-02
Node 162, SINR:4.92426e-01, BpsHz:3.61037e-02
Node 43, SINR:4.92426e-01, BpsHz:3.61037e-02
Node 142, SINR:4.92426e-01, BpsHz:3.61037e-02
Node 187, SINR:4.92426e-01, BpsHz:3.61037e-02
---------------
==========Cluster 15, RcvInterf=1.08024e-14============
Node 21, SINR:0.00000e+00, BpsHz:0.00000e+00
Node 78, SINR:1.62010e-01, BpsHz:3.61037e-02
Node 188, SINR:1.62010e-01, BpsHz:3.61037e-02
Node 39, SINR:1.62010e-01, BpsHz:3.61037e-02
Node 1, SINR:1.62010e-01, BpsHz:3.61037e-02
Node 112, SINR:1.62010e-01, BpsHz:3.61037e-02
Node 124, SINR:1.62010e-01, BpsHz:3.61037e-02
---------------
==========Cluster 16, RcvInterf=1.01332e-14============
Node 172, SINR:0.00000e+00, BpsHz:0.00000e+00
Node 106, SINR:1.62010e-01, BpsHz:3.61037e-02
Node 14, SINR:1.62010e-01, BpsHz:3.61037e-02
Node 35, SINR:1.62010e-01, BpsHz:3.61037e-02
Node 165, SINR:1.62010e-01, BpsHz:3.61037e-02
Node 116, SINR:1.62010e-01, BpsHz:3.61037e-02
Node 189, SINR:1.62010e-01, BpsHz:3.61037e-02
---------------
