195
23
1.000000e-03
9.067101e-266
163
3000
1.842109e+01
5.954456e-01
1.842109e-05
1.127605e-06
0 0 0 0 0 0 0 0 0 0 0 0 0 0 0 0 0 0 0 0 0 0 0 0 0 1 0 0 0 0 1 0 0 0 0 0 0 0 0 0 0 0 0 0 0 0 0 0 0 0 0 0 0 0 0 0 0 0 0 0 0 0 0 0 0 0 1 0 0 0 0 0 0 0 0 0 0 0 0 0 0 0 0 0 0 0 0 0 0 1 0 0 0 0 0 0 0 1 0 0 0 0 0 1 0 0 0 0 0 0 0 0 0 0 0 0 0 0 0 0 0 0 0 0 0 0 0 0 0 0 0 0 0 0 0 0 0 0 0 0 0 0 0 0 0 0 0 0 0 0 0 1 0 1 0 0 0 0 0 0 0 0 0 0 0 0 0 0 0 0 0 0 0 0 0 0 0 0 0 0 0 0 0 0 0 0 0 0 0 0 0 0 1 1 0 
0 0 0 0 0 0 0 0 0 0 0 0 0 0 0 0 0 0 0 0 0 0 0 0 0 0 0 0 0 0 0 0 0 0 0 0 0 0 0 0 0 0 0 0 0 0 0 0 0 0 0 0 0 0 0 0 0 0 0 0 0 0 0 0 0 0 0 0 0 0 1 0 0 0 0 0 0 0 0 0 0 0 0 0 0 0 0 0 0 0 0 0 0 0 0 0 0 0 0 0 0 1 0 0 0 0 0 0 0 0 0 0 0 0 0 0 0 0 0 0 0 0 0 1 0 0 0 0 0 0 0 0 0 1 0 0 0 0 0 0 0 0 1 0 1 0 0 0 0 0 0 0 0 0 0 0 0 0 0 0 0 0 0 0 0 0 0 0 0 0 0 0 0 0 0 0 0 0 0 0 0 0 0 0 0 0 0 1 0 0 0 0 0 0 0 
0 0 0 0 0 0 0 0 0 0 0 0 1 0 0 0 0 0 0 0 0 0 1 0 1 0 0 0 0 0 0 0 0 0 0 0 0 0 0 0 0 0 0 0 0 0 0 0 0 0 0 0 0 0 0 0 0 0 0 0 0 0 0 0 0 0 0 0 0 0 0 0 0 0 0 0 1 0 0 0 0 0 1 0 0 0 0 0 0 0 0 0 0 0 0 0 0 0 0 0 0 0 0 0 0 0 0 0 0 0 0 0 0 0 0 0 0 0 0 0 0 0 0 0 0 0 0 0 0 0 0 0 0 0 0 0 0 0 0 0 0 0 0 1 0 0 0 0 0 0 0 0 0 0 0 0 1 0 0 1 0 0 0 0 1 0 0 0 0 0 0 0 0 0 0 0 0 0 0 0 0 0 0 0 0 0 0 0 0 0 0 0 0 0 0 
0 0 0 0 0 0 0 0 0 0 0 0 0 0 0 0 0 0 1 0 0 0 0 0 0 0 0 0 0 0 0 0 0 0 0 0 0 0 0 0 0 0 0 0 0 0 0 0 0 0 0 0 0 0 0 0 0 0 0 0 0 0 0 0 0 0 0 0 0 0 0 0 0 0 0 0 0 0 0 0 0 0 0 0 0 0 0 0 0 0 0 0 0 0 0 0 0 0 0 0 0 0 0 0 0 0 0 0 0 0 0 0 0 0 0 0 0 0 0 0 0 0 0 0 0 0 0 0 0 1 0 0 1 0 0 0 0 0 0 0 0 0 0 0 0 0 0 0 0 0 0 0 0 0 0 0 0 0 0 0 0 0 0 0 0 0 0 0 0 0 0 0 0 0 0 0 0 0 0 1 0 0 0 0 0 0 0 0 0 0 0 0 0 0 1 
0 0 0 0 0 0 0 0 0 0 0 0 0 0 0 0 1 0 0 0 1 0 0 0 0 0 0 0 0 0 0 0 0 0 1 0 0 0 0 0 1 0 0 0 0 0 0 0 0 0 0 0 0 0 0 0 0 0 0 0 0 0 0 0 0 0 0 0 0 0 0 0 0 0 0 1 0 0 0 0 1 0 0 0 0 0 0 0 0 0 0 0 0 0 0 0 0 0 0 0 0 0 0 0 0 0 0 0 0 0 0 0 0 0 0 0 0 0 0 0 0 0 0 0 0 0 0 0 0 0 0 0 0 0 0 0 0 0 0 0 0 0 0 0 0 0 0 0 0 0 0 0 0 0 0 0 0 0 0 0 0 0 0 0 0 0 0 0 0 0 0 0 0 0 0 0 0 0 0 0 0 0 0 0 0 0 0 0 0 0 0 0 0 0 0 
0 0 0 0 0 0 0 0 0 0 0 0 0 0 1 0 0 0 0 0 0 0 0 1 0 0 0 0 0 0 0 0 0 0 0 1 0 0 0 0 0 0 0 0 1 0 0 0 0 0 0 0 0 0 0 0 0 0 0 0 0 0 0 0 0 0 0 0 0 0 0 0 0 0 0 0 0 0 0 0 0 0 0 0 0 0 0 0 0 0 0 0 0 0 0 0 0 0 0 0 0 0 0 0 0 0 0 0 0 0 0 0 0 1 0 0 1 0 0 0 0 0 0 0 0 0 0 1 0 0 0 0 0 0 0 0 0 1 0 0 0 0 0 0 0 0 0 0 0 0 0 0 0 0 0 0 0 0 0 0 0 0 0 0 0 0 1 0 0 0 1 0 1 0 0 0 0 0 0 0 0 0 0 0 0 0 0 0 0 0 0 0 0 0 0 
0 0 0 0 0 0 0 0 0 0 0 0 0 1 0 0 0 0 0 0 0 0 0 0 0 0 0 0 0 0 0 0 0 0 0 0 0 0 0 0 0 0 0 0 0 0 0 0 0 0 0 0 0 0 1 0 0 0 0 0 0 0 0 0 0 0 0 0 0 0 0 0 0 0 0 0 0 0 0 1 0 1 0 0 0 0 0 0 0 0 0 0 0 0 0 0 0 0 0 0 1 0 0 0 1 0 0 0 0 0 0 0 0 0 0 0 0 0 0 0 0 0 0 0 0 0 0 0 0 0 0 0 0 0 0 0 0 0 0 0 0 0 0 0 0 0 0 0 0 0 0 0 0 0 0 0 0 0 0 0 1 0 0 0 0 0 0 0 0 0 0 0 0 0 0 0 0 0 0 0 0 0 0 0 0 0 0 0 0 0 0 0 0 0 0 
0 0 0 0 0 0 0 0 0 0 0 0 0 0 0 0 0 0 0 0 0 0 0 0 0 0 0 0 0 0 0 0 0 0 0 0 1 1 0 0 0 0 0 0 0 1 0 0 0 0 0 0 0 0 0 0 0 0 0 0 0 0 0 0 1 0 0 0 0 0 0 0 1 0 0 0 0 0 0 0 0 0 0 0 0 0 0 0 0 0 0 0 0 0 0 0 0 0 0 0 0 0 0 0 0 0 0 0 1 0 0 0 0 0 0 0 0 0 0 0 0 0 0 0 0 0 0 0 0 0 0 1 0 0 0 0 0 0 0 0 0 0 0 0 0 0 0 0 0 0 0 0 0 0 0 0 0 0 0 0 0 0 0 0 0 0 0 0 0 0 0 0 0 0 0 0 0 0 0 0 0 0 0 0 0 0 0 0 0 0 0 0 0 0 0 
0 0 0 0 0 0 0 0 0 0 0 0 0 0 0 1 0 0 0 0 0 0 0 0 0 0 0 0 0 0 0 0 0 0 0 0 0 0 1 0 0 0 0 0 0 0 0 0 0 0 0 0 0 0 0 0 0 0 1 0 0 0 0 0 0 0 0 0 0 0 0 0 0 0 0 0 0 0 0 0 0 0 0 0 0 0 1 0 0 0 0 0 0 0 0 0 0 0 0 0 0 0 0 0 0 0 0 0 0 0 0 0 0 0 0 0 0 0 0 0 0 0 0 0 0 0 0 0 0 0 0 0 0 0 1 0 1 0 0 0 0 0 0 0 0 0 0 0 0 0 0 0 0 0 0 0 0 0 0 0 0 0 0 0 0 0 0 0 0 0 0 0 0 0 0 0 0 0 0 0 0 0 0 0 0 0 0 0 0 0 0 0 0 0 0 
0 1 0 0 0 0 0 0 0 0 0 0 0 0 0 0 0 0 0 0 0 1 0 0 0 0 0 0 0 0 0 0 0 0 0 0 0 0 0 1 0 0 0 0 0 0 0 0 0 0 0 0 0 0 0 0 0 0 0 0 0 0 0 0 0 0 0 0 0 0 0 0 0 0 0 0 0 0 1 0 0 0 0 0 0 0 0 0 0 0 0 0 0 0 0 0 0 0 0 0 0 0 0 0 0 0 0 0 0 0 0 0 1 0 0 0 0 0 0 0 0 0 0 0 1 0 0 0 0 0 0 0 0 0 0 0 0 0 0 0 0 0 0 0 0 0 0 0 0 0 0 0 0 0 0 0 0 0 0 0 0 0 0 0 0 0 0 0 0 0 0 0 0 0 0 0 0 0 0 0 0 0 0 0 0 0 0 0 1 0 0 0 0 0 0 
0 0 0 0 0 0 0 0 0 0 0 0 0 0 0 0 0 0 0 1 0 0 0 0 0 0 0 0 0 0 0 0 0 0 0 0 0 0 0 0 0 0 0 0 0 0 0 0 0 0 0 0 0 0 0 0 0 0 0 0 0 0 0 0 0 1 0 0 0 0 0 0 0 1 0 0 0 0 0 0 0 0 0 0 0 1 0 0 0 0 0 1 0 0 0 0 0 0 0 0 0 0 1 0 0 0 0 0 0 0 0 0 0 0 0 0 0 0 0 0 0 0 0 0 0 0 0 0 0 0 0 0 0 0 0 1 0 0 0 1 1 0 0 0 0 0 0 0 0 0 0 0 0 0 0 0 0 0 1 0 0 1 0 0 0 0 0 0 0 0 0 0 0 0 0 0 0 0 0 0 0 0 1 0 0 0 0 0 0 0 0 0 0 0 0 
0 0 0 0 0 0 0 0 0 0 0 0 0 0 0 0 0 0 0 0 0 0 0 0 0 0 0 0 0 0 0 1 0 0 0 0 0 0 0 0 0 1 0 0 0 0 0 0 0 0 0 0 0 0 0 0 0 0 0 0 0 0 0 0 0 0 0 0 0 0 0 0 0 0 0 0 0 0 0 0 0 0 0 0 0 0 0 0 0 0 1 0 0 0 0 0 0 0 0 0 0 0 0 0 0 0 0 0 0 0 0 0 0 0 0 0 0 1 0 0 0 0 0 0 0 0 0 0 0 0 0 0 0 0 0 0 0 0 0 0 0 0 0 0 0 0 0 0 0 0 0 0 0 0 0 0 0 1 0 0 0 0 0 0 0 0 0 0 0 0 0 0 0 0 0 0 0 0 0 0 0 0 0 0 0 0 0 0 0 0 0 0 0 0 0 
0 0 1 1 0 0 0 0 0 0 0 0 0 0 0 0 0 0 0 0 0 0 0 0 0 0 0 0 0 1 0 0 0 0 0 0 0 0 0 0 0 0 1 0 0 0 0 0 0 0 0 0 0 0 0 0 0 0 0 0 0 1 0 0 0 0 0 0 0 0 0 0 0 0 0 0 0 0 0 0 0 0 0 0 0 0 0 0 0 0 0 0 0 0 0 0 0 0 0 0 0 0 0 0 0 0 0 0 0 0 0 0 0 0 0 0 0 0 0 1 0 0 0 0 0 0 0 0 0 0 0 0 0 0 0 0 0 0 0 0 0 0 0 0 0 1 0 0 0 0 0 0 0 0 0 0 0 0 0 0 0 0 0 0 0 0 0 0 0 0 0 0 0 1 1 0 0 0 0 0 0 1 0 0 0 0 0 0 0 0 1 0 0 0 0 
1 0 0 0 0 0 0 0 0 0 0 0 0 0 0 0 0 0 0 0 0 0 0 0 0 0 0 0 0 0 0 0 0 0 0 0 0 0 0 0 0 0 0 1 0 0 0 0 0 0 0 0 0 0 0 0 0 0 0 1 0 0 0 0 0 0 0 0 0 0 0 0 0 0 0 0 0 0 0 0 0 0 0 0 0 0 0 0 0 0 0 0 0 1 0 0 0 0 0 0 0 0 0 0 0 0 0 0 0 0 1 0 0 0 0 0 0 0 0 0 0 0 0 0 0 1 0 0 0 0 0 0 0 0 0 0 0 0 0 0 0 0 0 0 0 0 0 0 1 0 0 0 0 0 0 0 0 0 0 0 0 0 1 0 0 0 0 1 0 0 0 0 0 0 0 0 0 0 0 0 0 0 0 0 0 0 0 0 0 0 0 0 0 0 0 
0 0 0 0 0 0 0 0 0 0 0 0 0 0 0 0 0 0 0 0 0 0 0 0 0 0 0 0 0 0 0 0 0 0 0 0 0 0 0 0 0 0 0 0 0 0 0 0 0 0 0 0 0 0 0 0 1 0 0 0 0 0 1 0 0 0 0 0 0 0 0 0 0 0 0 0 0 0 0 0 0 0 0 0 0 0 0 0 0 0 0 0 0 0 0 0 1 0 0 0 0 0 0 0 0 0 0 0 0 0 0 0 0 0 0 1 0 0 0 0 0 0 0 0 0 0 0 0 0 0 0 0 0 0 0 0 0 0 1 0 0 0 0 0 0 0 0 0 0 0 0 0 1 0 0 0 0 0 0 0 0 0 0 0 0 0 0 0 0 0 0 0 0 0 0 0 0 0 0 0 1 0 0 0 0 0 0 0 0 0 0 0 0 0 0 
0 0 0 0 0 0 0 0 0 0 0 0 0 0 0 0 0 0 0 0 0 0 0 0 0 0 0 0 0 0 0 0 0 0 0 0 0 0 0 0 0 0 0 0 0 0 0 0 0 0 0 0 0 0 0 0 0 0 0 0 0 0 0 0 0 0 0 0 0 0 0 0 0 0 0 0 0 0 0 0 0 0 0 0 0 0 0 0 0 0 0 0 0 0 0 0 0 0 0 1 0 0 0 0 0 0 0 0 0 0 0 0 0 0 1 0 0 0 0 0 0 0 0 0 0 0 0 0 0 0 0 0 0 0 0 0 0 0 0 0 0 0 0 0 0 0 0 0 0 0 0 0 0 0 0 0 0 0 0 0 0 0 0 0 0 0 0 0 0 0 0 0 0 0 0 0 0 0 0 0 0 0 0 0 0 0 0 0 0 0 0 0 0 0 0 
0 0 0 0 1 1 0 1 0 0 0 0 0 0 0 0 0 1 0 0 0 0 0 0 0 0 1 0 0 0 0 0 0 0 0 0 0 0 0 0 0 0 0 0 0 0 1 0 0 0 0 0 0 0 0 0 0 0 0 0 0 0 0 0 0 0 0 0 0 1 0 1 0 0 0 0 0 1 0 0 0 0 0 1 0 0 0 1 0 0 0 0 0 0 0 1 0 0 0 0 0 0 0 0 0 1 0 0 0 0 0 0 0 0 0 0 0 0 0 0 0 0 0 0 0 0 0 0 1 0 0 0 0 0 0 0 0 0 0 0 0 0 0 0 0 0 0 0 0 0 0 0 0 0 0 0 0 0 0 0 0 0 0 0 0 0 0 0 1 0 0 0 0 0 0 0 0 0 0 0 0 0 0 0 0 0 0 0 0 0 0 0 0 0 0 
0 0 0 0 0 0 0 0 0 0 0 0 0 0 0 0 0 0 0 0 0 0 0 0 0 0 0 0 0 0 0 0 0 0 0 0 0 0 0 0 0 0 0 0 0 0 0 1 0 0 0 0 0 0 0 0 0 0 0 0 0 0 0 0 0 0 0 1 0 0 0 0 0 0 0 0 0 0 0 0 0 0 0 0 0 0 0 0 0 0 0 0 0 0 0 0 0 0 1 0 0 0 0 0 0 0 0 0 0 0 0 0 0 0 0 0 0 0 0 0 1 0 0 0 0 0 0 0 0 0 0 0 0 0 0 0 0 0 0 0 0 1 0 0 0 0 0 0 0 0 0 0 0 0 1 1 0 0 0 0 0 0 0 0 0 0 0 0 0 0 0 1 0 0 0 1 0 0 0 0 0 0 0 0 0 1 0 0 0 0 0 0 0 0 0 
0 0 0 0 0 0 0 0 1 0 0 0 0 0 0 0 0 0 0 0 0 0 0 0 0 0 0 0 0 0 0 0 0 0 0 0 0 0 0 0 0 0 0 0 0 0 0 0 1 0 0 0 0 0 0 1 0 1 0 0 0 0 0 0 0 0 0 0 0 0 0 0 0 0 0 0 0 0 0 0 0 0 0 0 0 0 0 0 0 0 0 0 0 0 1 0 0 0 0 0 0 0 0 0 0 0 0 0 0 0 0 0 0 0 0 0 0 0 0 0 0 0 0 0 0 0 0 0 0 0 0 0 0 0 0 0 0 0 0 0 0 0 0 0 0 0 0 0 0 0 0 0 0 0 0 0 0 0 0 0 0 0 0 1 0 0 0 0 0 0 0 0 0 0 0 0 0 0 0 0 0 0 0 0 0 0 0 0 0 0 0 1 0 0 0 
0 0 0 0 0 0 0 0 0 0 0 0 0 0 0 0 0 0 0 0 0 0 0 0 0 0 0 0 0 0 0 0 0 0 0 0 0 0 0 0 0 0 0 0 0 0 0 0 0 1 0 0 0 0 0 0 0 0 0 0 0 0 0 0 0 0 0 0 0 0 0 0 0 0 0 0 0 0 0 0 0 0 0 0 0 0 0 0 0 0 0 0 0 0 0 0 0 0 0 0 0 0 0 0 0 0 0 0 0 0 0 0 0 0 0 0 0 0 0 0 0 0 1 0 0 0 0 0 0 0 1 0 0 0 0 0 0 0 0 0 0 0 0 0 0 0 1 0 0 1 0 0 0 0 0 0 0 0 0 0 0 0 0 0 0 0 0 0 0 0 0 0 0 0 0 0 0 1 1 0 0 0 0 0 0 0 0 0 0 0 0 0 0 0 0 
0 0 0 0 0 0 1 0 0 0 0 1 0 0 0 0 0 0 0 0 0 0 0 0 0 0 0 0 1 0 0 0 0 0 0 0 0 0 0 0 0 0 0 0 0 0 0 0 0 0 1 0 0 0 0 0 0 0 0 0 0 0 0 0 0 0 0 0 0 0 0 0 0 0 0 0 0 0 0 0 0 0 0 0 0 0 0 0 0 0 0 0 0 0 0 0 0 0 0 0 0 0 0 0 0 0 0 0 0 0 0 0 0 0 0 0 0 0 1 0 0 1 0 0 0 0 0 0 0 0 0 0 0 0 0 0 0 0 0 0 0 0 0 0 0 0 0 1 0 0 1 0 0 0 0 0 0 0 0 0 0 0 0 0 0 0 0 0 0 0 0 0 0 0 0 0 1 0 0 0 0 0 0 1 0 0 1 0 0 0 0 0 0 0 0 
0 0 0 0 0 0 0 0 0 0 0 0 0 0 0 0 0 0 0 0 0 0 0 0 0 0 0 0 0 0 0 0 0 1 0 0 0 0 0 0 0 0 0 0 0 0 0 0 0 0 0 1 0 0 0 0 0 0 0 0 0 0 0 0 0 0 0 0 1 0 0 0 0 0 0 0 0 0 0 0 0 0 0 0 0 0 0 0 0 0 0 0 0 0 0 0 0 0 0 0 0 0 0 0 0 0 1 0 0 1 0 0 0 0 0 0 0 0 0 0 0 0 0 0 0 0 0 0 0 0 0 0 0 0 0 0 0 0 0 0 0 0 0 0 0 0 0 0 0 0 0 0 0 0 0 0 0 0 0 0 0 0 0 0 0 1 0 0 0 0 0 0 0 0 0 0 0 0 0 0 0 0 0 0 0 0 0 0 0 1 0 0 0 0 0 
0 0 0 0 0 0 0 0 0 0 0 0 0 0 0 0 0 0 0 0 0 0 0 0 0 0 0 0 0 0 0 0 0 0 0 0 0 0 0 0 0 0 0 0 0 0 0 0 0 0 0 0 1 0 0 0 0 0 0 0 0 0 0 1 0 0 0 0 0 0 0 0 0 0 1 0 0 0 0 0 0 0 0 0 1 0 0 0 0 0 0 0 1 0 0 0 0 0 0 0 0 0 0 0 0 0 0 1 0 0 0 1 0 0 0 0 0 0 0 0 0 0 0 0 0 0 1 0 0 0 0 0 0 0 0 0 0 0 0 0 0 0 0 0 0 0 0 0 0 0 0 0 0 0 0 0 0 0 0 0 0 0 0 0 0 0 0 0 0 0 0 0 0 0 0 0 0 0 0 0 0 0 0 0 0 0 0 0 0 0 0 0 0 0 0 
152 134 83 130 35 114 161 73 87 22 141 42 3 44 139 115 72 156 58 179 12 52 53 
1.086440E-04 5.587702E-06 0.000000E+00 2.566365E-04 6.918907E-05 1.035923E-04 2.372831E-04 2.748425E-07 1.427298E-05 0.000000E+00 0.000000E+00 0.000000E+00 6.677557E-05 5.463932E-04 3.255989E-06 7.273050E-08 4.298445E-07 2.251369E-05 3.699355E-08 3.807903E-04 6.140333E-06 0.000000E+00 8.284918E-05 1.571711E-06 9.419830E-06 2.280222E-05 8.639844E-05 0.000000E+00 1.718885E-04 6.574347E-05 1.245576E-04 3.394931E-05 0.000000E+00 1.180754E-06 0.000000E+00 1.059888E-05 3.255172E-05 9.998506E-06 3.425083E-06 1.231747E-05 2.432580E-05 0.000000E+00 2.128209E-04 0.000000E+00 3.095424E-05 1.298093E-05 3.040454E-05 1.386997E-05 4.635447E-05 1.263739E-06 6.010298E-06 0.000000E+00 0.000000E+00 0.000000E+00 9.866923E-05 2.870074E-05 4.648250E-06 0.000000E+00 3.491067E-06 8.162167E-05 0.000000E+00 2.998427E-04 1.186109E-06 2.189626E-05 3.122257E-07 4.772422E-04 3.146185E-04 9.935916E-06 2.282655E-08 2.538922E-04 6.710111E-05 0.000000E+00 0.000000E+00 2.071644E-05 1.258843E-05 1.113160E-06 1.180073E-07 7.709960E-04 3.143361E-06 3.040720E-05 1.697791E-04 3.514751E-04 0.000000E+00 2.236822E-04 1.989465E-05 1.447583E-04 0.000000E+00 6.129825E-04 0.000000E+00 2.533499E-04 3.554359E-05 4.601201E-08 1.032431E-05 9.992373E-04 3.738215E-05 3.019657E-05 7.721844E-07 2.274753E-04 1.810060E-04 1.295695E-07 5.295830E-06 4.567422E-04 3.169873E-04 1.335035E-05 2.972132E-05 7.255743E-04 4.830117E-06 6.148934E-05 2.318430E-06 6.066758E-10 8.320726E-06 5.475085E-06 2.886111E-06 0.000000E+00 0.000000E+00 2.530531E-06 8.454099E-06 2.599086E-05 3.654081E-04 1.557321E-05 5.324707E-05 4.733763E-06 1.973359E-06 3.359432E-04 7.904314E-05 3.507354E-05 3.537197E-05 4.876384E-05 9.236291E-05 0.000000E+00 8.964759E-08 2.309377E-05 2.025027E-06 0.000000E+00 1.411414E-06 5.236555E-05 4.720314E-07 1.309185E-05 0.000000E+00 1.373318E-04 0.000000E+00 6.188289E-05 1.022384E-04 6.852593E-05 2.392422E-04 1.418445E-04 1.676736E-06 1.529699E-05 3.538272E-04 1.107837E-06 2.996657E-06 0.000000E+00 7.755300E-06 7.951211E-06 3.020969E-04 0.000000E+00 1.799494E-04 1.142557E-05 3.453640E-06 1.092880E-04 0.000000E+00 2.303658E-04 2.663562E-04 1.263085E-04 6.580077E-05 3.533522E-07 1.379693E-05 5.414292E-06 4.331792E-04 0.000000E+00 1.421972E-07 4.319310E-04 4.651730E-06 4.383971E-05 5.452856E-06 3.754826E-05 5.697821E-05 1.268820E-06 0.000000E+00 3.932817E-08 2.449544E-05 1.040493E-04 6.594969E-05 3.750582E-04 0.000000E+00 6.108491E-04 1.236704E-04 2.671015E-07 1.921474E-07 4.789895E-08 1.675580E-05 1.185994E-05 4.366777E-04 8.889505E-05 1.188143E-06 
152 104 31 194 90 98 154 26 67 193 
134 188 71 124 143 145 102 
83 25 77 13 160 144 157 23 165 
130 19 180 195 133 
35 17 21 76 41 81 
114 171 24 173 117 45 167 36 15 138 128 
161 55 80 101 14 105 82 
73 38 65 46 109 132 37 
87 16 135 137 59 39 
22 79 2 113 189 40 125 
141 92 159 136 74 183 86 162 66 103 20 140 
42 118 158 91 32 
3 191 120 146 175 62 174 43 182 30 4 
44 111 60 168 1 126 163 94 149 
139 63 57 116 153 97 181 
115 100 
72 129 5 6 18 27 70 8 84 169 96 47 78 88 106 
156 68 121 142 176 99 48 186 155 172 
58 192 9 56 95 49 164 
179 123 50 131 178 147 150 
12 122 51 184 187 177 151 148 7 119 29 
52 166 190 69 110 34 107 
53 75 93 112 64 127 108 85 

============Find Best @ Round 1493================
==========Cluster 0, RcvInterf=5.06484e-13============
Node 151, SINR:0.00000e+00, BpsHz:0.00000e+00
Node 103, SINR:7.94597e-01, BpsHz:9.37400e-02
Node 30, SINR:7.94597e-01, BpsHz:9.37400e-02
Node 193, SINR:7.94597e-01, BpsHz:9.37400e-02
Node 89, SINR:7.94597e-01, BpsHz:9.37400e-02
Node 97, SINR:7.94597e-01, BpsHz:9.37400e-02
Node 153, SINR:7.94597e-01, BpsHz:9.37400e-02
Node 25, SINR:7.94597e-01, BpsHz:9.37400e-02
Node 66, SINR:7.94597e-01, BpsHz:9.37400e-02
Node 192, SINR:7.94597e-01, BpsHz:9.37400e-02
---------------
==========Cluster 1, RcvInterf=9.98896e-13============
Node 133, SINR:0.00000e+00, BpsHz:0.00000e+00
Node 187, SINR:4.76765e-01, BpsHz:9.37400e-02
Node 70, SINR:4.76765e-01, BpsHz:9.37400e-02
Node 123, SINR:4.76765e-01, BpsHz:9.37400e-02
Node 142, SINR:4.76765e-01, BpsHz:9.37400e-02
Node 144, SINR:4.76765e-01, BpsHz:9.37400e-02
Node 101, SINR:4.76765e-01, BpsHz:9.37400e-02
---------------
==========Cluster 2, RcvInterf=4.12739e-13============
Node 82, SINR:0.00000e+00, BpsHz:0.00000e+00
Node 24, SINR:6.81700e-01, BpsHz:9.37400e-02
Node 76, SINR:6.81700e-01, BpsHz:9.37400e-02
Node 12, SINR:6.81700e-01, BpsHz:9.37400e-02
Node 159, SINR:6.81700e-01, BpsHz:9.37400e-02
Node 143, SINR:6.81700e-01, BpsHz:9.37400e-02
Node 156, SINR:6.81700e-01, BpsHz:9.37400e-02
Node 22, SINR:6.81700e-01, BpsHz:9.37400e-02
Node 164, SINR:6.81700e-01, BpsHz:9.37400e-02
---------------
==========Cluster 3, RcvInterf=1.15018e-14============
Node 129, SINR:0.00000e+00, BpsHz:0.00000e+00
Node 18, SINR:2.96804e-01, BpsHz:9.37400e-02
Node 179, SINR:2.96804e-01, BpsHz:9.37400e-02
Node 194, SINR:2.96804e-01, BpsHz:9.37400e-02
Node 132, SINR:2.96804e-01, BpsHz:9.37400e-02
---------------
==========Cluster 4, RcvInterf=1.75135e-12============
Node 34, SINR:0.00000e+00, BpsHz:0.00000e+00
Node 16, SINR:3.83862e-01, BpsHz:9.37400e-02
Node 20, SINR:3.83862e-01, BpsHz:9.37400e-02
Node 75, SINR:3.83862e-01, BpsHz:9.37400e-02
Node 40, SINR:3.83862e-01, BpsHz:9.37400e-02
Node 80, SINR:3.83862e-01, BpsHz:9.37400e-02
---------------
==========Cluster 5, RcvInterf=7.66828e-14============
Node 113, SINR:0.00000e+00, BpsHz:0.00000e+00
Node 170, SINR:9.15074e-01, BpsHz:9.37400e-02
Node 23, SINR:9.15074e-01, BpsHz:9.37400e-02
Node 172, SINR:9.15074e-01, BpsHz:9.37400e-02
Node 116, SINR:9.15074e-01, BpsHz:9.37400e-02
Node 44, SINR:9.15074e-01, BpsHz:9.37400e-02
Node 166, SINR:9.15074e-01, BpsHz:9.37400e-02
Node 35, SINR:9.15074e-01, BpsHz:9.37400e-02
Node 14, SINR:9.15074e-01, BpsHz:9.37400e-02
Node 137, SINR:9.15074e-01, BpsHz:9.37400e-02
Node 127, SINR:9.15074e-01, BpsHz:9.37400e-02
---------------
==========Cluster 6, RcvInterf=8.22329e-13============
Node 160, SINR:0.00000e+00, BpsHz:0.00000e+00
Node 54, SINR:4.76765e-01, BpsHz:9.37400e-02
Node 79, SINR:4.76765e-01, BpsHz:9.37400e-02
Node 100, SINR:4.76765e-01, BpsHz:9.37400e-02
Node 13, SINR:4.76765e-01, BpsHz:9.37400e-02
Node 104, SINR:4.76765e-01, BpsHz:9.37400e-02
Node 81, SINR:4.76765e-01, BpsHz:9.37400e-02
---------------
==========Cluster 7, RcvInterf=1.66622e-13============
Node 72, SINR:0.00000e+00, BpsHz:0.00000e+00
Node 37, SINR:4.76765e-01, BpsHz:9.37400e-02
Node 64, SINR:4.76765e-01, BpsHz:9.37400e-02
Node 45, SINR:4.76765e-01, BpsHz:9.37400e-02
Node 108, SINR:4.76765e-01, BpsHz:9.37400e-02
Node 131, SINR:4.76765e-01, BpsHz:9.37400e-02
Node 36, SINR:4.76765e-01, BpsHz:9.37400e-02
---------------
==========Cluster 8, RcvInterf=2.63877e-14============
Node 86, SINR:0.00000e+00, BpsHz:0.00000e+00
Node 15, SINR:3.83862e-01, BpsHz:9.37400e-02
Node 134, SINR:3.83862e-01, BpsHz:9.37400e-02
Node 136, SINR:3.83862e-01, BpsHz:9.37400e-02
Node 58, SINR:3.83862e-01, BpsHz:9.37400e-02
Node 38, SINR:3.83862e-01, BpsHz:9.37400e-02
---------------
==========Cluster 9, RcvInterf=1.21623e-13============
Node 21, SINR:0.00000e+00, BpsHz:0.00000e+00
Node 78, SINR:4.76765e-01, BpsHz:9.37400e-02
Node 1, SINR:4.76765e-01, BpsHz:9.37400e-02
Node 112, SINR:4.76765e-01, BpsHz:9.37400e-02
Node 188, SINR:4.76765e-01, BpsHz:9.37400e-02
Node 39, SINR:4.76765e-01, BpsHz:9.37400e-02
Node 124, SINR:4.76765e-01, BpsHz:9.37400e-02
---------------
==========Cluster 10, RcvInterf=3.75493e-13============
Node 140, SINR:0.00000e+00, BpsHz:0.00000e+00
Node 91, SINR:1.04364e+00, BpsHz:9.37400e-02
Node 158, SINR:1.04364e+00, BpsHz:9.37400e-02
Node 135, SINR:1.04364e+00, BpsHz:9.37400e-02
Node 73, SINR:1.04364e+00, BpsHz:9.37400e-02
Node 182, SINR:1.04364e+00, BpsHz:9.37400e-02
Node 85, SINR:1.04364e+00, BpsHz:9.37400e-02
Node 161, SINR:1.04364e+00, BpsHz:9.37400e-02
Node 65, SINR:1.04364e+00, BpsHz:9.37400e-02
Node 102, SINR:1.04364e+00, BpsHz:9.37400e-02
Node 19, SINR:1.04364e+00, BpsHz:9.37400e-02
Node 139, SINR:1.04364e+00, BpsHz:9.37400e-02
---------------
==========Cluster 11, RcvInterf=9.23907e-13============
Node 41, SINR:0.00000e+00, BpsHz:0.00000e+00
Node 117, SINR:2.96804e-01, BpsHz:9.37400e-02
Node 157, SINR:2.96804e-01, BpsHz:9.37400e-02
Node 90, SINR:2.96804e-01, BpsHz:9.37400e-02
Node 31, SINR:2.96804e-01, BpsHz:9.37400e-02
---------------
==========Cluster 12, RcvInterf=3.23450e-13============
Node 2, SINR:0.00000e+00, BpsHz:0.00000e+00
Node 190, SINR:9.15074e-01, BpsHz:9.37400e-02
Node 119, SINR:9.15074e-01, BpsHz:9.37400e-02
Node 145, SINR:9.15074e-01, BpsHz:9.37400e-02
Node 174, SINR:9.15074e-01, BpsHz:9.37400e-02
Node 61, SINR:9.15074e-01, BpsHz:9.37400e-02
Node 173, SINR:9.15074e-01, BpsHz:9.37400e-02
Node 42, SINR:9.15074e-01, BpsHz:9.37400e-02
Node 181, SINR:9.15074e-01, BpsHz:9.37400e-02
Node 29, SINR:9.15074e-01, BpsHz:9.37400e-02
Node 3, SINR:9.15074e-01, BpsHz:9.37400e-02
---------------
==========Cluster 13, RcvInterf=1.61730e-12============
Node 43, SINR:0.00000e+00, BpsHz:0.00000e+00
Node 110, SINR:6.81700e-01, BpsHz:9.37400e-02
Node 59, SINR:6.81700e-01, BpsHz:9.37400e-02
Node 167, SINR:6.81700e-01, BpsHz:9.37400e-02
Node 0, SINR:6.81700e-01, BpsHz:9.37400e-02
Node 125, SINR:6.81700e-01, BpsHz:9.37400e-02
Node 162, SINR:6.81700e-01, BpsHz:9.37400e-02
Node 93, SINR:6.81700e-01, BpsHz:9.37400e-02
Node 148, SINR:6.81700e-01, BpsHz:9.37400e-02
---------------
==========Cluster 14, RcvInterf=2.27231e-13============
Node 138, SINR:0.00000e+00, BpsHz:0.00000e+00
Node 62, SINR:4.76765e-01, BpsHz:9.37400e-02
Node 56, SINR:4.76765e-01, BpsHz:9.37400e-02
Node 115, SINR:4.76765e-01, BpsHz:9.37400e-02
Node 152, SINR:4.76765e-01, BpsHz:9.37400e-02
Node 96, SINR:4.76765e-01, BpsHz:9.37400e-02
Node 180, SINR:4.76765e-01, BpsHz:9.37400e-02
---------------
==========Cluster 15, RcvInterf=1.30604e-13============
Node 114, SINR:0.00000e+00, BpsHz:0.00000e+00
Node 99, SINR:6.71331e-02, BpsHz:9.37401e-02
---------------
==========Cluster 16, RcvInterf=6.23016e-13============
Node 71, SINR:0.00000e+00, BpsHz:0.00000e+00
Node 128, SINR:1.48348e+00, BpsHz:9.37400e-02
Node 4, SINR:1.48347e+00, BpsHz:9.37400e-02
Node 5, SINR:1.48348e+00, BpsHz:9.37400e-02
Node 17, SINR:1.48347e+00, BpsHz:9.37400e-02
Node 26, SINR:1.48347e+00, BpsHz:9.37400e-02
Node 69, SINR:1.48347e+00, BpsHz:9.37400e-02
Node 7, SINR:1.48347e+00, BpsHz:9.37400e-02
Node 83, SINR:1.48347e+00, BpsHz:9.37400e-02
Node 168, SINR:1.48347e+00, BpsHz:9.37400e-02
Node 95, SINR:1.48347e+00, BpsHz:9.37400e-02
Node 46, SINR:1.48347e+00, BpsHz:9.37400e-02
Node 77, SINR:1.48347e+00, BpsHz:9.37400e-02
Node 87, SINR:1.48347e+00, BpsHz:9.37400e-02
Node 105, SINR:1.48347e+00, BpsHz:9.37400e-02
---------------
==========Cluster 17, RcvInterf=1.90275e-12============
Node 155, SINR:0.00000e+00, BpsHz:0.00000e+00
Node 67, SINR:7.94597e-01, BpsHz:9.37400e-02
Node 120, SINR:7.94597e-01, BpsHz:9.37400e-02
Node 141, SINR:7.94597e-01, BpsHz:9.37400e-02
Node 175, SINR:7.94597e-01, BpsHz:9.37400e-02
Node 98, SINR:7.94597e-01, BpsHz:9.37400e-02
Node 47, SINR:7.94597e-01, BpsHz:9.37400e-02
Node 185, SINR:7.94597e-01, BpsHz:9.37400e-02
Node 154, SINR:7.94597e-01, BpsHz:9.37400e-02
Node 171, SINR:7.94597e-01, BpsHz:9.37400e-02
---------------
==========Cluster 18, RcvInterf=2.17375e-13============
Node 57, SINR:0.00000e+00, BpsHz:0.00000e+00
Node 191, SINR:4.76765e-01, BpsHz:9.37400e-02
Node 8, SINR:4.76765e-01, BpsHz:9.37400e-02
Node 55, SINR:4.76765e-01, BpsHz:9.37400e-02
Node 94, SINR:4.76765e-01, BpsHz:9.37400e-02
Node 48, SINR:4.76765e-01, BpsHz:9.37400e-02
Node 163, SINR:4.76765e-01, BpsHz:9.37400e-02
---------------
==========Cluster 19, RcvInterf=3.13394e-14============
Node 178, SINR:0.00000e+00, BpsHz:0.00000e+00
Node 122, SINR:4.76765e-01, BpsHz:9.37400e-02
Node 49, SINR:4.76765e-01, BpsHz:9.37400e-02
Node 130, SINR:4.76765e-01, BpsHz:9.37400e-02
Node 177, SINR:4.76765e-01, BpsHz:9.37400e-02
Node 146, SINR:4.76765e-01, BpsHz:9.37400e-02
Node 149, SINR:4.76765e-01, BpsHz:9.37400e-02
---------------
==========Cluster 20, RcvInterf=2.41305e-13============
Node 11, SINR:0.00000e+00, BpsHz:0.00000e+00
Node 121, SINR:9.15074e-01, BpsHz:9.37400e-02
Node 50, SINR:9.15074e-01, BpsHz:9.37400e-02
Node 183, SINR:9.15074e-01, BpsHz:9.37400e-02
Node 186, SINR:9.15074e-01, BpsHz:9.37400e-02
Node 176, SINR:9.15074e-01, BpsHz:9.37400e-02
Node 150, SINR:9.15074e-01, BpsHz:9.37400e-02
Node 147, SINR:9.15074e-01, BpsHz:9.37400e-02
Node 6, SINR:9.15074e-01, BpsHz:9.37400e-02
Node 118, SINR:9.15074e-01, BpsHz:9.37400e-02
Node 28, SINR:9.15074e-01, BpsHz:9.37400e-02
---------------
==========Cluster 21, RcvInterf=1.11239e-14============
Node 51, SINR:0.00000e+00, BpsHz:0.00000e+00
Node 165, SINR:4.76765e-01, BpsHz:9.37400e-02
Node 189, SINR:4.76765e-01, BpsHz:9.37400e-02
Node 68, SINR:4.76765e-01, BpsHz:9.37400e-02
Node 109, SINR:4.76765e-01, BpsHz:9.37400e-02
Node 33, SINR:4.76765e-01, BpsHz:9.37400e-02
Node 106, SINR:4.76765e-01, BpsHz:9.37400e-02
---------------
==========Cluster 22, RcvInterf=2.36135e-13============
Node 52, SINR:0.00000e+00, BpsHz:0.00000e+00
Node 74, SINR:5.75904e-01, BpsHz:9.37400e-02
Node 92, SINR:5.75905e-01, BpsHz:9.37400e-02
Node 111, SINR:5.75904e-01, BpsHz:9.37400e-02
Node 63, SINR:5.75904e-01, BpsHz:9.37400e-02
Node 126, SINR:5.75904e-01, BpsHz:9.37400e-02
Node 107, SINR:5.75904e-01, BpsHz:9.37400e-02
Node 84, SINR:5.75904e-01, BpsHz:9.37400e-02
---------------
