195
17
1.000000e-03
1.339250e-303
169
3000
1.592489e+01
9.985352e-01
1.592490e-05
5.732689e-07
0 0 0 0 0 0 0 0 0 0 0 0 0 0 0 0 0 0 0 0 0 0 0 0 0 0 0 0 0 0 0 0 0 1 0 0 0 0 0 0 0 0 0 0 0 0 0 0 0 0 0 1 0 0 0 0 0 0 0 0 0 0 0 0 0 0 0 0 1 0 0 0 0 0 0 0 0 0 0 0 0 0 0 0 0 0 0 0 0 0 0 0 0 0 0 0 0 0 0 0 0 0 0 0 0 0 1 0 0 1 0 0 0 0 0 0 0 0 0 0 0 0 0 0 0 0 0 0 0 1 1 0 0 0 0 0 0 0 0 0 0 0 0 0 0 0 0 0 0 1 0 0 0 0 0 0 0 0 0 0 0 0 0 0 0 1 0 0 0 0 0 0 0 0 0 0 0 1 1 1 0 0 0 0 0 0 0 0 0 1 0 0 0 0 0 
0 0 0 0 0 0 0 0 0 0 0 0 0 0 0 0 0 0 0 0 0 0 0 0 0 0 0 0 0 0 0 0 0 0 0 0 0 0 0 0 0 0 1 0 0 0 0 0 0 0 0 0 1 0 0 0 0 0 0 0 0 1 0 0 0 0 0 0 0 0 0 0 0 0 1 0 0 0 0 0 0 0 0 0 0 0 0 0 0 0 0 0 0 0 0 0 0 0 0 0 0 0 0 0 0 0 0 1 0 0 0 1 0 0 0 0 0 0 0 0 0 0 1 0 0 0 0 0 0 0 0 0 0 0 0 0 0 0 0 0 0 0 0 0 0 0 0 0 0 0 0 0 0 0 0 0 0 0 0 0 0 0 0 0 0 0 0 0 0 0 0 0 0 1 0 0 0 0 0 0 0 0 0 0 0 0 0 0 0 0 1 0 0 0 0 
0 0 0 0 0 0 0 0 0 0 0 0 0 0 0 0 0 0 0 0 0 0 0 0 0 0 0 0 0 0 0 0 0 0 0 0 0 0 0 0 0 0 0 0 0 1 0 0 0 0 0 0 0 1 0 0 0 0 0 0 1 0 0 0 1 0 0 0 0 0 0 0 1 0 0 0 0 0 0 0 0 0 0 0 0 0 0 0 0 0 0 0 0 0 0 0 0 0 0 1 0 0 0 0 0 0 0 0 1 0 0 0 0 0 1 0 0 0 0 0 0 0 0 0 0 0 0 0 0 0 0 1 0 0 0 0 0 0 0 0 0 0 0 0 0 0 0 0 0 0 0 0 0 0 0 0 0 0 0 0 0 0 0 0 0 0 0 0 0 0 0 0 0 0 0 0 0 0 0 0 0 0 0 0 0 0 0 0 0 0 0 0 0 0 0 
0 0 0 0 0 0 0 0 0 0 0 0 0 0 0 0 0 0 0 0 0 0 0 0 0 0 0 0 0 0 0 0 0 0 0 0 0 0 0 0 0 0 0 0 0 0 0 0 0 0 0 0 0 0 1 0 0 0 0 0 0 0 0 0 0 0 0 0 0 0 0 0 0 0 0 0 0 0 0 1 0 1 0 0 0 0 0 1 0 0 0 0 0 0 0 0 0 0 0 0 1 0 0 0 1 0 0 0 0 0 0 0 0 0 0 0 0 0 0 0 0 0 0 0 0 0 0 0 1 0 0 0 0 0 0 0 0 0 0 0 0 0 0 0 0 0 0 0 0 0 0 0 0 0 0 0 0 0 0 0 1 0 0 0 0 0 0 0 0 0 0 0 0 0 0 0 0 0 0 0 0 0 0 0 0 0 0 0 0 0 0 0 0 0 0 
0 0 0 0 0 0 0 0 1 0 0 0 0 0 0 0 0 0 0 0 0 0 0 0 0 0 0 0 0 0 0 0 0 0 0 0 0 0 0 0 0 0 0 0 0 0 0 0 1 0 0 0 0 0 0 1 0 1 0 0 0 0 0 0 0 0 1 0 0 0 0 0 0 0 0 0 0 0 0 0 0 0 0 0 1 0 0 0 0 0 0 0 0 0 1 0 0 0 0 0 0 0 0 0 0 0 0 0 0 0 0 0 0 0 0 0 0 0 0 0 0 0 0 0 0 0 0 0 0 0 0 0 0 0 0 0 0 0 0 0 0 0 0 0 0 0 0 0 0 0 0 0 0 0 0 0 0 0 0 0 0 0 0 1 0 0 0 0 0 0 0 0 0 0 0 0 0 0 0 0 0 0 0 0 0 0 0 0 0 0 0 1 0 0 0 
0 0 0 0 0 0 0 0 0 0 0 0 0 0 0 0 0 0 0 0 0 0 0 0 0 0 0 0 0 0 0 0 0 0 0 0 0 0 0 0 0 0 0 0 0 0 0 0 0 0 0 0 0 0 0 0 1 0 0 0 0 0 1 0 0 0 0 0 0 0 0 0 0 0 0 0 0 0 0 0 0 0 0 0 0 0 0 0 0 0 0 0 0 0 0 0 1 0 0 0 0 0 0 0 0 0 0 0 0 0 0 0 0 0 0 1 0 0 0 0 0 0 0 0 0 0 0 0 0 0 0 0 0 0 0 0 0 0 1 0 0 0 0 0 0 0 0 0 0 0 0 0 1 0 0 0 0 0 0 0 0 0 0 0 0 0 0 0 0 0 0 0 0 0 0 0 0 0 0 0 1 0 0 0 0 0 0 0 0 0 0 0 0 0 0 
0 1 0 0 0 0 0 0 0 0 0 0 0 0 0 0 0 0 0 0 0 1 0 0 0 0 0 0 0 0 0 0 0 0 0 0 0 0 0 1 0 0 0 0 0 0 0 0 0 0 0 0 0 0 0 0 0 0 0 0 0 0 0 0 0 0 0 0 0 0 0 0 0 0 0 0 0 0 1 0 0 0 0 0 0 0 0 0 0 0 0 0 0 0 0 0 0 0 0 0 0 0 0 0 0 0 0 0 0 0 0 0 1 0 0 0 0 0 0 0 0 0 0 0 1 0 0 0 0 0 0 0 0 0 0 0 0 0 0 0 0 0 0 0 0 0 0 0 0 0 0 0 0 0 0 0 0 0 0 0 0 0 0 0 0 0 0 0 0 0 0 0 0 0 0 0 1 0 0 0 0 0 0 1 0 0 1 0 1 0 0 0 0 0 0 
0 0 0 0 0 0 0 0 0 0 0 0 0 0 0 1 0 0 0 0 0 0 0 0 0 0 0 0 0 0 0 0 0 0 0 0 0 0 1 0 0 0 0 0 0 0 0 0 0 1 0 0 0 0 0 0 0 0 1 0 0 0 0 0 0 0 0 0 0 0 0 0 0 0 0 0 0 0 0 0 0 0 0 0 0 0 1 0 0 0 0 0 0 0 0 0 0 0 0 0 0 0 0 0 0 0 0 0 0 0 0 0 0 0 0 0 0 0 0 0 0 0 0 0 0 0 0 0 0 0 0 0 1 0 1 0 1 0 0 0 0 0 0 0 0 0 1 0 0 0 0 0 0 0 0 0 0 0 0 0 0 0 0 0 0 0 0 0 0 0 0 0 0 0 0 0 0 0 0 0 0 0 0 0 1 0 0 0 0 0 0 0 0 0 0 
0 0 0 0 0 0 0 0 0 0 0 0 0 0 0 0 0 0 0 0 0 0 0 0 0 0 0 0 0 0 0 1 0 0 0 0 0 0 0 0 0 1 0 0 0 0 0 0 0 0 0 0 0 0 0 0 0 0 0 0 0 0 0 0 0 0 0 0 0 0 0 0 0 0 0 0 0 0 0 0 0 0 0 0 0 0 0 0 0 0 1 0 0 0 0 0 0 0 0 0 0 0 0 0 0 0 0 0 0 0 0 0 0 0 0 0 0 1 0 0 0 0 0 1 0 0 0 0 0 0 0 0 0 1 0 0 0 0 0 0 0 0 1 0 1 0 0 0 0 0 0 0 0 0 0 0 0 1 0 0 0 0 0 0 0 0 0 0 0 0 0 0 0 0 0 0 0 0 0 0 0 0 0 0 0 0 0 1 0 0 0 0 0 0 0 
1 0 0 0 0 0 0 0 0 0 0 0 0 0 0 0 0 0 0 0 0 0 0 0 0 0 0 0 0 0 0 0 0 0 0 0 0 0 0 0 0 0 0 1 0 0 0 0 0 0 0 0 0 0 0 0 0 0 0 1 0 0 0 0 0 0 0 0 0 0 0 0 0 0 0 0 0 0 0 0 0 0 0 0 0 0 0 0 0 0 0 0 0 1 0 0 0 0 0 0 0 0 0 0 0 0 0 0 0 0 1 0 0 0 0 0 0 0 0 0 0 0 0 0 0 1 0 0 0 0 0 0 0 0 0 0 0 0 0 0 0 0 0 0 0 0 0 0 1 0 0 0 0 0 0 0 0 0 0 0 0 0 1 0 0 0 0 1 0 0 0 1 0 0 0 0 0 0 0 0 0 0 0 0 0 0 0 0 0 0 0 0 0 0 0 
0 0 0 0 0 0 0 0 0 0 0 0 0 0 1 0 0 0 0 0 0 0 0 1 0 0 0 0 0 0 0 0 0 0 0 0 0 0 0 0 0 0 0 0 1 0 0 0 0 0 0 0 0 0 0 0 0 0 0 0 0 0 0 0 0 0 0 0 0 0 0 0 0 0 0 0 0 0 0 0 0 0 0 0 0 0 0 0 0 0 0 0 0 0 0 0 0 0 0 0 0 0 0 0 0 0 0 0 0 0 0 0 0 1 0 0 1 0 0 0 0 0 0 0 0 0 0 0 0 0 0 0 0 0 0 0 0 1 0 0 0 0 0 0 0 0 0 0 0 0 0 0 0 0 0 0 0 0 0 0 0 0 0 0 0 0 1 0 0 0 1 0 1 0 0 0 0 0 0 0 0 0 0 0 0 0 0 0 0 0 0 0 0 0 0 
0 0 1 1 0 0 0 0 0 0 0 0 0 0 0 0 0 0 0 0 0 0 0 0 0 0 0 0 0 1 0 0 0 0 0 0 0 0 0 0 1 0 0 0 0 0 0 0 0 0 0 0 0 0 0 0 0 0 0 0 0 0 0 0 0 0 0 0 0 0 0 0 0 1 0 0 0 0 0 0 0 0 0 0 0 0 0 0 0 0 0 0 0 0 0 0 0 0 0 0 0 0 0 0 0 0 0 0 0 0 0 0 0 0 0 0 0 0 0 1 0 0 0 0 0 0 0 0 0 0 0 0 0 0 0 1 0 0 0 1 0 0 0 0 0 1 0 0 0 0 0 0 0 0 0 0 0 0 0 0 0 0 0 0 0 0 0 0 0 0 0 0 0 0 1 0 0 0 0 0 0 1 0 0 0 0 0 0 0 0 0 0 0 0 0 
0 0 0 0 0 0 0 0 0 0 1 0 0 0 0 0 0 0 0 0 0 0 0 0 0 1 0 0 0 0 0 0 0 0 0 0 0 0 0 0 0 0 0 0 0 0 0 0 0 0 0 0 0 0 0 0 0 0 0 0 0 0 0 1 0 0 0 0 0 0 0 0 0 0 0 0 0 0 0 0 0 0 0 0 0 0 0 0 0 1 0 0 1 0 0 0 0 0 1 0 0 1 0 0 0 0 0 0 0 0 0 0 0 0 0 0 0 0 0 0 0 0 0 0 0 0 1 0 0 0 0 0 0 0 0 0 0 0 0 0 0 0 0 0 0 0 0 0 0 0 0 1 0 0 0 0 0 0 0 0 0 0 0 0 0 0 0 0 0 0 0 0 0 0 0 0 0 0 0 0 0 0 0 0 0 0 0 0 0 0 0 0 1 1 0 
0 0 0 0 1 1 0 1 0 1 0 0 0 0 0 0 0 1 0 0 0 0 0 0 0 0 1 0 0 0 0 0 0 0 0 0 1 1 0 0 0 0 0 0 0 0 1 0 0 0 0 0 0 0 0 0 0 0 0 0 0 0 0 0 0 0 0 0 0 1 0 1 0 0 0 0 0 1 0 0 0 0 0 1 0 0 0 0 0 0 0 0 0 0 0 1 0 0 0 0 0 0 0 0 0 0 0 0 0 0 0 0 0 0 0 0 0 0 0 0 0 0 0 0 0 0 0 0 0 0 0 0 0 0 0 0 0 0 0 0 0 0 0 0 0 0 0 0 0 0 0 0 0 0 0 0 0 0 0 0 0 0 0 0 0 0 0 0 1 0 0 0 0 0 0 0 0 0 0 0 0 0 0 0 0 0 0 0 0 0 0 0 0 0 0 
0 0 0 0 0 0 0 0 0 0 0 0 0 1 0 0 0 0 0 1 0 0 0 0 0 0 0 0 0 0 0 0 0 0 0 0 0 0 0 0 0 0 0 0 0 0 0 0 0 0 0 0 0 0 0 0 0 0 0 0 0 0 0 0 0 1 0 0 0 0 0 0 0 0 0 0 0 0 0 0 0 0 0 0 0 1 0 0 1 0 0 1 0 0 0 0 0 0 0 0 0 0 1 0 0 0 0 0 0 0 0 0 0 0 0 0 0 0 0 0 0 0 0 0 0 0 0 0 0 0 0 0 0 0 0 0 0 0 0 0 1 0 0 0 0 0 0 0 0 0 0 0 0 0 0 0 0 0 1 0 0 1 0 0 0 0 0 0 0 0 0 0 0 0 0 0 0 0 0 0 0 0 1 0 0 0 0 0 0 0 0 0 0 0 0 
0 0 0 0 0 0 1 0 0 0 0 1 1 0 0 0 0 0 0 0 0 0 1 0 1 0 0 0 1 0 1 0 1 0 0 0 0 0 0 0 0 0 0 0 0 0 0 0 0 0 0 0 0 0 0 0 0 0 0 0 0 0 0 0 0 0 0 0 0 0 1 0 0 0 0 0 1 0 0 0 0 0 1 0 0 0 0 0 0 0 0 0 0 0 0 0 0 1 0 0 0 0 0 1 0 0 0 0 0 0 0 0 0 0 0 0 0 0 1 0 0 1 0 0 0 0 0 0 0 0 0 0 0 0 0 0 0 0 0 0 0 0 0 1 0 0 0 1 0 0 0 0 0 0 0 0 1 0 0 1 0 0 0 0 1 0 0 0 0 0 0 0 0 0 0 0 0 0 0 0 0 0 0 0 0 0 0 0 0 0 0 0 0 0 0 
0 0 0 0 0 0 0 0 0 0 0 0 0 0 0 0 1 0 0 0 1 0 0 0 0 0 0 0 0 0 0 0 0 0 1 0 0 0 0 0 0 0 0 0 0 0 0 1 0 0 0 0 0 0 0 0 0 0 0 0 0 0 0 0 0 0 0 1 0 0 0 0 0 0 0 1 0 0 0 0 1 0 0 0 0 0 0 0 0 0 0 0 0 0 0 0 0 0 0 0 0 0 0 0 0 1 0 0 0 0 0 0 0 0 0 0 0 0 0 0 1 0 0 0 0 0 0 0 0 0 0 0 0 0 0 0 0 0 0 0 0 1 0 0 0 0 0 0 0 0 0 0 0 0 1 1 0 0 0 0 0 0 0 0 0 0 0 0 0 0 0 0 0 0 0 1 0 0 0 0 0 0 0 0 0 1 0 0 0 0 0 0 0 0 0 
34 108 61 105 192 139 2 135 32 44 114 182 11 47 183 165 155 
4.226154E-06 0.000000E+00 1.312916E-05 2.296833E-06 2.822219E-07 3.146226E-06 9.995734E-04 4.477137E-06 1.020055E-07 6.815394E-06 0.000000E+00 4.022465E-04 9.710139E-05 1.656913E-05 6.246162E-07 2.158604E-05 7.366773E-05 3.343248E-05 0.000000E+00 9.485937E-07 1.056757E-04 4.152840E-06 6.776770E-06 3.015110E-07 1.692006E-05 5.865572E-06 2.449555E-06 0.000000E+00 5.944611E-06 3.155372E-05 1.989571E-04 0.000000E+00 9.822325E-07 0.000000E+00 3.372544E-05 0.000000E+00 8.279383E-05 2.019312E-05 2.526762E-06 8.711084E-06 6.330863E-05 6.741631E-06 8.912226E-06 0.000000E+00 5.938140E-06 5.501714E-07 0.000000E+00 1.126624E-05 5.606245E-05 2.548423E-05 0.000000E+00 2.616754E-06 9.054635E-06 1.170989E-05 9.300921E-05 1.313856E-08 3.870040E-07 4.985314E-06 5.809028E-08 3.175008E-06 0.000000E+00 6.355003E-05 9.875307E-08 1.598353E-05 6.611651E-06 9.928069E-06 6.856503E-05 6.442283E-05 3.441899E-07 9.017702E-05 5.327147E-05 2.683003E-06 2.244725E-05 1.018170E-05 2.031704E-06 8.108275E-05 2.882324E-05 1.600681E-05 3.361576E-05 2.148212E-05 2.328895E-07 2.658815E-06 1.950236E-05 4.449959E-05 9.121507E-06 8.134982E-09 4.055964E-06 1.185727E-06 9.440669E-06 5.476798E-06 5.151075E-06 1.254469E-05 2.703772E-05 3.886942E-05 8.266320E-05 2.516879E-05 6.429052E-08 1.778970E-04 1.074145E-05 1.826017E-05 7.578326E-06 4.703210E-05 4.751600E-07 9.713312E-05 0.000000E+00 6.990560E-05 1.811023E-05 0.000000E+00 4.710196E-05 4.694298E-06 3.236686E-07 2.629628E-07 5.791255E-05 0.000000E+00 3.786916E-06 2.106870E-07 1.621801E-06 3.113788E-05 1.864423E-04 5.348559E-07 6.737877E-05 1.233622E-04 8.092538E-05 4.262793E-05 2.185782E-06 1.364329E-06 2.197067E-05 0.000000E+00 4.260648E-06 1.340542E-05 3.102078E-05 8.792278E-06 9.605593E-05 7.038113E-06 0.000000E+00 6.125418E-07 4.679544E-05 2.511490E-06 0.000000E+00 3.564897E-08 7.098632E-06 3.282015E-06 9.337174E-07 2.557383E-04 1.859255E-05 4.393421E-06 4.371446E-05 1.109418E-04 1.376356E-05 5.232128E-06 0.000000E+00 6.447946E-05 6.456907E-07 0.000000E+00 0.000000E+00 1.322872E-05 6.029509E-04 7.459982E-05 7.798882E-06 4.820006E-04 2.780444E-06 1.421665E-05 1.036101E-05 4.560930E-05 0.000000E+00 1.766073E-05 2.646749E-06 2.106110E-07 4.123723E-06 0.000000E+00 2.727855E-08 2.818046E-05 8.923698E-07 2.102077E-05 7.511725E-07 2.354825E-07 1.386971E-04 6.747926E-05 4.400254E-05 2.240933E-06 2.039441E-06 0.000000E+00 0.000000E+00 1.700175E-04 4.688793E-05 6.042472E-06 3.354969E-04 1.552355E-05 1.000117E-05 7.942670E-06 1.281781E-05 0.000000E+00 2.674337E-05 2.022356E-06 0.000000E+00 
34 130 69 150 166 190 180 110 52 131 107 179 178 
108 112 43 174 53 62 191 75 123 
61 46 54 100 132 115 65 109 73 
105 161 88 80 101 82 129 55 
192 58 85 56 164 9 49 67 95 
139 97 63 57 116 181 153 
2 40 184 22 177 125 187 79 189 113 
135 87 137 59 16 147 39 133 50 185 
32 143 134 118 188 42 124 91 158 145 
44 111 1 168 126 60 163 172 149 94 
114 171 173 24 45 167 15 138 117 
182 175 3 120 140 136 146 4 74 30 41 
11 194 99 90 26 193 64 127 152 93 102 
47 5 6 78 8 10 38 169 37 72 27 84 96 18 70 
183 86 66 162 20 14 103 141 92 89 159 
165 29 77 119 148 25 71 144 98 160 7 83 12 122 23 33 13 157 104 31 
155 81 48 35 186 121 176 17 76 142 156 68 21 106 

============Find Best @ Round 1483================
==========Cluster 0, RcvInterf=3.39850e-14============
Node 33, SINR:0.00000e+00, BpsHz:0.00000e+00
Node 129, SINR:5.91942e-01, BpsHz:5.58990e-02
Node 68, SINR:5.91942e-01, BpsHz:5.58990e-02
Node 149, SINR:5.91942e-01, BpsHz:5.58990e-02
Node 165, SINR:5.91942e-01, BpsHz:5.58990e-02
Node 189, SINR:5.91942e-01, BpsHz:5.58990e-02
Node 179, SINR:5.91942e-01, BpsHz:5.58990e-02
Node 109, SINR:5.91942e-01, BpsHz:5.58990e-02
Node 51, SINR:5.91942e-01, BpsHz:5.58990e-02
Node 130, SINR:5.91942e-01, BpsHz:5.58990e-02
Node 106, SINR:5.91942e-01, BpsHz:5.58990e-02
Node 178, SINR:5.91942e-01, BpsHz:5.58990e-02
Node 177, SINR:5.91942e-01, BpsHz:5.58990e-02
---------------
==========Cluster 1, RcvInterf=4.13090e-14============
Node 107, SINR:0.00000e+00, BpsHz:0.00000e+00
Node 111, SINR:3.63384e-01, BpsHz:5.58990e-02
Node 42, SINR:3.63384e-01, BpsHz:5.58990e-02
Node 173, SINR:3.63384e-01, BpsHz:5.58990e-02
Node 52, SINR:3.63384e-01, BpsHz:5.58990e-02
Node 61, SINR:3.63384e-01, BpsHz:5.58990e-02
Node 190, SINR:3.63384e-01, BpsHz:5.58990e-02
Node 74, SINR:3.63384e-01, BpsHz:5.58990e-02
Node 122, SINR:3.63384e-01, BpsHz:5.58990e-02
---------------
==========Cluster 2, RcvInterf=2.95974e-14============
Node 60, SINR:0.00000e+00, BpsHz:0.00000e+00
Node 45, SINR:3.63384e-01, BpsHz:5.58990e-02
Node 53, SINR:3.63384e-01, BpsHz:5.58990e-02
Node 99, SINR:3.63384e-01, BpsHz:5.58990e-02
Node 131, SINR:3.63384e-01, BpsHz:5.58990e-02
Node 114, SINR:3.63384e-01, BpsHz:5.58990e-02
Node 64, SINR:3.63384e-01, BpsHz:5.58990e-02
Node 108, SINR:3.63384e-01, BpsHz:5.58990e-02
Node 72, SINR:3.63384e-01, BpsHz:5.58990e-02
---------------
==========Cluster 3, RcvInterf=1.02295e-13============
Node 104, SINR:0.00000e+00, BpsHz:0.00000e+00
Node 160, SINR:3.11568e-01, BpsHz:5.58990e-02
Node 87, SINR:3.11568e-01, BpsHz:5.58990e-02
Node 79, SINR:3.11568e-01, BpsHz:5.58990e-02
Node 100, SINR:3.11568e-01, BpsHz:5.58990e-02
Node 81, SINR:3.11568e-01, BpsHz:5.58990e-02
Node 128, SINR:3.11568e-01, BpsHz:5.58990e-02
Node 54, SINR:3.11568e-01, BpsHz:5.58990e-02
---------------
==========Cluster 4, RcvInterf=1.11810e-13============
Node 191, SINR:0.00000e+00, BpsHz:0.00000e+00
Node 57, SINR:3.63384e-01, BpsHz:5.58990e-02
Node 84, SINR:3.63384e-01, BpsHz:5.58990e-02
Node 55, SINR:3.63384e-01, BpsHz:5.58990e-02
Node 163, SINR:3.63384e-01, BpsHz:5.58990e-02
Node 8, SINR:3.63384e-01, BpsHz:5.58990e-02
Node 48, SINR:3.63384e-01, BpsHz:5.58990e-02
Node 66, SINR:3.63384e-01, BpsHz:5.58990e-02
Node 94, SINR:3.63384e-01, BpsHz:5.58990e-02
---------------
==========Cluster 5, RcvInterf=1.91934e-14============
Node 138, SINR:0.00000e+00, BpsHz:0.00000e+00
Node 96, SINR:2.61722e-01, BpsHz:5.58990e-02
Node 62, SINR:2.61722e-01, BpsHz:5.58990e-02
Node 56, SINR:2.61722e-01, BpsHz:5.58990e-02
Node 115, SINR:2.61722e-01, BpsHz:5.58990e-02
Node 180, SINR:2.61722e-01, BpsHz:5.58990e-02
Node 152, SINR:2.61722e-01, BpsHz:5.58990e-02
---------------
==========Cluster 6, RcvInterf=1.00571e-13============
Node 1, SINR:0.00000e+00, BpsHz:0.00000e+00
Node 39, SINR:4.17246e-01, BpsHz:5.58990e-02
Node 183, SINR:4.17246e-01, BpsHz:5.58990e-02
Node 21, SINR:4.17246e-01, BpsHz:5.58990e-02
Node 176, SINR:4.17246e-01, BpsHz:5.58990e-02
Node 124, SINR:4.17246e-01, BpsHz:5.58990e-02
Node 186, SINR:4.17246e-01, BpsHz:5.58990e-02
Node 78, SINR:4.17246e-01, BpsHz:5.58990e-02
Node 188, SINR:4.17246e-01, BpsHz:5.58990e-02
Node 112, SINR:4.17246e-01, BpsHz:5.58990e-02
---------------
==========Cluster 7, RcvInterf=9.93505e-14============
Node 134, SINR:0.00000e+00, BpsHz:0.00000e+00
Node 86, SINR:4.17246e-01, BpsHz:5.58990e-02
Node 136, SINR:4.17246e-01, BpsHz:5.58990e-02
Node 58, SINR:4.17246e-01, BpsHz:5.58990e-02
Node 15, SINR:4.17246e-01, BpsHz:5.58990e-02
Node 146, SINR:4.17246e-01, BpsHz:5.58990e-02
Node 38, SINR:4.17246e-01, BpsHz:5.58990e-02
Node 132, SINR:4.17246e-01, BpsHz:5.58990e-02
Node 49, SINR:4.17246e-01, BpsHz:5.58990e-02
Node 184, SINR:4.17246e-01, BpsHz:5.58990e-02
---------------
==========Cluster 8, RcvInterf=1.15051e-13============
Node 31, SINR:0.00000e+00, BpsHz:0.00000e+00
Node 142, SINR:4.17246e-01, BpsHz:5.58990e-02
Node 133, SINR:4.17246e-01, BpsHz:5.58990e-02
Node 117, SINR:4.17246e-01, BpsHz:5.58990e-02
Node 187, SINR:4.17246e-01, BpsHz:5.58990e-02
Node 41, SINR:4.17246e-01, BpsHz:5.58990e-02
Node 123, SINR:4.17246e-01, BpsHz:5.58990e-02
Node 90, SINR:4.17246e-01, BpsHz:5.58990e-02
Node 157, SINR:4.17246e-01, BpsHz:5.58990e-02
Node 144, SINR:4.17246e-01, BpsHz:5.58990e-02
---------------
==========Cluster 9, RcvInterf=8.59291e-14============
Node 43, SINR:0.00000e+00, BpsHz:0.00000e+00
Node 110, SINR:4.17246e-01, BpsHz:5.58990e-02
Node 0, SINR:4.17246e-01, BpsHz:5.58990e-02
Node 167, SINR:4.17246e-01, BpsHz:5.58990e-02
Node 125, SINR:4.17246e-01, BpsHz:5.58990e-02
Node 59, SINR:4.17246e-01, BpsHz:5.58990e-02
Node 162, SINR:4.17246e-01, BpsHz:5.58990e-02
Node 171, SINR:4.17246e-01, BpsHz:5.58990e-02
Node 148, SINR:4.17246e-01, BpsHz:5.58990e-02
Node 93, SINR:4.17246e-01, BpsHz:5.58990e-02
---------------
==========Cluster 10, RcvInterf=2.77396e-14============
Node 113, SINR:0.00000e+00, BpsHz:0.00000e+00
Node 170, SINR:3.63384e-01, BpsHz:5.58990e-02
Node 172, SINR:3.63384e-01, BpsHz:5.58990e-02
Node 23, SINR:3.63384e-01, BpsHz:5.58990e-02
Node 44, SINR:3.63384e-01, BpsHz:5.58990e-02
Node 166, SINR:3.63384e-01, BpsHz:5.58990e-02
Node 14, SINR:3.63384e-01, BpsHz:5.58990e-02
Node 137, SINR:3.63384e-01, BpsHz:5.58990e-02
Node 116, SINR:3.63384e-01, BpsHz:5.58990e-02
---------------
==========Cluster 11, RcvInterf=6.53110e-14============
Node 181, SINR:0.00000e+00, BpsHz:0.00000e+00
Node 174, SINR:4.73237e-01, BpsHz:5.58990e-02
Node 2, SINR:4.73237e-01, BpsHz:5.58990e-02
Node 119, SINR:4.73237e-01, BpsHz:5.58990e-02
Node 139, SINR:4.73237e-01, BpsHz:5.58990e-02
Node 135, SINR:4.73237e-01, BpsHz:5.58990e-02
Node 145, SINR:4.73237e-01, BpsHz:5.58990e-02
Node 3, SINR:4.73237e-01, BpsHz:5.58990e-02
Node 73, SINR:4.73237e-01, BpsHz:5.58990e-02
Node 29, SINR:4.73237e-01, BpsHz:5.58990e-02
Node 40, SINR:4.73237e-01, BpsHz:5.58990e-02
---------------
==========Cluster 12, RcvInterf=7.15620e-14============
Node 10, SINR:0.00000e+00, BpsHz:0.00000e+00
Node 193, SINR:4.73237e-01, BpsHz:5.58990e-02
Node 98, SINR:4.73237e-01, BpsHz:5.58990e-02
Node 89, SINR:4.73237e-01, BpsHz:5.58990e-02
Node 25, SINR:4.73237e-01, BpsHz:5.58990e-02
Node 192, SINR:4.73237e-01, BpsHz:5.58990e-02
Node 63, SINR:4.73237e-01, BpsHz:5.58990e-02
Node 126, SINR:4.73237e-01, BpsHz:5.58990e-02
Node 151, SINR:4.73237e-01, BpsHz:5.58990e-02
Node 92, SINR:4.73237e-01, BpsHz:5.58990e-02
Node 101, SINR:4.73237e-01, BpsHz:5.58990e-02
---------------
==========Cluster 13, RcvInterf=9.85125e-14============
Node 46, SINR:0.00000e+00, BpsHz:0.00000e+00
Node 4, SINR:7.20211e-01, BpsHz:5.58990e-02
Node 5, SINR:7.20211e-01, BpsHz:5.58990e-02
Node 77, SINR:7.20211e-01, BpsHz:5.58990e-02
Node 7, SINR:7.20211e-01, BpsHz:5.58990e-02
Node 9, SINR:7.20211e-01, BpsHz:5.58990e-02
Node 37, SINR:7.20211e-01, BpsHz:5.58990e-02
Node 168, SINR:7.20211e-01, BpsHz:5.58990e-02
Node 36, SINR:7.20211e-01, BpsHz:5.58990e-02
Node 71, SINR:7.20211e-01, BpsHz:5.58990e-02
Node 26, SINR:7.20211e-01, BpsHz:5.58990e-02
Node 83, SINR:7.20211e-01, BpsHz:5.58990e-02
Node 95, SINR:7.20211e-01, BpsHz:5.58990e-02
Node 17, SINR:7.20211e-01, BpsHz:5.58990e-02
Node 69, SINR:7.20211e-01, BpsHz:5.58990e-02
---------------
==========Cluster 14, RcvInterf=7.54051e-14============
Node 182, SINR:0.00000e+00, BpsHz:0.00000e+00
Node 85, SINR:4.73237e-01, BpsHz:5.58990e-02
Node 65, SINR:4.73237e-01, BpsHz:5.58990e-02
Node 161, SINR:4.73237e-01, BpsHz:5.58990e-02
Node 19, SINR:4.73237e-01, BpsHz:5.58990e-02
Node 13, SINR:4.73237e-01, BpsHz:5.58990e-02
Node 102, SINR:4.73237e-01, BpsHz:5.58990e-02
Node 140, SINR:4.73237e-01, BpsHz:5.58990e-02
Node 91, SINR:4.73237e-01, BpsHz:5.58990e-02
Node 88, SINR:4.73237e-01, BpsHz:5.58990e-02
Node 158, SINR:4.73237e-01, BpsHz:5.58990e-02
---------------
==========Cluster 15, RcvInterf=6.19941e-14============
Node 164, SINR:0.00000e+00, BpsHz:0.00000e+00
Node 28, SINR:1.08794e+00, BpsHz:5.58990e-02
Node 76, SINR:1.08794e+00, BpsHz:5.58990e-02
Node 118, SINR:1.08794e+00, BpsHz:5.58990e-02
Node 147, SINR:1.08794e+00, BpsHz:5.58990e-02
Node 24, SINR:1.08794e+00, BpsHz:5.58990e-02
Node 70, SINR:1.08794e+00, BpsHz:5.58990e-02
Node 143, SINR:1.08794e+00, BpsHz:5.58990e-02
Node 97, SINR:1.08794e+00, BpsHz:5.58990e-02
Node 159, SINR:1.08794e+00, BpsHz:5.58990e-02
Node 6, SINR:1.08794e+00, BpsHz:5.58990e-02
Node 82, SINR:1.08794e+00, BpsHz:5.58990e-02
Node 11, SINR:1.08794e+00, BpsHz:5.58990e-02
Node 121, SINR:1.08794e+00, BpsHz:5.58990e-02
Node 22, SINR:1.08794e+00, BpsHz:5.58990e-02
Node 32, SINR:1.08794e+00, BpsHz:5.58990e-02
Node 12, SINR:1.08794e+00, BpsHz:5.58990e-02
Node 156, SINR:1.08794e+00, BpsHz:5.58990e-02
Node 103, SINR:1.08794e+00, BpsHz:5.58990e-02
Node 30, SINR:1.08794e+00, BpsHz:5.58990e-02
---------------
==========Cluster 16, RcvInterf=8.40605e-14============
Node 154, SINR:0.00000e+00, BpsHz:0.00000e+00
Node 80, SINR:6.54834e-01, BpsHz:5.58990e-02
Node 47, SINR:6.54834e-01, BpsHz:5.58990e-02
Node 34, SINR:6.54834e-01, BpsHz:5.58990e-02
Node 185, SINR:6.54834e-01, BpsHz:5.58990e-02
Node 120, SINR:6.54834e-01, BpsHz:5.58990e-02
Node 175, SINR:6.54834e-01, BpsHz:5.58990e-02
Node 16, SINR:6.54834e-01, BpsHz:5.58990e-02
Node 75, SINR:6.54834e-01, BpsHz:5.58990e-02
Node 141, SINR:6.54834e-01, BpsHz:5.58990e-02
Node 155, SINR:6.54834e-01, BpsHz:5.58990e-02
Node 67, SINR:6.54834e-01, BpsHz:5.58990e-02
Node 20, SINR:6.54834e-01, BpsHz:5.58990e-02
Node 105, SINR:6.54834e-01, BpsHz:5.58990e-02
---------------
