195
17
1.000000e-03
1.339250e-303
169
3000
1.473776e+01
1.765137e+00
1.473776e-05
7.773450e-07
0 0 0 0 0 0 0 0 0 0 0 0 0 0 0 0 0 0 0 0 0 0 0 0 0 0 0 0 0 0 0 1 0 0 0 0 0 0 0 0 0 1 0 1 0 0 0 0 0 0 0 0 0 0 0 0 0 0 0 1 0 0 0 0 0 0 0 0 0 0 0 0 0 0 0 0 0 0 0 0 0 0 0 0 0 0 0 0 0 0 1 0 0 0 0 0 0 0 0 0 0 1 0 0 0 0 0 0 0 0 1 0 0 0 0 0 0 1 0 0 0 0 0 0 0 1 0 0 0 0 0 0 0 1 0 0 0 0 0 0 0 0 1 0 1 0 0 0 1 0 0 0 0 0 0 0 0 1 0 0 0 0 1 0 0 0 0 1 0 0 0 0 0 0 0 0 0 0 0 0 0 0 0 0 0 0 0 0 0 0 0 0 1 0 0 
0 0 0 0 0 0 0 0 0 0 0 0 0 0 0 0 0 0 0 0 0 0 0 0 0 0 0 0 0 0 0 0 0 0 0 0 0 0 0 0 0 0 0 0 0 0 0 0 0 0 0 0 0 1 0 0 0 0 0 0 0 0 0 0 0 0 0 0 0 0 0 0 0 0 0 0 0 0 0 0 0 0 0 0 0 0 0 0 0 0 0 0 0 0 0 0 0 0 0 1 0 0 0 0 0 0 0 0 0 0 0 0 0 0 0 0 0 0 0 0 0 0 0 0 0 0 0 0 0 0 0 0 0 0 0 0 0 0 0 0 0 0 0 0 0 0 0 0 0 0 0 0 0 0 0 0 0 0 0 0 0 0 0 0 0 0 0 0 0 0 0 0 0 0 0 0 0 0 0 0 0 0 0 0 0 0 0 0 0 0 0 0 0 0 0 
0 0 0 0 0 0 0 0 0 0 0 0 0 0 1 0 0 0 0 0 0 0 0 1 0 0 0 0 0 0 0 0 0 0 0 1 0 0 0 0 0 0 0 0 1 0 0 0 0 0 0 0 0 0 0 0 0 0 0 0 0 0 0 0 0 0 0 0 0 0 0 0 0 0 0 0 0 0 0 0 0 0 0 0 0 0 0 0 0 0 0 0 0 0 0 0 0 0 0 0 0 0 0 0 0 0 0 0 0 0 0 0 0 1 0 0 1 0 0 0 0 0 0 0 0 0 0 1 0 0 0 0 0 0 0 0 0 1 0 0 0 0 0 0 0 0 0 0 0 0 0 0 0 0 0 0 0 0 0 0 0 0 0 0 0 0 1 0 0 0 1 0 1 0 0 0 0 0 0 0 0 0 0 0 0 0 0 0 0 0 0 0 0 0 0 
0 0 0 0 0 0 0 0 0 0 0 0 0 0 0 0 0 0 0 0 0 0 0 0 0 0 0 0 0 0 0 0 0 0 0 0 0 0 0 0 0 0 0 0 0 0 0 0 0 0 0 0 0 0 0 0 1 0 0 0 0 0 1 0 0 0 0 0 0 0 0 0 0 0 0 0 0 0 0 0 0 0 0 0 0 0 0 0 0 0 0 0 0 0 0 0 1 0 0 0 0 0 0 0 0 0 0 0 0 0 0 0 0 0 0 1 0 0 0 0 0 0 0 0 0 0 0 0 0 0 0 0 0 0 0 0 0 0 1 0 0 0 0 0 0 0 0 0 0 0 0 0 1 0 0 0 0 0 0 0 0 0 0 0 0 0 0 0 0 0 0 0 0 0 0 0 0 0 0 0 0 0 0 0 0 0 0 0 0 0 0 0 0 0 0 
0 0 0 0 0 0 0 0 1 0 0 0 0 0 0 0 0 0 0 0 0 0 0 0 0 1 0 0 0 0 1 0 0 0 0 0 0 0 0 0 0 0 0 0 0 0 0 0 0 0 0 0 0 0 0 1 0 1 0 0 0 0 0 1 0 0 1 0 0 0 0 0 0 0 0 0 0 0 0 0 0 0 0 0 1 0 0 0 0 0 0 0 1 0 0 0 0 1 0 0 0 0 0 0 0 0 0 0 0 0 0 0 0 0 0 0 0 0 0 0 0 0 0 0 0 0 0 0 0 0 0 0 0 0 0 0 0 0 0 0 0 0 0 0 0 0 0 0 0 0 0 1 0 1 0 0 0 0 0 0 0 0 0 0 0 0 0 0 0 0 0 0 0 0 0 0 0 0 0 0 0 0 0 0 0 0 0 0 0 0 0 1 0 1 0 
0 0 0 0 0 0 0 0 0 0 0 0 0 0 0 0 0 0 0 0 0 0 0 0 0 0 0 0 0 0 0 0 0 0 0 0 0 0 0 0 0 0 0 0 0 1 0 0 0 0 0 0 0 0 0 0 0 0 0 0 0 0 0 0 1 0 0 0 0 0 0 0 1 0 0 0 0 0 0 0 0 0 0 0 0 0 0 0 0 0 0 0 0 0 0 0 0 0 0 0 0 0 0 0 0 0 0 0 1 0 0 0 0 0 0 0 0 0 0 0 0 0 0 0 0 0 0 0 0 0 0 0 0 0 0 0 0 0 0 0 0 0 0 0 0 0 0 0 0 0 0 0 0 0 0 0 0 0 0 0 0 0 0 0 0 0 0 0 0 0 0 0 0 0 0 0 0 0 0 0 0 0 0 0 0 0 0 0 0 0 0 0 0 0 0 
0 0 0 0 0 0 0 0 0 0 0 0 0 1 0 0 0 0 0 1 0 0 0 0 0 0 0 0 0 0 0 0 0 0 0 0 0 0 0 0 0 0 0 0 0 0 0 0 0 0 0 0 0 0 1 0 0 0 0 0 0 0 0 0 0 1 0 0 0 0 0 0 0 0 0 0 0 0 0 0 0 0 0 0 0 1 0 0 0 0 0 0 0 0 0 0 0 0 0 0 0 0 1 0 0 0 0 0 0 0 0 0 0 0 0 0 0 0 0 0 0 0 0 0 0 0 0 0 0 0 0 0 0 0 0 0 0 0 0 0 0 0 0 0 0 0 0 0 0 0 0 0 0 0 0 0 0 0 0 0 0 1 0 0 0 0 0 0 0 0 0 0 0 0 0 0 0 0 0 0 0 0 1 0 0 0 0 0 0 0 0 0 0 0 0 
0 1 0 0 0 0 1 0 0 0 0 1 0 0 0 1 0 0 0 0 0 1 0 0 0 0 0 0 0 0 0 0 0 0 0 0 0 0 1 1 0 0 0 0 0 0 0 0 1 0 1 0 0 0 0 0 0 0 0 0 0 0 0 0 0 0 0 0 0 0 0 0 0 0 0 0 0 0 1 0 0 0 0 0 0 0 0 0 0 0 0 0 0 0 1 0 0 0 0 0 0 0 0 0 0 0 0 0 0 0 0 0 1 0 0 0 0 0 0 0 0 1 0 0 1 0 0 0 0 0 0 0 0 0 0 0 0 0 0 0 0 0 0 0 0 0 0 0 0 0 1 0 0 0 0 0 0 0 0 0 0 0 0 1 0 0 0 0 0 0 0 0 0 0 0 0 1 0 0 0 0 0 0 1 1 0 1 0 1 0 0 0 0 0 0 
0 0 0 0 0 0 0 0 0 0 1 0 0 0 0 0 0 0 0 0 0 0 0 0 0 0 0 0 0 0 0 0 0 0 0 0 0 0 0 0 0 0 0 0 0 0 0 1 0 0 0 0 0 0 0 0 0 0 0 0 0 0 0 0 0 0 0 1 0 0 0 0 0 0 0 0 0 0 0 0 0 0 0 0 0 0 0 0 0 1 0 0 0 1 0 0 0 0 1 0 0 0 0 0 0 0 0 0 0 0 0 0 0 0 0 0 0 0 0 0 1 0 0 0 0 0 0 0 0 0 0 0 0 0 0 0 0 0 0 0 0 1 0 0 0 0 0 0 0 0 0 0 0 0 1 1 0 0 0 0 0 0 0 0 0 0 0 0 0 0 0 1 0 0 0 1 0 0 0 0 0 0 0 0 0 1 0 0 0 0 0 0 0 0 0 
0 0 0 0 0 0 0 0 0 0 0 0 0 0 0 0 0 0 1 0 0 0 0 0 0 0 0 0 0 0 0 0 0 1 0 0 0 0 0 0 0 0 0 0 0 0 0 0 0 1 0 1 0 0 0 0 0 0 1 0 0 0 0 0 0 0 0 0 1 0 0 0 0 0 0 0 0 0 0 0 0 0 0 0 0 0 1 0 0 0 0 0 0 0 0 0 0 0 0 0 0 0 0 0 0 0 0 0 0 1 0 0 0 0 0 0 0 0 0 0 0 0 1 0 0 0 0 0 0 1 1 0 1 0 1 0 1 0 0 0 0 0 0 0 0 0 1 0 0 1 0 0 0 0 0 0 0 0 0 0 0 0 0 0 0 1 0 0 0 0 0 0 0 0 0 0 0 1 1 1 0 0 0 0 0 0 0 0 0 1 0 0 0 0 1 
0 0 0 0 0 0 0 0 0 0 0 0 0 0 0 0 0 1 0 0 0 0 0 0 0 0 0 0 0 0 0 0 0 0 0 0 0 0 0 0 0 0 0 0 0 0 0 0 0 0 0 0 0 0 0 0 0 0 0 0 0 0 0 0 0 0 0 0 0 0 0 0 0 0 0 0 0 0 0 0 0 1 0 0 0 0 0 1 1 0 0 0 0 0 0 0 0 0 0 0 0 0 0 0 1 0 0 0 0 0 0 0 0 0 0 0 0 0 0 0 0 0 0 0 0 0 0 0 0 0 0 0 0 0 0 0 0 0 0 0 0 0 0 0 0 0 0 0 0 0 0 0 0 0 0 0 0 0 0 0 1 0 0 0 0 0 0 0 0 0 0 0 0 0 0 0 0 0 0 0 0 0 0 0 0 0 0 0 0 0 0 0 0 0 0 
0 0 0 0 0 0 0 0 0 0 0 0 1 0 0 0 0 0 0 0 0 0 1 0 1 0 0 0 1 0 0 0 1 0 0 0 0 0 0 0 0 0 0 0 0 0 0 0 0 0 0 0 0 0 0 0 0 0 0 0 0 0 0 0 0 0 0 0 0 0 1 0 0 0 0 0 1 0 0 0 0 0 1 0 0 0 0 0 0 0 0 0 0 0 0 0 0 0 0 0 0 0 0 1 0 0 0 0 0 0 0 0 0 0 0 0 0 0 1 0 0 0 0 1 0 0 0 0 0 0 0 0 0 0 0 0 0 0 0 0 0 0 0 1 0 0 0 1 0 0 0 0 0 0 0 0 1 0 0 1 0 0 0 0 1 0 0 0 0 0 0 0 0 0 0 0 0 0 0 0 0 0 0 0 0 0 0 1 0 0 0 0 0 0 0 
0 0 0 0 0 0 0 1 0 0 0 0 0 0 0 0 0 0 0 0 0 0 0 0 0 0 0 0 0 0 0 0 0 0 0 0 0 0 0 0 0 0 0 0 0 0 0 0 0 0 0 0 0 0 0 0 0 0 0 0 0 0 0 0 0 0 0 0 0 0 0 1 0 0 0 0 0 0 0 1 0 0 0 1 0 0 0 0 0 0 0 0 0 0 0 1 0 0 0 0 1 0 0 0 0 0 0 0 0 0 0 0 0 0 0 0 0 0 0 0 0 0 0 0 0 0 0 0 1 0 0 0 0 0 0 0 0 0 0 0 0 0 0 0 0 0 0 0 0 0 0 0 0 0 0 0 0 0 0 0 0 0 0 0 0 0 0 0 0 0 0 0 0 0 0 0 0 0 0 0 0 0 0 0 0 0 0 0 0 0 0 0 0 0 0 
0 0 0 0 1 1 0 0 0 1 0 0 0 0 0 0 0 0 0 0 0 0 0 0 0 0 1 0 0 0 0 0 0 0 0 0 1 1 0 0 0 0 0 0 0 0 1 0 0 0 0 0 0 0 0 0 0 0 0 0 0 0 0 0 0 0 0 0 0 0 0 0 0 0 0 0 0 1 0 0 0 0 0 0 0 0 0 0 0 0 0 0 0 0 0 0 0 0 0 0 0 0 0 0 0 0 0 0 0 0 0 0 0 0 0 0 0 0 0 0 0 0 0 0 0 0 0 0 0 0 0 0 0 0 0 0 0 0 0 0 0 0 0 0 0 0 0 0 0 0 0 0 0 0 0 0 0 0 0 0 0 0 0 0 0 0 0 0 1 0 0 0 0 0 0 0 0 0 0 0 0 0 0 0 0 0 0 0 0 0 0 0 0 0 0 
0 0 1 1 0 0 0 0 0 0 0 0 0 0 0 0 0 0 0 0 0 0 0 0 0 0 0 0 0 0 0 0 0 0 0 0 0 0 0 0 0 0 0 0 0 0 0 0 0 0 0 0 0 0 0 0 0 0 0 0 0 0 0 0 0 0 0 0 0 0 0 0 0 1 0 0 0 0 0 0 0 0 0 0 0 0 0 0 0 0 0 1 0 0 0 0 0 0 0 0 0 0 0 0 0 0 0 0 0 0 0 0 0 0 0 0 0 0 0 1 0 0 0 0 0 0 0 0 0 0 0 0 0 0 0 1 0 0 0 1 1 0 0 0 0 1 0 0 0 0 0 0 0 0 0 0 0 0 1 0 0 0 0 0 0 0 0 0 0 0 0 0 0 0 1 0 0 0 0 0 1 1 0 0 0 0 0 0 0 0 0 0 0 0 0 
0 0 0 0 0 0 0 0 0 0 0 0 0 0 0 0 0 0 0 0 0 0 0 0 0 0 0 0 0 0 0 0 0 0 0 0 0 0 0 0 0 0 1 0 0 0 0 0 0 0 0 0 1 0 0 0 0 0 0 0 0 1 0 0 0 0 0 0 0 0 0 0 0 0 1 0 0 0 0 0 0 0 0 0 0 0 0 0 0 0 0 0 0 0 0 0 0 0 0 0 0 0 0 0 0 0 0 1 0 0 0 1 0 0 0 0 0 0 0 0 0 0 0 0 0 0 1 0 0 0 0 0 0 0 0 0 0 0 0 0 0 0 0 0 0 0 0 0 0 0 0 0 0 0 0 0 0 0 0 0 0 0 0 0 0 0 0 0 0 0 0 0 0 1 0 0 0 0 0 0 0 0 0 0 0 0 0 0 0 0 1 0 0 0 0 
0 0 0 0 0 0 0 0 0 0 0 0 0 0 0 0 1 0 0 0 1 0 0 0 0 0 0 0 0 1 0 0 0 0 1 0 0 0 0 0 1 0 0 0 0 0 0 0 0 0 0 0 0 0 0 0 0 0 0 0 0 0 0 0 0 0 0 0 0 0 0 0 0 0 0 1 0 0 0 0 1 0 0 0 0 0 0 0 0 0 0 0 0 0 0 0 0 0 0 0 0 0 0 0 0 0 0 0 0 0 0 0 0 0 0 0 0 0 0 0 0 0 0 0 0 0 0 0 0 0 0 0 0 0 0 0 0 0 0 0 0 0 0 0 0 0 0 0 0 0 0 0 0 0 0 0 0 0 0 0 0 0 0 0 0 0 0 0 0 0 0 0 0 0 0 0 0 0 0 0 0 0 0 0 0 0 0 0 0 0 0 0 0 0 0 
91 100 114 139 56 65 20 79 156 150 88 25 96 10 136 108 35 
0.000000E+00 3.306609E-05 1.248207E-05 5.172359E-07 1.954012E-06 4.739566E-08 9.996690E-04 3.490989E-07 2.804832E-07 0.000000E+00 5.772931E-05 1.258261E-04 5.775274E-05 6.695728E-08 5.392968E-07 5.048975E-04 3.028649E-09 4.258968E-07 4.813592E-05 0.000000E+00 4.326427E-08 2.297979E-06 3.386899E-05 2.603261E-07 0.000000E+00 1.010854E-04 5.345634E-08 0.000000E+00 6.989979E-05 1.285312E-06 4.847147E-05 2.232685E-06 1.325195E-05 5.845157E-06 0.000000E+00 1.755516E-06 4.883941E-07 2.083453E-08 1.095280E-04 9.208256E-05 1.713975E-07 3.059319E-06 5.330775E-06 8.490034E-06 5.127021E-06 2.490118E-08 4.396290E-07 1.846711E-07 4.899412E-06 1.834078E-05 3.111763E-05 7.927309E-05 5.415956E-06 6.500152E-10 1.038167E-05 0.000000E+00 1.203871E-07 7.552173E-06 1.919911E-04 6.597050E-06 0.000000E+00 3.801193E-05 3.071958E-08 3.519289E-05 0.000000E+00 1.136619E-07 2.556854E-05 1.322913E-07 3.572960E-05 0.000000E+00 3.315415E-06 1.240612E-07 5.955285E-09 8.682599E-08 1.215247E-06 7.843232E-09 3.917821E-06 8.438851E-06 0.000000E+00 6.704565E-06 1.196249E-06 2.644275E-08 1.060839E-06 4.103166E-08 1.164494E-05 2.393676E-08 2.506170E-04 0.000000E+00 6.926202E-07 6.556672E-05 0.000000E+00 8.393077E-07 4.987678E-05 2.358231E-05 8.682363E-06 0.000000E+00 1.999915E-08 5.669103E-05 2.409996E-06 0.000000E+00 5.042088E-06 3.270225E-05 3.521006E-11 4.974937E-05 9.660587E-08 0.000000E+00 0.000000E+00 0.000000E+00 1.755498E-07 1.027154E-04 3.682316E-06 1.572891E-07 2.977644E-06 0.000000E+00 0.000000E+00 6.553937E-08 1.400272E-06 4.392045E-05 3.731148E-04 1.433008E-06 7.089556E-07 2.428851E-04 4.018376E-05 9.837164E-06 1.794152E-04 2.413884E-07 2.002206E-05 8.076866E-06 8.074029E-09 2.281445E-05 2.579673E-06 0.000000E+00 8.174729E-05 2.554362E-05 1.235190E-04 0.000000E+00 4.977837E-04 2.168433E-06 0.000000E+00 4.196274E-08 8.993193E-07 8.239367E-07 1.854099E-05 4.966240E-06 1.551276E-06 1.796832E-06 2.868826E-05 3.460381E-04 2.013651E-06 0.000000E+00 4.354181E-05 1.005439E-04 2.008580E-07 6.022419E-05 4.022255E-06 0.000000E+00 3.500003E-05 2.709822E-05 5.758847E-07 3.218171E-05 2.807718E-06 6.296006E-07 1.081701E-05 1.082354E-05 6.429132E-06 1.796397E-04 2.285217E-06 3.049977E-05 3.417048E-06 0.000000E+00 2.355244E-08 5.750925E-06 7.704767E-07 1.257340E-05 2.334044E-06 4.999345E-07 2.308775E-04 1.516847E-05 1.619020E-06 9.278055E-06 1.200482E-06 1.095747E-07 7.880828E-08 4.924402E-04 1.362404E-05 8.133121E-06 5.288975E-04 2.407068E-05 9.350892E-06 1.211861E-04 7.666871E-06 8.224638E-09 5.258371E-05 1.296043E-04 1.199810E-05 
91 126 149 158 145 60 42 32 143 163 118 44 111 102 168 134 193 
100 54 
114 45 36 171 117 24 173 138 128 15 167 
139 97 63 57 116 153 
56 85 154 192 64 58 67 98 9 152 31 26 93 194 
65 73 46 109 
20 103 14 86 66 183 162 55 
79 125 164 22 185 2 177 187 189 39 113 51 40 7 122 184 12 151 95 49 16 
156 176 142 68 172 186 155 121 99 48 94 90 11 
150 19 180 131 69 179 133 190 34 52 135 130 195 123 87 147 166 178 110 50 137 59 
88 82 105 89 18 161 
25 77 83 160 144 13 29 71 23 33 165 157 124 188 119 104 148 
96 129 72 84 8 80 101 
10 6 37 38 27 47 169 78 5 
136 140 146 92 74 120 4 182 159 141 175 181 3 
108 43 112 75 53 191 127 174 62 
35 17 76 41 21 30 81 

============Find Best @ Round 1975================
==========Cluster 0, RcvInterf=3.92836e-14============
Node 90, SINR:0.00000e+00, BpsHz:0.00000e+00
Node 125, SINR:4.20059e-01, BpsHz:3.16220e-02
Node 148, SINR:4.20059e-01, BpsHz:3.16220e-02
Node 157, SINR:4.20059e-01, BpsHz:3.16220e-02
Node 144, SINR:4.20059e-01, BpsHz:3.16220e-02
Node 59, SINR:4.20059e-01, BpsHz:3.16220e-02
Node 41, SINR:4.20059e-01, BpsHz:3.16220e-02
Node 31, SINR:4.20059e-01, BpsHz:3.16220e-02
Node 142, SINR:4.20059e-01, BpsHz:3.16220e-02
Node 162, SINR:4.20059e-01, BpsHz:3.16220e-02
Node 117, SINR:4.20059e-01, BpsHz:3.16220e-02
Node 43, SINR:4.20059e-01, BpsHz:3.16220e-02
Node 110, SINR:4.20059e-01, BpsHz:3.16220e-02
Node 101, SINR:4.20059e-01, BpsHz:3.16220e-02
Node 167, SINR:4.20059e-01, BpsHz:3.16220e-02
Node 133, SINR:4.20059e-01, BpsHz:3.16220e-02
Node 192, SINR:4.20059e-01, BpsHz:3.16220e-02
---------------
==========Cluster 1, RcvInterf=6.14542e-15============
Node 99, SINR:0.00000e+00, BpsHz:0.00000e+00
Node 53, SINR:2.21606e-02, BpsHz:3.16220e-02
---------------
==========Cluster 2, RcvInterf=4.05589e-14============
Node 113, SINR:0.00000e+00, BpsHz:0.00000e+00
Node 44, SINR:2.45064e-01, BpsHz:3.16220e-02
Node 35, SINR:2.45064e-01, BpsHz:3.16220e-02
Node 170, SINR:2.45064e-01, BpsHz:3.16220e-02
Node 116, SINR:2.45064e-01, BpsHz:3.16220e-02
Node 23, SINR:2.45064e-01, BpsHz:3.16220e-02
Node 172, SINR:2.45064e-01, BpsHz:3.16220e-02
Node 137, SINR:2.45064e-01, BpsHz:3.16220e-02
Node 127, SINR:2.45064e-01, BpsHz:3.16220e-02
Node 14, SINR:2.45064e-01, BpsHz:3.16220e-02
Node 166, SINR:2.45064e-01, BpsHz:3.16220e-02
---------------
==========Cluster 3, RcvInterf=8.14395e-15============
Node 138, SINR:0.00000e+00, BpsHz:0.00000e+00
Node 96, SINR:1.15824e-01, BpsHz:3.16220e-02
Node 62, SINR:1.15824e-01, BpsHz:3.16220e-02
Node 56, SINR:1.15824e-01, BpsHz:3.16220e-02
Node 115, SINR:1.15824e-01, BpsHz:3.16220e-02
Node 152, SINR:1.15824e-01, BpsHz:3.16220e-02
---------------
==========Cluster 4, RcvInterf=7.15660e-14============
Node 55, SINR:0.00000e+00, BpsHz:0.00000e+00
Node 84, SINR:3.29686e-01, BpsHz:3.16220e-02
Node 153, SINR:3.29686e-01, BpsHz:3.16220e-02
Node 191, SINR:3.29686e-01, BpsHz:3.16220e-02
Node 63, SINR:3.29686e-01, BpsHz:3.16220e-02
Node 57, SINR:3.29686e-01, BpsHz:3.16220e-02
Node 66, SINR:3.29686e-01, BpsHz:3.16220e-02
Node 97, SINR:3.29686e-01, BpsHz:3.16220e-02
Node 8, SINR:3.29686e-01, BpsHz:3.16220e-02
Node 151, SINR:3.29686e-01, BpsHz:3.16220e-02
Node 30, SINR:3.29686e-01, BpsHz:3.16220e-02
Node 25, SINR:3.29686e-01, BpsHz:3.16220e-02
Node 92, SINR:3.29686e-01, BpsHz:3.16220e-02
Node 193, SINR:3.29686e-01, BpsHz:3.16220e-02
---------------
==========Cluster 5, RcvInterf=6.70179e-15============
Node 64, SINR:0.00000e+00, BpsHz:0.00000e+00
Node 72, SINR:6.79661e-02, BpsHz:3.16220e-02
Node 45, SINR:6.79661e-02, BpsHz:3.16220e-02
Node 108, SINR:6.79661e-02, BpsHz:3.16220e-02
---------------
==========Cluster 6, RcvInterf=4.14552e-15============
Node 19, SINR:0.00000e+00, BpsHz:0.00000e+00
Node 102, SINR:1.65827e-01, BpsHz:3.16220e-02
Node 13, SINR:1.65827e-01, BpsHz:3.16220e-02
Node 85, SINR:1.65827e-01, BpsHz:3.16220e-02
Node 65, SINR:1.65827e-01, BpsHz:3.16220e-02
Node 182, SINR:1.65827e-01, BpsHz:3.16220e-02
Node 161, SINR:1.65827e-01, BpsHz:3.16220e-02
Node 54, SINR:1.65827e-01, BpsHz:3.16220e-02
---------------
==========Cluster 7, RcvInterf=7.04513e-14============
Node 78, SINR:0.00000e+00, BpsHz:0.00000e+00
Node 124, SINR:5.50184e-01, BpsHz:3.16220e-02
Node 163, SINR:5.50184e-01, BpsHz:3.16220e-02
Node 21, SINR:5.50184e-01, BpsHz:3.16220e-02
Node 184, SINR:5.50184e-01, BpsHz:3.16220e-02
Node 1, SINR:5.50184e-01, BpsHz:3.16220e-02
Node 176, SINR:5.50184e-01, BpsHz:3.16220e-02
Node 186, SINR:5.50184e-01, BpsHz:3.16220e-02
Node 188, SINR:5.50184e-01, BpsHz:3.16220e-02
Node 38, SINR:5.50184e-01, BpsHz:3.16220e-02
Node 112, SINR:5.50184e-01, BpsHz:3.16220e-02
Node 50, SINR:5.50184e-01, BpsHz:3.16220e-02
Node 39, SINR:5.50184e-01, BpsHz:3.16220e-02
Node 6, SINR:5.50184e-01, BpsHz:3.16220e-02
Node 121, SINR:5.50184e-01, BpsHz:3.16220e-02
Node 183, SINR:5.50184e-01, BpsHz:3.16220e-02
Node 11, SINR:5.50184e-01, BpsHz:3.16220e-02
Node 150, SINR:5.50184e-01, BpsHz:3.16220e-02
Node 94, SINR:5.50184e-01, BpsHz:3.16220e-02
Node 48, SINR:5.50184e-01, BpsHz:3.16220e-02
Node 15, SINR:5.50184e-01, BpsHz:3.16220e-02
---------------
==========Cluster 8, RcvInterf=4.95429e-14============
Node 155, SINR:0.00000e+00, BpsHz:0.00000e+00
Node 175, SINR:3.00858e-01, BpsHz:3.16220e-02
Node 141, SINR:3.00858e-01, BpsHz:3.16220e-02
Node 67, SINR:3.00858e-01, BpsHz:3.16220e-02
Node 171, SINR:3.00858e-01, BpsHz:3.16220e-02
Node 185, SINR:3.00858e-01, BpsHz:3.16220e-02
Node 154, SINR:3.00858e-01, BpsHz:3.16220e-02
Node 120, SINR:3.00858e-01, BpsHz:3.16220e-02
Node 98, SINR:3.00858e-01, BpsHz:3.16220e-02
Node 47, SINR:3.00858e-01, BpsHz:3.16220e-02
Node 93, SINR:3.00858e-01, BpsHz:3.16220e-02
Node 89, SINR:3.00858e-01, BpsHz:3.16220e-02
Node 10, SINR:3.00858e-01, BpsHz:3.16220e-02
---------------
==========Cluster 9, RcvInterf=4.08116e-14============
Node 149, SINR:0.00000e+00, BpsHz:0.00000e+00
Node 18, SINR:5.84537e-01, BpsHz:3.16220e-02
Node 179, SINR:5.84537e-01, BpsHz:3.16220e-02
Node 130, SINR:5.84537e-01, BpsHz:3.16220e-02
Node 68, SINR:5.84537e-01, BpsHz:3.16220e-02
Node 178, SINR:5.84537e-01, BpsHz:3.16220e-02
Node 132, SINR:5.84537e-01, BpsHz:3.16220e-02
Node 189, SINR:5.84537e-01, BpsHz:3.16220e-02
Node 33, SINR:5.84537e-01, BpsHz:3.16220e-02
Node 51, SINR:5.84537e-01, BpsHz:3.16220e-02
Node 134, SINR:5.84537e-01, BpsHz:3.16220e-02
Node 129, SINR:5.84537e-01, BpsHz:3.16220e-02
Node 194, SINR:5.84537e-01, BpsHz:3.16220e-02
Node 122, SINR:5.84537e-01, BpsHz:3.16220e-02
Node 86, SINR:5.84537e-01, BpsHz:3.16220e-02
Node 146, SINR:5.84537e-01, BpsHz:3.16220e-02
Node 165, SINR:5.84537e-01, BpsHz:3.16220e-02
Node 177, SINR:5.84537e-01, BpsHz:3.16220e-02
Node 109, SINR:5.84537e-01, BpsHz:3.16220e-02
Node 49, SINR:5.84537e-01, BpsHz:3.16220e-02
Node 136, SINR:5.84537e-01, BpsHz:3.16220e-02
Node 58, SINR:5.84537e-01, BpsHz:3.16220e-02
---------------
==========Cluster 10, RcvInterf=8.36445e-15============
Node 87, SINR:0.00000e+00, BpsHz:0.00000e+00
Node 81, SINR:1.15824e-01, BpsHz:3.16220e-02
Node 104, SINR:1.15824e-01, BpsHz:3.16220e-02
Node 88, SINR:1.15824e-01, BpsHz:3.16220e-02
Node 17, SINR:1.15824e-01, BpsHz:3.16220e-02
Node 160, SINR:1.15824e-01, BpsHz:3.16220e-02
---------------
==========Cluster 11, RcvInterf=6.07232e-14============
Node 24, SINR:0.00000e+00, BpsHz:0.00000e+00
Node 76, SINR:4.20059e-01, BpsHz:3.16220e-02
Node 82, SINR:4.20059e-01, BpsHz:3.16220e-02
Node 159, SINR:4.20059e-01, BpsHz:3.16220e-02
Node 143, SINR:4.20059e-01, BpsHz:3.16220e-02
Node 12, SINR:4.20059e-01, BpsHz:3.16220e-02
Node 28, SINR:4.20059e-01, BpsHz:3.16220e-02
Node 70, SINR:4.20059e-01, BpsHz:3.16220e-02
Node 22, SINR:4.20059e-01, BpsHz:3.16220e-02
Node 32, SINR:4.20059e-01, BpsHz:3.16220e-02
Node 164, SINR:4.20059e-01, BpsHz:3.16220e-02
Node 156, SINR:4.20059e-01, BpsHz:3.16220e-02
Node 123, SINR:4.20059e-01, BpsHz:3.16220e-02
Node 187, SINR:4.20059e-01, BpsHz:3.16220e-02
Node 118, SINR:4.20059e-01, BpsHz:3.16220e-02
Node 103, SINR:4.20059e-01, BpsHz:3.16220e-02
Node 147, SINR:4.20059e-01, BpsHz:3.16220e-02
---------------
==========Cluster 12, RcvInterf=9.79663e-15============
Node 95, SINR:0.00000e+00, BpsHz:0.00000e+00
Node 128, SINR:1.40552e-01, BpsHz:3.16219e-02
Node 71, SINR:1.40552e-01, BpsHz:3.16219e-02
Node 83, SINR:1.40552e-01, BpsHz:3.16219e-02
Node 7, SINR:1.40552e-01, BpsHz:3.16219e-02
Node 79, SINR:1.40552e-01, BpsHz:3.16219e-02
Node 100, SINR:1.40552e-01, BpsHz:3.16219e-02
---------------
==========Cluster 13, RcvInterf=1.02417e-14============
Node 9, SINR:0.00000e+00, BpsHz:0.00000e+00
Node 5, SINR:1.91662e-01, BpsHz:3.16220e-02
Node 36, SINR:1.91662e-01, BpsHz:3.16220e-02
Node 37, SINR:1.91662e-01, BpsHz:3.16220e-02
Node 26, SINR:1.91662e-01, BpsHz:3.16220e-02
Node 46, SINR:1.91662e-01, BpsHz:3.16220e-02
Node 168, SINR:1.91662e-01, BpsHz:3.16220e-02
Node 77, SINR:1.91662e-01, BpsHz:3.16220e-02
Node 4, SINR:1.91662e-01, BpsHz:3.16220e-02
---------------
==========Cluster 14, RcvInterf=5.44198e-15============
Node 135, SINR:0.00000e+00, BpsHz:0.00000e+00
Node 139, SINR:3.00858e-01, BpsHz:3.16220e-02
Node 145, SINR:3.00858e-01, BpsHz:3.16220e-02
Node 91, SINR:3.00858e-01, BpsHz:3.16220e-02
Node 73, SINR:3.00858e-01, BpsHz:3.16220e-02
Node 119, SINR:3.00858e-01, BpsHz:3.16220e-02
Node 3, SINR:3.00858e-01, BpsHz:3.16220e-02
Node 181, SINR:3.00858e-01, BpsHz:3.16220e-02
Node 158, SINR:3.00858e-01, BpsHz:3.16220e-02
Node 140, SINR:3.00858e-01, BpsHz:3.16220e-02
Node 174, SINR:3.00858e-01, BpsHz:3.16220e-02
Node 180, SINR:3.00858e-01, BpsHz:3.16220e-02
Node 2, SINR:3.00858e-01, BpsHz:3.16220e-02
---------------
==========Cluster 15, RcvInterf=4.92594e-14============
Node 107, SINR:0.00000e+00, BpsHz:0.00000e+00
Node 42, SINR:1.91662e-01, BpsHz:3.16220e-02
Node 111, SINR:1.91662e-01, BpsHz:3.16220e-02
Node 74, SINR:1.91662e-01, BpsHz:3.16220e-02
Node 52, SINR:1.91662e-01, BpsHz:3.16220e-02
Node 190, SINR:1.91662e-01, BpsHz:3.16220e-02
Node 126, SINR:1.91662e-01, BpsHz:3.16220e-02
Node 173, SINR:1.91662e-01, BpsHz:3.16220e-02
Node 61, SINR:1.91662e-01, BpsHz:3.16220e-02
---------------
==========Cluster 16, RcvInterf=1.60480e-14============
Node 34, SINR:0.00000e+00, BpsHz:0.00000e+00
Node 16, SINR:1.40552e-01, BpsHz:3.16219e-02
Node 75, SINR:1.40552e-01, BpsHz:3.16219e-02
Node 40, SINR:1.40552e-01, BpsHz:3.16219e-02
Node 20, SINR:1.40552e-01, BpsHz:3.16219e-02
Node 29, SINR:1.40552e-01, BpsHz:3.16219e-02
Node 80, SINR:1.40552e-01, BpsHz:3.16219e-02
---------------
