195
15
1.000000e-03
5.388872e-286
171
3000
1.693557e+01
1.107864e+00
1.693557e-05
1.971484e-06
0 0 0 0 0 0 0 0 0 0 0 0 0 0 0 0 0 0 0 0 0 1 0 0 0 0 0 0 0 0 0 0 0 0 0 0 0 0 0 1 0 0 0 0 0 0 0 0 1 0 0 0 0 0 0 0 0 0 0 0 0 0 0 0 0 0 0 0 0 0 0 0 0 0 0 0 0 0 1 0 0 0 0 0 0 0 0 0 0 0 0 0 0 0 1 0 0 0 0 0 0 0 0 0 0 0 0 0 0 0 0 0 1 0 0 0 0 0 0 0 0 0 0 0 1 0 0 0 0 0 0 0 0 0 0 0 0 0 0 0 0 0 0 0 0 0 0 0 0 0 0 0 0 0 0 0 0 0 0 0 0 0 0 0 0 0 0 0 0 0 0 0 0 0 0 0 0 0 0 0 0 0 0 0 1 0 0 0 1 0 0 0 0 0 0 
0 0 1 0 0 0 0 0 0 0 0 0 0 0 0 0 1 0 0 0 1 0 0 0 0 0 0 0 0 1 0 0 0 0 1 0 0 0 0 0 1 0 1 0 0 0 0 0 0 0 0 0 0 0 0 0 0 0 0 0 0 1 0 0 0 0 0 0 0 0 0 0 0 0 0 1 0 0 0 0 1 0 0 0 0 0 0 0 0 0 0 0 0 0 0 0 0 0 0 0 0 0 0 0 0 0 0 0 0 0 0 0 0 0 0 0 0 0 0 0 0 0 0 0 0 0 0 0 0 0 0 0 0 0 0 0 0 0 0 0 0 0 0 0 0 0 0 0 0 0 0 0 0 0 0 0 0 0 0 0 0 0 0 0 0 0 0 0 0 0 0 0 0 1 1 0 0 0 0 0 0 0 0 0 0 0 0 0 0 0 1 0 0 0 0 
0 0 0 1 0 0 0 0 0 0 0 0 0 0 0 0 0 0 0 0 0 0 0 0 0 0 0 1 0 0 0 0 0 0 0 0 0 0 0 0 0 0 0 0 0 0 0 0 0 0 0 0 0 0 0 0 1 0 0 0 0 0 1 0 0 0 0 0 0 0 0 0 0 1 0 0 0 0 0 0 0 0 0 0 0 0 0 0 0 0 0 0 0 0 0 0 1 0 0 0 0 0 0 0 0 0 0 0 0 0 0 0 0 0 0 1 0 0 0 1 0 0 0 0 0 0 0 0 0 0 0 0 0 0 0 1 0 0 1 1 0 0 0 0 0 1 0 0 0 0 0 0 1 0 0 0 0 0 0 0 0 0 0 0 0 0 0 0 0 1 0 0 0 0 0 0 0 0 0 0 1 1 0 0 0 0 0 0 0 0 0 0 0 0 0 
0 0 0 0 0 0 0 0 0 0 0 0 0 0 0 0 0 0 0 0 0 0 0 0 0 0 0 0 0 0 0 1 0 0 0 0 0 0 0 0 0 1 0 1 0 0 0 0 0 0 0 0 0 0 0 0 0 0 0 1 0 0 0 0 0 0 0 0 0 0 0 0 0 0 0 0 0 0 0 0 0 0 0 0 0 0 0 0 0 0 1 0 0 0 0 0 0 0 0 0 0 1 0 0 0 0 0 0 0 0 1 0 0 0 0 0 0 1 0 0 0 0 0 0 0 1 0 0 0 0 0 0 0 0 0 0 0 0 0 0 0 0 0 0 1 0 0 0 1 0 0 0 0 0 0 0 0 1 0 0 0 0 1 0 0 0 0 1 0 0 0 0 0 0 0 0 0 0 0 0 0 0 0 0 0 0 0 0 0 0 0 0 0 0 0 
0 0 0 0 0 1 0 0 0 0 0 0 0 0 0 0 0 1 0 0 0 0 0 0 0 0 1 0 0 0 0 0 0 0 0 0 1 0 0 0 0 0 0 0 0 0 0 0 0 0 0 0 0 0 0 0 0 0 0 0 0 0 0 0 0 0 0 0 0 0 0 1 0 0 0 0 0 0 0 1 0 0 0 1 0 0 0 1 0 0 0 0 0 0 0 1 0 0 0 0 1 0 0 0 1 0 0 0 0 0 0 0 0 0 0 0 0 0 0 0 0 0 0 0 0 0 0 0 1 0 0 0 0 0 0 0 0 0 0 0 0 0 0 0 0 0 0 0 0 0 0 0 0 0 0 0 0 0 0 0 0 0 0 0 0 0 0 0 0 0 0 0 0 0 0 0 0 0 0 0 0 0 0 0 0 0 0 0 0 0 0 0 0 0 0 
0 0 0 0 0 0 1 0 0 0 0 0 0 0 0 0 0 0 0 0 0 0 0 0 0 0 0 0 0 0 0 0 0 0 0 0 0 0 0 0 0 0 0 0 0 0 0 0 0 0 0 0 0 0 0 0 0 0 0 0 0 0 0 0 0 0 0 0 0 0 0 0 0 0 0 0 0 0 0 0 0 0 0 0 0 0 0 0 0 0 0 0 0 0 0 0 0 0 0 0 0 0 0 0 0 0 0 0 0 0 0 0 0 0 0 0 0 0 1 0 0 0 0 0 0 0 0 0 0 0 0 0 0 0 0 0 0 0 0 0 0 0 0 0 0 0 0 1 0 0 0 0 0 0 0 0 0 0 0 0 0 0 0 0 0 0 0 0 0 0 0 0 0 0 0 0 1 0 0 0 0 0 0 1 0 0 1 0 0 0 0 0 0 0 0 
0 0 0 0 1 0 0 1 0 1 0 0 0 0 0 0 0 0 0 0 0 0 0 0 0 0 0 0 0 0 0 0 0 0 0 0 0 0 0 0 0 0 0 0 0 0 1 0 0 0 0 0 0 0 0 0 0 0 0 0 0 0 0 0 0 0 0 0 0 1 0 0 0 0 0 0 0 1 0 0 0 0 0 0 0 0 0 0 0 0 0 0 0 1 0 0 0 0 0 0 0 0 0 0 0 1 0 0 0 0 0 0 0 0 0 0 0 0 0 0 0 0 0 0 0 0 0 0 0 0 0 0 0 0 0 0 0 0 0 0 0 0 0 0 0 0 0 0 0 0 0 0 0 0 0 0 0 0 0 0 0 0 0 0 0 0 0 0 1 0 0 1 0 0 0 0 0 0 0 0 0 0 0 0 0 0 0 0 0 0 0 0 0 0 0 
0 0 0 0 0 0 0 0 1 0 0 0 0 0 0 0 0 0 0 0 0 0 0 0 0 0 0 0 0 0 0 0 0 0 0 0 0 0 0 0 0 0 0 0 0 0 0 0 0 0 0 0 1 0 0 0 0 1 0 0 0 0 0 1 0 0 0 0 0 0 0 0 0 0 1 0 0 0 0 0 0 0 0 0 1 0 0 0 0 0 0 0 1 0 0 0 0 0 0 0 0 0 0 0 0 0 0 1 0 0 0 1 0 0 0 0 0 0 0 0 0 0 1 0 0 0 1 0 0 0 0 0 0 0 0 0 0 0 0 0 0 0 0 0 0 0 0 0 0 0 0 0 0 0 0 0 0 0 0 0 0 0 0 0 0 0 0 0 0 0 0 0 0 0 0 0 0 0 0 0 0 0 0 0 0 0 0 0 0 0 0 1 0 0 0 
0 0 0 0 0 0 0 0 0 0 0 0 0 0 0 0 0 0 0 0 0 0 0 0 0 0 0 0 0 0 0 0 0 0 0 0 0 1 0 0 0 0 0 0 0 1 0 0 0 0 0 0 0 1 0 0 0 0 0 0 1 0 0 0 1 0 0 0 0 0 0 0 1 0 0 0 0 0 0 0 0 0 0 0 0 0 0 0 0 0 0 0 0 0 0 0 0 0 0 1 0 0 0 0 0 0 0 0 1 0 0 0 0 0 1 0 0 0 0 0 0 0 0 0 0 0 0 0 0 0 0 1 0 0 0 0 0 0 0 0 0 0 0 0 0 0 0 0 0 0 0 0 0 0 0 0 0 0 0 0 0 0 0 0 0 0 0 0 0 0 0 0 0 0 0 0 0 0 0 0 0 0 0 0 0 0 0 0 0 0 0 0 0 0 0 
0 0 0 0 0 0 0 0 0 0 1 0 0 0 0 0 0 0 0 0 0 0 0 0 0 1 0 0 0 0 0 0 0 0 0 0 0 0 0 0 0 0 0 0 0 0 0 1 0 0 0 0 0 0 0 0 0 0 0 0 0 0 0 0 0 0 0 1 0 0 0 0 0 0 0 0 0 0 0 0 0 0 0 0 0 0 0 0 0 1 0 0 0 0 0 0 0 0 1 0 0 0 0 0 0 0 0 0 0 0 0 0 0 0 0 0 0 0 0 0 1 0 0 0 0 0 0 0 0 0 0 0 0 0 0 0 0 0 0 0 0 1 0 0 0 0 0 0 0 0 0 0 0 0 1 1 0 0 0 0 0 0 0 0 0 0 0 0 0 0 0 0 0 0 0 1 0 0 0 0 0 0 0 0 0 1 0 0 0 0 0 0 1 1 0 
0 0 0 0 0 0 0 0 0 0 0 0 0 0 0 0 0 0 0 0 0 0 0 0 0 0 0 0 1 0 1 0 0 0 0 0 0 0 0 0 0 0 0 0 0 0 0 0 0 0 1 0 0 0 0 1 0 0 0 0 0 0 0 0 0 0 1 0 0 0 0 0 0 0 0 0 0 0 0 0 0 0 0 0 0 0 0 0 0 0 0 0 0 0 0 0 0 1 0 0 0 0 0 1 0 0 0 0 0 0 0 0 0 0 0 0 0 0 0 0 0 1 0 0 0 0 0 0 0 0 0 0 0 0 0 0 0 0 0 0 0 0 0 0 0 0 0 0 0 0 1 1 0 1 0 0 0 0 0 0 0 0 0 1 0 0 0 0 0 0 0 0 0 0 0 0 0 0 0 0 0 0 0 0 0 0 0 0 0 0 0 0 0 0 0 
0 0 0 0 0 0 0 0 0 0 0 0 1 0 0 0 0 0 0 0 0 0 1 0 1 0 0 0 0 0 0 0 1 0 0 0 0 0 0 0 0 0 0 0 0 0 0 0 0 0 0 0 0 0 0 0 0 0 0 0 0 0 0 0 0 0 0 0 0 0 1 0 0 0 0 0 1 0 0 0 0 0 1 0 0 0 0 0 0 0 0 0 0 0 0 0 0 0 0 0 0 0 0 0 0 0 0 0 0 0 0 0 0 0 0 0 0 0 0 0 0 0 0 1 0 0 0 0 0 0 0 0 0 1 0 0 0 0 0 0 0 0 1 1 0 0 0 0 0 0 0 0 0 0 0 0 1 0 0 1 0 0 0 0 1 0 0 0 0 0 0 0 0 0 0 0 0 0 0 0 0 0 0 0 0 0 0 1 0 0 0 0 0 0 0 
0 0 0 0 0 0 0 0 0 0 0 0 0 1 0 0 0 0 0 1 0 0 0 0 0 0 0 0 0 0 0 0 0 0 0 0 0 0 0 0 0 0 0 0 0 0 0 0 0 0 0 0 0 0 1 0 0 0 0 0 0 0 0 0 0 1 0 0 0 0 0 0 0 0 0 0 0 0 0 0 0 0 0 0 0 1 0 0 1 0 0 0 0 0 0 0 0 0 0 0 0 0 1 0 0 0 0 0 0 0 0 0 0 0 0 0 0 0 0 0 0 0 0 0 0 0 0 0 0 0 0 0 0 0 0 0 0 0 0 0 1 0 0 0 0 0 0 0 0 0 0 0 0 0 0 0 0 0 0 0 0 1 0 0 0 0 0 0 0 0 0 0 0 0 0 0 0 0 0 0 0 0 1 0 0 0 0 0 0 0 0 0 0 0 0 
0 0 0 0 0 0 0 0 0 0 0 0 0 0 1 0 0 0 0 0 0 0 0 1 0 0 0 0 0 0 0 0 0 0 0 1 0 0 0 0 0 0 0 0 1 0 0 0 0 0 0 1 0 0 0 0 0 0 0 0 0 0 0 0 0 0 0 0 0 0 0 0 0 0 0 0 0 0 0 0 0 0 0 0 0 0 0 0 0 0 0 0 0 0 0 0 0 0 0 0 0 0 0 0 0 0 1 0 0 1 0 0 0 1 0 0 1 0 0 0 0 0 0 0 0 0 0 1 0 0 0 0 0 0 0 0 0 1 0 0 0 0 0 0 0 0 0 0 0 0 0 0 0 0 0 0 0 0 0 0 0 0 0 0 0 1 1 0 0 0 1 0 1 0 0 0 0 0 0 0 0 0 0 0 0 0 0 0 0 1 0 0 0 0 0 
0 0 0 0 0 0 0 0 0 0 0 0 0 0 0 1 0 0 1 0 0 0 0 0 0 0 0 0 0 0 0 0 0 1 0 0 0 0 0 0 0 0 0 0 0 0 0 0 0 1 0 0 0 0 0 0 0 0 1 0 0 0 0 0 0 0 0 0 1 0 0 0 0 0 0 0 0 0 0 0 0 0 0 0 0 0 1 0 0 0 0 0 0 0 0 0 0 0 0 0 0 0 0 0 0 0 0 0 0 0 0 0 0 0 0 0 0 0 0 0 0 0 0 0 0 0 0 0 0 1 1 0 1 0 1 0 1 0 0 0 0 0 0 0 0 0 1 0 0 1 0 0 0 0 0 0 0 0 0 0 0 0 0 0 0 0 0 0 0 0 0 0 0 0 0 0 0 0 1 1 0 0 0 0 0 0 0 0 0 0 0 0 0 0 1 
22 30 181 126 96 187 5 53 46 99 98 25 20 173 195 
0.000000E+00 0.000000E+00 2.503135E-05 2.321867E-06 0.000000E+00 4.642910E-06 2.731163E-07 4.767109E-06 1.585537E-04 2.736162E-05 5.558231E-05 0.000000E+00 2.230939E-04 3.780218E-07 3.244427E-05 3.309615E-04 4.689783E-05 1.019096E-05 1.242966E-04 0.000000E+00 1.154839E-04 0.000000E+00 1.308330E-04 1.562003E-04 0.000000E+00 5.820577E-04 4.381397E-06 3.385577E-04 9.918214E-05 0.000000E+00 2.544250E-08 1.368284E-04 5.119113E-05 3.284373E-04 3.195186E-05 1.492531E-06 2.790907E-05 5.441293E-06 0.000000E+00 1.676663E-05 5.820668E-05 9.697488E-05 5.229602E-04 6.350194E-06 2.824533E-04 0.000000E+00 2.549181E-07 1.560795E-04 8.198150E-05 2.947661E-04 2.409648E-04 9.993990E-04 0.000000E+00 1.130346E-04 5.861196E-05 4.424929E-04 2.418133E-04 5.232884E-04 3.987187E-04 1.648634E-05 1.038582E-06 9.671258E-04 1.367977E-04 2.799348E-05 4.842730E-07 6.417029E-07 3.349029E-07 4.395319E-05 8.551833E-04 4.748495E-05 1.280716E-05 1.583653E-06 4.815151E-06 1.441970E-05 1.609379E-05 6.639127E-05 1.513421E-05 2.189237E-06 4.278764E-06 8.558443E-05 6.803013E-05 0.000000E+00 4.097931E-06 5.237732E-07 2.543450E-05 1.351402E-07 1.597903E-04 2.410957E-05 9.261538E-06 2.113011E-04 2.024760E-06 0.000000E+00 1.319920E-05 2.522648E-05 7.111213E-05 0.000000E+00 5.212477E-05 0.000000E+00 0.000000E+00 1.415599E-04 6.436274E-05 3.279780E-04 1.987860E-10 1.031424E-04 2.318839E-05 5.274889E-05 3.984233E-05 7.861161E-05 2.280922E-05 8.336953E-04 2.064938E-06 6.999673E-06 3.928595E-06 1.448728E-05 4.271043E-05 4.180676E-06 9.002373E-05 8.780168E-04 2.653316E-05 6.902472E-05 2.497693E-04 1.055958E-04 7.526450E-04 3.800011E-05 1.075941E-04 0.000000E+00 4.522162E-05 9.691149E-04 1.030658E-07 2.594013E-05 5.211566E-04 7.778206E-06 7.107791E-06 1.865166E-04 1.798783E-04 2.173280E-05 3.305628E-04 1.606593E-04 2.674983E-05 7.783683E-05 1.922465E-05 4.058689E-06 2.894449E-04 1.918416E-05 2.601371E-05 9.629839E-06 5.151979E-04 1.873724E-05 1.593103E-05 6.672033E-05 2.201396E-04 1.258028E-04 8.210322E-08 9.376451E-06 1.309497E-04 2.601066E-05 1.352021E-04 3.761967E-04 0.000000E+00 1.243152E-04 0.000000E+00 3.554547E-06 3.335145E-05 2.809541E-04 2.483518E-05 2.874813E-04 1.100158E-04 4.882095E-05 3.881540E-07 6.255979E-04 1.898091E-05 1.460777E-04 0.000000E+00 2.593825E-04 2.259195E-05 4.658948E-05 2.567184E-07 0.000000E+00 2.657911E-04 5.305410E-05 0.000000E+00 5.545512E-05 4.449292E-07 6.413487E-07 2.071277E-05 1.651934E-05 0.000000E+00 9.298296E-05 2.615524E-07 4.395562E-04 9.055452E-05 4.063440E-04 3.862704E-04 2.942765E-04 0.000000E+00 
22 40 189 79 113 185 95 125 49 
30 3 76 35 17 41 175 191 21 174 81 43 62 
181 116 146 136 63 153 74 28 182 139 140 57 4 97 120 170 
126 42 168 44 60 145 111 149 163 91 158 32 118 102 
96 84 6 105 80 37 88 27 129 101 72 18 
187 7 177 184 119 148 
5 47 106 70 78 169 94 8 10 172 
53 85 9 75 93 112 108 64 127 58 123 192 
46 132 65 109 73 61 115 100 38 54 
99 142 68 155 90 156 176 194 48 11 186 121 193 26 
98 31 152 104 154 122 67 29 151 164 51 56 
25 144 124 71 188 157 83 165 23 77 13 160 134 33 143 
20 14 66 103 86 183 89 162 55 141 
173 114 24 166 15 107 138 190 171 167 45 128 117 36 110 52 
195 59 19 87 133 180 150 50 137 179 135 34 131 16 130 147 69 

============Find Best @ Round 2725================
==========Cluster 0, RcvInterf=2.63132e-13============
Node 21, SINR:0.00000e+00, BpsHz:0.00000e+00
Node 39, SINR:3.22310e-01, BpsHz:5.03826e-02
Node 188, SINR:3.22310e-01, BpsHz:5.03826e-02
Node 78, SINR:3.22310e-01, BpsHz:5.03826e-02
Node 112, SINR:3.22310e-01, BpsHz:5.03826e-02
Node 184, SINR:3.22310e-01, BpsHz:5.03826e-02
Node 94, SINR:3.22310e-01, BpsHz:5.03826e-02
Node 124, SINR:3.22310e-01, BpsHz:5.03826e-02
Node 48, SINR:3.22310e-01, BpsHz:5.03826e-02
---------------
==========Cluster 1, RcvInterf=2.10536e-13============
Node 29, SINR:0.00000e+00, BpsHz:0.00000e+00
Node 2, SINR:5.20548e-01, BpsHz:5.03826e-02
Node 75, SINR:5.20548e-01, BpsHz:5.03826e-02
Node 34, SINR:5.20548e-01, BpsHz:5.03826e-02
Node 16, SINR:5.20548e-01, BpsHz:5.03826e-02
Node 40, SINR:5.20548e-01, BpsHz:5.03826e-02
Node 174, SINR:5.20548e-01, BpsHz:5.03826e-02
Node 190, SINR:5.20548e-01, BpsHz:5.03826e-02
Node 20, SINR:5.20548e-01, BpsHz:5.03826e-02
Node 173, SINR:5.20548e-01, BpsHz:5.03826e-02
Node 80, SINR:5.20548e-01, BpsHz:5.03826e-02
Node 42, SINR:5.20548e-01, BpsHz:5.03826e-02
Node 61, SINR:5.20548e-01, BpsHz:5.03826e-02
---------------
==========Cluster 2, RcvInterf=1.67445e-13============
Node 180, SINR:0.00000e+00, BpsHz:0.00000e+00
Node 115, SINR:6.88496e-01, BpsHz:5.03826e-02
Node 145, SINR:6.88496e-01, BpsHz:5.03826e-02
Node 135, SINR:6.88496e-01, BpsHz:5.03826e-02
Node 62, SINR:6.88496e-01, BpsHz:5.03826e-02
Node 152, SINR:6.88496e-01, BpsHz:5.03826e-02
Node 73, SINR:6.88496e-01, BpsHz:5.03826e-02
Node 27, SINR:6.88496e-01, BpsHz:5.03826e-02
Node 181, SINR:6.88496e-01, BpsHz:5.03826e-02
Node 138, SINR:6.88496e-01, BpsHz:5.03826e-02
Node 139, SINR:6.88496e-01, BpsHz:5.03826e-02
Node 56, SINR:6.88496e-01, BpsHz:5.03826e-02
Node 3, SINR:6.88496e-01, BpsHz:5.03826e-02
Node 96, SINR:6.88496e-01, BpsHz:5.03826e-02
Node 119, SINR:6.88496e-01, BpsHz:5.03826e-02
Node 169, SINR:6.88496e-01, BpsHz:5.03826e-02
---------------
==========Cluster 3, RcvInterf=3.33271e-13============
Node 125, SINR:0.00000e+00, BpsHz:0.00000e+00
Node 41, SINR:5.74587e-01, BpsHz:5.03826e-02
Node 167, SINR:5.74587e-01, BpsHz:5.03826e-02
Node 43, SINR:5.74587e-01, BpsHz:5.03826e-02
Node 59, SINR:5.74587e-01, BpsHz:5.03826e-02
Node 144, SINR:5.74587e-01, BpsHz:5.03826e-02
Node 110, SINR:5.74587e-01, BpsHz:5.03826e-02
Node 148, SINR:5.74587e-01, BpsHz:5.03826e-02
Node 162, SINR:5.74587e-01, BpsHz:5.03826e-02
Node 90, SINR:5.74587e-01, BpsHz:5.03826e-02
Node 157, SINR:5.74587e-01, BpsHz:5.03826e-02
Node 31, SINR:5.74587e-01, BpsHz:5.03826e-02
Node 117, SINR:5.74587e-01, BpsHz:5.03826e-02
Node 101, SINR:5.74587e-01, BpsHz:5.03826e-02
---------------
==========Cluster 4, RcvInterf=8.84804e-14============
Node 95, SINR:0.00000e+00, BpsHz:0.00000e+00
Node 83, SINR:4.68363e-01, BpsHz:5.03826e-02
Node 5, SINR:4.68363e-01, BpsHz:5.03826e-02
Node 104, SINR:4.68363e-01, BpsHz:5.03826e-02
Node 79, SINR:4.68363e-01, BpsHz:5.03826e-02
Node 36, SINR:4.68363e-01, BpsHz:5.03826e-02
Node 87, SINR:4.68363e-01, BpsHz:5.03826e-02
Node 26, SINR:4.68363e-01, BpsHz:5.03826e-02
Node 128, SINR:4.68363e-01, BpsHz:5.03826e-02
Node 100, SINR:4.68363e-01, BpsHz:5.03826e-02
Node 71, SINR:4.68363e-01, BpsHz:5.03826e-02
Node 17, SINR:4.68363e-01, BpsHz:5.03826e-02
---------------
==========Cluster 5, RcvInterf=1.64916e-13============
Node 186, SINR:0.00000e+00, BpsHz:0.00000e+00
Node 6, SINR:1.90785e-01, BpsHz:5.03826e-02
Node 176, SINR:1.90785e-01, BpsHz:5.03826e-02
Node 183, SINR:1.90785e-01, BpsHz:5.03826e-02
Node 118, SINR:1.90785e-01, BpsHz:5.03826e-02
Node 147, SINR:1.90785e-01, BpsHz:5.03826e-02
---------------
==========Cluster 6, RcvInterf=1.87238e-13============
Node 4, SINR:0.00000e+00, BpsHz:0.00000e+00
Node 46, SINR:3.69305e-01, BpsHz:5.03826e-02
Node 105, SINR:3.69305e-01, BpsHz:5.03826e-02
Node 69, SINR:3.69305e-01, BpsHz:5.03826e-02
Node 77, SINR:3.69305e-01, BpsHz:5.03826e-02
Node 168, SINR:3.69305e-01, BpsHz:5.03826e-02
Node 93, SINR:3.69305e-01, BpsHz:5.03826e-02
Node 7, SINR:3.69305e-01, BpsHz:5.03826e-02
Node 9, SINR:3.69305e-01, BpsHz:5.03826e-02
Node 171, SINR:3.69305e-01, BpsHz:5.03826e-02
---------------
==========Cluster 7, RcvInterf=3.81502e-13============
Node 52, SINR:0.00000e+00, BpsHz:0.00000e+00
Node 84, SINR:4.68363e-01, BpsHz:5.03826e-02
Node 8, SINR:4.68363e-01, BpsHz:5.03826e-02
Node 74, SINR:4.68363e-01, BpsHz:5.03826e-02
Node 92, SINR:4.68363e-01, BpsHz:5.03826e-02
Node 111, SINR:4.68363e-01, BpsHz:5.03826e-02
Node 107, SINR:4.68363e-01, BpsHz:5.03826e-02
Node 63, SINR:4.68363e-01, BpsHz:5.03826e-02
Node 126, SINR:4.68363e-01, BpsHz:5.03826e-02
Node 57, SINR:4.68363e-01, BpsHz:5.03826e-02
Node 122, SINR:4.68363e-01, BpsHz:5.03826e-02
Node 191, SINR:4.68363e-01, BpsHz:5.03826e-02
---------------
==========Cluster 8, RcvInterf=7.04110e-14============
Node 45, SINR:0.00000e+00, BpsHz:0.00000e+00
Node 131, SINR:3.69305e-01, BpsHz:5.03826e-02
Node 64, SINR:3.69305e-01, BpsHz:5.03826e-02
Node 108, SINR:3.69305e-01, BpsHz:5.03826e-02
Node 72, SINR:3.69305e-01, BpsHz:5.03826e-02
Node 60, SINR:3.69305e-01, BpsHz:5.03826e-02
Node 114, SINR:3.69305e-01, BpsHz:5.03826e-02
Node 99, SINR:3.69305e-01, BpsHz:5.03826e-02
Node 37, SINR:3.69305e-01, BpsHz:5.03826e-02
Node 53, SINR:3.69305e-01, BpsHz:5.03826e-02
---------------
==========Cluster 9, RcvInterf=3.63698e-13============
Node 98, SINR:0.00000e+00, BpsHz:0.00000e+00
Node 141, SINR:5.74587e-01, BpsHz:5.03826e-02
Node 67, SINR:5.74587e-01, BpsHz:5.03826e-02
Node 154, SINR:5.74587e-01, BpsHz:5.03826e-02
Node 89, SINR:5.74587e-01, BpsHz:5.03826e-02
Node 155, SINR:5.74587e-01, BpsHz:5.03826e-02
Node 175, SINR:5.74587e-01, BpsHz:5.03826e-02
Node 193, SINR:5.74587e-01, BpsHz:5.03826e-02
Node 47, SINR:5.74587e-01, BpsHz:5.03826e-02
Node 10, SINR:5.74587e-01, BpsHz:5.03826e-02
Node 185, SINR:5.74587e-01, BpsHz:5.03826e-02
Node 120, SINR:5.74587e-01, BpsHz:5.03826e-02
Node 192, SINR:5.74587e-01, BpsHz:5.03826e-02
Node 25, SINR:5.74587e-01, BpsHz:5.03826e-02
---------------
==========Cluster 10, RcvInterf=4.74099e-13============
Node 97, SINR:0.00000e+00, BpsHz:0.00000e+00
Node 30, SINR:4.68363e-01, BpsHz:5.03826e-02
Node 151, SINR:4.68363e-01, BpsHz:5.03826e-02
Node 103, SINR:4.68363e-01, BpsHz:5.03826e-02
Node 153, SINR:4.68363e-01, BpsHz:5.03826e-02
Node 121, SINR:4.68363e-01, BpsHz:5.03826e-02
Node 66, SINR:4.68363e-01, BpsHz:5.03826e-02
Node 28, SINR:4.68363e-01, BpsHz:5.03826e-02
Node 150, SINR:4.68363e-01, BpsHz:5.03826e-02
Node 163, SINR:4.68363e-01, BpsHz:5.03826e-02
Node 50, SINR:4.68363e-01, BpsHz:5.03826e-02
Node 55, SINR:4.68363e-01, BpsHz:5.03826e-02
---------------
==========Cluster 11, RcvInterf=1.84587e-13============
Node 24, SINR:0.00000e+00, BpsHz:0.00000e+00
Node 143, SINR:6.30547e-01, BpsHz:5.03826e-02
Node 123, SINR:6.30547e-01, BpsHz:5.03826e-02
Node 70, SINR:6.30547e-01, BpsHz:5.03826e-02
Node 187, SINR:6.30547e-01, BpsHz:5.03826e-02
Node 156, SINR:6.30547e-01, BpsHz:5.03826e-02
Node 82, SINR:6.30547e-01, BpsHz:5.03826e-02
Node 164, SINR:6.30547e-01, BpsHz:5.03826e-02
Node 22, SINR:6.30547e-01, BpsHz:5.03826e-02
Node 76, SINR:6.30547e-01, BpsHz:5.03826e-02
Node 12, SINR:6.30547e-01, BpsHz:5.03826e-02
Node 159, SINR:6.30547e-01, BpsHz:5.03826e-02
Node 133, SINR:6.30547e-01, BpsHz:5.03826e-02
Node 32, SINR:6.30547e-01, BpsHz:5.03826e-02
Node 142, SINR:6.30547e-01, BpsHz:5.03826e-02
---------------
==========Cluster 12, RcvInterf=3.81404e-14============
Node 19, SINR:0.00000e+00, BpsHz:0.00000e+00
Node 13, SINR:3.69305e-01, BpsHz:5.03826e-02
Node 65, SINR:3.69305e-01, BpsHz:5.03826e-02
Node 102, SINR:3.69305e-01, BpsHz:5.03826e-02
Node 85, SINR:3.69305e-01, BpsHz:5.03826e-02
Node 182, SINR:3.69305e-01, BpsHz:5.03826e-02
Node 88, SINR:3.69305e-01, BpsHz:5.03826e-02
Node 161, SINR:3.69305e-01, BpsHz:5.03826e-02
Node 54, SINR:3.69305e-01, BpsHz:5.03826e-02
Node 140, SINR:3.69305e-01, BpsHz:5.03826e-02
---------------
==========Cluster 13, RcvInterf=3.73921e-13============
Node 172, SINR:0.00000e+00, BpsHz:0.00000e+00
Node 113, SINR:6.88496e-01, BpsHz:5.03826e-02
Node 23, SINR:6.88496e-01, BpsHz:5.03826e-02
Node 165, SINR:6.88496e-01, BpsHz:5.03826e-02
Node 14, SINR:6.88496e-01, BpsHz:5.03826e-02
Node 106, SINR:6.88496e-01, BpsHz:5.03826e-02
Node 137, SINR:6.88496e-01, BpsHz:5.03826e-02
Node 189, SINR:6.88496e-01, BpsHz:5.03826e-02
Node 170, SINR:6.88496e-01, BpsHz:5.03826e-02
Node 166, SINR:6.88496e-01, BpsHz:5.03826e-02
Node 44, SINR:6.88496e-01, BpsHz:5.03826e-02
Node 127, SINR:6.88496e-01, BpsHz:5.03826e-02
Node 116, SINR:6.88496e-01, BpsHz:5.03826e-02
Node 35, SINR:6.88496e-01, BpsHz:5.03826e-02
Node 109, SINR:6.88496e-01, BpsHz:5.03826e-02
Node 51, SINR:6.88496e-01, BpsHz:5.03826e-02
---------------
==========Cluster 14, RcvInterf=2.37403e-13============
Node 194, SINR:0.00000e+00, BpsHz:0.00000e+00
Node 58, SINR:7.48504e-01, BpsHz:5.03826e-02
Node 18, SINR:7.48504e-01, BpsHz:5.03826e-02
Node 86, SINR:7.48504e-01, BpsHz:5.03826e-02
Node 132, SINR:7.48504e-01, BpsHz:5.03826e-02
Node 179, SINR:7.48504e-01, BpsHz:5.03826e-02
Node 149, SINR:7.48504e-01, BpsHz:5.03826e-02
Node 49, SINR:7.48504e-01, BpsHz:5.03826e-02
Node 136, SINR:7.48504e-01, BpsHz:5.03826e-02
Node 178, SINR:7.48504e-01, BpsHz:5.03826e-02
Node 134, SINR:7.48504e-01, BpsHz:5.03826e-02
Node 33, SINR:7.48504e-01, BpsHz:5.03826e-02
Node 130, SINR:7.48504e-01, BpsHz:5.03826e-02
Node 15, SINR:7.48504e-01, BpsHz:5.03826e-02
Node 129, SINR:7.48504e-01, BpsHz:5.03826e-02
Node 146, SINR:7.48504e-01, BpsHz:5.03826e-02
Node 68, SINR:7.48504e-01, BpsHz:5.03826e-02
---------------
