195
21
1.000000e-03
8.021859e-279
165
3000
1.596114e+01
6.483841e-01
1.596114e-05
6.009067e-07
0 0 0 0 0 0 0 0 0 0 0 0 0 0 0 0 0 0 0 0 0 0 0 0 0 0 0 0 0 0 0 1 0 0 0 0 0 0 0 0 0 1 0 1 0 0 0 0 0 0 0 0 0 0 0 0 0 0 0 1 0 0 0 0 0 0 0 0 0 0 0 0 0 0 0 0 0 0 0 0 0 0 0 0 0 0 0 0 0 0 1 0 0 0 0 0 0 0 0 0 0 0 0 0 0 0 0 0 0 0 1 0 0 0 0 0 0 1 0 0 0 0 0 0 0 1 0 0 0 0 0 0 0 0 0 0 0 0 0 0 0 0 0 0 1 0 0 0 1 0 0 0 0 0 0 0 0 1 0 0 0 0 1 0 0 0 0 1 0 0 0 0 0 0 0 0 0 0 0 0 0 0 0 0 0 0 0 0 0 0 0 0 0 0 0 
0 1 0 0 0 0 0 0 0 0 0 0 0 0 0 0 0 0 0 0 0 1 0 0 0 0 0 0 0 0 0 0 0 0 0 0 0 0 0 1 0 0 0 0 0 0 0 0 1 0 0 0 0 0 0 0 0 0 0 0 0 0 0 0 0 0 0 0 0 0 0 0 0 0 0 0 0 0 1 0 0 0 0 0 0 0 0 0 0 0 0 0 0 0 1 0 0 0 0 0 0 0 0 0 0 0 0 0 0 0 0 0 1 0 0 0 0 0 0 0 0 0 0 0 1 0 0 0 0 0 0 0 0 0 0 0 0 0 0 0 0 0 0 0 0 0 0 0 0 0 0 0 0 0 0 0 0 0 0 0 0 0 0 0 0 0 0 0 0 0 0 0 0 0 0 0 0 0 0 0 0 0 0 0 1 0 0 0 1 0 0 0 0 0 0 
0 0 1 0 0 0 0 0 0 0 0 0 0 0 0 0 0 0 0 0 0 0 0 0 0 0 0 0 0 0 0 0 0 0 0 0 0 0 0 0 0 0 1 0 0 0 0 0 0 0 0 0 0 0 0 0 0 0 0 0 0 1 0 0 0 0 0 0 0 0 0 0 0 0 0 0 0 0 0 0 0 0 0 0 0 0 0 0 0 0 0 0 0 0 0 0 0 0 0 0 0 0 0 0 0 0 0 1 0 0 0 0 0 0 0 0 0 0 0 1 0 0 0 0 0 0 0 0 0 0 0 0 0 0 0 0 0 0 0 0 0 0 0 0 0 0 0 0 0 0 0 0 0 0 0 0 0 0 0 0 0 0 0 0 0 0 0 0 0 0 0 0 0 1 1 0 0 0 0 0 0 0 0 0 0 0 0 0 0 0 1 0 0 0 0 
0 0 0 1 0 0 0 0 0 0 0 0 0 0 0 0 0 0 0 0 0 0 0 0 0 0 0 1 0 0 0 0 0 0 0 0 0 0 0 0 0 0 0 0 0 0 0 0 0 0 0 0 0 0 0 0 1 0 0 0 0 0 1 0 0 0 0 0 0 0 0 0 0 1 0 0 0 0 0 0 0 0 0 0 0 0 0 0 0 0 0 0 0 0 0 0 1 0 0 0 0 0 0 0 0 0 0 0 0 0 0 0 0 0 0 1 0 0 0 0 0 0 0 0 0 0 0 0 0 0 0 0 0 0 0 1 0 0 1 0 0 0 0 0 0 1 0 0 0 0 0 0 1 0 0 0 0 0 0 0 0 0 0 0 0 0 0 0 0 0 0 0 0 0 0 0 0 0 0 0 1 1 0 0 0 0 0 0 0 0 0 0 0 0 0 
0 0 0 0 0 0 0 0 0 0 0 0 0 0 0 0 0 0 0 0 0 0 0 0 0 0 0 0 0 0 0 0 0 0 0 0 0 0 0 0 0 0 0 0 0 0 0 1 0 0 0 0 0 0 0 0 0 0 0 0 0 0 0 0 0 0 0 1 0 0 0 0 0 0 0 0 0 1 0 0 0 0 0 0 0 0 0 0 0 0 0 0 0 1 0 0 0 0 0 0 0 0 0 0 0 0 0 0 0 0 0 0 0 0 0 0 0 0 0 0 1 0 0 0 0 0 0 0 0 0 0 0 0 0 0 0 0 0 0 0 0 0 0 0 0 0 0 0 0 0 0 0 0 0 0 1 0 0 0 0 0 0 0 0 0 0 0 0 0 0 0 1 0 0 0 0 0 0 0 0 0 0 0 0 0 0 0 0 0 0 0 0 0 0 0 
0 0 0 0 0 1 0 0 0 1 0 0 0 0 0 0 0 0 0 0 0 0 0 0 0 0 1 0 0 0 0 0 0 0 0 0 1 1 0 0 0 0 0 0 0 0 1 0 0 0 0 0 0 0 0 0 0 0 0 0 0 0 0 0 0 0 0 0 0 0 0 0 1 0 0 0 0 0 0 0 0 0 0 1 0 0 0 0 0 0 0 0 0 0 0 0 0 0 0 0 0 0 0 0 0 0 0 0 0 0 0 0 0 0 0 0 0 0 0 0 0 0 0 0 0 0 0 0 0 0 0 0 0 0 0 0 0 0 0 0 0 0 0 0 0 0 0 0 0 0 0 0 0 0 0 0 0 0 0 0 0 0 0 0 0 0 0 0 0 0 0 0 0 0 0 0 0 0 0 0 0 0 0 0 0 0 0 0 0 0 0 0 0 0 0 
0 0 0 0 0 0 1 0 0 0 0 0 0 0 0 0 0 0 0 0 0 0 0 0 0 0 0 0 0 0 0 0 0 0 0 0 0 0 0 0 0 0 0 0 0 0 0 0 0 0 0 0 0 0 0 0 0 0 0 0 0 0 0 0 0 0 0 0 0 0 0 0 0 0 0 0 0 0 0 0 0 0 0 0 0 0 0 0 0 0 0 0 0 0 0 0 0 0 0 0 0 0 0 0 0 0 0 0 0 0 0 0 0 0 0 0 0 0 0 0 0 0 0 0 0 0 0 0 0 0 0 0 0 0 0 0 0 0 0 0 0 0 0 0 0 0 0 0 0 0 0 0 0 0 0 0 0 0 0 0 0 0 0 0 0 0 0 0 0 0 0 0 0 0 0 0 1 0 0 0 0 0 0 1 0 0 1 0 0 0 0 0 0 0 0 
0 0 0 0 1 0 0 1 0 0 0 0 0 0 0 0 0 1 0 0 0 0 0 0 0 0 0 0 0 0 0 0 0 0 0 0 0 0 0 0 0 0 0 0 0 0 0 0 0 0 0 0 0 0 0 0 0 0 0 0 0 0 0 0 0 0 0 0 0 1 0 1 0 0 0 0 0 0 0 0 0 0 0 0 0 0 0 0 0 0 0 0 0 0 0 1 0 0 0 0 0 0 0 0 0 1 0 0 0 0 0 0 0 0 0 0 0 0 0 0 0 0 0 0 0 0 0 0 1 0 0 0 0 0 0 0 0 0 0 0 0 0 0 0 0 0 0 0 0 0 0 0 0 0 0 0 0 0 0 0 0 0 0 0 0 0 0 0 1 0 0 0 0 0 0 0 0 0 0 0 0 0 0 0 0 0 0 0 0 0 0 0 0 0 0 
0 0 0 0 0 0 0 0 1 0 0 0 0 0 0 0 0 0 0 0 0 0 0 0 0 0 0 0 0 0 0 0 0 0 0 0 0 0 0 0 0 0 0 0 0 0 0 0 0 0 0 0 1 0 0 1 0 1 0 0 0 0 0 1 0 0 0 0 0 0 0 0 0 0 1 0 0 0 0 0 0 0 0 0 1 0 0 0 0 0 0 0 1 0 0 0 0 0 0 0 0 0 0 0 0 0 0 0 0 0 0 1 0 0 0 0 0 0 0 0 0 0 0 0 0 0 0 0 0 0 0 0 0 0 0 0 0 0 0 0 0 0 0 0 0 0 0 0 0 0 0 0 0 0 0 0 0 0 0 0 0 0 0 0 0 0 0 0 0 0 0 0 0 0 0 0 0 0 0 0 0 0 0 0 0 0 0 0 0 0 0 1 0 0 0 
0 0 0 0 0 0 0 0 0 0 0 0 0 0 0 0 0 0 0 0 0 0 0 0 0 0 0 0 0 0 0 0 0 0 0 0 0 0 0 0 0 0 0 0 0 1 0 0 0 0 0 0 0 1 0 0 0 0 0 0 1 0 0 0 1 0 0 0 0 0 0 0 0 0 0 0 0 0 0 0 0 0 0 0 0 0 0 0 0 0 0 0 0 0 0 0 0 0 0 1 0 0 0 0 0 0 0 0 1 0 0 0 0 0 1 0 0 0 0 0 0 0 0 0 0 0 0 0 0 0 0 1 0 0 0 0 0 0 0 0 0 0 0 0 0 0 0 0 0 0 0 0 0 0 0 0 0 0 0 0 0 0 0 0 0 0 0 0 0 0 0 0 0 0 0 0 0 0 0 0 0 0 0 0 0 0 0 0 0 0 0 0 0 0 0 
0 0 0 0 0 0 0 0 0 0 1 0 0 0 0 0 0 0 0 0 0 0 0 0 0 1 0 0 0 0 0 0 0 0 0 0 0 0 0 0 0 0 0 0 0 0 0 0 0 0 0 0 0 0 0 0 0 0 0 0 0 0 0 0 0 0 0 0 0 0 0 0 0 0 0 0 0 0 0 0 0 0 0 0 0 0 0 0 0 1 0 0 0 0 0 0 0 0 0 0 0 1 0 0 0 0 0 0 0 0 0 0 0 0 0 0 0 0 0 0 0 0 0 0 0 0 0 0 0 0 0 0 0 0 0 0 0 0 0 0 0 0 0 0 0 0 0 0 0 0 0 1 0 0 0 0 0 0 0 0 0 0 0 0 0 0 0 0 0 0 0 0 0 0 0 0 0 0 0 0 0 0 0 0 0 0 0 0 0 0 0 0 1 1 0 
0 0 0 0 0 0 0 0 0 0 0 0 0 0 0 0 0 0 0 0 0 0 0 0 0 0 0 0 1 0 1 0 0 0 0 0 0 0 0 0 0 0 0 0 0 0 0 0 0 0 1 0 0 0 0 0 0 0 0 0 0 0 0 0 0 0 1 0 0 0 0 0 0 0 0 0 0 0 0 0 0 0 0 0 0 0 0 0 0 0 0 0 0 0 0 0 0 1 0 0 0 0 0 1 0 0 0 0 0 0 0 0 0 0 0 0 0 0 0 0 0 1 0 0 0 0 0 0 0 0 0 0 0 0 0 0 0 0 0 0 0 0 0 0 0 0 0 0 0 0 1 0 0 1 0 0 0 0 0 0 0 0 0 1 0 0 0 0 0 0 0 0 0 0 0 0 0 0 0 0 0 0 0 0 0 0 0 0 0 0 0 0 0 0 0 
0 0 0 0 0 0 0 0 0 0 0 0 1 0 0 0 0 0 0 0 0 0 1 0 1 0 0 0 0 0 0 0 1 0 0 0 0 0 0 0 0 0 0 0 0 0 0 0 0 0 0 0 0 0 0 0 0 0 0 0 0 0 0 0 0 0 0 0 0 0 1 0 0 0 0 0 1 0 0 0 0 0 1 0 0 0 0 0 0 0 0 0 0 0 0 0 0 0 0 0 0 0 0 0 0 0 0 0 0 0 0 0 0 0 0 0 0 0 0 0 0 0 0 1 0 0 0 0 0 0 0 0 0 1 0 0 0 0 0 0 0 0 1 1 0 0 0 0 0 0 0 0 0 0 0 0 1 0 0 1 0 0 0 0 1 0 0 0 0 0 0 0 0 0 0 0 0 0 0 0 0 0 0 0 0 0 0 1 0 0 0 0 0 0 0 
0 0 0 0 0 0 0 0 0 0 0 0 0 0 0 0 0 0 0 0 0 0 0 0 0 0 0 0 0 0 0 0 0 0 0 0 0 0 0 0 0 0 0 0 0 0 0 0 0 0 0 0 0 0 1 0 0 0 0 0 0 0 0 0 0 0 0 0 0 0 0 0 0 0 0 0 0 0 0 1 0 0 0 0 0 0 0 0 0 0 0 0 0 0 0 0 0 0 0 0 1 0 0 0 0 0 0 0 0 0 0 0 0 0 0 0 0 0 0 0 0 0 0 0 0 0 0 0 0 0 0 0 0 0 0 0 0 0 0 0 0 0 0 0 0 0 0 0 0 0 0 0 0 0 0 0 0 0 0 0 1 0 0 0 0 0 0 0 0 0 0 0 0 0 0 0 0 0 0 0 0 0 0 0 0 0 0 0 0 0 0 0 0 0 0 
0 0 0 0 0 0 0 0 0 0 0 0 0 0 1 0 0 0 0 0 0 0 0 1 0 0 0 0 0 0 0 0 0 0 0 1 0 0 0 0 0 0 0 0 1 0 0 0 0 0 0 0 0 0 0 0 0 0 0 0 0 0 0 0 0 0 0 0 0 0 0 0 0 0 0 0 0 0 0 0 0 0 0 0 0 0 0 0 0 0 0 0 0 0 0 0 0 0 0 0 0 0 0 0 0 0 0 0 0 0 0 0 0 1 0 0 1 0 0 0 0 0 0 0 0 0 0 1 0 0 0 0 0 0 0 0 0 1 0 0 0 0 0 0 0 0 0 0 0 0 0 0 0 0 0 0 0 0 0 0 0 0 0 0 0 0 1 0 0 1 1 0 1 0 0 0 0 0 0 0 0 0 0 0 0 0 0 0 0 0 0 0 0 0 0 
0 0 0 0 0 0 0 0 0 0 0 0 0 0 0 1 0 0 0 0 0 0 0 0 0 0 0 0 0 0 0 0 0 0 0 0 0 0 1 0 0 0 0 0 0 0 0 0 0 1 0 0 0 0 0 0 0 0 1 0 0 0 0 0 0 0 0 0 0 0 0 0 0 0 0 0 0 0 0 0 0 0 0 0 0 0 1 0 0 0 0 0 0 0 0 0 0 0 0 0 0 0 0 0 0 0 0 0 0 0 0 0 0 0 0 0 0 0 0 0 0 0 0 0 0 0 0 0 0 0 0 0 1 0 1 0 1 0 0 0 0 0 0 0 0 0 1 0 0 0 0 0 0 0 0 0 0 0 0 0 0 0 0 0 0 0 0 0 0 0 0 0 0 0 0 0 0 0 0 0 0 0 0 0 0 0 0 0 0 0 0 0 0 0 0 
0 0 0 0 0 0 0 0 0 0 0 0 0 0 0 0 0 0 0 0 0 0 0 0 0 0 0 0 0 0 0 0 0 0 0 0 0 0 0 0 0 0 0 0 0 0 0 0 0 0 0 0 0 0 0 0 0 0 0 0 0 0 0 0 0 0 0 0 0 0 0 0 0 0 0 0 0 0 0 0 1 0 0 0 0 0 0 0 0 0 0 0 0 0 0 0 0 0 1 0 0 0 0 0 0 0 0 0 0 0 0 0 0 0 0 0 0 0 0 0 0 0 0 0 0 0 1 0 0 0 0 0 0 0 0 0 0 0 0 0 0 1 0 0 0 0 0 0 0 0 0 0 0 0 1 0 0 0 0 0 0 0 0 0 0 0 0 0 0 0 0 0 0 0 0 1 0 0 0 0 0 0 0 0 0 1 0 0 0 0 0 0 0 0 0 
0 0 0 0 0 0 0 0 0 0 0 0 0 0 0 0 0 0 0 0 0 0 0 0 0 0 0 0 0 0 0 0 0 0 0 0 0 0 0 0 0 0 0 0 0 0 0 0 0 0 0 0 0 0 0 0 0 0 0 0 0 0 0 0 0 0 0 0 0 0 0 0 0 0 0 0 0 0 0 0 0 1 0 0 0 0 0 1 1 0 0 0 0 0 0 0 0 0 0 0 0 0 0 0 1 0 0 0 0 0 0 0 0 0 0 0 0 0 0 0 0 0 0 0 0 0 0 0 0 0 0 0 0 0 0 0 0 0 0 0 0 0 0 0 0 0 0 0 0 0 0 0 0 0 0 0 0 0 0 0 0 0 0 0 0 0 0 0 0 0 0 0 0 0 0 0 0 0 0 0 0 0 0 0 0 0 0 0 0 0 0 0 0 0 0 
0 0 0 0 0 0 0 0 0 0 0 0 0 0 0 0 0 0 1 0 0 0 0 0 0 0 0 0 0 0 0 0 0 1 0 0 0 0 0 0 0 0 0 0 0 0 0 0 0 0 0 1 0 0 0 0 0 0 0 0 0 0 0 0 0 0 0 0 1 0 0 0 0 0 0 0 0 0 0 0 0 0 0 0 0 0 0 0 0 0 0 0 0 0 0 0 0 0 0 0 0 0 0 0 0 0 1 0 0 1 0 0 0 0 0 0 0 0 0 0 0 0 0 0 0 0 0 0 0 1 1 0 0 0 0 0 0 0 0 0 0 0 0 0 0 0 0 0 0 1 0 0 0 0 0 0 0 0 0 0 0 0 0 0 0 1 0 0 0 0 0 0 0 0 0 0 0 1 1 1 0 0 0 0 0 0 0 0 0 1 0 0 0 0 0 
0 0 0 0 0 0 0 0 0 0 0 0 0 0 0 0 0 0 0 1 0 0 0 0 0 0 0 0 0 0 0 0 0 0 0 0 0 0 0 0 0 0 0 0 0 0 0 0 0 0 0 0 0 0 0 0 0 0 0 0 0 0 0 0 0 1 0 0 0 0 0 0 0 0 0 0 0 0 0 0 0 0 0 0 0 1 0 0 0 0 0 1 0 0 0 0 0 0 0 0 0 0 1 0 0 0 0 0 0 0 0 0 0 0 0 0 0 0 0 0 0 0 0 0 0 0 0 0 0 0 0 0 0 0 0 0 0 0 0 0 1 0 0 0 0 0 0 0 0 0 0 0 0 0 0 0 0 0 0 0 0 1 0 0 0 0 0 0 0 0 0 0 0 0 0 0 0 0 0 0 0 0 1 0 0 0 0 0 0 0 0 0 0 0 0 
0 0 0 0 0 0 0 0 0 0 0 0 0 0 0 0 1 0 0 0 1 0 0 0 0 0 0 0 0 1 0 0 0 0 1 0 0 0 0 0 1 0 0 0 0 0 0 0 0 0 0 0 0 0 0 0 0 0 0 0 0 0 0 0 0 0 0 0 0 0 0 0 0 0 0 1 0 0 0 0 0 0 0 0 0 0 0 0 0 0 0 0 0 0 0 0 0 0 0 0 0 0 0 0 0 0 0 0 0 0 0 0 0 0 0 0 0 0 0 0 0 0 0 0 0 0 0 0 0 0 0 0 0 0 0 0 0 0 0 0 0 0 0 0 0 0 0 0 0 0 0 0 0 0 0 0 0 0 0 0 0 0 0 0 0 0 0 0 0 0 0 0 0 0 0 0 0 0 0 0 0 0 0 0 0 0 0 0 0 0 0 0 0 0 0 
126 22 191 153 121 6 187 8 85 61 194 98 25 161 114 135 142 82 34 183 17 
0.000000E+00 8.926358E-06 6.531181E-06 1.485801E-05 5.809516E-06 0.000000E+00 2.606910E-07 0.000000E+00 5.573763E-06 8.178756E-07 5.048902E-06 0.000000E+00 3.741133E-04 0.000000E+00 4.088279E-06 3.384045E-05 0.000000E+00 5.834594E-07 2.854542E-05 7.581187E-07 4.843854E-08 0.000000E+00 2.193981E-04 1.973470E-06 0.000000E+00 9.259031E-08 2.270178E-11 4.845740E-04 8.361248E-05 2.233301E-05 2.144852E-08 1.558011E-04 8.584405E-05 0.000000E+00 3.585347E-08 1.330815E-05 6.882884E-06 1.054950E-05 3.961207E-06 1.967717E-05 3.166731E-07 1.104215E-04 5.184758E-06 7.230716E-06 3.886671E-05 2.385605E-06 3.502144E-06 6.929224E-07 9.621277E-05 3.995165E-05 2.031381E-04 5.952602E-06 1.835205E-05 5.077541E-05 2.773924E-06 5.324234E-05 1.671876E-04 2.113729E-05 9.106817E-08 1.877234E-05 0.000000E+00 3.899662E-05 8.092984E-05 6.654276E-05 2.866886E-05 7.934540E-06 2.823297E-07 1.250572E-06 7.829647E-07 9.741926E-06 2.147674E-05 2.669694E-08 1.048920E-04 1.819375E-05 2.676861E-04 6.029064E-10 2.537904E-05 2.870061E-05 5.021521E-06 8.548486E-07 1.681455E-05 0.000000E+00 6.871952E-06 4.441659E-06 0.000000E+00 6.501500E-09 6.358539E-06 1.038106E-07 1.977707E-07 5.708889E-07 2.305515E-06 1.002575E-05 6.324074E-05 5.799957E-06 8.345658E-05 8.253683E-06 3.424999E-05 0.000000E+00 1.642113E-06 7.917816E-05 1.488836E-07 1.992979E-05 3.797492E-07 8.695103E-05 8.504369E-07 3.393064E-05 4.119723E-05 7.243326E-05 2.042394E-04 1.067861E-05 2.351264E-06 1.674170E-04 4.610565E-06 0.000000E+00 1.642050E-05 7.133103E-07 1.061512E-05 9.997630E-04 0.000000E+00 1.100090E-04 0.000000E+00 8.901935E-05 0.000000E+00 6.372362E-05 1.262715E-04 0.000000E+00 9.624055E-05 6.122878E-05 1.597053E-05 3.049471E-05 7.056620E-05 3.812431E-05 1.505870E-04 3.127756E-04 0.000000E+00 4.806292E-05 7.336125E-05 1.643837E-05 1.112375E-05 0.000000E+00 5.673246E-06 0.000000E+00 4.853795E-04 3.217053E-05 2.962079E-05 4.222712E-05 6.853120E-05 0.000000E+00 1.814003E-05 1.190207E-05 1.855820E-04 2.257045E-05 0.000000E+00 7.904531E-06 4.357575E-06 2.062582E-06 2.267248E-04 4.283604E-04 0.000000E+00 2.084681E-04 0.000000E+00 1.136199E-05 3.797599E-05 2.368498E-04 4.164692E-05 4.017469E-05 1.732368E-05 5.559050E-05 3.668430E-05 2.102060E-04 1.785454E-07 7.359535E-07 5.840798E-06 7.151708E-07 7.392328E-05 7.757472E-07 2.450391E-07 1.535021E-04 1.000972E-04 5.097683E-06 1.078392E-07 1.434842E-04 0.000000E+00 6.121708E-07 2.430833E-05 8.428865E-07 0.000000E+00 1.559261E-04 3.069557E-07 1.806802E-05 0.000000E+00 2.610691E-05 8.934931E-06 0.000000E+00 0.000000E+00 
126 44 60 91 149 111 163 42 145 168 32 158 118 
22 189 2 40 79 125 113 185 49 95 
191 174 43 3 62 108 175 120 
153 97 57 4 146 181 116 74 136 28 139 63 182 
121 48 172 68 94 156 78 
6 10 27 37 84 38 47 73 
187 184 177 7 
8 5 18 70 72 129 169 96 106 
85 56 58 9 93 53 192 64 75 112 
61 54 115 100 46 132 65 109 
194 26 90 11 193 102 152 
98 104 67 31 122 154 29 151 51 164 
25 160 144 124 77 165 13 83 23 157 188 71 33 143 134 
161 101 80 55 
114 171 45 36 173 117 24 15 128 138 167 170 
135 137 87 59 39 50 133 16 147 
142 186 176 99 155 81 127 
82 88 89 105 
34 110 180 19 150 69 131 166 130 107 190 52 178 179 
183 103 66 20 86 141 162 92 
17 76 35 21 41 30 

============Find Best @ Round 1776================
==========Cluster 0, RcvInterf=2.01647e-13============
Node 125, SINR:0.00000e+00, BpsHz:0.00000e+00
Node 43, SINR:1.04633e+00, BpsHz:8.60864e-02
Node 59, SINR:1.04633e+00, BpsHz:8.60864e-02
Node 90, SINR:1.04633e+00, BpsHz:8.60864e-02
Node 148, SINR:1.04633e+00, BpsHz:8.60864e-02
Node 110, SINR:1.04633e+00, BpsHz:8.60864e-02
Node 162, SINR:1.04633e+00, BpsHz:8.60864e-02
Node 41, SINR:1.04633e+00, BpsHz:8.60864e-02
Node 144, SINR:1.04633e+00, BpsHz:8.60864e-02
Node 167, SINR:1.04633e+00, BpsHz:8.60864e-02
Node 31, SINR:1.04633e+00, BpsHz:8.60864e-02
Node 157, SINR:1.04633e+00, BpsHz:8.60864e-02
Node 117, SINR:1.04633e+00, BpsHz:8.60864e-02
---------------
==========Cluster 1, RcvInterf=1.31581e-13============
Node 21, SINR:0.00000e+00, BpsHz:0.00000e+00
Node 188, SINR:7.10927e-01, BpsHz:8.60864e-02
Node 1, SINR:7.10927e-01, BpsHz:8.60864e-02
Node 39, SINR:7.10927e-01, BpsHz:8.60864e-02
Node 78, SINR:7.10927e-01, BpsHz:8.60864e-02
Node 124, SINR:7.10927e-01, BpsHz:8.60864e-02
Node 112, SINR:7.10927e-01, BpsHz:8.60864e-02
Node 184, SINR:7.10927e-01, BpsHz:8.60864e-02
Node 48, SINR:7.10927e-01, BpsHz:8.60864e-02
Node 94, SINR:7.10927e-01, BpsHz:8.60864e-02
---------------
==========Cluster 2, RcvInterf=2.16908e-13============
Node 190, SINR:0.00000e+00, BpsHz:0.00000e+00
Node 173, SINR:5.18456e-01, BpsHz:8.60864e-02
Node 42, SINR:5.18456e-01, BpsHz:8.60864e-02
Node 2, SINR:5.18456e-01, BpsHz:8.60864e-02
Node 61, SINR:5.18456e-01, BpsHz:8.60864e-02
Node 107, SINR:5.18456e-01, BpsHz:8.60864e-02
Node 174, SINR:5.18456e-01, BpsHz:8.60864e-02
Node 119, SINR:5.18456e-01, BpsHz:8.60864e-02
---------------
==========Cluster 3, RcvInterf=1.42275e-13============
Node 152, SINR:0.00000e+00, BpsHz:0.00000e+00
Node 96, SINR:1.04633e+00, BpsHz:8.60864e-02
Node 56, SINR:1.04633e+00, BpsHz:8.60864e-02
Node 3, SINR:1.04633e+00, BpsHz:8.60864e-02
Node 145, SINR:1.04633e+00, BpsHz:8.60864e-02
Node 180, SINR:1.04633e+00, BpsHz:8.60864e-02
Node 115, SINR:1.04633e+00, BpsHz:8.60864e-02
Node 73, SINR:1.04633e+00, BpsHz:8.60864e-02
Node 135, SINR:1.04633e+00, BpsHz:8.60864e-02
Node 27, SINR:1.04633e+00, BpsHz:8.60864e-02
Node 138, SINR:1.04633e+00, BpsHz:8.60864e-02
Node 62, SINR:1.04633e+00, BpsHz:8.60864e-02
Node 181, SINR:1.04633e+00, BpsHz:8.60864e-02
---------------
==========Cluster 4, RcvInterf=1.19329e-13============
Node 120, SINR:0.00000e+00, BpsHz:0.00000e+00
Node 47, SINR:4.30499e-01, BpsHz:8.60864e-02
Node 171, SINR:4.30499e-01, BpsHz:8.60864e-02
Node 67, SINR:4.30499e-01, BpsHz:8.60864e-02
Node 93, SINR:4.30499e-01, BpsHz:8.60864e-02
Node 155, SINR:4.30499e-01, BpsHz:8.60864e-02
Node 77, SINR:4.30499e-01, BpsHz:8.60864e-02
---------------
==========Cluster 5, RcvInterf=1.62162e-13============
Node 5, SINR:0.00000e+00, BpsHz:0.00000e+00
Node 9, SINR:5.18456e-01, BpsHz:8.60864e-02
Node 26, SINR:5.18456e-01, BpsHz:8.60864e-02
Node 36, SINR:5.18456e-01, BpsHz:8.60864e-02
Node 83, SINR:5.18456e-01, BpsHz:8.60864e-02
Node 37, SINR:5.18456e-01, BpsHz:8.60864e-02
Node 46, SINR:5.18456e-01, BpsHz:8.60864e-02
Node 72, SINR:5.18456e-01, BpsHz:8.60864e-02
---------------
==========Cluster 6, RcvInterf=1.51918e-13============
Node 186, SINR:0.00000e+00, BpsHz:0.00000e+00
Node 183, SINR:1.96035e-01, BpsHz:8.60865e-02
Node 176, SINR:1.96035e-01, BpsHz:8.60865e-02
Node 6, SINR:1.96035e-01, BpsHz:8.60864e-02
---------------
==========Cluster 7, RcvInterf=1.32974e-13============
Node 7, SINR:0.00000e+00, BpsHz:0.00000e+00
Node 4, SINR:6.11821e-01, BpsHz:8.60864e-02
Node 17, SINR:6.11821e-01, BpsHz:8.60864e-02
Node 69, SINR:6.11821e-01, BpsHz:8.60865e-02
Node 71, SINR:6.11821e-01, BpsHz:8.60864e-02
Node 128, SINR:6.11821e-01, BpsHz:8.60864e-02
Node 168, SINR:6.11821e-01, BpsHz:8.60864e-02
Node 95, SINR:6.11821e-01, BpsHz:8.60865e-02
Node 105, SINR:6.11821e-01, BpsHz:8.60864e-02
---------------
==========Cluster 8, RcvInterf=1.71906e-13============
Node 84, SINR:0.00000e+00, BpsHz:0.00000e+00
Node 55, SINR:7.10927e-01, BpsHz:8.60864e-02
Node 57, SINR:7.10927e-01, BpsHz:8.60864e-02
Node 8, SINR:7.10927e-01, BpsHz:8.60864e-02
Node 92, SINR:7.10927e-01, BpsHz:8.60864e-02
Node 52, SINR:7.10927e-01, BpsHz:8.60864e-02
Node 191, SINR:7.10927e-01, BpsHz:8.60864e-02
Node 63, SINR:7.10927e-01, BpsHz:8.60864e-02
Node 74, SINR:7.10927e-01, BpsHz:8.60864e-02
Node 111, SINR:7.10927e-01, BpsHz:8.60864e-02
---------------
==========Cluster 9, RcvInterf=1.26656e-13============
Node 60, SINR:0.00000e+00, BpsHz:0.00000e+00
Node 53, SINR:5.18456e-01, BpsHz:8.60864e-02
Node 114, SINR:5.18456e-01, BpsHz:8.60864e-02
Node 99, SINR:5.18456e-01, BpsHz:8.60864e-02
Node 45, SINR:5.18456e-01, BpsHz:8.60864e-02
Node 131, SINR:5.18456e-01, BpsHz:8.60864e-02
Node 64, SINR:5.18456e-01, BpsHz:8.60864e-02
Node 108, SINR:5.18456e-01, BpsHz:8.60864e-02
---------------
==========Cluster 10, RcvInterf=2.27793e-13============
Node 193, SINR:0.00000e+00, BpsHz:0.00000e+00
Node 25, SINR:4.30499e-01, BpsHz:8.60864e-02
Node 89, SINR:4.30499e-01, BpsHz:8.60865e-02
Node 10, SINR:4.30499e-01, BpsHz:8.60864e-02
Node 192, SINR:4.30499e-01, BpsHz:8.60864e-02
Node 101, SINR:4.30499e-01, BpsHz:8.60864e-02
Node 151, SINR:4.30499e-01, BpsHz:8.60864e-02
---------------
==========Cluster 11, RcvInterf=2.55305e-13============
Node 97, SINR:0.00000e+00, BpsHz:0.00000e+00
Node 103, SINR:7.10927e-01, BpsHz:8.60864e-02
Node 66, SINR:7.10927e-01, BpsHz:8.60864e-02
Node 30, SINR:7.10927e-01, BpsHz:8.60864e-02
Node 121, SINR:7.10927e-01, BpsHz:8.60864e-02
Node 153, SINR:7.10927e-01, BpsHz:8.60864e-02
Node 28, SINR:7.10927e-01, BpsHz:8.60864e-02
Node 150, SINR:7.10927e-01, BpsHz:8.60864e-02
Node 50, SINR:7.10927e-01, BpsHz:8.60864e-02
Node 163, SINR:7.10927e-01, BpsHz:8.60864e-02
---------------
==========Cluster 12, RcvInterf=1.46058e-13============
Node 24, SINR:0.00000e+00, BpsHz:0.00000e+00
Node 159, SINR:1.30571e+00, BpsHz:8.60864e-02
Node 143, SINR:1.30571e+00, BpsHz:8.60864e-02
Node 123, SINR:1.30571e+00, BpsHz:8.60864e-02
Node 76, SINR:1.30571e+00, BpsHz:8.60864e-02
Node 164, SINR:1.30571e+00, BpsHz:8.60864e-02
Node 12, SINR:1.30571e+00, BpsHz:8.60864e-02
Node 82, SINR:1.30571e+00, BpsHz:8.60864e-02
Node 22, SINR:1.30571e+00, BpsHz:8.60864e-02
Node 156, SINR:1.30571e+00, BpsHz:8.60864e-02
Node 187, SINR:1.30571e+00, BpsHz:8.60864e-02
Node 70, SINR:1.30571e+00, BpsHz:8.60864e-02
Node 32, SINR:1.30571e+00, BpsHz:8.60864e-02
Node 142, SINR:1.30571e+00, BpsHz:8.60864e-02
Node 133, SINR:1.30571e+00, BpsHz:8.60864e-02
---------------
==========Cluster 13, RcvInterf=3.94557e-14============
Node 160, SINR:0.00000e+00, BpsHz:0.00000e+00
Node 100, SINR:1.96035e-01, BpsHz:8.60865e-02
Node 79, SINR:1.96035e-01, BpsHz:8.60864e-02
Node 54, SINR:1.96035e-01, BpsHz:8.60865e-02
---------------
==========Cluster 14, RcvInterf=9.92555e-14============
Node 113, SINR:0.00000e+00, BpsHz:0.00000e+00
Node 170, SINR:9.27794e-01, BpsHz:8.60864e-02
Node 44, SINR:9.27794e-01, BpsHz:8.60864e-02
Node 35, SINR:9.27794e-01, BpsHz:8.60864e-02
Node 172, SINR:9.27794e-01, BpsHz:8.60864e-02
Node 116, SINR:9.27794e-01, BpsHz:8.60864e-02
Node 23, SINR:9.27794e-01, BpsHz:8.60864e-02
Node 14, SINR:9.27794e-01, BpsHz:8.60864e-02
Node 127, SINR:9.27794e-01, BpsHz:8.60864e-02
Node 137, SINR:9.27794e-01, BpsHz:8.60864e-02
Node 166, SINR:9.27794e-01, BpsHz:8.60864e-02
Node 169, SINR:9.27794e-01, BpsHz:8.60864e-02
---------------
==========Cluster 15, RcvInterf=1.07463e-13============
Node 134, SINR:0.00000e+00, BpsHz:0.00000e+00
Node 136, SINR:6.11821e-01, BpsHz:8.60864e-02
Node 86, SINR:6.11821e-01, BpsHz:8.60865e-02
Node 58, SINR:6.11821e-01, BpsHz:8.60864e-02
Node 38, SINR:6.11821e-01, BpsHz:8.60864e-02
Node 49, SINR:6.11821e-01, BpsHz:8.60865e-02
Node 132, SINR:6.11821e-01, BpsHz:8.60864e-02
Node 15, SINR:6.11821e-01, BpsHz:8.60865e-02
Node 146, SINR:6.11821e-01, BpsHz:8.60864e-02
---------------
==========Cluster 16, RcvInterf=1.88120e-13============
Node 141, SINR:0.00000e+00, BpsHz:0.00000e+00
Node 185, SINR:4.30499e-01, BpsHz:8.60864e-02
Node 175, SINR:4.30499e-01, BpsHz:8.60864e-02
Node 98, SINR:4.30499e-01, BpsHz:8.60864e-02
Node 154, SINR:4.30499e-01, BpsHz:8.60864e-02
Node 80, SINR:4.30499e-01, BpsHz:8.60864e-02
Node 126, SINR:4.30499e-01, BpsHz:8.60864e-02
---------------
==========Cluster 17, RcvInterf=4.31533e-14============
Node 81, SINR:0.00000e+00, BpsHz:0.00000e+00
Node 87, SINR:1.96035e-01, BpsHz:8.60865e-02
Node 88, SINR:1.96035e-01, BpsHz:8.60864e-02
Node 104, SINR:1.96035e-01, BpsHz:8.60865e-02
---------------
==========Cluster 18, RcvInterf=4.17197e-14============
Node 33, SINR:0.00000e+00, BpsHz:0.00000e+00
Node 109, SINR:1.17215e+00, BpsHz:8.60864e-02
Node 179, SINR:1.17215e+00, BpsHz:8.60864e-02
Node 18, SINR:1.17215e+00, BpsHz:8.60864e-02
Node 149, SINR:1.17215e+00, BpsHz:8.60864e-02
Node 68, SINR:1.17215e+00, BpsHz:8.60864e-02
Node 130, SINR:1.17215e+00, BpsHz:8.60864e-02
Node 165, SINR:1.17215e+00, BpsHz:8.60864e-02
Node 129, SINR:1.17215e+00, BpsHz:8.60864e-02
Node 106, SINR:1.17215e+00, BpsHz:8.60864e-02
Node 189, SINR:1.17215e+00, BpsHz:8.60864e-02
Node 51, SINR:1.17215e+00, BpsHz:8.60864e-02
Node 177, SINR:1.17215e+00, BpsHz:8.60864e-02
Node 178, SINR:1.17215e+00, BpsHz:8.60864e-02
---------------
==========Cluster 19, RcvInterf=5.01388e-14============
Node 182, SINR:0.00000e+00, BpsHz:0.00000e+00
Node 102, SINR:5.18456e-01, BpsHz:8.60864e-02
Node 65, SINR:5.18456e-01, BpsHz:8.60864e-02
Node 19, SINR:5.18456e-01, BpsHz:8.60864e-02
Node 85, SINR:5.18456e-01, BpsHz:8.60864e-02
Node 140, SINR:5.18456e-01, BpsHz:8.60864e-02
Node 161, SINR:5.18456e-01, BpsHz:8.60864e-02
Node 91, SINR:5.18456e-01, BpsHz:8.60864e-02
---------------
==========Cluster 20, RcvInterf=1.44961e-13============
Node 16, SINR:0.00000e+00, BpsHz:0.00000e+00
Node 75, SINR:3.47637e-01, BpsHz:8.60865e-02
Node 34, SINR:3.47637e-01, BpsHz:8.60865e-02
Node 20, SINR:3.47637e-01, BpsHz:8.60865e-02
Node 40, SINR:3.47637e-01, BpsHz:8.60865e-02
Node 29, SINR:3.47637e-01, BpsHz:8.60865e-02
---------------
