195
19
1.000000e-03
2.366054e-290
167
3000
1.490917e+01
7.920074e-01
1.490917e-05
8.277405e-07
0 0 0 0 1 0 0 0 0 0 0 0 0 0 0 0 0 1 0 0 0 0 0 0 0 0 0 0 0 0 0 0 0 0 0 0 0 0 0 0 0 0 0 0 0 0 1 0 0 0 0 0 0 0 0 0 0 0 0 0 0 0 0 0 0 0 0 0 0 1 0 1 0 0 0 0 0 1 0 0 0 0 0 0 0 0 0 0 0 0 0 0 0 1 0 0 0 0 0 0 0 0 0 0 0 1 0 0 0 0 0 0 0 0 0 0 0 0 0 0 0 0 0 0 0 0 0 0 0 0 0 0 0 0 0 0 0 0 0 0 0 0 0 0 0 0 0 0 0 0 0 0 0 0 0 0 0 0 0 0 0 0 0 0 0 0 0 0 1 0 0 0 0 0 0 0 0 0 0 0 0 0 0 0 0 0 0 0 0 0 0 0 0 0 0 
0 0 0 0 0 0 0 0 0 0 0 0 0 0 0 0 0 0 0 0 0 0 0 0 0 0 0 0 0 0 0 0 0 0 0 0 0 0 0 0 0 0 0 0 0 1 0 0 0 0 0 0 0 1 0 0 0 0 0 0 1 0 0 0 1 0 0 0 0 0 0 0 0 0 0 0 0 0 0 0 0 0 0 0 0 0 0 0 0 0 0 0 0 0 0 0 0 0 0 1 0 0 0 0 0 0 0 0 1 0 0 0 0 0 1 0 0 0 0 0 0 0 0 0 0 0 0 0 0 0 0 1 0 0 0 0 0 0 0 0 0 0 0 0 0 0 0 0 0 0 0 0 0 0 0 0 0 0 0 0 0 0 0 0 0 0 0 0 0 0 0 0 0 0 0 0 0 0 0 0 0 0 0 0 0 0 0 0 0 0 0 0 0 0 0 
0 0 0 1 0 0 0 0 0 0 0 0 0 0 0 0 0 0 0 0 0 0 0 0 0 0 0 0 0 0 0 0 0 0 0 0 0 0 0 0 0 0 0 0 0 0 0 0 0 0 0 0 0 0 0 0 1 0 0 0 0 0 1 0 0 0 0 0 0 0 0 0 0 1 0 0 0 0 0 0 0 0 0 0 0 0 0 0 0 0 0 0 0 0 0 0 1 0 0 0 0 0 0 0 0 0 0 0 0 0 0 0 0 0 0 1 0 0 0 0 0 0 0 0 0 0 0 0 0 0 0 0 0 0 0 1 0 0 1 0 0 0 0 0 0 1 0 0 0 0 0 0 1 0 0 0 0 0 0 0 0 0 0 0 0 0 0 0 0 0 0 0 0 0 0 0 0 0 0 0 1 0 0 0 0 0 0 0 0 0 0 0 0 0 0 
0 0 0 0 0 0 0 0 0 0 0 0 0 0 1 0 0 0 0 0 0 0 0 1 0 0 0 0 0 0 0 0 0 0 0 1 0 0 0 0 0 0 0 0 1 0 0 0 0 0 0 0 0 0 0 0 0 0 0 0 0 0 0 0 0 0 0 0 0 0 0 0 0 0 0 0 0 0 0 0 0 0 0 0 0 0 0 0 0 0 0 0 0 0 0 0 0 0 0 0 0 0 0 0 0 0 1 0 0 0 0 0 0 1 0 0 1 0 0 0 0 0 0 0 0 0 0 1 0 0 0 0 0 0 0 0 0 1 0 0 0 0 0 0 0 0 0 0 0 0 0 0 0 0 0 0 0 0 0 0 0 0 0 0 0 0 1 0 0 1 1 0 1 0 0 0 0 0 0 0 0 0 0 0 0 0 0 0 0 0 0 0 0 0 0 
0 0 1 0 0 0 0 0 0 0 0 0 0 0 0 0 0 0 0 0 0 0 0 0 0 0 0 0 0 1 0 0 0 0 0 0 0 0 0 0 0 0 1 0 0 0 0 0 0 0 0 0 0 0 0 0 0 0 0 0 0 1 0 0 0 0 0 0 0 0 0 0 0 0 0 0 0 0 0 0 0 0 0 0 0 0 0 0 0 0 0 0 0 0 0 0 0 0 0 0 0 0 0 0 0 0 0 0 0 0 0 0 0 0 0 0 0 0 0 1 0 0 0 0 0 0 0 0 0 0 0 0 0 0 0 0 0 0 0 1 0 0 0 0 0 0 0 0 0 0 0 0 0 0 0 0 0 0 0 0 0 0 0 0 0 0 0 0 0 0 0 0 0 1 1 0 0 0 0 0 0 1 0 0 0 0 0 0 0 0 1 0 0 0 0 
0 0 0 0 0 0 1 0 0 0 0 1 0 0 0 0 0 0 0 0 0 0 0 0 0 0 0 0 1 0 0 0 0 0 0 0 0 0 0 0 0 0 0 0 0 0 0 0 0 0 1 0 0 0 0 0 0 0 0 0 0 0 0 0 0 0 0 0 0 0 0 0 0 0 0 0 0 0 0 0 0 0 0 0 0 0 0 0 0 0 0 0 0 0 0 0 0 1 0 0 0 0 0 0 0 0 0 0 0 0 0 0 0 0 0 0 0 0 1 0 0 1 0 0 0 0 0 0 0 0 0 0 0 0 0 0 0 0 0 0 0 0 0 0 0 0 0 1 0 0 1 0 0 0 0 0 0 0 0 0 0 0 0 0 0 0 0 0 0 0 0 0 0 0 0 0 1 0 0 0 0 0 0 1 0 0 1 0 0 0 0 0 0 0 0 
1 0 0 0 0 0 0 0 0 0 0 0 0 0 0 0 0 0 0 0 0 0 0 0 0 0 0 0 0 0 0 1 0 0 0 0 0 0 0 0 0 1 0 1 0 0 0 0 0 0 0 0 0 0 0 0 0 0 0 1 0 0 0 0 0 0 0 0 0 0 0 0 0 0 0 0 0 0 0 0 0 0 0 0 0 0 0 0 0 0 1 0 0 0 0 0 0 0 0 0 0 0 0 0 0 0 0 0 0 0 1 0 0 0 0 0 0 1 0 0 0 0 0 0 0 1 0 0 0 0 0 0 0 0 0 0 0 0 0 0 0 0 1 0 1 0 0 0 1 0 0 0 0 0 0 0 0 1 0 0 0 0 1 0 0 0 0 1 0 0 0 0 0 0 0 0 0 0 0 0 0 0 0 0 0 0 0 0 0 0 0 0 0 0 0 
0 1 0 0 0 0 0 0 0 0 0 0 0 0 0 1 0 0 0 0 0 1 0 0 0 0 0 0 0 0 0 0 0 0 0 0 0 0 1 1 0 0 0 0 0 0 0 0 1 0 0 0 0 0 0 0 0 1 1 0 0 0 0 0 0 0 0 0 0 0 0 0 0 0 0 0 0 0 1 0 0 0 0 0 0 0 1 0 0 0 0 0 0 0 1 0 0 0 0 0 0 0 0 0 0 0 0 0 0 0 0 0 1 0 0 0 0 0 0 0 0 0 0 0 0 0 0 0 0 0 0 0 0 0 1 0 1 0 0 0 0 0 0 0 0 0 0 0 0 0 0 0 0 0 0 0 0 0 0 0 0 0 0 1 0 0 0 0 0 0 0 0 0 0 0 0 0 0 0 0 0 0 0 0 1 0 0 0 1 0 0 0 0 0 0 
0 0 0 0 0 0 0 0 0 0 0 0 0 0 0 0 0 0 0 0 0 0 0 0 0 0 0 0 0 0 0 0 0 0 0 0 0 0 0 0 0 0 0 0 0 0 0 0 0 0 0 0 0 0 1 0 0 0 0 0 0 0 0 0 0 0 0 0 0 0 0 0 0 0 0 0 0 0 0 1 0 0 0 0 0 0 0 0 0 0 0 0 0 0 0 0 0 0 0 0 1 0 0 0 0 0 0 0 0 0 0 0 0 0 0 0 0 0 0 0 0 0 0 0 0 0 0 0 0 0 0 0 0 0 0 0 0 0 0 0 0 0 0 0 0 0 0 0 0 0 0 0 0 0 0 0 0 0 0 0 1 0 0 0 0 0 0 0 0 0 0 0 0 0 0 0 0 0 0 0 0 0 0 0 0 0 0 0 0 0 0 0 0 0 0 
0 0 0 0 0 0 0 0 0 0 0 0 0 0 0 0 0 0 0 0 0 0 0 0 0 0 0 0 0 0 0 0 0 0 0 0 0 0 0 0 0 0 0 0 0 0 0 1 0 0 0 0 0 0 0 0 0 0 0 0 0 0 0 0 0 0 0 1 0 0 0 0 0 0 0 0 0 0 0 0 0 0 0 0 0 0 0 0 0 0 0 0 0 0 0 0 0 0 1 0 0 0 0 0 0 0 0 0 0 0 0 0 0 0 0 0 0 0 0 0 1 0 0 0 0 0 0 0 0 0 0 0 0 0 0 0 0 0 0 0 0 1 0 0 0 0 0 0 0 0 0 0 0 0 1 1 0 0 0 0 0 0 0 0 0 0 0 0 0 0 0 1 0 0 0 1 0 0 0 0 0 0 0 0 0 1 0 0 0 0 0 0 0 0 0 
0 0 0 0 0 0 0 0 0 0 0 0 0 0 0 0 0 0 0 0 0 0 0 0 0 0 0 0 0 0 0 0 0 0 0 0 0 0 0 0 0 0 0 0 0 0 0 0 0 0 0 0 0 0 0 0 0 0 0 0 0 0 0 0 0 0 0 0 0 0 0 0 0 0 0 0 0 0 0 0 0 0 0 0 0 0 0 0 1 0 0 0 0 0 0 0 0 0 0 0 0 0 0 0 0 0 0 0 0 0 0 0 0 0 0 0 0 0 0 0 0 0 0 0 0 0 0 0 0 0 0 0 0 0 0 0 0 0 0 0 0 0 0 0 0 0 0 0 0 0 0 0 0 0 0 0 0 0 0 0 0 0 0 0 0 0 0 0 0 0 0 0 0 0 0 0 0 0 0 0 0 0 0 0 0 0 0 0 0 0 0 0 0 0 0 
0 0 0 0 0 0 0 0 0 0 0 0 1 0 0 0 0 0 0 0 0 0 1 0 1 0 0 0 0 0 0 0 1 0 0 0 0 0 0 0 0 0 0 0 0 0 0 0 0 0 0 0 0 0 0 0 0 0 0 0 0 0 0 0 0 0 0 0 0 0 0 0 0 0 0 0 1 0 0 0 0 0 1 0 0 0 0 0 0 0 0 0 0 0 0 0 0 0 0 0 0 0 0 0 0 0 0 0 0 0 0 0 0 0 0 0 0 0 0 0 0 0 0 1 0 0 0 0 0 0 0 0 0 0 0 0 0 0 0 0 0 0 0 1 0 0 0 0 0 0 0 0 0 0 0 0 1 0 0 1 0 0 0 0 1 0 0 0 0 0 0 0 0 0 0 0 0 0 0 0 0 0 0 0 0 0 0 0 0 0 0 0 0 0 0 
0 0 0 0 0 1 0 0 0 1 0 0 0 0 0 0 0 0 0 0 0 0 0 0 0 0 1 0 0 0 0 0 0 0 0 0 1 1 0 0 0 0 0 0 0 0 0 0 0 0 0 0 0 0 0 0 0 0 0 0 0 0 0 0 0 0 0 0 0 0 0 0 0 0 0 0 0 0 0 0 0 0 0 1 0 0 0 0 0 0 0 0 0 0 0 1 0 0 0 0 0 0 0 0 0 0 0 0 0 0 0 0 0 0 0 0 0 0 0 0 0 0 0 0 0 0 0 0 0 0 0 0 0 0 0 0 0 0 0 0 0 0 0 0 0 0 0 0 0 0 0 0 0 0 0 0 0 0 0 0 0 0 0 0 0 0 0 0 0 0 0 0 0 0 0 0 0 0 0 0 0 0 0 0 0 0 0 0 0 0 0 0 0 0 0 
0 0 0 0 0 0 0 0 1 0 0 0 0 0 0 0 0 0 0 0 0 0 0 0 0 0 0 0 0 0 0 0 0 0 0 0 0 0 0 0 0 0 0 0 0 0 0 0 0 0 0 0 1 0 0 0 0 0 0 0 0 0 0 1 0 0 0 0 0 0 0 0 0 0 1 0 0 0 0 0 0 0 0 0 1 0 0 0 0 0 0 0 1 0 0 0 0 0 0 0 0 0 0 0 0 0 0 1 0 0 0 1 0 0 0 0 0 0 0 0 0 0 0 0 0 0 1 0 0 0 0 0 0 0 0 0 0 0 0 0 0 0 0 0 0 0 0 0 0 0 0 0 0 0 0 0 0 0 0 0 0 0 0 0 0 0 0 0 0 0 0 0 0 0 0 0 0 0 0 0 0 0 0 0 0 0 0 0 0 0 0 1 0 0 0 
0 0 0 0 0 0 0 0 0 0 0 0 0 1 0 0 0 0 0 1 0 0 0 0 0 0 0 0 0 0 0 0 0 0 0 0 0 0 0 0 0 0 0 0 0 0 0 0 0 0 0 0 0 0 0 0 0 0 0 0 0 0 0 0 0 1 0 0 0 0 0 0 0 0 0 0 0 0 0 0 0 0 0 0 0 1 0 0 0 0 0 1 0 0 0 0 0 0 0 0 0 0 1 0 0 0 0 0 0 0 0 0 0 0 0 0 0 0 0 0 0 0 0 0 0 0 0 0 0 0 0 0 0 0 0 0 0 0 0 0 1 0 0 0 0 0 0 0 0 0 0 0 0 0 0 0 0 0 1 0 0 1 0 0 0 0 0 0 0 0 0 0 0 0 0 0 0 0 0 0 0 0 1 0 0 0 0 0 0 0 0 0 0 0 0 
0 0 0 0 0 0 0 0 0 0 0 0 0 0 0 0 0 0 1 0 0 0 0 0 0 0 0 0 0 0 0 0 0 1 0 0 0 0 0 0 0 0 0 0 0 0 0 0 0 1 0 1 0 0 0 0 0 0 0 0 0 0 0 0 0 0 0 0 1 0 0 0 0 0 0 0 0 0 0 0 0 0 0 0 0 0 0 0 0 0 0 0 0 0 0 0 0 0 0 0 0 0 0 0 0 0 0 0 0 1 0 0 0 0 0 0 0 0 0 0 0 0 1 0 0 0 0 0 0 1 1 0 1 0 0 0 0 0 0 0 0 0 0 0 0 0 1 0 0 1 0 0 0 0 0 0 0 0 0 0 0 0 0 0 0 0 0 0 0 0 0 0 0 0 0 0 0 1 1 1 0 0 0 0 0 0 0 0 0 1 0 0 0 0 1 
0 0 0 0 0 0 0 0 0 0 0 0 0 0 0 0 0 0 0 0 0 0 0 0 0 0 0 0 0 0 0 0 0 0 0 0 0 0 0 0 0 0 0 0 0 0 0 0 0 0 0 0 0 0 0 0 0 0 0 0 0 0 0 0 0 0 0 0 0 0 0 0 0 0 0 0 0 0 0 0 0 0 0 0 0 0 0 1 0 0 0 0 0 0 0 0 0 0 0 0 0 0 0 0 1 0 0 0 0 0 0 0 0 0 0 0 0 0 0 0 0 0 0 0 0 0 0 0 1 0 0 0 0 0 0 0 0 0 0 0 0 0 0 0 0 0 0 0 0 0 0 0 0 0 0 0 0 0 0 0 0 0 0 0 0 0 0 0 0 0 0 0 0 0 0 0 0 0 0 0 0 0 0 0 0 0 0 0 0 0 0 0 0 0 0 
0 0 0 0 0 0 0 0 0 0 0 0 0 0 0 0 1 0 0 0 1 0 0 0 0 0 0 0 0 0 0 0 0 0 1 0 0 0 0 0 1 0 0 0 0 0 0 0 0 0 0 0 0 0 0 0 0 0 0 0 0 0 0 0 0 0 0 0 0 0 0 0 0 0 0 1 0 0 0 0 1 0 0 0 0 0 0 0 0 0 0 0 0 0 0 0 0 0 0 0 0 0 0 0 0 0 0 0 0 0 0 0 0 0 0 0 0 0 0 0 0 0 0 0 0 0 0 0 0 0 0 0 0 0 0 0 0 0 0 0 0 0 0 0 0 0 0 0 0 0 0 0 0 0 0 0 0 0 0 0 0 0 0 0 0 0 0 0 0 0 0 0 0 0 0 0 0 0 0 0 0 0 0 0 0 0 0 0 0 0 0 0 0 0 0 
0 0 0 0 0 0 0 0 0 0 1 0 0 0 0 0 0 0 0 0 0 0 0 0 0 1 0 0 0 0 1 0 0 0 0 0 0 0 0 0 0 0 0 0 0 0 0 0 0 0 0 0 0 0 0 0 0 0 0 0 0 0 0 0 0 0 0 0 0 0 0 0 0 0 0 0 0 0 0 0 0 0 0 0 0 0 0 0 0 1 0 0 0 0 0 0 0 0 0 0 0 1 0 1 0 0 0 0 0 0 0 0 0 0 0 0 0 0 0 0 0 0 0 0 0 0 0 0 0 0 0 0 0 1 0 0 0 0 0 0 0 0 0 0 0 0 0 0 0 0 0 1 0 1 0 0 0 0 0 0 0 0 0 0 0 0 0 0 0 0 0 0 0 0 0 0 0 0 0 0 0 0 0 0 0 0 0 1 0 0 0 0 1 1 0 
5 61 153 114 3 12 126 185 161 156 89 83 6 53 183 150 105 17 26 
2.197421E-04 2.851055E-04 0.000000E+00 4.588455E-06 0.000000E+00 0.000000E+00 2.234121E-04 0.000000E+00 7.831507E-05 4.929185E-07 2.802755E-05 0.000000E+00 4.906519E-05 9.769406E-06 2.354297E-06 1.276411E-04 0.000000E+00 3.066893E-05 1.485776E-04 5.593049E-07 2.873347E-08 2.460542E-05 6.087573E-05 1.136452E-06 6.921481E-06 0.000000E+00 1.368195E-11 0.000000E+00 1.618403E-04 1.017202E-05 4.019341E-04 1.556932E-04 2.018412E-04 1.804182E-05 2.126807E-08 7.663696E-06 4.148186E-06 6.357988E-06 5.323786E-06 1.382382E-04 1.878487E-07 1.103450E-04 3.292825E-05 7.225705E-06 2.238198E-05 2.676313E-06 2.906616E-07 7.271621E-07 2.632276E-05 5.661116E-05 5.658953E-06 2.446864E-04 0.000000E+00 5.696284E-05 1.588026E-06 0.000000E+00 5.163094E-05 2.204904E-04 5.656027E-05 1.875933E-05 0.000000E+00 4.639251E-05 2.499278E-05 1.382693E-05 3.216242E-05 5.853736E-06 0.000000E+00 5.209110E-07 1.102840E-04 5.414309E-05 0.000000E+00 6.288068E-06 0.000000E+00 5.618599E-06 7.949270E-06 3.576406E-10 8.670910E-08 2.496202E-06 3.013498E-05 4.893868E-07 2.150469E-05 0.000000E+00 0.000000E+00 2.676906E-06 1.256296E-05 4.796506E-09 1.124066E-04 2.574913E-07 0.000000E+00 6.226931E-06 2.303917E-06 7.396538E-06 6.519535E-06 2.876362E-05 6.081589E-06 5.240859E-06 1.057709E-05 4.330843E-04 9.489615E-06 8.882672E-05 8.523342E-08 6.293664E-05 2.801614E-07 1.439370E-04 0.000000E+00 6.014512E-05 9.680194E-05 3.882894E-05 2.291278E-04 3.170442E-04 2.349635E-06 3.457376E-06 2.745196E-07 0.000000E+00 1.842148E-05 2.202847E-07 6.112877E-06 9.990702E-04 3.440474E-04 2.409531E-06 2.791588E-06 4.457040E-06 1.240323E-04 2.339043E-04 0.000000E+00 0.000000E+00 2.233649E-05 3.525951E-05 9.252378E-07 7.041970E-05 7.962489E-06 4.277009E-05 2.523234E-04 5.392916E-04 1.030767E-04 1.484280E-05 2.530537E-04 9.466283E-06 3.435239E-06 3.559493E-05 4.185458E-06 3.244338E-06 6.572069E-04 5.035132E-05 2.960026E-05 1.304059E-05 8.854996E-05 1.440277E-05 1.812746E-05 0.000000E+00 2.821480E-06 1.108091E-05 0.000000E+00 9.854277E-05 1.583806E-05 0.000000E+00 1.322228E-04 4.280636E-04 4.598336E-06 8.030238E-05 0.000000E+00 8.382350E-06 3.794967E-05 1.859588E-04 4.834893E-05 0.000000E+00 9.976102E-06 5.555197E-05 4.425794E-07 1.210503E-04 1.028180E-07 2.264488E-05 3.363511E-06 6.783004E-06 8.436813E-07 1.968545E-06 5.364742E-05 4.681942E-05 4.997311E-06 2.863789E-05 3.330294E-08 1.609881E-05 0.000000E+00 3.531333E-04 0.000000E+00 3.202503E-05 1.164410E-04 5.960347E-04 1.222086E-05 3.740562E-04 2.592505E-06 2.007071E-04 3.470776E-05 1.772153E-07 3.703365E-05 
5 78 47 94 169 72 18 70 106 
61 46 115 54 132 100 65 109 
153 116 97 63 57 139 74 181 4 136 146 
114 138 117 36 15 171 45 167 173 24 128 107 170 
3 43 30 174 191 62 175 120 182 140 
12 177 51 119 184 7 148 151 98 122 187 29 
126 44 60 91 145 32 149 168 111 163 118 42 158 143 1 
185 16 113 189 137 59 39 22 87 79 40 49 95 135 2 58 164 
161 101 80 55 
156 68 176 48 121 99 142 155 172 186 
89 
83 13 77 160 25 165 23 144 157 124 33 
6 27 37 10 84 38 96 
53 75 127 85 93 112 64 9 108 192 
183 66 162 86 20 141 103 159 92 14 
150 178 133 131 130 195 69 180 50 179 34 52 19 110 147 123 190 
105 88 129 
17 76 35 21 41 81 
26 11 193 90 194 31 152 104 102 154 134 188 

============Find Best @ Round 1795================
==========Cluster 0, RcvInterf=1.62740e-13============
Node 4, SINR:0.00000e+00, BpsHz:0.00000e+00
Node 77, SINR:4.78161e-01, BpsHz:7.04754e-02
Node 46, SINR:4.78161e-01, BpsHz:7.04754e-02
Node 93, SINR:4.78161e-01, BpsHz:7.04754e-02
Node 168, SINR:4.78161e-01, BpsHz:7.04754e-02
Node 71, SINR:4.78161e-01, BpsHz:7.04754e-02
Node 17, SINR:4.78161e-01, BpsHz:7.04754e-02
Node 69, SINR:4.78161e-01, BpsHz:7.04754e-02
Node 105, SINR:4.78161e-01, BpsHz:7.04754e-02
---------------
==========Cluster 1, RcvInterf=1.88376e-13============
Node 60, SINR:0.00000e+00, BpsHz:0.00000e+00
Node 45, SINR:4.07689e-01, BpsHz:7.04754e-02
Node 114, SINR:4.07689e-01, BpsHz:7.04754e-02
Node 53, SINR:4.07688e-01, BpsHz:7.04754e-02
Node 131, SINR:4.07689e-01, BpsHz:7.04754e-02
Node 99, SINR:4.07689e-01, BpsHz:7.04754e-02
Node 64, SINR:4.07689e-01, BpsHz:7.04754e-02
Node 108, SINR:4.07689e-01, BpsHz:7.04754e-02
---------------
==========Cluster 2, RcvInterf=6.42222e-14============
Node 152, SINR:0.00000e+00, BpsHz:0.00000e+00
Node 115, SINR:6.29867e-01, BpsHz:7.04755e-02
Node 96, SINR:6.29867e-01, BpsHz:7.04755e-02
Node 62, SINR:6.29867e-01, BpsHz:7.04755e-02
Node 56, SINR:6.29867e-01, BpsHz:7.04755e-02
Node 138, SINR:6.29867e-01, BpsHz:7.04755e-02
Node 73, SINR:6.29867e-01, BpsHz:7.04755e-02
Node 180, SINR:6.29867e-01, BpsHz:7.04755e-02
Node 3, SINR:6.29867e-01, BpsHz:7.04755e-02
Node 135, SINR:6.29867e-01, BpsHz:7.04755e-02
Node 145, SINR:6.29867e-01, BpsHz:7.04755e-02
---------------
==========Cluster 3, RcvInterf=6.05903e-14============
Node 113, SINR:0.00000e+00, BpsHz:0.00000e+00
Node 137, SINR:7.97143e-01, BpsHz:7.04754e-02
Node 116, SINR:7.97143e-01, BpsHz:7.04754e-02
Node 35, SINR:7.97143e-01, BpsHz:7.04754e-02
Node 14, SINR:7.97143e-01, BpsHz:7.04754e-02
Node 170, SINR:7.97143e-01, BpsHz:7.04754e-02
Node 44, SINR:7.97143e-01, BpsHz:7.04754e-02
Node 166, SINR:7.97143e-01, BpsHz:7.04754e-02
Node 172, SINR:7.97143e-01, BpsHz:7.04754e-02
Node 23, SINR:7.97143e-01, BpsHz:7.04754e-02
Node 127, SINR:7.97143e-01, BpsHz:7.04754e-02
Node 106, SINR:7.97143e-01, BpsHz:7.04754e-02
Node 169, SINR:7.97143e-01, BpsHz:7.04754e-02
---------------
==========Cluster 4, RcvInterf=6.95531e-14============
Node 2, SINR:0.00000e+00, BpsHz:0.00000e+00
Node 42, SINR:5.52162e-01, BpsHz:7.04754e-02
Node 29, SINR:5.52162e-01, BpsHz:7.04754e-02
Node 173, SINR:5.52162e-01, BpsHz:7.04754e-02
Node 190, SINR:5.52162e-01, BpsHz:7.04754e-02
Node 61, SINR:5.52162e-01, BpsHz:7.04754e-02
Node 174, SINR:5.52162e-01, BpsHz:7.04754e-02
Node 119, SINR:5.52162e-01, BpsHz:7.04754e-02
Node 181, SINR:5.52162e-01, BpsHz:7.04754e-02
Node 139, SINR:5.52162e-01, BpsHz:7.04754e-02
---------------
==========Cluster 5, RcvInterf=2.96018e-13============
Node 11, SINR:0.00000e+00, BpsHz:0.00000e+00
Node 176, SINR:7.11463e-01, BpsHz:7.04754e-02
Node 50, SINR:7.11463e-01, BpsHz:7.04754e-02
Node 118, SINR:7.11463e-01, BpsHz:7.04754e-02
Node 183, SINR:7.11463e-01, BpsHz:7.04754e-02
Node 6, SINR:7.11463e-01, BpsHz:7.04754e-02
Node 147, SINR:7.11463e-01, BpsHz:7.04754e-02
Node 150, SINR:7.11463e-01, BpsHz:7.04754e-02
Node 97, SINR:7.11463e-01, BpsHz:7.04754e-02
Node 121, SINR:7.11463e-01, BpsHz:7.04754e-02
Node 186, SINR:7.11463e-01, BpsHz:7.04754e-02
Node 28, SINR:7.11463e-01, BpsHz:7.04754e-02
---------------
==========Cluster 6, RcvInterf=2.15971e-13============
Node 125, SINR:0.00000e+00, BpsHz:0.00000e+00
Node 43, SINR:9.81587e-01, BpsHz:7.04754e-02
Node 59, SINR:9.81587e-01, BpsHz:7.04754e-02
Node 90, SINR:9.81587e-01, BpsHz:7.04754e-02
Node 144, SINR:9.81587e-01, BpsHz:7.04754e-02
Node 31, SINR:9.81587e-01, BpsHz:7.04754e-02
Node 148, SINR:9.81587e-01, BpsHz:7.04754e-02
Node 167, SINR:9.81587e-01, BpsHz:7.04754e-02
Node 110, SINR:9.81587e-01, BpsHz:7.04754e-02
Node 162, SINR:9.81587e-01, BpsHz:7.04754e-02
Node 117, SINR:9.81587e-01, BpsHz:7.04754e-02
Node 41, SINR:9.81587e-01, BpsHz:7.04754e-02
Node 157, SINR:9.81587e-01, BpsHz:7.04754e-02
Node 142, SINR:9.81587e-01, BpsHz:7.04754e-02
Node 0, SINR:9.81587e-01, BpsHz:7.04754e-02
---------------
==========Cluster 7, RcvInterf=7.28392e-14============
Node 184, SINR:0.00000e+00, BpsHz:0.00000e+00
Node 15, SINR:1.18496e+00, BpsHz:7.04754e-02
Node 112, SINR:1.18496e+00, BpsHz:7.04754e-02
Node 188, SINR:1.18496e+00, BpsHz:7.04754e-02
Node 136, SINR:1.18496e+00, BpsHz:7.04754e-02
Node 58, SINR:1.18496e+00, BpsHz:7.04754e-02
Node 38, SINR:1.18496e+00, BpsHz:7.04754e-02
Node 21, SINR:1.18496e+00, BpsHz:7.04754e-02
Node 86, SINR:1.18496e+00, BpsHz:7.04754e-02
Node 78, SINR:1.18496e+00, BpsHz:7.04754e-02
Node 39, SINR:1.18496e+00, BpsHz:7.04754e-02
Node 48, SINR:1.18496e+00, BpsHz:7.04754e-02
Node 94, SINR:1.18496e+00, BpsHz:7.04754e-02
Node 134, SINR:1.18496e+00, BpsHz:7.04754e-02
Node 1, SINR:1.18496e+00, BpsHz:7.04754e-02
Node 57, SINR:1.18496e+00, BpsHz:7.04754e-02
Node 163, SINR:1.18496e+00, BpsHz:7.04754e-02
---------------
==========Cluster 8, RcvInterf=2.28539e-14============
Node 160, SINR:0.00000e+00, BpsHz:0.00000e+00
Node 100, SINR:1.57832e-01, BpsHz:7.04754e-02
Node 79, SINR:1.57832e-01, BpsHz:7.04754e-02
Node 54, SINR:1.57832e-01, BpsHz:7.04754e-02
---------------
==========Cluster 9, RcvInterf=1.26913e-13============
Node 155, SINR:0.00000e+00, BpsHz:0.00000e+00
Node 67, SINR:5.52162e-01, BpsHz:7.04754e-02
Node 175, SINR:5.52162e-01, BpsHz:7.04754e-02
Node 47, SINR:5.52162e-01, BpsHz:7.04754e-02
Node 120, SINR:5.52162e-01, BpsHz:7.04754e-02
Node 98, SINR:5.52162e-01, BpsHz:7.04754e-02
Node 141, SINR:5.52162e-01, BpsHz:7.04754e-02
Node 154, SINR:5.52162e-01, BpsHz:7.04754e-02
Node 171, SINR:5.52162e-01, BpsHz:7.04754e-02
Node 185, SINR:5.52162e-01, BpsHz:7.04754e-02
---------------
==========Cluster 10, RcvInterf=4.44344e-14============
Node 88, SINR:0.00000e+00, BpsHz:-nan
---------------
==========Cluster 11, RcvInterf=3.24542e-13============
Node 82, SINR:0.00000e+00, BpsHz:0.00000e+00
Node 12, SINR:6.29867e-01, BpsHz:7.04755e-02
Node 76, SINR:6.29867e-01, BpsHz:7.04755e-02
Node 159, SINR:6.29867e-01, BpsHz:7.04755e-02
Node 24, SINR:6.29867e-01, BpsHz:7.04755e-02
Node 164, SINR:6.29867e-01, BpsHz:7.04755e-02
Node 22, SINR:6.29867e-01, BpsHz:7.04755e-02
Node 143, SINR:6.29867e-01, BpsHz:7.04755e-02
Node 156, SINR:6.29867e-01, BpsHz:7.04755e-02
Node 123, SINR:6.29867e-01, BpsHz:7.04755e-02
Node 32, SINR:6.29867e-01, BpsHz:7.04755e-02
---------------
==========Cluster 12, RcvInterf=1.47291e-13============
Node 5, SINR:0.00000e+00, BpsHz:0.00000e+00
Node 26, SINR:3.40576e-01, BpsHz:7.04754e-02
Node 36, SINR:3.40576e-01, BpsHz:7.04754e-02
Node 9, SINR:3.40576e-01, BpsHz:7.04755e-02
Node 83, SINR:3.40576e-01, BpsHz:7.04754e-02
Node 37, SINR:3.40576e-01, BpsHz:7.04754e-02
Node 95, SINR:3.40576e-01, BpsHz:7.04754e-02
---------------
==========Cluster 13, RcvInterf=1.49380e-13============
Node 52, SINR:0.00000e+00, BpsHz:0.00000e+00
Node 74, SINR:5.52162e-01, BpsHz:7.04754e-02
Node 126, SINR:5.52162e-01, BpsHz:7.04754e-02
Node 84, SINR:5.52162e-01, BpsHz:7.04754e-02
Node 92, SINR:5.52162e-01, BpsHz:7.04754e-02
Node 111, SINR:5.52162e-01, BpsHz:7.04754e-02
Node 63, SINR:5.52162e-01, BpsHz:7.04754e-02
Node 8, SINR:5.52162e-01, BpsHz:7.04754e-02
Node 107, SINR:5.52162e-01, BpsHz:7.04754e-02
Node 191, SINR:5.52162e-01, BpsHz:7.04754e-02
---------------
==========Cluster 14, RcvInterf=2.92010e-14============
Node 182, SINR:0.00000e+00, BpsHz:0.00000e+00
Node 65, SINR:5.52162e-01, BpsHz:7.04754e-02
Node 161, SINR:5.52162e-01, BpsHz:7.04754e-02
Node 85, SINR:5.52162e-01, BpsHz:7.04754e-02
Node 19, SINR:5.52162e-01, BpsHz:7.04754e-02
Node 140, SINR:5.52162e-01, BpsHz:7.04754e-02
Node 102, SINR:5.52162e-01, BpsHz:7.04754e-02
Node 158, SINR:5.52162e-01, BpsHz:7.04754e-02
Node 91, SINR:5.52162e-01, BpsHz:7.04754e-02
Node 13, SINR:5.52162e-01, BpsHz:7.04754e-02
---------------
==========Cluster 15, RcvInterf=7.15478e-14============
Node 149, SINR:0.00000e+00, BpsHz:0.00000e+00
Node 177, SINR:1.18496e+00, BpsHz:7.04754e-02
Node 132, SINR:1.18496e+00, BpsHz:7.04754e-02
Node 130, SINR:1.18496e+00, BpsHz:7.04754e-02
Node 129, SINR:1.18496e+00, BpsHz:7.04754e-02
Node 194, SINR:1.18496e+00, BpsHz:7.04754e-02
Node 68, SINR:1.18496e+00, BpsHz:7.04754e-02
Node 179, SINR:1.18496e+00, BpsHz:7.04754e-02
Node 49, SINR:1.18496e+00, BpsHz:7.04754e-02
Node 178, SINR:1.18496e+00, BpsHz:7.04754e-02
Node 33, SINR:1.18496e+00, BpsHz:7.04754e-02
Node 51, SINR:1.18496e+00, BpsHz:7.04754e-02
Node 18, SINR:1.18496e+00, BpsHz:7.04754e-02
Node 109, SINR:1.18496e+00, BpsHz:7.04754e-02
Node 146, SINR:1.18496e+00, BpsHz:7.04754e-02
Node 122, SINR:1.18496e+00, BpsHz:7.04754e-02
Node 189, SINR:1.18496e+00, BpsHz:7.04754e-02
---------------
==========Cluster 16, RcvInterf=6.13042e-14============
Node 104, SINR:0.00000e+00, BpsHz:0.00000e+00
Node 87, SINR:1.02632e-01, BpsHz:7.04754e-02
Node 128, SINR:1.02632e-01, BpsHz:7.04754e-02
---------------
==========Cluster 17, RcvInterf=1.03466e-13============
Node 16, SINR:0.00000e+00, BpsHz:0.00000e+00
Node 75, SINR:2.76663e-01, BpsHz:7.04755e-02
Node 34, SINR:2.76663e-01, BpsHz:7.04755e-02
Node 20, SINR:2.76663e-01, BpsHz:7.04755e-02
Node 40, SINR:2.76663e-01, BpsHz:7.04755e-02
Node 80, SINR:2.76663e-01, BpsHz:7.04755e-02
---------------
==========Cluster 18, RcvInterf=2.66659e-13============
Node 25, SINR:0.00000e+00, BpsHz:0.00000e+00
Node 10, SINR:7.11463e-01, BpsHz:7.04754e-02
Node 192, SINR:7.11463e-01, BpsHz:7.04754e-02
Node 89, SINR:7.11463e-01, BpsHz:7.04754e-02
Node 193, SINR:7.11463e-01, BpsHz:7.04754e-02
Node 30, SINR:7.11463e-01, BpsHz:7.04754e-02
Node 151, SINR:7.11463e-01, BpsHz:7.04754e-02
Node 103, SINR:7.11463e-01, BpsHz:7.04754e-02
Node 101, SINR:7.11463e-01, BpsHz:7.04754e-02
Node 153, SINR:7.11463e-01, BpsHz:7.04754e-02
Node 133, SINR:7.11463e-01, BpsHz:7.04754e-02
Node 187, SINR:7.11463e-01, BpsHz:7.04754e-02
---------------
