195
19
1.000000e-03
2.366054e-290
167
3000
1.449638e+01
8.270836e-01
1.449638e-05
1.568403e-06
0 0 0 0 0 0 0 0 0 0 0 0 0 0 0 0 0 0 0 0 0 0 0 0 0 0 0 0 0 0 0 0 0 0 0 0 0 0 0 0 0 0 0 0 0 0 0 0 0 0 0 0 0 0 0 0 0 0 0 0 0 0 0 0 0 0 0 0 0 0 0 0 0 0 0 0 0 0 0 0 0 0 0 0 0 0 0 0 0 0 0 0 0 0 0 0 0 0 0 0 1 0 0 0 0 0 0 0 0 0 0 0 0 0 0 0 0 0 0 0 0 0 0 0 0 0 0 0 0 0 0 0 0 0 0 0 0 0 0 0 0 0 0 0 0 0 0 0 0 0 0 0 0 0 0 0 0 0 0 0 1 0 0 0 0 0 0 0 0 0 0 0 0 0 0 0 0 0 0 0 0 0 0 0 0 0 0 0 0 0 0 0 0 0 0 
0 0 1 0 0 0 0 0 0 0 0 0 0 0 0 0 0 0 0 0 0 0 0 0 0 0 0 0 0 1 0 0 0 0 0 0 0 0 0 0 0 0 1 0 0 0 0 0 0 0 0 0 0 0 0 0 0 0 0 0 0 0 0 0 0 0 0 0 0 0 0 0 0 0 0 0 0 0 0 0 1 0 0 0 0 0 0 0 0 0 0 0 0 0 0 0 0 0 0 0 0 0 0 0 0 0 0 0 0 0 0 0 0 0 0 0 0 0 0 0 0 0 0 0 0 0 0 0 0 0 0 0 0 0 0 0 0 0 0 0 0 0 0 0 0 0 0 0 0 0 0 0 0 0 0 0 0 0 0 0 0 0 0 0 0 0 0 0 0 0 0 0 0 1 1 0 0 0 0 0 0 0 0 0 0 1 0 0 0 0 1 0 0 0 0 
0 0 0 0 0 0 0 0 0 0 0 0 0 0 0 0 0 0 0 0 0 0 0 0 0 0 0 0 0 0 0 0 0 0 0 0 0 0 0 0 0 0 0 0 0 0 0 0 0 0 0 0 0 0 0 0 0 0 0 0 0 0 0 0 0 0 0 0 0 0 0 0 0 0 0 0 0 0 0 0 0 1 0 0 0 0 0 1 1 0 0 0 0 0 0 0 0 0 0 0 0 0 0 0 0 0 0 0 0 0 0 0 0 0 0 0 0 0 0 0 0 0 0 0 0 0 0 0 0 0 0 0 0 0 0 0 0 0 0 0 0 0 0 0 0 0 0 0 0 0 0 0 0 0 0 0 0 0 0 0 0 0 0 0 0 0 0 0 0 0 0 0 0 0 0 0 0 0 0 0 0 0 0 0 0 0 0 0 0 0 0 0 0 0 0 
0 0 0 0 0 0 0 0 0 0 0 0 1 0 0 0 0 0 0 0 0 0 0 0 1 0 0 0 0 0 0 0 0 0 0 0 0 0 0 0 0 0 0 0 0 0 0 0 0 0 0 0 0 0 0 0 0 0 0 0 0 0 0 0 0 0 0 0 0 0 1 0 0 0 0 0 1 0 0 0 0 0 1 0 0 0 0 0 0 0 0 0 0 0 0 0 0 0 0 0 0 0 0 0 0 0 0 0 0 0 0 0 0 0 0 0 0 0 0 0 0 0 0 1 0 0 0 0 0 0 0 0 0 0 0 0 0 0 0 0 0 0 0 1 0 0 0 0 0 0 0 0 0 0 0 0 1 0 0 1 0 0 0 0 1 0 0 0 0 0 0 0 0 0 0 0 0 0 0 0 0 0 0 0 0 0 0 1 0 0 0 0 0 0 0 
0 0 0 0 0 0 0 0 0 0 0 0 0 0 0 0 0 0 0 0 0 0 0 0 0 0 0 0 0 0 0 0 0 0 0 0 0 0 0 0 0 0 0 0 0 1 0 0 0 0 0 0 0 1 0 0 0 0 0 0 1 0 0 0 1 0 0 0 0 0 0 0 0 0 0 0 0 0 0 0 0 0 0 0 0 0 0 0 0 0 0 0 0 0 0 0 0 0 0 1 0 0 0 0 0 0 0 0 1 0 0 0 0 0 1 0 0 0 0 0 0 0 0 0 0 0 0 0 0 0 0 1 0 0 0 0 0 0 0 0 0 0 0 0 0 0 0 0 0 0 0 0 0 0 0 0 0 0 0 0 0 0 0 0 0 0 0 0 0 0 0 0 0 0 0 0 0 0 0 0 0 0 0 0 0 0 0 0 0 0 0 0 0 0 0 
0 0 0 0 0 0 0 0 0 0 0 0 0 0 0 0 0 0 0 0 0 0 0 0 0 0 0 0 0 0 0 0 0 0 0 0 0 0 0 0 0 0 0 0 0 0 0 0 0 1 0 0 0 0 0 0 0 0 1 0 0 0 0 0 0 0 0 0 0 0 0 0 0 0 0 0 0 0 0 0 0 0 0 0 0 0 0 0 0 0 0 0 0 0 0 0 0 0 0 0 0 0 0 0 0 0 0 0 0 0 0 0 0 0 0 0 0 0 0 0 0 0 1 0 0 0 0 0 0 0 1 0 0 0 1 0 0 0 0 0 0 0 0 0 0 0 1 0 0 0 0 0 0 0 0 0 0 0 0 0 0 0 0 0 0 0 0 0 0 0 0 0 0 0 0 0 0 1 1 0 0 0 0 0 0 0 0 0 0 0 0 0 0 0 1 
0 0 0 0 0 0 0 0 0 0 0 0 0 1 0 0 0 0 0 1 0 0 0 0 0 0 0 0 0 0 0 0 0 0 0 0 0 0 0 0 0 0 0 0 0 0 0 0 0 0 0 0 0 0 0 0 0 0 0 0 0 0 0 0 0 1 0 0 0 0 0 0 0 0 0 0 0 0 0 0 0 0 0 0 0 1 0 0 0 0 0 0 0 0 0 0 0 0 0 0 0 0 1 0 0 0 0 0 0 0 0 0 0 0 0 0 0 0 0 0 0 0 0 0 0 0 0 0 0 0 0 0 0 0 0 0 0 0 0 0 1 0 0 0 0 0 0 0 0 0 0 0 0 0 0 0 0 0 0 0 0 1 0 0 0 0 0 0 0 0 0 0 0 0 0 0 0 0 0 0 0 0 1 0 0 0 0 0 0 0 0 0 0 0 0 
0 0 0 0 0 0 0 0 0 0 0 0 0 0 0 0 0 0 1 0 0 0 0 0 0 0 0 0 0 0 0 0 0 1 0 0 0 0 0 0 0 0 0 0 0 0 0 0 0 0 0 1 0 0 0 0 0 0 0 0 0 0 0 0 0 0 0 0 1 0 0 0 0 0 0 0 0 0 0 0 0 0 0 0 0 0 0 0 0 0 0 0 0 0 0 0 0 0 0 0 0 0 0 0 0 0 1 0 0 1 0 0 0 0 0 0 0 0 0 0 0 0 0 0 0 0 0 0 0 1 0 0 0 0 0 0 0 0 0 0 0 0 0 0 0 0 0 0 0 1 0 0 0 0 0 0 0 0 0 0 0 0 0 0 0 1 0 0 0 0 0 0 0 0 0 0 0 0 0 1 0 0 0 0 0 0 0 0 0 1 0 0 0 0 0 
0 0 0 0 0 0 0 1 0 0 0 0 0 0 0 0 0 1 0 0 0 0 0 0 0 0 0 0 0 0 0 0 0 0 0 0 0 0 0 0 0 0 0 0 0 0 0 0 0 0 0 0 0 0 0 0 0 0 0 0 0 0 0 0 0 0 0 0 0 1 0 0 0 0 0 0 0 0 0 0 0 0 0 0 0 0 0 0 0 0 0 0 0 0 0 0 0 0 0 0 0 0 0 0 0 1 0 0 0 0 0 0 0 0 0 0 0 0 0 0 0 0 0 0 0 0 0 0 0 0 0 0 0 0 0 0 0 0 0 0 0 0 0 0 0 0 0 0 0 0 0 0 0 0 0 0 0 0 0 0 0 0 0 0 0 0 0 0 0 0 0 0 0 0 0 0 0 0 0 0 0 0 0 0 0 0 0 0 0 0 0 0 0 0 0 
0 0 0 0 0 0 0 0 0 0 0 0 0 0 0 0 1 0 0 0 1 0 0 0 0 0 0 0 0 0 0 0 0 0 1 0 0 0 0 0 1 0 0 0 0 0 0 0 0 0 0 0 0 0 0 0 0 0 0 0 0 0 0 0 0 0 0 0 0 0 0 0 0 0 0 1 0 0 0 0 0 0 0 0 0 0 0 0 0 0 0 0 0 0 0 0 0 0 0 0 0 0 0 0 0 0 0 0 0 0 0 0 0 0 0 0 0 0 0 0 0 0 0 0 0 0 0 0 0 0 0 0 0 0 0 0 0 0 0 0 0 0 0 0 0 0 0 0 0 0 0 0 0 0 1 0 0 0 0 0 0 0 0 0 0 0 0 0 0 0 0 0 0 0 0 0 0 0 0 0 0 0 0 0 0 0 0 0 0 0 0 0 0 0 0 
0 0 0 0 0 0 0 0 0 0 1 0 0 0 0 0 0 0 0 0 0 0 0 0 0 1 0 0 0 0 0 0 0 0 0 0 0 0 0 0 0 0 0 0 0 0 0 0 0 0 0 0 0 0 0 0 0 0 0 0 0 0 0 0 0 0 0 0 0 0 0 0 0 0 0 0 0 0 0 0 0 0 0 0 0 0 0 0 0 1 0 0 0 0 0 0 0 0 0 0 0 1 0 1 0 0 0 0 0 0 0 0 0 0 0 0 0 0 0 0 0 0 0 0 0 0 0 0 0 0 0 0 0 0 0 0 0 0 0 0 0 0 0 0 0 0 0 0 0 0 0 1 0 1 0 0 0 0 0 0 0 0 0 0 0 0 0 0 0 0 0 0 0 0 0 0 0 0 0 0 0 0 0 0 0 0 0 0 0 0 0 0 1 1 0 
0 0 0 0 0 0 0 0 0 0 0 0 0 0 0 0 0 0 0 0 0 0 0 0 0 0 0 0 0 0 0 1 0 0 0 0 0 0 0 0 0 1 0 1 0 0 0 0 0 0 0 0 0 0 0 0 0 0 0 1 0 0 0 0 0 0 0 0 0 0 0 0 0 0 0 0 0 0 0 0 0 0 0 0 0 0 0 0 0 0 1 0 0 0 0 0 0 0 0 0 0 0 0 0 0 0 0 0 0 0 1 0 0 0 0 0 0 1 0 0 0 0 0 0 0 1 0 0 0 0 0 0 0 1 0 0 0 0 0 0 0 0 1 0 1 0 0 0 1 0 0 0 0 0 0 0 0 1 0 0 0 0 1 0 0 0 0 0 0 0 0 0 0 0 0 0 0 0 0 0 0 0 0 0 0 0 0 0 0 0 0 0 0 0 0 
0 0 0 1 0 0 0 0 0 0 0 0 0 0 0 0 0 0 0 0 0 0 0 0 0 0 0 1 0 0 0 0 0 0 0 0 0 0 0 0 0 0 0 0 0 0 0 0 0 0 0 0 0 0 0 0 1 0 0 0 0 0 1 0 0 0 0 0 0 0 0 0 0 1 0 0 0 0 0 0 0 0 0 0 0 0 0 0 0 0 0 0 0 0 0 0 1 0 0 0 0 0 0 0 0 0 0 0 0 0 0 0 0 0 0 1 0 0 0 1 0 0 0 0 0 0 0 0 0 0 0 0 0 0 0 1 0 0 1 1 0 0 0 0 0 1 0 0 0 0 0 0 1 0 0 0 0 0 0 0 0 0 0 0 0 0 0 0 0 0 0 0 0 0 0 0 0 0 0 0 1 1 0 0 0 0 0 0 0 0 0 0 0 0 0 
0 0 0 0 0 0 0 0 1 0 0 0 0 0 0 0 0 0 0 0 0 0 0 0 0 0 0 0 0 0 0 0 0 0 0 0 0 0 0 0 0 0 0 0 0 0 0 0 0 0 0 0 1 0 0 1 0 1 0 0 0 0 0 1 0 0 0 0 0 0 0 0 0 0 1 0 0 0 0 0 0 0 0 0 1 0 0 0 0 0 0 0 1 0 0 0 0 0 0 0 0 0 0 0 0 0 0 1 0 0 0 1 0 0 0 0 0 0 0 0 0 0 0 0 0 0 1 0 0 0 0 0 0 0 0 0 0 0 0 0 0 0 0 0 0 0 0 0 0 0 0 0 0 0 0 0 0 0 0 0 0 0 0 0 0 0 0 0 0 0 0 0 0 0 0 0 0 0 0 0 0 0 0 0 0 0 0 0 0 0 0 1 0 0 0 
1 0 0 0 0 0 0 0 0 0 0 0 0 0 0 0 0 0 0 0 0 0 0 0 0 0 0 0 0 0 0 0 0 0 0 0 0 0 0 0 0 0 0 0 0 0 0 1 0 0 0 0 0 0 0 0 0 0 0 0 0 0 0 0 0 0 0 1 0 0 0 0 0 0 0 0 0 1 0 0 0 0 0 0 0 0 0 0 0 0 0 0 0 1 0 0 0 0 1 0 0 0 0 0 0 0 0 0 0 0 0 0 0 0 0 0 0 0 0 0 1 0 0 0 0 0 0 0 0 0 0 0 0 0 0 0 0 0 0 0 0 1 0 0 0 0 0 0 0 0 0 0 0 0 0 1 0 0 0 0 0 0 0 0 0 0 0 1 0 0 0 1 0 0 0 1 0 0 0 0 0 0 0 0 0 0 0 0 0 0 0 0 0 0 0 
0 1 0 0 0 0 0 0 0 0 0 0 0 0 0 1 0 0 0 0 0 1 0 0 0 0 0 0 0 0 0 0 0 0 0 0 0 0 1 1 0 0 0 0 0 0 0 0 1 0 0 0 0 0 0 0 0 0 0 0 0 0 0 0 0 0 0 0 0 0 0 0 0 0 0 0 0 0 1 0 0 0 0 0 0 0 1 0 0 0 0 0 0 0 1 0 0 0 0 0 0 0 0 0 0 0 0 0 0 0 0 0 1 0 0 0 0 0 0 0 0 0 0 0 1 0 0 0 0 0 0 0 0 0 0 0 1 0 0 0 0 0 0 0 0 0 0 0 0 0 0 0 0 0 0 0 0 0 0 0 0 0 0 1 0 0 0 0 0 0 0 0 0 0 0 0 0 0 0 0 0 0 0 0 1 0 0 0 1 0 0 0 0 0 0 
0 0 0 0 1 1 0 0 0 1 0 0 0 0 0 0 0 0 0 0 0 0 0 0 0 0 1 0 0 0 0 0 0 0 0 0 1 1 0 0 0 0 0 0 0 0 1 0 0 0 0 0 0 0 0 0 0 0 0 0 0 0 0 0 0 0 0 0 0 0 0 1 1 0 0 0 0 0 0 0 0 0 0 1 0 0 0 0 0 0 0 0 0 0 0 1 0 0 0 0 0 0 0 0 0 0 0 0 0 0 0 0 0 0 0 0 0 0 0 0 0 0 0 0 0 0 0 0 1 0 0 0 0 0 0 0 0 0 0 0 0 0 0 0 0 0 0 0 0 0 0 0 0 0 0 0 0 0 0 0 0 0 0 0 0 0 0 0 1 0 0 0 0 0 0 0 0 0 0 0 0 0 0 0 0 0 0 0 0 0 0 0 0 0 0 
0 0 0 0 0 0 0 0 0 0 0 0 0 0 1 0 0 0 0 0 0 0 0 1 0 0 0 0 0 0 0 0 0 0 0 1 0 0 0 0 0 0 0 0 1 0 0 0 0 0 0 0 0 0 0 0 0 0 0 0 0 1 0 0 0 0 0 0 0 0 0 0 0 0 0 0 0 0 0 0 0 0 0 0 0 0 0 0 0 0 0 0 0 0 0 0 0 0 0 0 0 0 0 0 0 0 0 0 0 0 0 0 0 1 0 0 1 0 0 0 0 0 0 0 0 0 0 1 0 0 0 0 0 0 0 0 0 1 0 0 0 0 0 0 0 0 0 0 0 0 0 0 0 0 0 0 0 0 0 0 0 0 0 0 0 0 1 0 0 1 1 0 1 0 0 0 0 0 0 0 0 0 0 0 0 0 0 0 0 0 0 0 0 0 0 
0 0 0 0 0 0 1 0 0 0 0 1 0 0 0 0 0 0 0 0 0 0 0 0 0 0 0 0 1 0 0 0 0 0 0 0 0 0 0 0 0 0 0 0 0 0 0 0 0 0 1 0 0 0 0 0 0 0 0 0 0 0 0 0 0 0 1 0 0 0 0 0 0 0 0 0 0 0 0 0 0 0 0 0 0 0 0 0 0 0 0 0 0 0 0 0 0 1 0 0 0 0 0 0 0 0 0 0 0 0 0 0 0 0 0 0 0 0 1 0 0 1 0 0 0 0 0 0 0 0 0 0 0 0 0 0 0 0 0 0 0 0 0 0 0 0 0 1 0 0 1 0 0 0 0 0 0 0 0 0 0 0 0 0 0 0 0 0 0 0 0 0 0 0 0 0 1 0 0 0 0 0 0 1 0 0 1 0 0 0 0 0 0 0 0 
161 30 82 25 61 50 20 34 70 17 26 91 181 85 172 113 27 24 12 
3.615202E-04 9.885195E-05 4.072119E-05 2.134554E-06 4.617714E-05 5.145545E-11 1.031304E-04 7.563266E-06 5.349883E-06 2.090832E-06 5.059035E-05 0.000000E+00 5.116470E-04 3.633939E-07 6.661567E-05 1.942068E-04 0.000000E+00 1.134210E-06 4.145093E-05 0.000000E+00 1.183001E-07 3.661319E-06 0.000000E+00 0.000000E+00 0.000000E+00 0.000000E+00 0.000000E+00 3.112451E-04 7.470795E-05 0.000000E+00 0.000000E+00 3.188375E-05 0.000000E+00 0.000000E+00 8.756390E-08 1.516940E-04 1.935378E-05 2.517429E-05 2.348131E-05 6.728016E-05 7.734017E-07 4.368845E-05 8.507557E-04 1.212415E-04 1.701183E-04 7.044219E-06 6.180200E-06 9.629135E-05 1.510128E-05 0.000000E+00 2.612258E-06 8.643798E-06 1.761491E-05 1.499297E-04 0.000000E+00 5.110377E-05 2.223054E-04 2.028828E-05 5.517913E-05 9.420884E-05 0.000000E+00 3.522181E-04 1.257618E-04 6.386996E-05 8.465347E-05 6.168717E-07 2.279531E-04 3.064668E-05 1.136946E-06 0.000000E+00 2.937215E-05 1.923552E-05 2.582102E-04 1.325641E-05 2.569340E-04 1.472461E-09 3.470902E-05 1.211276E-04 5.167083E-06 0.000000E+00 1.106719E-04 0.000000E+00 9.398259E-06 1.098159E-05 0.000000E+00 1.299108E-07 1.990921E-04 1.615533E-07 3.077769E-07 1.123975E-05 0.000000E+00 0.000000E+00 6.070057E-05 9.254620E-06 5.908930E-06 1.859980E-05 4.791969E-05 1.999183E-04 9.995882E-04 2.337974E-04 8.095905E-08 1.136020E-04 1.910938E-10 2.598095E-04 0.000000E+00 5.443009E-07 5.982266E-05 5.539876E-04 6.030784E-04 1.550645E-05 5.258512E-05 1.606925E-04 0.000000E+00 4.057767E-06 4.848646E-05 3.843406E-06 8.835391E-05 6.272037E-04 1.588175E-04 6.345625E-05 5.152439E-06 2.057437E-06 1.453468E-05 8.715006E-05 5.026854E-04 3.447136E-06 2.159572E-04 3.844809E-05 8.192566E-05 4.428150E-05 2.656555E-05 1.125735E-04 0.000000E+00 3.647743E-04 4.586067E-05 1.997954E-05 3.367420E-04 1.731132E-05 2.459183E-05 7.155746E-05 1.848073E-05 9.416022E-04 2.647736E-04 4.399725E-05 2.215293E-05 8.852967E-06 3.334766E-08 6.648535E-06 2.875584E-05 1.728304E-05 1.302438E-06 2.000128E-05 7.547967E-08 1.778718E-04 1.525078E-04 1.171365E-04 3.100747E-04 3.869748E-04 0.000000E+00 2.851064E-04 0.000000E+00 3.417000E-06 1.544718E-04 9.497750E-05 5.695740E-05 5.833784E-05 3.270207E-05 2.148738E-04 1.408763E-04 8.423136E-05 1.435573E-05 0.000000E+00 1.294863E-04 4.219654E-04 3.675276E-05 6.637182E-04 2.476446E-05 5.669798E-05 4.733750E-06 7.402367E-06 0.000000E+00 5.098137E-05 4.277123E-07 1.630117E-04 2.153679E-07 7.058730E-04 5.375091E-05 2.132486E-04 2.432299E-06 2.623664E-05 1.473148E-04 2.505828E-05 6.264826E-05 3.198774E-07 1.358637E-04 
161 101 
30 175 174 191 3 81 43 186 
82 88 89 
25 144 157 77 124 165 160 13 83 71 188 
61 115 132 54 46 100 65 109 
50 131 179 135 123 147 178 59 195 
20 86 66 103 14 183 162 141 
34 69 52 190 180 19 110 166 130 107 150 
70 106 18 8 
17 76 35 21 155 41 
26 194 152 11 193 90 102 154 104 
91 32 149 42 118 126 145 111 158 44 143 163 60 134 
181 97 4 57 153 74 139 63 146 182 116 136 120 28 140 
85 58 93 9 56 53 192 112 64 127 75 108 
172 156 121 48 94 78 68 168 1 142 99 176 
113 22 40 185 95 79 39 189 49 2 16 137 125 164 87 
27 38 84 72 96 5 6 47 37 10 73 129 169 
24 15 117 138 114 171 167 128 45 170 173 36 62 
12 177 187 7 151 122 148 184 51 119 29 98 67 

============Find Best @ Round 2442================
==========Cluster 0, RcvInterf=1.09892e-13============
Node 160, SINR:0.00000e+00, BpsHz:0.00000e+00
Node 100, SINR:4.78895e-02, BpsHz:6.74866e-02
---------------
==========Cluster 1, RcvInterf=4.81537e-13============
Node 29, SINR:0.00000e+00, BpsHz:0.00000e+00
Node 174, SINR:3.87422e-01, BpsHz:6.74866e-02
Node 173, SINR:3.87422e-01, BpsHz:6.74866e-02
Node 190, SINR:3.87422e-01, BpsHz:6.74866e-02
Node 2, SINR:3.87422e-01, BpsHz:6.74866e-02
Node 80, SINR:3.87422e-01, BpsHz:6.74866e-02
Node 42, SINR:3.87422e-01, BpsHz:6.74866e-02
Node 185, SINR:3.87422e-01, BpsHz:6.74866e-02
---------------
==========Cluster 2, RcvInterf=1.72231e-13============
Node 81, SINR:0.00000e+00, BpsHz:0.00000e+00
Node 87, SINR:9.80724e-02, BpsHz:6.74866e-02
Node 88, SINR:9.80724e-02, BpsHz:6.74866e-02
---------------
==========Cluster 3, RcvInterf=4.73177e-13============
Node 24, SINR:0.00000e+00, BpsHz:0.00000e+00
Node 143, SINR:5.96449e-01, BpsHz:6.74866e-02
Node 156, SINR:5.96449e-01, BpsHz:6.74866e-02
Node 76, SINR:5.96449e-01, BpsHz:6.74866e-02
Node 123, SINR:5.96449e-01, BpsHz:6.74866e-02
Node 164, SINR:5.96449e-01, BpsHz:6.74866e-02
Node 159, SINR:5.96449e-01, BpsHz:6.74866e-02
Node 12, SINR:5.96449e-01, BpsHz:6.74866e-02
Node 82, SINR:5.96449e-01, BpsHz:6.74866e-02
Node 70, SINR:5.96449e-01, BpsHz:6.74866e-02
Node 187, SINR:5.96449e-01, BpsHz:6.74866e-02
---------------
==========Cluster 4, RcvInterf=5.53609e-13============
Node 60, SINR:0.00000e+00, BpsHz:0.00000e+00
Node 114, SINR:3.87422e-01, BpsHz:6.74866e-02
Node 131, SINR:3.87422e-01, BpsHz:6.74866e-02
Node 53, SINR:3.87422e-01, BpsHz:6.74866e-02
Node 45, SINR:3.87422e-01, BpsHz:6.74866e-02
Node 99, SINR:3.87422e-01, BpsHz:6.74866e-02
Node 64, SINR:3.87422e-01, BpsHz:6.74866e-02
Node 108, SINR:3.87422e-01, BpsHz:6.74866e-02
---------------
==========Cluster 5, RcvInterf=1.76142e-13============
Node 49, SINR:0.00000e+00, BpsHz:0.00000e+00
Node 130, SINR:4.53865e-01, BpsHz:6.74866e-02
Node 178, SINR:4.53865e-01, BpsHz:6.74866e-02
Node 134, SINR:4.53865e-01, BpsHz:6.74866e-02
Node 122, SINR:4.53865e-01, BpsHz:6.74866e-02
Node 146, SINR:4.53865e-01, BpsHz:6.74866e-02
Node 177, SINR:4.53865e-01, BpsHz:6.74866e-02
Node 58, SINR:4.53865e-01, BpsHz:6.74866e-02
Node 194, SINR:4.53865e-01, BpsHz:6.74866e-02
---------------
==========Cluster 6, RcvInterf=3.34443e-14============
Node 19, SINR:0.00000e+00, BpsHz:0.00000e+00
Node 85, SINR:3.87422e-01, BpsHz:6.74866e-02
Node 65, SINR:3.87422e-01, BpsHz:6.74866e-02
Node 102, SINR:3.87422e-01, BpsHz:6.74866e-02
Node 13, SINR:3.87422e-01, BpsHz:6.74866e-02
Node 182, SINR:3.87422e-01, BpsHz:6.74866e-02
Node 161, SINR:3.87422e-01, BpsHz:6.74866e-02
Node 140, SINR:3.87422e-01, BpsHz:6.74866e-02
---------------
==========Cluster 7, RcvInterf=1.52422e-13============
Node 33, SINR:0.00000e+00, BpsHz:0.00000e+00
Node 68, SINR:5.96449e-01, BpsHz:6.74866e-02
Node 51, SINR:5.96449e-01, BpsHz:6.74866e-02
Node 189, SINR:5.96449e-01, BpsHz:6.74866e-02
Node 179, SINR:5.96449e-01, BpsHz:6.74866e-02
Node 18, SINR:5.96449e-01, BpsHz:6.74866e-02
Node 109, SINR:5.96449e-01, BpsHz:6.74866e-02
Node 165, SINR:5.96449e-01, BpsHz:6.74866e-02
Node 129, SINR:5.96449e-01, BpsHz:6.74866e-02
Node 106, SINR:5.96449e-01, BpsHz:6.74866e-02
Node 149, SINR:5.96449e-01, BpsHz:6.74866e-02
---------------
==========Cluster 8, RcvInterf=4.57990e-13============
Node 69, SINR:0.00000e+00, BpsHz:0.00000e+00
Node 105, SINR:1.50659e-01, BpsHz:6.74866e-02
Node 17, SINR:1.50659e-01, BpsHz:6.74866e-02
Node 7, SINR:1.50659e-01, BpsHz:6.74866e-02
---------------
==========Cluster 9, RcvInterf=5.07064e-13============
Node 16, SINR:0.00000e+00, BpsHz:0.00000e+00
Node 75, SINR:2.63507e-01, BpsHz:6.74866e-02
Node 34, SINR:2.63507e-01, BpsHz:6.74866e-02
Node 20, SINR:2.63507e-01, BpsHz:6.74866e-02
Node 154, SINR:2.63507e-01, BpsHz:6.74866e-02
Node 40, SINR:2.63507e-01, BpsHz:6.74866e-02
---------------
==========Cluster 10, RcvInterf=7.87440e-13============
Node 25, SINR:0.00000e+00, BpsHz:0.00000e+00
Node 193, SINR:4.53865e-01, BpsHz:6.74866e-02
Node 151, SINR:4.53865e-01, BpsHz:6.74866e-02
Node 10, SINR:4.53865e-01, BpsHz:6.74866e-02
Node 192, SINR:4.53865e-01, BpsHz:6.74866e-02
Node 89, SINR:4.53865e-01, BpsHz:6.74866e-02
Node 101, SINR:4.53865e-01, BpsHz:6.74866e-02
Node 153, SINR:4.53865e-01, BpsHz:6.74866e-02
Node 103, SINR:4.53865e-01, BpsHz:6.74866e-02
---------------
==========Cluster 11, RcvInterf=3.92558e-13============
Node 90, SINR:0.00000e+00, BpsHz:0.00000e+00
Node 31, SINR:8.36968e-01, BpsHz:6.74866e-02
Node 148, SINR:8.36967e-01, BpsHz:6.74866e-02
Node 41, SINR:8.36967e-01, BpsHz:6.74866e-02
Node 117, SINR:8.36967e-01, BpsHz:6.74866e-02
Node 125, SINR:8.36967e-01, BpsHz:6.74866e-02
Node 144, SINR:8.36967e-01, BpsHz:6.74866e-02
Node 110, SINR:8.36967e-01, BpsHz:6.74866e-02
Node 157, SINR:8.36967e-01, BpsHz:6.74866e-02
Node 43, SINR:8.36967e-01, BpsHz:6.74866e-02
Node 142, SINR:8.36967e-01, BpsHz:6.74866e-02
Node 162, SINR:8.36967e-01, BpsHz:6.74866e-02
Node 59, SINR:8.36967e-01, BpsHz:6.74866e-02
Node 133, SINR:8.36967e-01, BpsHz:6.74866e-02
---------------
==========Cluster 12, RcvInterf=1.08903e-13============
Node 180, SINR:0.00000e+00, BpsHz:0.00000e+00
Node 96, SINR:9.24939e-01, BpsHz:6.74866e-02
Node 3, SINR:9.24939e-01, BpsHz:6.74866e-02
Node 56, SINR:9.24939e-01, BpsHz:6.74866e-02
Node 152, SINR:9.24939e-01, BpsHz:6.74866e-02
Node 73, SINR:9.24939e-01, BpsHz:6.74866e-02
Node 138, SINR:9.24939e-01, BpsHz:6.74866e-02
Node 62, SINR:9.24939e-01, BpsHz:6.74866e-02
Node 145, SINR:9.24939e-01, BpsHz:6.74866e-02
Node 181, SINR:9.24939e-01, BpsHz:6.74866e-02
Node 115, SINR:9.24939e-01, BpsHz:6.74866e-02
Node 135, SINR:9.24939e-01, BpsHz:6.74866e-02
Node 119, SINR:9.24939e-01, BpsHz:6.74866e-02
Node 27, SINR:9.24939e-01, BpsHz:6.74866e-02
Node 139, SINR:9.24939e-01, BpsHz:6.74866e-02
---------------
==========Cluster 13, RcvInterf=1.74578e-13============
Node 84, SINR:0.00000e+00, BpsHz:0.00000e+00
Node 57, SINR:6.72902e-01, BpsHz:6.74866e-02
Node 92, SINR:6.72902e-01, BpsHz:6.74866e-02
Node 8, SINR:6.72902e-01, BpsHz:6.74866e-02
Node 55, SINR:6.72902e-01, BpsHz:6.74866e-02
Node 52, SINR:6.72902e-01, BpsHz:6.74866e-02
Node 191, SINR:6.72902e-01, BpsHz:6.74866e-02
Node 111, SINR:6.72902e-01, BpsHz:6.74866e-02
Node 63, SINR:6.72902e-01, BpsHz:6.74866e-02
Node 126, SINR:6.72902e-01, BpsHz:6.74866e-02
Node 74, SINR:6.72902e-01, BpsHz:6.74866e-02
Node 107, SINR:6.72902e-01, BpsHz:6.74866e-02
---------------
==========Cluster 14, RcvInterf=5.97097e-13============
Node 171, SINR:0.00000e+00, BpsHz:0.00000e+00
Node 155, SINR:6.72902e-01, BpsHz:6.74866e-02
Node 120, SINR:6.72902e-01, BpsHz:6.74866e-02
Node 47, SINR:6.72902e-01, BpsHz:6.74866e-02
Node 93, SINR:6.72902e-01, BpsHz:6.74866e-02
Node 77, SINR:6.72902e-01, BpsHz:6.74866e-02
Node 67, SINR:6.72902e-01, BpsHz:6.74866e-02
Node 167, SINR:6.72902e-01, BpsHz:6.74866e-02
Node 0, SINR:6.72902e-01, BpsHz:6.74866e-02
Node 141, SINR:6.72902e-01, BpsHz:6.74866e-02
Node 98, SINR:6.72902e-01, BpsHz:6.74866e-02
Node 175, SINR:6.72902e-01, BpsHz:6.74866e-02
---------------
==========Cluster 15, RcvInterf=7.33002e-14============
Node 112, SINR:0.00000e+00, BpsHz:0.00000e+00
Node 21, SINR:9.24939e-01, BpsHz:6.74866e-02
Node 39, SINR:9.24939e-01, BpsHz:6.74866e-02
Node 184, SINR:9.24939e-01, BpsHz:6.74866e-02
Node 94, SINR:9.24939e-01, BpsHz:6.74866e-02
Node 78, SINR:9.24939e-01, BpsHz:6.74866e-02
Node 38, SINR:9.24939e-01, BpsHz:6.74866e-02
Node 188, SINR:9.24939e-01, BpsHz:6.74866e-02
Node 48, SINR:9.24939e-01, BpsHz:6.74866e-02
Node 1, SINR:9.24939e-01, BpsHz:6.74866e-02
Node 15, SINR:9.24939e-01, BpsHz:6.74866e-02
Node 136, SINR:9.24939e-01, BpsHz:6.74866e-02
Node 124, SINR:9.24939e-01, BpsHz:6.74866e-02
Node 163, SINR:9.24939e-01, BpsHz:6.74866e-02
Node 86, SINR:9.24939e-01, BpsHz:6.74866e-02
---------------
==========Cluster 16, RcvInterf=2.63153e-13============
Node 26, SINR:0.00000e+00, BpsHz:0.00000e+00
Node 37, SINR:7.53016e-01, BpsHz:6.74866e-02
Node 83, SINR:7.53016e-01, BpsHz:6.74866e-02
Node 71, SINR:7.53016e-01, BpsHz:6.74866e-02
Node 95, SINR:7.53016e-01, BpsHz:6.74866e-02
Node 4, SINR:7.53016e-01, BpsHz:6.74866e-02
Node 5, SINR:7.53016e-01, BpsHz:6.74866e-02
Node 46, SINR:7.53016e-01, BpsHz:6.74866e-02
Node 36, SINR:7.53016e-01, BpsHz:6.74866e-02
Node 9, SINR:7.53016e-01, BpsHz:6.74866e-02
Node 72, SINR:7.53016e-01, BpsHz:6.74866e-02
Node 128, SINR:7.53016e-01, BpsHz:6.74866e-02
Node 168, SINR:7.53016e-01, BpsHz:6.74866e-02
---------------
==========Cluster 17, RcvInterf=2.79055e-13============
Node 23, SINR:0.00000e+00, BpsHz:0.00000e+00
Node 14, SINR:7.53016e-01, BpsHz:6.74866e-02
Node 116, SINR:7.53016e-01, BpsHz:6.74866e-02
Node 137, SINR:7.53016e-01, BpsHz:6.74866e-02
Node 113, SINR:7.53016e-01, BpsHz:6.74866e-02
Node 170, SINR:7.53016e-01, BpsHz:6.74866e-02
Node 166, SINR:7.53016e-01, BpsHz:6.74866e-02
Node 127, SINR:7.53016e-01, BpsHz:6.74866e-02
Node 44, SINR:7.53016e-01, BpsHz:6.74866e-02
Node 169, SINR:7.53016e-01, BpsHz:6.74866e-02
Node 172, SINR:7.53016e-01, BpsHz:6.74866e-02
Node 35, SINR:7.53016e-01, BpsHz:6.74866e-02
Node 61, SINR:7.53016e-01, BpsHz:6.74866e-02
---------------
==========Cluster 18, RcvInterf=1.18956e-13============
Node 11, SINR:0.00000e+00, BpsHz:0.00000e+00
Node 176, SINR:7.53016e-01, BpsHz:6.74866e-02
Node 186, SINR:7.53016e-01, BpsHz:6.74866e-02
Node 6, SINR:7.53016e-01, BpsHz:6.74866e-02
Node 150, SINR:7.53016e-01, BpsHz:6.74866e-02
Node 121, SINR:7.53016e-01, BpsHz:6.74866e-02
Node 147, SINR:7.53016e-01, BpsHz:6.74866e-02
Node 183, SINR:7.53016e-01, BpsHz:6.74866e-02
Node 50, SINR:7.53016e-01, BpsHz:6.74866e-02
Node 118, SINR:7.53016e-01, BpsHz:6.74866e-02
Node 28, SINR:7.53016e-01, BpsHz:6.74866e-02
Node 97, SINR:7.53016e-01, BpsHz:6.74866e-02
Node 66, SINR:7.53016e-01, BpsHz:6.74866e-02
---------------
