195
23
1.000000e-03
9.067101e-266
163
3000
1.820053e+01
7.751083e-01
1.820053e-05
7.164242e-07
0 0 0 0 0 0 0 0 0 0 0 0 0 0 0 0 0 0 0 0 0 0 0 0 1 0 0 0 0 0 0 0 0 0 0 0 0 0 0 0 0 0 0 0 0 0 0 0 0 0 0 0 0 0 0 0 0 0 0 0 0 0 0 0 0 0 0 0 0 0 0 0 0 0 0 0 1 0 0 0 0 0 1 0 0 0 0 0 0 0 0 0 0 0 0 0 0 0 0 0 0 0 0 0 0 0 0 0 0 0 0 0 0 0 0 0 0 0 0 0 0 0 0 0 0 0 0 0 0 0 0 0 0 0 0 0 0 0 0 0 0 0 0 1 0 0 0 0 0 0 0 0 0 0 0 0 1 0 0 1 0 0 0 0 0 0 0 0 0 0 0 0 0 0 0 0 0 0 0 0 0 0 0 0 0 0 0 0 0 0 0 0 0 0 0 
0 0 1 0 0 0 0 0 0 0 0 0 0 0 0 0 0 0 0 0 0 0 0 0 0 0 0 0 0 1 0 0 0 0 0 0 0 0 0 0 0 0 1 0 0 0 0 0 0 0 0 0 0 0 0 0 0 0 0 0 0 1 0 0 0 0 0 0 0 0 0 0 0 0 0 0 0 0 0 0 0 0 0 0 0 0 0 0 0 0 0 0 0 0 0 0 0 0 0 0 0 0 0 0 0 0 0 0 0 0 0 0 0 0 0 0 0 0 0 0 0 0 0 0 0 0 0 0 0 0 0 0 0 0 0 0 0 0 0 0 0 0 0 0 0 0 0 0 0 0 0 0 0 0 0 0 0 0 0 0 0 0 0 0 0 0 0 0 0 0 0 0 0 1 1 0 0 0 0 0 0 0 0 0 0 0 0 0 0 0 1 0 0 0 0 
1 0 0 0 0 0 0 0 0 0 0 0 0 0 0 0 0 0 0 0 0 0 0 0 0 0 0 0 0 0 0 0 0 0 0 0 0 0 0 0 0 0 0 1 0 0 0 0 0 0 0 0 0 0 0 0 0 0 0 1 0 0 0 0 0 0 0 0 0 0 0 0 0 0 0 0 0 0 0 0 0 0 0 0 0 0 0 0 0 0 0 0 0 1 0 0 0 0 0 0 0 0 0 0 0 0 0 0 0 0 1 0 0 0 0 0 0 0 0 0 0 0 0 0 0 1 0 0 0 0 0 0 0 0 0 0 0 0 0 0 0 0 0 0 0 0 0 0 1 0 0 0 0 0 0 0 0 0 0 0 0 0 1 0 0 0 0 1 0 0 0 1 0 0 0 0 0 0 0 0 0 0 0 0 0 0 0 0 0 0 0 0 0 0 0 
0 0 0 0 0 0 0 0 0 0 0 0 0 0 1 0 0 0 0 0 0 0 0 1 0 0 0 0 0 0 0 0 0 0 0 1 0 0 0 0 0 0 0 0 1 0 0 0 0 0 0 0 0 0 0 0 0 0 0 0 0 0 0 0 0 0 0 0 0 0 0 0 0 0 0 0 0 0 0 0 0 0 0 0 0 0 0 0 0 0 0 0 0 0 0 0 0 0 0 0 0 0 0 0 0 0 0 0 0 0 0 0 0 1 0 0 1 0 0 0 0 0 0 0 0 0 0 0 0 0 0 0 0 0 0 0 0 1 0 0 0 0 0 0 0 0 0 0 0 0 0 0 0 0 0 0 0 0 0 0 0 0 0 0 0 0 1 0 0 0 1 0 1 0 0 0 0 0 0 0 0 0 0 0 0 0 0 0 0 0 0 0 0 0 0 
0 0 0 0 0 0 0 0 0 1 0 0 0 0 0 0 0 0 0 0 0 0 0 0 0 0 0 0 0 0 0 0 0 0 0 0 1 1 0 0 0 0 0 0 0 1 0 0 0 0 0 0 0 0 0 0 0 0 0 0 0 0 0 0 1 0 0 0 0 0 0 0 1 0 0 0 0 0 0 0 0 0 0 0 0 0 0 0 0 0 0 0 0 0 0 0 0 0 0 0 0 0 0 0 0 0 0 0 1 0 0 0 0 0 0 0 0 0 0 0 0 0 0 0 0 0 0 0 0 0 0 1 0 0 0 0 0 0 0 0 0 0 0 0 0 0 0 0 0 0 0 0 0 0 0 0 0 0 0 0 0 0 0 0 0 0 0 0 0 0 0 0 0 0 0 0 0 0 0 0 0 0 0 0 0 0 0 0 0 0 0 0 0 0 0 
0 0 0 0 1 1 0 1 0 0 0 0 0 0 0 0 0 1 0 0 0 0 0 0 0 0 1 0 0 0 0 0 0 0 0 0 0 0 0 0 0 0 0 0 0 0 1 0 0 0 0 0 0 0 0 0 0 0 0 0 0 0 0 0 0 0 0 0 0 1 0 1 0 0 0 0 0 1 0 0 0 0 0 1 0 0 0 1 0 0 0 0 0 0 0 1 0 0 0 0 0 0 0 0 1 1 0 0 0 0 0 0 0 0 0 0 0 0 0 0 0 0 0 0 0 0 0 0 1 0 0 0 0 0 0 0 0 0 0 0 0 0 0 0 0 0 0 0 0 0 0 0 0 0 0 0 0 0 0 0 0 0 0 0 0 0 0 0 1 0 0 0 0 0 0 0 0 0 0 0 0 0 0 0 0 0 0 0 0 0 0 0 0 0 0 
0 0 0 0 0 0 0 0 0 0 0 0 0 0 0 0 1 0 0 0 1 0 0 0 0 0 0 0 0 0 0 0 0 0 1 0 0 0 0 0 0 0 0 0 0 0 0 1 0 0 0 0 0 0 0 0 0 0 0 0 0 0 0 0 0 0 0 1 0 0 0 0 0 0 0 1 0 0 0 0 1 0 0 0 0 0 0 0 0 0 0 0 0 0 0 0 0 0 1 0 0 0 0 0 0 0 0 0 0 0 0 0 0 0 0 0 0 0 0 0 1 0 0 0 0 0 0 0 0 0 0 0 0 0 0 0 0 0 0 0 0 1 0 0 0 0 0 0 0 0 0 0 0 0 1 1 0 0 0 0 0 0 0 0 0 0 0 0 0 0 0 0 0 0 0 1 0 0 0 0 0 0 0 0 0 1 0 0 0 0 0 0 0 0 0 
0 1 0 0 0 0 0 0 0 0 0 0 0 0 0 0 0 0 0 0 0 1 0 0 0 0 0 0 0 0 0 0 0 0 0 0 0 0 0 1 0 0 0 0 0 0 0 0 1 0 0 0 0 0 0 0 0 0 0 0 0 0 0 0 0 0 0 0 0 0 0 0 0 0 0 0 0 0 1 0 0 0 0 0 0 0 0 0 0 0 0 0 0 0 1 0 0 0 0 0 0 0 0 0 0 0 0 0 0 0 0 0 1 0 0 0 0 0 0 0 0 0 0 0 1 0 0 0 0 0 0 0 0 0 0 0 0 0 0 0 0 0 0 0 0 0 0 0 0 0 0 0 0 0 0 0 0 0 0 0 0 0 0 0 0 0 0 0 0 0 0 0 0 0 0 0 0 0 0 0 0 0 0 0 1 0 0 0 1 0 0 0 0 0 0 
0 0 0 0 0 0 0 0 0 0 0 0 0 0 0 0 0 0 0 0 0 0 0 0 0 0 0 0 0 0 0 0 0 0 0 0 0 0 0 0 0 0 0 0 0 0 0 0 0 1 0 0 0 0 0 0 0 0 0 0 0 0 0 0 0 0 0 0 0 0 0 0 0 0 0 0 0 0 0 0 0 0 0 0 0 0 0 0 0 0 0 0 0 0 0 0 0 0 0 0 0 0 0 0 0 0 0 0 0 0 0 0 0 0 0 0 0 0 0 0 0 0 1 0 0 0 0 0 0 0 1 0 0 0 0 0 0 0 0 0 0 0 0 0 0 0 1 0 0 0 0 0 0 0 0 0 0 0 0 0 0 0 0 0 0 0 0 0 0 0 0 0 0 0 0 0 0 1 1 0 0 0 0 0 0 0 0 0 0 0 0 0 0 0 0 
0 0 0 0 0 0 1 0 0 0 0 1 0 0 0 0 0 0 0 0 0 0 0 0 0 0 0 0 1 0 0 0 0 0 0 0 0 0 0 0 0 0 0 0 0 0 0 0 0 0 1 0 0 0 0 0 0 0 0 0 0 0 0 0 0 0 0 0 0 0 0 0 0 0 0 0 0 0 0 0 0 0 0 0 0 0 0 0 0 0 0 0 0 0 0 0 0 0 0 0 0 0 0 0 0 0 0 0 0 0 0 0 0 0 0 0 0 0 1 0 0 1 0 0 0 0 0 0 0 0 0 0 0 0 0 0 0 0 0 0 0 0 0 0 0 0 0 1 0 0 1 0 0 0 0 0 0 0 0 0 0 0 0 1 0 0 0 0 0 0 0 0 0 0 0 0 1 0 0 0 0 0 0 1 0 0 1 0 0 0 0 0 0 0 0 
0 0 0 0 0 0 0 0 0 0 0 0 0 0 0 0 0 0 1 0 0 0 0 0 0 0 0 0 0 0 0 0 0 1 0 0 0 0 0 0 0 0 0 0 0 0 0 0 0 0 0 1 0 0 0 0 0 0 0 0 0 0 0 0 0 0 0 0 1 0 0 0 0 0 0 0 0 0 0 0 0 0 0 0 0 0 0 0 0 0 0 0 0 0 0 0 0 0 0 0 0 0 0 0 0 0 1 0 0 1 0 0 0 0 0 0 0 0 0 0 0 0 0 0 0 0 0 0 0 1 0 0 0 0 0 0 0 0 0 0 0 0 0 0 0 0 0 0 0 0 0 0 0 0 0 0 0 0 0 0 0 0 0 0 0 1 0 0 0 0 0 0 0 0 0 0 0 0 0 1 0 0 0 0 0 0 0 0 0 1 0 0 0 0 0 
0 0 0 0 0 0 0 0 0 0 0 0 0 0 0 0 0 0 0 0 0 0 0 0 0 0 0 0 0 0 0 0 0 0 0 0 0 0 0 0 0 0 0 0 0 0 0 0 0 0 0 0 1 0 0 0 0 0 0 0 0 0 0 1 0 0 0 0 0 0 0 0 0 0 1 0 0 0 0 0 0 0 0 0 0 0 0 0 0 0 0 0 1 0 0 0 0 0 0 0 0 0 0 0 0 0 0 1 0 0 0 1 0 0 0 0 0 0 0 0 0 0 0 0 0 0 1 0 0 0 0 0 0 0 0 0 0 0 0 0 0 0 0 0 0 0 0 0 0 0 0 0 0 0 0 0 0 0 0 0 0 0 0 0 0 0 0 0 0 0 0 0 0 0 0 0 0 0 0 0 0 0 0 0 0 0 0 0 0 0 0 0 0 0 0 
0 0 0 0 0 0 0 0 0 0 0 0 0 0 0 0 0 0 0 0 0 0 0 0 0 0 0 0 0 0 0 0 0 0 0 0 0 0 0 0 0 0 0 0 0 0 0 0 0 0 0 0 0 1 0 0 0 0 0 0 0 0 0 0 0 0 0 0 0 0 0 0 0 0 0 0 0 0 0 0 0 0 0 0 0 0 0 0 0 0 0 0 0 0 0 0 0 0 0 1 0 0 0 0 0 0 0 0 0 0 0 0 0 0 0 0 0 0 0 0 0 0 0 0 0 0 0 0 0 0 0 0 0 0 0 0 0 0 0 0 0 0 0 0 0 0 0 0 0 0 0 0 0 0 0 0 0 0 0 0 0 0 0 0 0 0 0 0 0 0 0 0 0 0 0 0 0 0 0 0 0 0 0 0 0 0 0 0 0 0 0 0 0 0 0 
0 0 0 0 0 0 0 0 0 0 0 0 0 1 0 0 0 0 0 1 0 0 0 0 0 0 0 0 0 0 0 0 0 0 0 0 0 0 0 0 0 0 0 0 0 0 0 0 0 0 0 0 0 0 1 0 0 0 0 0 0 0 0 0 0 1 0 0 0 0 0 0 0 0 0 0 0 0 0 0 0 0 0 0 0 1 0 0 1 0 0 0 0 0 0 0 0 0 0 0 1 0 1 0 0 0 0 0 0 0 0 0 0 0 0 0 0 0 0 0 0 0 0 0 0 0 0 0 0 0 0 0 0 0 0 0 0 0 0 0 0 0 0 0 0 0 0 0 0 0 0 0 0 0 0 0 0 0 0 0 1 1 0 0 0 0 0 0 0 0 0 0 0 0 0 0 0 0 0 0 0 0 1 0 0 0 0 0 0 0 0 0 0 0 0 
0 0 0 0 0 0 0 0 0 0 0 0 0 0 0 0 0 0 0 0 0 0 0 0 0 0 0 0 0 0 1 0 1 0 0 0 0 0 0 0 0 0 0 0 0 0 0 0 0 0 0 0 0 0 0 0 0 0 0 0 0 0 0 0 0 0 1 0 0 0 1 0 0 0 0 0 0 0 0 0 0 0 0 0 0 0 0 0 0 0 0 0 0 0 0 0 0 1 0 0 0 0 0 1 0 0 0 0 0 0 0 0 0 0 0 0 0 0 0 0 0 0 0 0 0 0 0 0 0 0 0 0 0 0 0 0 0 0 0 0 0 0 0 0 0 0 0 0 0 0 0 1 0 1 0 0 0 0 0 0 0 0 0 0 0 0 0 0 0 0 0 0 0 0 0 0 0 0 0 0 0 0 0 0 0 0 0 0 0 0 0 0 0 0 0 
0 0 0 0 0 0 0 0 0 0 0 0 0 0 0 0 0 0 0 0 0 0 0 0 0 0 0 1 0 0 0 0 0 0 0 0 0 0 0 0 0 0 0 0 0 0 0 0 0 0 0 0 0 0 0 0 1 0 0 0 0 0 1 0 0 0 0 0 0 0 0 0 0 0 0 0 0 0 0 0 0 0 0 0 0 0 0 0 0 0 0 0 0 0 0 0 1 0 0 0 0 0 0 0 0 0 0 0 0 0 0 0 0 0 0 1 0 0 0 0 0 0 0 0 0 0 0 0 0 0 0 0 0 0 0 0 0 0 1 0 0 0 0 0 0 0 0 0 0 0 0 0 1 0 0 0 0 0 0 0 0 0 0 0 0 0 0 0 0 0 0 0 0 0 0 0 0 0 0 0 0 0 0 0 0 0 0 0 0 0 0 0 0 0 0 
0 0 0 0 0 0 0 0 1 0 0 0 0 0 0 0 0 0 0 0 0 0 0 0 0 0 0 0 0 0 0 0 0 0 0 0 0 0 0 0 0 0 0 0 0 0 0 0 0 0 0 0 0 0 0 1 0 1 0 0 0 0 0 0 0 0 0 0 0 0 0 0 0 0 0 0 0 0 0 0 0 0 0 0 1 0 0 0 0 0 0 0 0 0 0 0 0 0 0 0 0 0 0 0 0 0 0 0 0 0 0 0 0 0 0 0 0 0 0 0 0 0 0 0 0 0 0 0 0 0 0 0 0 0 0 0 0 0 0 0 0 0 0 0 0 0 0 0 0 0 0 0 0 0 0 0 0 0 0 0 0 0 0 0 0 0 0 0 0 0 0 0 0 0 0 0 0 0 0 0 0 0 0 0 0 0 0 0 0 0 0 1 0 0 0 
0 0 0 0 0 0 0 0 0 0 0 0 0 0 0 1 0 0 0 0 0 0 0 0 0 0 0 0 0 0 0 0 0 0 0 0 0 0 1 0 0 0 0 0 0 0 0 0 0 0 0 0 0 0 0 0 0 0 1 0 0 0 0 0 0 0 0 0 0 0 0 0 0 0 0 0 0 0 0 0 0 0 0 0 0 0 1 0 0 0 0 0 0 0 0 0 0 0 0 0 0 0 0 0 0 0 0 0 0 0 0 0 0 0 0 0 0 0 0 0 0 0 0 0 0 0 0 0 0 0 0 0 1 0 1 0 1 0 0 0 0 0 0 0 0 0 0 0 0 0 0 0 0 0 0 0 0 0 0 0 0 0 0 0 0 0 0 0 0 0 0 0 0 0 0 0 0 0 0 0 0 0 0 0 0 0 0 0 0 0 0 0 0 0 1 
0 0 0 0 0 0 0 0 0 0 0 0 0 0 0 0 0 0 0 0 0 0 0 0 0 0 0 0 0 0 0 1 0 0 0 0 0 0 0 0 0 1 0 0 0 0 0 0 0 0 0 0 0 0 0 0 0 0 0 0 0 0 0 0 0 0 0 0 0 0 0 0 0 0 0 0 0 0 0 0 0 0 0 0 0 0 0 0 0 0 1 0 0 0 0 0 0 0 0 0 0 0 0 0 0 0 0 0 0 0 0 0 0 0 0 0 0 1 0 0 0 0 0 1 0 0 0 0 0 0 0 0 0 1 0 0 0 0 0 0 0 0 1 0 1 0 0 0 0 0 0 0 0 0 0 0 0 1 0 0 0 0 0 0 0 0 0 0 0 0 0 0 0 0 0 0 0 0 0 0 0 0 0 0 0 0 0 1 0 0 0 0 0 0 0 
0 0 0 0 0 0 0 0 0 0 0 0 0 0 0 0 0 0 0 0 0 0 0 0 0 0 0 0 0 0 0 0 0 0 0 0 0 0 0 0 0 0 0 0 0 0 0 0 0 0 0 0 0 0 0 0 0 0 0 0 1 0 0 0 0 0 0 0 0 0 0 0 0 0 0 0 0 0 0 0 0 0 0 0 0 0 0 0 0 0 0 0 0 0 0 0 0 0 0 0 0 0 0 0 0 0 0 0 0 0 0 0 0 0 0 0 0 0 0 0 0 0 0 0 0 0 0 0 0 0 0 0 0 0 0 0 0 0 0 0 0 0 0 0 0 0 0 0 0 0 0 0 0 0 0 0 0 0 0 0 0 0 0 0 0 0 0 0 0 0 0 0 0 0 0 0 0 0 0 0 0 0 0 0 0 0 0 0 0 0 0 0 0 0 0 
0 0 0 1 0 0 0 0 0 0 0 0 0 0 0 0 0 0 0 0 0 0 0 0 0 0 0 0 0 0 0 0 0 0 0 0 0 0 0 0 0 0 0 0 0 0 0 0 0 0 0 0 0 0 0 0 0 0 0 0 0 0 0 0 0 0 0 0 0 0 0 0 0 0 0 0 0 0 0 0 0 0 0 0 0 0 0 0 0 0 0 0 0 0 0 0 0 0 0 0 0 0 0 0 0 0 0 0 0 0 0 0 0 0 0 0 0 0 0 1 0 0 0 0 0 0 0 0 0 0 0 0 0 0 0 0 0 0 0 0 0 0 0 0 0 1 0 0 0 0 0 0 0 0 0 0 0 0 0 0 0 0 0 0 0 0 0 0 0 0 0 0 0 0 0 0 0 0 0 0 1 0 0 0 0 0 0 0 0 0 0 0 0 0 0 
0 0 0 0 0 0 0 0 0 0 0 0 0 0 0 0 0 0 0 0 0 0 0 0 0 0 0 0 0 0 0 0 0 0 0 0 0 0 0 0 1 0 0 0 0 0 0 0 0 0 0 0 0 0 0 0 0 0 0 0 0 0 0 0 0 0 0 0 0 0 0 0 0 1 0 0 0 0 0 0 0 0 0 0 0 0 0 0 0 0 0 1 0 0 0 0 0 0 0 0 0 0 0 0 0 0 0 0 0 0 0 0 0 0 0 0 0 0 0 0 0 0 0 0 0 0 0 0 0 0 0 0 0 0 0 1 0 0 0 1 1 0 0 0 0 0 0 0 0 0 0 0 0 0 0 0 0 0 1 0 0 0 0 0 0 0 0 0 0 0 0 0 0 0 0 0 0 0 0 0 0 1 0 0 0 0 0 0 0 0 0 0 0 0 0 
0 0 0 0 0 0 0 0 0 0 1 0 0 0 0 0 0 0 0 0 0 0 0 0 0 1 0 0 0 0 0 0 0 0 0 0 0 0 0 0 0 0 0 0 0 0 0 0 0 0 0 0 0 0 0 0 0 0 0 0 0 0 0 0 0 0 0 0 0 0 0 0 0 0 0 0 0 0 0 0 0 0 0 0 0 0 0 0 0 1 0 0 0 0 0 0 0 0 0 0 0 1 0 0 0 0 0 0 0 0 0 0 0 0 0 0 0 0 0 0 0 0 0 0 0 0 0 0 0 0 0 0 0 0 0 0 0 0 0 0 0 0 0 0 0 0 0 0 0 0 0 0 0 0 0 0 0 0 0 0 0 0 0 0 0 0 0 0 0 0 0 0 0 0 0 0 0 0 0 0 0 0 0 0 0 0 0 0 0 0 0 0 1 1 0 
83 3 44 114 65 72 155 22 179 12 69 75 100 14 104 97 9 87 32 61 146 136 90 
2.496191E-05 2.878932E-06 0.000000E+00 2.957514E-08 3.724655E-05 5.576682E-05 3.727050E-05 1.479559E-07 0.000000E+00 1.866677E-05 1.758448E-05 0.000000E+00 0.000000E+00 0.000000E+00 9.313973E-07 6.048365E-08 5.383855E-04 1.211979E-05 7.618388E-06 3.985556E-06 7.723093E-04 0.000000E+00 0.000000E+00 4.495985E-07 1.080952E-06 4.184100E-06 4.651086E-05 1.420587E-05 2.699884E-05 1.571601E-05 1.607892E-05 0.000000E+00 1.277197E-05 1.540978E-07 2.464755E-04 3.031880E-06 4.962938E-05 4.326817E-06 2.848345E-06 6.346289E-06 2.197399E-04 1.210706E-05 5.087494E-05 0.000000E+00 8.854667E-06 7.847205E-07 1.636767E-05 8.233701E-05 3.103058E-05 5.919654E-07 9.440488E-07 2.264863E-08 4.790179E-06 4.501301E-09 1.461240E-04 3.146207E-07 6.484192E-07 4.212832E-06 2.903218E-06 1.875329E-05 0.000000E+00 7.167755E-05 8.071708E-07 1.694942E-05 0.000000E+00 1.432733E-05 5.232147E-05 4.708211E-04 0.000000E+00 1.366777E-04 6.887512E-06 0.000000E+00 1.876712E-07 1.091278E-06 0.000000E+00 5.925767E-04 1.354166E-08 4.150502E-04 1.619543E-06 0.000000E+00 1.702025E-06 0.000000E+00 0.000000E+00 1.204148E-04 1.367443E-06 4.287073E-05 0.000000E+00 3.299868E-04 2.613876E-04 0.000000E+00 9.250635E-06 1.054890E-05 7.756090E-06 2.295835E-04 2.691644E-05 1.625571E-05 0.000000E+00 2.478608E-05 2.916310E-04 0.000000E+00 9.990410E-04 3.177956E-06 7.163929E-06 0.000000E+00 7.461410E-04 3.905983E-04 6.139165E-06 5.250124E-06 5.532168E-06 9.859901E-08 1.911759E-06 1.613083E-06 1.487001E-06 0.000000E+00 0.000000E+00 2.720772E-06 2.418351E-06 5.591943E-05 5.739534E-05 5.006242E-07 4.924239E-04 7.435410E-07 9.243681E-07 7.655401E-05 4.072512E-05 8.058451E-06 3.878386E-06 0.000000E+00 4.972171E-05 1.294864E-05 4.199306E-08 7.653859E-06 8.976218E-06 1.263950E-05 1.173751E-06 0.000000E+00 3.925476E-07 3.745012E-06 9.850000E-08 5.274115E-07 1.130316E-05 2.398593E-05 1.676830E-06 7.863542E-06 3.338970E-05 0.000000E+00 7.854230E-07 2.402726E-06 8.129489E-05 0.000000E+00 4.706905E-07 1.774270E-06 3.045953E-06 2.521034E-06 0.000000E+00 9.667937E-05 2.064970E-05 1.339712E-04 7.238046E-06 1.254111E-05 2.981153E-04 1.014559E-04 6.119766E-05 7.477063E-05 0.000000E+00 1.665584E-06 3.946704E-06 1.243980E-06 2.331933E-04 0.000000E+00 4.067645E-08 1.664488E-04 1.330659E-06 1.047990E-05 1.303508E-06 1.720976E-06 8.949674E-06 5.943454E-07 0.000000E+00 3.510837E-06 1.656368E-06 1.377197E-06 8.193747E-05 5.891109E-05 7.839929E-06 4.416017E-05 1.942514E-05 2.787820E-05 9.899945E-08 4.441543E-07 4.005482E-06 7.162637E-08 6.816149E-07 7.342014E-07 1.184374E-05 
83 77 25 144 160 157 
3 191 175 30 174 43 62 
44 168 111 1 126 94 172 60 163 149 
114 138 15 173 171 117 45 36 167 24 
65 38 132 73 46 37 109 10 
72 8 88 47 169 129 27 96 18 6 84 70 105 78 5 106 
155 81 156 186 142 76 48 99 176 121 21 35 17 68 
22 2 189 125 113 185 79 95 40 49 
179 178 147 123 50 131 
12 122 151 51 177 184 148 29 187 119 7 164 
69 52 166 34 180 110 107 19 190 130 
75 112 53 127 108 93 64 
100 54 
14 55 20 161 86 162 89 183 66 103 101 
104 152 154 71 31 33 98 67 
97 139 116 63 57 28 153 
9 192 56 85 58 
87 16 59 135 137 39 133 195 
32 143 42 134 118 158 91 188 124 145 
61 
146 4 120 181 
136 74 92 159 141 182 140 41 
90 193 194 102 26 11 

============Find Best @ Round 1048================
==========Cluster 0, RcvInterf=1.00864e-13============
Node 82, SINR:0.00000e+00, BpsHz:0.00000e+00
Node 76, SINR:2.83479e-01, BpsHz:7.20120e-02
Node 24, SINR:2.83479e-01, BpsHz:7.20120e-02
Node 143, SINR:2.83479e-01, BpsHz:7.20120e-02
Node 159, SINR:2.83479e-01, BpsHz:7.20120e-02
Node 156, SINR:2.83479e-01, BpsHz:7.20120e-02
---------------
==========Cluster 1, RcvInterf=1.95913e-13============
Node 2, SINR:0.00000e+00, BpsHz:0.00000e+00
Node 190, SINR:3.49170e-01, BpsHz:7.20120e-02
Node 174, SINR:3.49170e-01, BpsHz:7.20120e-02
Node 29, SINR:3.49170e-01, BpsHz:7.20120e-02
Node 173, SINR:3.49170e-01, BpsHz:7.20120e-02
Node 42, SINR:3.49170e-01, BpsHz:7.20120e-02
Node 61, SINR:3.49170e-01, BpsHz:7.20120e-02
---------------
==========Cluster 2, RcvInterf=4.33642e-13============
Node 43, SINR:0.00000e+00, BpsHz:0.00000e+00
Node 167, SINR:5.67111e-01, BpsHz:7.20120e-02
Node 110, SINR:5.67111e-01, BpsHz:7.20120e-02
Node 0, SINR:5.67111e-01, BpsHz:7.20120e-02
Node 125, SINR:5.67111e-01, BpsHz:7.20120e-02
Node 93, SINR:5.67111e-01, BpsHz:7.20120e-02
Node 171, SINR:5.67111e-01, BpsHz:7.20120e-02
Node 59, SINR:5.67111e-01, BpsHz:7.20120e-02
Node 162, SINR:5.67111e-01, BpsHz:7.20120e-02
Node 148, SINR:5.67111e-01, BpsHz:7.20120e-02
---------------
==========Cluster 3, RcvInterf=2.57030e-14============
Node 113, SINR:0.00000e+00, BpsHz:0.00000e+00
Node 137, SINR:5.67111e-01, BpsHz:7.20120e-02
Node 14, SINR:5.67111e-01, BpsHz:7.20120e-02
Node 172, SINR:5.67111e-01, BpsHz:7.20120e-02
Node 170, SINR:5.67111e-01, BpsHz:7.20120e-02
Node 116, SINR:5.67111e-01, BpsHz:7.20120e-02
Node 44, SINR:5.67111e-01, BpsHz:7.20120e-02
Node 35, SINR:5.67111e-01, BpsHz:7.20120e-02
Node 166, SINR:5.67111e-01, BpsHz:7.20120e-02
Node 23, SINR:5.67111e-01, BpsHz:7.20120e-02
---------------
==========Cluster 4, RcvInterf=1.08505e-13============
Node 64, SINR:0.00000e+00, BpsHz:0.00000e+00
Node 37, SINR:4.18222e-01, BpsHz:7.20120e-02
Node 131, SINR:4.18222e-01, BpsHz:7.20120e-02
Node 72, SINR:4.18222e-01, BpsHz:7.20120e-02
Node 45, SINR:4.18222e-01, BpsHz:7.20120e-02
Node 36, SINR:4.18222e-01, BpsHz:7.20120e-02
Node 108, SINR:4.18222e-01, BpsHz:7.20120e-02
Node 9, SINR:4.18222e-01, BpsHz:7.20120e-02
---------------
==========Cluster 5, RcvInterf=4.41405e-13============
Node 71, SINR:0.00000e+00, BpsHz:0.00000e+00
Node 7, SINR:1.11430e+00, BpsHz:7.20120e-02
Node 87, SINR:1.11430e+00, BpsHz:7.20120e-02
Node 46, SINR:1.11430e+00, BpsHz:7.20120e-02
Node 168, SINR:1.11430e+00, BpsHz:7.20120e-02
Node 128, SINR:1.11430e+00, BpsHz:7.20120e-02
Node 26, SINR:1.11430e+00, BpsHz:7.20120e-02
Node 95, SINR:1.11430e+00, BpsHz:7.20120e-02
Node 17, SINR:1.11430e+00, BpsHz:7.20120e-02
Node 5, SINR:1.11430e+00, BpsHz:7.20120e-02
Node 83, SINR:1.11430e+00, BpsHz:7.20120e-02
Node 69, SINR:1.11430e+00, BpsHz:7.20120e-02
Node 104, SINR:1.11430e+00, BpsHz:7.20120e-02
Node 77, SINR:1.11430e+00, BpsHz:7.20120e-02
Node 4, SINR:1.11430e+00, BpsHz:7.20120e-02
Node 105, SINR:1.11430e+00, BpsHz:7.20120e-02
---------------
==========Cluster 6, RcvInterf=5.16729e-13============
Node 154, SINR:0.00000e+00, BpsHz:0.00000e+00
Node 80, SINR:9.13423e-01, BpsHz:7.20120e-02
Node 155, SINR:9.13423e-01, BpsHz:7.20120e-02
Node 185, SINR:9.13423e-01, BpsHz:7.20120e-02
Node 141, SINR:9.13423e-01, BpsHz:7.20120e-02
Node 75, SINR:9.13423e-01, BpsHz:7.20120e-02
Node 47, SINR:9.13423e-01, BpsHz:7.20120e-02
Node 98, SINR:9.13423e-01, BpsHz:7.20120e-02
Node 175, SINR:9.13423e-01, BpsHz:7.20120e-02
Node 120, SINR:9.13423e-01, BpsHz:7.20120e-02
Node 20, SINR:9.13423e-01, BpsHz:7.20120e-02
Node 34, SINR:9.13423e-01, BpsHz:7.20120e-02
Node 16, SINR:9.13423e-01, BpsHz:7.20120e-02
Node 67, SINR:9.13423e-01, BpsHz:7.20120e-02
---------------
==========Cluster 7, RcvInterf=4.24770e-14============
Node 21, SINR:0.00000e+00, BpsHz:0.00000e+00
Node 1, SINR:5.67111e-01, BpsHz:7.20120e-02
Node 188, SINR:5.67111e-01, BpsHz:7.20120e-02
Node 124, SINR:5.67111e-01, BpsHz:7.20120e-02
Node 112, SINR:5.67111e-01, BpsHz:7.20120e-02
Node 184, SINR:5.67111e-01, BpsHz:7.20120e-02
Node 78, SINR:5.67111e-01, BpsHz:7.20120e-02
Node 94, SINR:5.67111e-01, BpsHz:7.20120e-02
Node 39, SINR:5.67111e-01, BpsHz:7.20120e-02
Node 48, SINR:5.67111e-01, BpsHz:7.20120e-02
---------------
==========Cluster 8, RcvInterf=2.08702e-14============
Node 178, SINR:0.00000e+00, BpsHz:0.00000e+00
Node 177, SINR:2.83479e-01, BpsHz:7.20120e-02
Node 146, SINR:2.83479e-01, BpsHz:7.20120e-02
Node 122, SINR:2.83479e-01, BpsHz:7.20120e-02
Node 49, SINR:2.83479e-01, BpsHz:7.20120e-02
Node 130, SINR:2.83479e-01, BpsHz:7.20120e-02
---------------
==========Cluster 9, RcvInterf=3.29416e-14============
Node 11, SINR:0.00000e+00, BpsHz:0.00000e+00
Node 121, SINR:7.31631e-01, BpsHz:7.20120e-02
Node 150, SINR:7.31631e-01, BpsHz:7.20120e-02
Node 50, SINR:7.31631e-01, BpsHz:7.20120e-02
Node 176, SINR:7.31631e-01, BpsHz:7.20120e-02
Node 183, SINR:7.31631e-01, BpsHz:7.20120e-02
Node 147, SINR:7.31631e-01, BpsHz:7.20120e-02
Node 28, SINR:7.31631e-01, BpsHz:7.20120e-02
Node 186, SINR:7.31631e-01, BpsHz:7.20120e-02
Node 118, SINR:7.31631e-01, BpsHz:7.20120e-02
Node 6, SINR:7.31631e-01, BpsHz:7.20120e-02
Node 163, SINR:7.31631e-01, BpsHz:7.20120e-02
---------------
==========Cluster 10, RcvInterf=6.29332e-15============
Node 68, SINR:0.00000e+00, BpsHz:0.00000e+00
Node 51, SINR:5.67111e-01, BpsHz:7.20120e-02
Node 165, SINR:5.67111e-01, BpsHz:7.20120e-02
Node 33, SINR:5.67111e-01, BpsHz:7.20120e-02
Node 179, SINR:5.67111e-01, BpsHz:7.20120e-02
Node 109, SINR:5.67111e-01, BpsHz:7.20120e-02
Node 106, SINR:5.67111e-01, BpsHz:7.20120e-02
Node 18, SINR:5.67111e-01, BpsHz:7.20120e-02
Node 189, SINR:5.67111e-01, BpsHz:7.20120e-02
Node 129, SINR:5.67111e-01, BpsHz:7.20120e-02
---------------
==========Cluster 11, RcvInterf=1.41499e-13============
Node 74, SINR:0.00000e+00, BpsHz:0.00000e+00
Node 111, SINR:3.49170e-01, BpsHz:7.20120e-02
Node 52, SINR:3.49170e-01, BpsHz:7.20120e-02
Node 126, SINR:3.49170e-01, BpsHz:7.20120e-02
Node 107, SINR:3.49170e-01, BpsHz:7.20120e-02
Node 92, SINR:3.49170e-01, BpsHz:7.20120e-02
Node 63, SINR:3.49170e-01, BpsHz:7.20120e-02
---------------
==========Cluster 12, RcvInterf=5.43965e-14============
Node 99, SINR:0.00000e+00, BpsHz:0.00000e+00
Node 53, SINR:5.11817e-02, BpsHz:7.20120e-02
---------------
==========Cluster 13, RcvInterf=3.19687e-13============
Node 13, SINR:0.00000e+00, BpsHz:0.00000e+00
Node 54, SINR:6.47319e-01, BpsHz:7.20120e-02
Node 19, SINR:6.47319e-01, BpsHz:7.20120e-02
Node 160, SINR:6.47319e-01, BpsHz:7.20120e-02
Node 85, SINR:6.47319e-01, BpsHz:7.20120e-02
Node 161, SINR:6.47319e-01, BpsHz:7.20120e-02
Node 88, SINR:6.47319e-01, BpsHz:7.20120e-02
Node 182, SINR:6.47319e-01, BpsHz:7.20120e-02
Node 65, SINR:6.47319e-01, BpsHz:7.20120e-02
Node 102, SINR:6.47319e-01, BpsHz:7.20120e-02
Node 100, SINR:6.47319e-01, BpsHz:7.20120e-02
---------------
==========Cluster 14, RcvInterf=1.14434e-13============
Node 103, SINR:0.00000e+00, BpsHz:0.00000e+00
Node 151, SINR:4.18222e-01, BpsHz:7.20120e-02
Node 153, SINR:4.18222e-01, BpsHz:7.20120e-02
Node 70, SINR:4.18222e-01, BpsHz:7.20120e-02
Node 30, SINR:4.18222e-01, BpsHz:7.20120e-02
Node 32, SINR:4.18222e-01, BpsHz:7.20120e-02
Node 97, SINR:4.18222e-01, BpsHz:7.20120e-02
Node 66, SINR:4.18222e-01, BpsHz:7.20120e-02
---------------
==========Cluster 15, RcvInterf=2.47129e-14============
Node 96, SINR:0.00000e+00, BpsHz:0.00000e+00
Node 138, SINR:3.49170e-01, BpsHz:7.20120e-02
Node 115, SINR:3.49170e-01, BpsHz:7.20120e-02
Node 62, SINR:3.49170e-01, BpsHz:7.20120e-02
Node 56, SINR:3.49170e-01, BpsHz:7.20120e-02
Node 27, SINR:3.49170e-01, BpsHz:7.20120e-02
Node 152, SINR:3.49170e-01, BpsHz:7.20120e-02
---------------
==========Cluster 16, RcvInterf=1.31885e-13============
Node 8, SINR:0.00000e+00, BpsHz:0.00000e+00
Node 191, SINR:2.20987e-01, BpsHz:7.20120e-02
Node 55, SINR:2.20987e-01, BpsHz:7.20120e-02
Node 84, SINR:2.20987e-01, BpsHz:7.20120e-02
Node 57, SINR:2.20987e-01, BpsHz:7.20120e-02
---------------
==========Cluster 17, RcvInterf=1.58807e-14============
Node 86, SINR:0.00000e+00, BpsHz:0.00000e+00
Node 15, SINR:4.18222e-01, BpsHz:7.20120e-02
Node 58, SINR:4.18222e-01, BpsHz:7.20120e-02
Node 134, SINR:4.18222e-01, BpsHz:7.20120e-02
Node 136, SINR:4.18222e-01, BpsHz:7.20120e-02
Node 38, SINR:4.18222e-01, BpsHz:7.20120e-02
Node 132, SINR:4.18222e-01, BpsHz:7.20120e-02
Node 194, SINR:4.18222e-01, BpsHz:7.20120e-02
---------------
==========Cluster 18, RcvInterf=1.57799e-13============
Node 31, SINR:0.00000e+00, BpsHz:0.00000e+00
Node 142, SINR:5.67111e-01, BpsHz:7.20120e-02
Node 41, SINR:5.67111e-01, BpsHz:7.20120e-02
Node 133, SINR:5.67111e-01, BpsHz:7.20120e-02
Node 117, SINR:5.67111e-01, BpsHz:7.20120e-02
Node 157, SINR:5.67111e-01, BpsHz:7.20120e-02
Node 90, SINR:5.67111e-01, BpsHz:7.20120e-02
Node 187, SINR:5.67111e-01, BpsHz:7.20120e-02
Node 123, SINR:5.67111e-01, BpsHz:7.20120e-02
Node 144, SINR:5.67111e-01, BpsHz:7.20120e-02
---------------
==========Cluster 19, RcvInterf=1.37209e-13============
Node 60, SINR:0.00000e+00, BpsHz:-nan
---------------
==========Cluster 20, RcvInterf=1.17950e-13============
Node 145, SINR:0.00000e+00, BpsHz:0.00000e+00
Node 3, SINR:1.61538e-01, BpsHz:7.20120e-02
Node 119, SINR:1.61538e-01, BpsHz:7.20120e-02
Node 180, SINR:1.61538e-01, BpsHz:7.20120e-02
---------------
==========Cluster 21, RcvInterf=1.93950e-13============
Node 135, SINR:0.00000e+00, BpsHz:0.00000e+00
Node 73, SINR:4.18222e-01, BpsHz:7.20120e-02
Node 91, SINR:4.18222e-01, BpsHz:7.20120e-02
Node 158, SINR:4.18222e-01, BpsHz:7.20120e-02
Node 140, SINR:4.18222e-01, BpsHz:7.20120e-02
Node 181, SINR:4.18222e-01, BpsHz:7.20120e-02
Node 139, SINR:4.18222e-01, BpsHz:7.20120e-02
Node 40, SINR:4.18222e-01, BpsHz:7.20120e-02
---------------
==========Cluster 22, RcvInterf=4.62048e-13============
Node 89, SINR:0.00000e+00, BpsHz:0.00000e+00
Node 192, SINR:2.83479e-01, BpsHz:7.20120e-02
Node 193, SINR:2.83479e-01, BpsHz:7.20120e-02
Node 101, SINR:2.83479e-01, BpsHz:7.20120e-02
Node 25, SINR:2.83479e-01, BpsHz:7.20120e-02
Node 10, SINR:2.83479e-01, BpsHz:7.20120e-02
---------------
