195
13
1.000000e-03
1.556350e-303
173
3000
1.408003e+01
1.300354e+00
1.408003e-05
1.256283e-06
0 0 0 0 0 0 0 0 0 0 0 0 0 0 0 0 0 0 0 0 0 0 0 0 0 0 0 0 0 0 0 0 0 0 0 0 0 0 0 0 0 1 0 1 0 0 0 0 0 0 0 0 0 1 0 0 0 0 0 0 0 0 0 0 0 0 0 0 0 0 0 0 0 0 0 0 0 0 0 0 0 0 0 0 0 0 0 0 0 0 1 0 0 0 0 0 0 0 0 1 0 0 0 0 0 0 0 0 0 0 1 0 0 0 0 0 0 0 0 0 0 0 0 0 0 1 0 0 0 0 0 0 0 0 0 0 0 0 0 0 0 0 0 0 0 0 0 0 0 0 0 0 0 0 0 0 0 1 0 0 0 0 1 0 0 0 0 1 0 0 0 0 0 0 0 0 0 0 0 0 0 0 0 0 0 0 0 0 0 0 0 0 0 0 0 
0 0 0 0 0 0 0 0 0 0 0 0 0 1 0 0 0 0 0 1 0 0 0 0 0 0 0 0 0 0 0 0 0 0 0 0 0 0 0 0 0 0 0 0 0 0 0 0 0 0 0 0 0 0 0 0 0 0 0 0 0 0 0 0 0 1 0 0 0 0 0 0 0 0 0 0 0 0 0 0 0 0 0 0 0 1 0 0 0 0 0 1 0 0 0 0 0 0 0 0 0 0 1 0 0 0 0 0 0 0 0 0 0 0 0 0 0 0 0 0 0 0 0 0 0 0 0 0 0 0 0 0 0 0 0 0 0 0 0 0 1 0 0 0 0 0 0 0 0 0 0 0 0 0 0 0 0 0 1 0 0 1 0 0 0 0 0 0 0 0 0 0 0 0 0 0 0 0 0 0 0 0 1 0 0 0 0 0 0 0 0 0 0 0 0 
0 1 0 0 0 0 0 0 0 0 0 0 0 0 0 1 0 0 0 0 0 1 0 0 0 0 0 0 0 0 0 0 0 0 0 0 0 0 1 1 0 0 0 0 0 0 0 0 1 0 0 0 0 0 0 0 0 1 1 0 0 0 0 0 0 0 0 0 0 0 0 0 0 0 0 0 0 0 1 0 0 0 0 0 0 0 1 0 0 0 0 0 0 0 1 0 0 0 0 0 0 0 0 0 0 0 0 0 0 0 0 0 1 0 0 0 0 0 0 0 0 0 0 0 1 0 0 0 0 0 0 0 1 0 1 0 1 0 0 0 0 0 0 0 0 0 0 0 0 0 0 0 0 0 0 0 0 0 0 0 0 0 0 1 0 0 0 0 0 0 0 0 0 0 0 0 0 0 0 0 0 0 0 0 1 0 0 0 1 0 0 0 0 0 1 
0 0 0 0 0 0 0 0 0 0 1 0 0 0 0 0 0 0 0 0 0 0 0 0 0 1 0 0 0 0 0 0 0 0 0 0 0 0 0 0 0 0 0 0 0 0 0 0 0 0 0 0 0 0 0 0 0 0 0 1 0 0 0 0 0 0 0 0 0 0 0 0 0 0 0 0 0 0 0 0 0 0 0 0 0 0 0 0 0 1 0 0 0 0 0 0 0 0 0 0 0 1 0 1 0 0 0 0 0 0 0 0 0 0 0 0 0 0 0 0 0 0 0 0 0 0 0 0 0 0 0 0 0 0 0 0 0 0 0 0 0 0 0 0 1 0 0 0 1 0 0 1 0 0 0 0 0 0 0 0 0 0 0 0 0 0 0 0 0 0 0 1 0 0 0 0 0 0 0 0 0 0 0 0 0 0 0 0 0 0 0 0 1 1 0 
0 0 0 0 0 0 0 0 0 0 0 0 0 0 1 0 0 0 1 0 0 0 0 1 0 0 0 0 0 0 0 0 0 1 0 1 0 0 0 0 0 0 0 0 1 0 0 0 0 0 0 1 0 0 0 0 0 0 0 0 0 0 0 0 0 0 0 0 1 0 0 0 0 0 0 0 0 0 0 0 0 0 0 0 0 0 0 0 0 0 0 0 0 0 0 0 0 0 0 0 0 0 0 0 0 0 1 0 0 1 0 0 0 1 0 0 1 0 0 0 0 0 0 0 0 0 0 0 0 1 1 0 0 0 0 0 0 1 0 0 0 0 0 0 0 0 0 0 0 1 0 0 0 0 0 0 0 0 0 0 0 0 0 0 0 1 1 0 0 0 1 0 1 0 0 0 0 1 0 1 0 0 0 0 0 0 0 0 0 1 0 0 0 0 0 
0 0 0 0 0 0 0 0 0 0 0 0 0 0 0 0 0 0 0 0 0 0 0 0 0 0 0 0 0 0 0 0 0 0 0 0 0 0 0 0 0 0 0 0 0 0 0 0 0 0 0 0 0 0 1 0 0 0 0 0 0 0 0 0 0 0 0 0 0 0 0 0 0 0 0 0 0 0 0 1 0 1 0 0 0 0 0 1 0 0 0 0 0 0 0 0 0 0 0 0 1 0 0 0 1 0 0 0 0 0 0 0 0 0 0 0 0 0 0 0 0 0 0 0 0 0 0 0 1 0 0 0 0 0 0 0 0 0 0 0 0 0 0 0 0 0 0 0 0 0 0 0 0 0 0 0 0 0 0 0 1 0 0 0 0 0 0 0 0 0 0 0 0 0 0 0 0 0 0 0 0 0 0 0 0 0 0 0 0 0 0 0 0 0 0 
0 0 0 0 0 0 0 0 0 0 0 0 0 0 0 0 0 0 0 0 0 0 0 0 1 0 0 0 0 0 0 1 0 0 0 0 0 0 0 0 0 0 0 0 0 0 0 0 0 0 0 0 0 0 0 0 0 0 0 0 0 0 0 0 0 0 0 0 0 0 1 0 0 0 0 0 1 0 0 0 0 0 1 0 0 0 0 0 0 0 0 0 0 0 0 0 0 0 0 0 0 0 0 0 0 0 0 0 0 0 0 0 0 0 0 0 0 1 0 0 0 0 0 1 0 0 0 0 0 0 0 0 0 1 0 0 0 0 0 0 0 0 1 1 0 0 0 0 0 0 0 0 0 0 0 0 1 0 0 1 0 0 0 0 0 0 0 0 0 0 0 0 0 0 0 0 0 0 0 0 0 0 0 0 0 0 0 1 0 0 0 0 0 0 0 
0 0 0 0 1 1 0 1 0 1 0 0 0 0 0 0 0 1 0 0 0 0 0 0 0 0 1 0 0 0 0 0 0 0 0 0 0 0 0 0 0 0 0 0 0 0 1 0 0 0 0 0 0 0 0 0 0 0 0 0 0 0 0 0 0 0 0 0 0 1 0 1 0 0 0 0 0 1 0 0 0 0 0 1 0 0 0 0 0 0 0 0 0 1 0 1 0 0 0 0 0 0 0 0 0 1 0 0 0 0 0 0 0 0 0 0 0 0 0 0 0 0 0 0 0 0 0 0 0 0 0 0 0 0 0 0 0 0 0 0 0 0 0 0 0 0 0 0 0 0 0 0 0 0 0 0 0 0 0 0 0 0 0 0 0 0 0 0 1 0 0 0 0 0 0 0 0 0 0 0 0 0 0 0 0 0 0 0 0 0 0 0 0 0 0 
0 0 0 0 0 0 0 0 0 0 0 0 0 0 0 0 0 0 0 0 0 0 0 0 0 0 0 0 0 0 0 0 0 0 0 0 0 1 0 0 0 0 0 0 0 1 0 0 0 0 0 0 0 0 0 0 0 0 0 0 1 0 0 0 1 0 0 0 0 0 0 0 1 0 0 0 0 0 0 0 0 0 0 0 0 0 0 0 0 0 0 0 0 0 0 0 0 0 0 0 0 0 0 0 0 0 0 0 1 0 0 0 0 0 0 0 0 0 0 0 0 0 0 0 0 0 0 0 0 0 0 1 0 0 0 0 0 0 0 0 0 0 0 0 0 0 0 0 0 0 0 0 0 0 0 0 0 0 0 0 0 0 0 0 0 0 0 0 0 0 0 0 0 0 0 0 0 0 0 0 0 0 0 0 0 0 0 0 0 0 0 0 0 0 0 
0 0 1 1 0 0 0 0 0 0 0 0 0 0 0 0 0 0 0 0 0 0 0 0 0 0 0 1 0 0 0 0 0 0 0 0 0 0 0 0 0 0 1 0 0 0 0 0 0 0 0 0 0 0 0 0 1 0 0 0 0 1 1 0 0 0 0 0 0 0 0 0 0 1 0 0 0 0 0 0 0 0 0 0 0 0 0 0 0 0 0 0 0 0 0 0 1 0 0 0 0 0 0 0 0 0 0 0 0 0 0 0 0 0 0 1 0 0 0 1 0 0 0 0 0 0 0 0 0 0 0 0 0 0 0 1 0 0 1 1 0 0 0 0 0 1 0 0 0 0 0 0 1 0 0 0 0 0 0 0 0 0 0 0 0 0 0 0 0 1 0 0 0 1 1 0 0 0 0 0 1 1 0 0 0 0 0 0 0 0 1 0 0 0 0 
0 0 0 0 0 0 0 0 1 0 0 0 0 0 0 0 0 0 0 0 0 0 0 0 0 0 0 0 0 0 0 0 0 0 0 0 0 0 0 0 0 0 0 0 0 0 0 0 0 0 0 0 1 0 0 1 0 0 0 0 0 0 0 1 0 0 0 0 0 0 0 0 0 0 1 0 0 0 0 0 0 0 0 0 1 0 0 0 0 0 0 0 1 0 0 0 0 0 0 0 0 0 0 0 0 0 0 1 0 0 0 1 0 0 0 0 0 0 0 0 0 0 1 0 0 0 1 0 0 0 0 0 0 0 0 0 0 0 0 0 0 0 0 0 0 0 1 0 0 0 0 0 0 0 0 0 0 0 0 0 0 0 0 0 0 0 0 0 0 0 0 0 0 0 0 0 0 0 0 0 0 0 0 0 0 0 0 0 0 0 0 1 0 0 0 
0 0 0 0 0 0 0 0 0 0 0 0 0 0 0 0 1 0 0 0 1 0 0 0 0 0 0 0 0 1 0 0 0 0 1 0 0 0 0 0 1 0 0 0 0 0 0 1 0 0 0 0 0 0 0 0 0 0 0 0 0 0 0 0 0 0 0 0 0 0 0 0 0 0 0 1 0 0 0 0 1 0 0 0 0 0 0 0 0 0 0 0 0 0 0 0 0 0 1 0 0 0 0 0 0 0 0 0 0 0 0 0 0 0 0 0 0 0 0 0 1 0 0 0 0 0 0 0 0 0 0 0 0 0 0 0 0 0 0 0 0 1 0 0 0 0 0 0 0 0 0 0 0 0 1 1 0 0 0 0 0 0 0 0 0 0 0 0 0 0 0 0 0 0 0 1 0 0 0 0 0 0 0 0 0 1 0 0 0 0 0 0 0 0 0 
0 0 0 0 0 0 1 0 0 0 0 1 0 0 0 0 0 0 0 0 0 0 1 0 0 0 0 0 1 0 1 0 1 0 0 0 0 0 0 0 0 0 0 0 0 0 0 0 0 0 1 0 0 0 0 0 0 0 0 0 0 0 0 0 0 0 1 0 0 0 0 0 0 0 0 0 0 0 0 0 0 0 0 0 0 0 0 0 0 0 0 0 0 0 0 0 0 1 0 0 0 0 0 0 0 0 0 0 0 0 0 0 0 0 0 0 0 0 1 0 0 1 0 0 0 0 0 0 0 0 0 0 0 0 0 0 0 0 0 0 0 0 0 0 0 0 0 1 0 0 1 0 0 1 0 0 0 0 0 0 0 0 0 0 1 0 0 0 0 0 0 0 0 0 0 0 1 0 0 0 0 0 0 1 0 0 1 0 0 0 0 0 0 0 0 
163 183 185 193 107 105 124 47 65 146 53 81 122 
0.000000E+00 1.595884E-04 2.815874E-05 8.353288E-08 1.998797E-07 2.228271E-06 2.135773E-04 3.170870E-06 5.403558E-05 4.826908E-06 4.111839E-05 1.722753E-06 0.000000E+00 1.370363E-05 2.474453E-04 7.144737E-05 4.366580E-05 2.367809E-05 8.908347E-04 7.845417E-07 7.696984E-05 1.377294E-05 1.841640E-04 4.817678E-04 1.102385E-05 1.116790E-05 1.734863E-06 1.803650E-04 7.137529E-06 3.902124E-05 6.862900E-05 2.845507E-05 8.404605E-05 6.020977E-05 1.705726E-05 6.704231E-06 0.000000E+00 8.872806E-07 2.980001E-06 7.737910E-05 1.312834E-04 1.390328E-05 3.105988E-04 6.125979E-06 8.093025E-04 1.609190E-07 0.000000E+00 4.723341E-05 1.473422E-05 0.000000E+00 7.150217E-06 3.558803E-05 0.000000E+00 5.023858E-05 4.886620E-05 1.844508E-04 5.424729E-04 1.234200E-04 3.165973E-05 2.896182E-05 4.147344E-06 1.506218E-04 3.960118E-04 9.540258E-06 0.000000E+00 8.211086E-06 6.059274E-05 0.000000E+00 4.558836E-05 6.386662E-05 2.282708E-05 1.900199E-06 3.848488E-08 4.226733E-05 5.484812E-06 5.213695E-05 6.635989E-05 1.133660E-05 1.686812E-05 1.128652E-05 0.000000E+00 1.396918E-06 4.017465E-05 3.151622E-05 8.668152E-06 6.728099E-09 6.291983E-05 6.229704E-07 0.000000E+00 3.264045E-07 1.152576E-05 1.037519E-05 4.498327E-06 6.499884E-05 3.404182E-06 1.782544E-05 1.580609E-04 3.956351E-05 8.669295E-05 1.005932E-04 3.981584E-06 9.766625E-09 3.929848E-07 1.835436E-04 0.000000E+00 9.172173E-05 0.000000E+00 2.679107E-05 1.134456E-06 2.978228E-05 5.967511E-07 2.385509E-06 1.536629E-07 1.580806E-04 0.000000E+00 5.996329E-05 4.187732E-04 4.593550E-05 1.346841E-04 1.413978E-06 1.857003E-04 0.000000E+00 2.565036E-04 0.000000E+00 6.322553E-04 4.236626E-06 1.541166E-05 0.000000E+00 2.238506E-06 9.990204E-04 2.177579E-04 1.569542E-06 9.491009E-04 2.567805E-05 5.769742E-05 1.580287E-05 1.416473E-04 2.425127E-04 1.390861E-04 1.988851E-05 5.870978E-06 1.293024E-05 3.628842E-06 9.769529E-07 1.217324E-05 0.000000E+00 3.276693E-04 4.198318E-06 1.316140E-05 2.742344E-04 3.969642E-06 6.828171E-05 1.561864E-05 2.371088E-04 2.377803E-07 5.356604E-05 1.536870E-05 1.466102E-05 6.450125E-06 2.755992E-05 1.460820E-06 1.175799E-05 0.000000E+00 1.040908E-04 1.224059E-04 9.155825E-06 1.527490E-04 8.985844E-06 2.920570E-06 1.487070E-04 2.035013E-04 2.168761E-04 1.510585E-05 1.235756E-04 1.134641E-05 4.365697E-06 1.263881E-04 2.152439E-04 0.000000E+00 4.623390E-04 4.678293E-06 6.912032E-06 0.000000E+00 4.605291E-04 0.000000E+00 8.736397E-06 1.729947E-04 1.775517E-05 6.840651E-06 1.134376E-05 1.530326E-04 1.384832E-04 0.000000E+00 5.502650E-06 9.158620E-04 
163 126 44 111 158 168 42 91 54 100 
183 103 20 86 162 141 92 66 159 14 
185 87 189 113 16 49 135 22 125 40 2 137 39 59 95 133 79 58 164 195 
193 194 102 149 90 26 145 11 152 60 172 104 
107 69 34 171 131 117 150 15 110 167 190 114 166 138 173 180 45 36 52 19 178 130 24 
105 161 101 88 82 80 129 55 
124 144 160 25 157 71 83 77 143 118 188 32 134 
47 78 27 169 10 94 18 6 84 72 5 8 96 70 106 
65 73 46 61 132 109 38 
146 182 175 120 3 181 28 116 97 62 57 136 4 74 140 174 191 153 170 63 139 43 
53 85 112 127 75 108 64 93 9 192 123 56 147 
81 176 17 156 155 142 30 186 35 76 48 121 21 41 99 
122 98 119 187 12 67 148 151 177 29 7 51 31 184 33 23 165 154 

============Find Best @ Round 2682================
==========Cluster 0, RcvInterf=6.54999e-14============
Node 162, SINR:0.00000e+00, BpsHz:0.00000e+00
Node 125, SINR:3.07056e-01, BpsHz:4.29245e-02
Node 43, SINR:3.07056e-01, BpsHz:4.29245e-02
Node 110, SINR:3.07056e-01, BpsHz:4.29245e-02
Node 157, SINR:3.07056e-01, BpsHz:4.29245e-02
Node 167, SINR:3.07056e-01, BpsHz:4.29245e-02
Node 41, SINR:3.07056e-01, BpsHz:4.29245e-02
Node 90, SINR:3.07056e-01, BpsHz:4.29245e-02
Node 53, SINR:3.07056e-01, BpsHz:4.29245e-02
Node 99, SINR:3.07056e-01, BpsHz:4.29245e-02
---------------
==========Cluster 1, RcvInterf=1.01061e-13============
Node 182, SINR:0.00000e+00, BpsHz:0.00000e+00
Node 102, SINR:3.07056e-01, BpsHz:4.29245e-02
Node 19, SINR:3.07056e-01, BpsHz:4.29245e-02
Node 85, SINR:3.07056e-01, BpsHz:4.29245e-02
Node 161, SINR:3.07056e-01, BpsHz:4.29245e-02
Node 140, SINR:3.07056e-01, BpsHz:4.29245e-02
Node 91, SINR:3.07056e-01, BpsHz:4.29245e-02
Node 65, SINR:3.07056e-01, BpsHz:4.29245e-02
Node 158, SINR:3.07056e-01, BpsHz:4.29245e-02
Node 13, SINR:3.07056e-01, BpsHz:4.29245e-02
---------------
==========Cluster 2, RcvInterf=6.12804e-14============
Node 184, SINR:0.00000e+00, BpsHz:0.00000e+00
Node 86, SINR:7.59989e-01, BpsHz:4.29245e-02
Node 188, SINR:7.59989e-01, BpsHz:4.29245e-02
Node 112, SINR:7.59989e-01, BpsHz:4.29245e-02
Node 15, SINR:7.59989e-01, BpsHz:4.29245e-02
Node 48, SINR:7.59989e-01, BpsHz:4.29245e-02
Node 134, SINR:7.59989e-01, BpsHz:4.29245e-02
Node 21, SINR:7.59989e-01, BpsHz:4.29245e-02
Node 124, SINR:7.59989e-01, BpsHz:4.29245e-02
Node 39, SINR:7.59989e-01, BpsHz:4.29245e-02
Node 1, SINR:7.59989e-01, BpsHz:4.29245e-02
Node 136, SINR:7.59989e-01, BpsHz:4.29245e-02
Node 38, SINR:7.59989e-01, BpsHz:4.29245e-02
Node 58, SINR:7.59989e-01, BpsHz:4.29245e-02
Node 94, SINR:7.59989e-01, BpsHz:4.29245e-02
Node 132, SINR:7.59989e-01, BpsHz:4.29245e-02
Node 78, SINR:7.59989e-01, BpsHz:4.29245e-02
Node 57, SINR:7.59989e-01, BpsHz:4.29245e-02
Node 163, SINR:7.59989e-01, BpsHz:4.29245e-02
Node 194, SINR:7.59989e-01, BpsHz:4.29245e-02
---------------
==========Cluster 3, RcvInterf=1.50304e-13============
Node 192, SINR:0.00000e+00, BpsHz:0.00000e+00
Node 193, SINR:3.87194e-01, BpsHz:4.29245e-02
Node 101, SINR:3.87194e-01, BpsHz:4.29245e-02
Node 148, SINR:3.87194e-01, BpsHz:4.29245e-02
Node 89, SINR:3.87194e-01, BpsHz:4.29245e-02
Node 25, SINR:3.87194e-01, BpsHz:4.29245e-02
Node 144, SINR:3.87194e-01, BpsHz:4.29245e-02
Node 10, SINR:3.87194e-01, BpsHz:4.29245e-02
Node 151, SINR:3.87194e-01, BpsHz:4.29245e-02
Node 59, SINR:3.87194e-01, BpsHz:4.29245e-02
Node 171, SINR:3.87194e-01, BpsHz:4.29245e-02
Node 103, SINR:3.87194e-01, BpsHz:4.29245e-02
---------------
==========Cluster 4, RcvInterf=9.26836e-14============
Node 106, SINR:0.00000e+00, BpsHz:0.00000e+00
Node 68, SINR:9.24308e-01, BpsHz:4.29245e-02
Node 33, SINR:9.24308e-01, BpsHz:4.29245e-02
Node 170, SINR:9.24308e-01, BpsHz:4.29245e-02
Node 130, SINR:9.24308e-01, BpsHz:4.29245e-02
Node 116, SINR:9.24308e-01, BpsHz:4.29245e-02
Node 149, SINR:9.24308e-01, BpsHz:4.29245e-02
Node 14, SINR:9.24308e-01, BpsHz:4.29245e-02
Node 109, SINR:9.24308e-01, BpsHz:4.29245e-02
Node 166, SINR:9.24308e-01, BpsHz:4.29245e-02
Node 189, SINR:9.24308e-01, BpsHz:4.29245e-02
Node 113, SINR:9.24308e-01, BpsHz:4.29245e-02
Node 165, SINR:9.24308e-01, BpsHz:4.29245e-02
Node 137, SINR:9.24308e-01, BpsHz:4.29245e-02
Node 172, SINR:9.24308e-01, BpsHz:4.29245e-02
Node 179, SINR:9.24308e-01, BpsHz:4.29245e-02
Node 44, SINR:9.24308e-01, BpsHz:4.29245e-02
Node 35, SINR:9.24308e-01, BpsHz:4.29245e-02
Node 51, SINR:9.24308e-01, BpsHz:4.29245e-02
Node 18, SINR:9.24308e-01, BpsHz:4.29245e-02
Node 177, SINR:9.24308e-01, BpsHz:4.29245e-02
Node 129, SINR:9.24308e-01, BpsHz:4.29245e-02
Node 23, SINR:9.24308e-01, BpsHz:4.29245e-02
---------------
==========Cluster 5, RcvInterf=6.70438e-14============
Node 104, SINR:0.00000e+00, BpsHz:0.00000e+00
Node 160, SINR:2.31547e-01, BpsHz:4.29245e-02
Node 100, SINR:2.31547e-01, BpsHz:4.29245e-02
Node 87, SINR:2.31547e-01, BpsHz:4.29245e-02
Node 81, SINR:2.31547e-01, BpsHz:4.29245e-02
Node 79, SINR:2.31547e-01, BpsHz:4.29245e-02
Node 128, SINR:2.31547e-01, BpsHz:4.29245e-02
Node 54, SINR:2.31547e-01, BpsHz:4.29245e-02
---------------
==========Cluster 6, RcvInterf=6.83636e-14============
Node 123, SINR:0.00000e+00, BpsHz:0.00000e+00
Node 143, SINR:4.29088e-01, BpsHz:4.29245e-02
Node 159, SINR:4.29088e-01, BpsHz:4.29245e-02
Node 24, SINR:4.29088e-01, BpsHz:4.29245e-02
Node 156, SINR:4.29088e-01, BpsHz:4.29245e-02
Node 70, SINR:4.29088e-01, BpsHz:4.29245e-02
Node 82, SINR:4.29088e-01, BpsHz:4.29245e-02
Node 76, SINR:4.29088e-01, BpsHz:4.29245e-02
Node 142, SINR:4.29088e-01, BpsHz:4.29245e-02
Node 117, SINR:4.29088e-01, BpsHz:4.29245e-02
Node 187, SINR:4.29088e-01, BpsHz:4.29245e-02
Node 31, SINR:4.29088e-01, BpsHz:4.29245e-02
Node 133, SINR:4.29088e-01, BpsHz:4.29245e-02
---------------
==========Cluster 7, RcvInterf=9.70178e-14============
Node 46, SINR:0.00000e+00, BpsHz:0.00000e+00
Node 77, SINR:5.16708e-01, BpsHz:4.29245e-02
Node 26, SINR:5.16708e-01, BpsHz:4.29245e-02
Node 168, SINR:5.16708e-01, BpsHz:4.29245e-02
Node 9, SINR:5.16708e-01, BpsHz:4.29245e-02
Node 93, SINR:5.16708e-01, BpsHz:4.29245e-02
Node 17, SINR:5.16708e-01, BpsHz:4.29245e-02
Node 5, SINR:5.16708e-01, BpsHz:4.29245e-02
Node 83, SINR:5.16708e-01, BpsHz:4.29245e-02
Node 71, SINR:5.16708e-01, BpsHz:4.29245e-02
Node 4, SINR:5.16708e-01, BpsHz:4.29245e-02
Node 7, SINR:5.16708e-01, BpsHz:4.29245e-02
Node 95, SINR:5.16708e-01, BpsHz:4.29245e-02
Node 69, SINR:5.16708e-01, BpsHz:4.29245e-02
Node 105, SINR:5.16708e-01, BpsHz:4.29245e-02
---------------
==========Cluster 8, RcvInterf=3.75118e-14============
Node 64, SINR:0.00000e+00, BpsHz:0.00000e+00
Node 72, SINR:1.95444e-01, BpsHz:4.29245e-02
Node 45, SINR:1.95444e-01, BpsHz:4.29245e-02
Node 60, SINR:1.95444e-01, BpsHz:4.29245e-02
Node 131, SINR:1.95444e-01, BpsHz:4.29245e-02
Node 108, SINR:1.95444e-01, BpsHz:4.29245e-02
Node 37, SINR:1.95444e-01, BpsHz:4.29245e-02
---------------
==========Cluster 9, RcvInterf=5.34687e-14============
Node 145, SINR:0.00000e+00, BpsHz:0.00000e+00
Node 181, SINR:8.67897e-01, BpsHz:4.29245e-02
Node 174, SINR:8.67897e-01, BpsHz:4.29245e-02
Node 119, SINR:8.67897e-01, BpsHz:4.29245e-02
Node 2, SINR:8.67897e-01, BpsHz:4.29245e-02
Node 180, SINR:8.67897e-01, BpsHz:4.29245e-02
Node 27, SINR:8.67897e-01, BpsHz:4.29245e-02
Node 115, SINR:8.67897e-01, BpsHz:4.29245e-02
Node 96, SINR:8.67897e-01, BpsHz:4.29245e-02
Node 61, SINR:8.67897e-01, BpsHz:4.29245e-02
Node 56, SINR:8.67897e-01, BpsHz:4.29245e-02
Node 135, SINR:8.67897e-01, BpsHz:4.29245e-02
Node 3, SINR:8.67897e-01, BpsHz:4.29245e-02
Node 73, SINR:8.67897e-01, BpsHz:4.29245e-02
Node 139, SINR:8.67897e-01, BpsHz:4.29245e-02
Node 173, SINR:8.67897e-01, BpsHz:4.29245e-02
Node 190, SINR:8.67897e-01, BpsHz:4.29245e-02
Node 152, SINR:8.67897e-01, BpsHz:4.29245e-02
Node 169, SINR:8.67897e-01, BpsHz:4.29245e-02
Node 62, SINR:8.67897e-01, BpsHz:4.29245e-02
Node 138, SINR:8.67897e-01, BpsHz:4.29245e-02
Node 42, SINR:8.67897e-01, BpsHz:4.29245e-02
---------------
==========Cluster 10, RcvInterf=1.30614e-13============
Node 52, SINR:0.00000e+00, BpsHz:0.00000e+00
Node 84, SINR:4.29088e-01, BpsHz:4.29245e-02
Node 111, SINR:4.29088e-01, BpsHz:4.29245e-02
Node 126, SINR:4.29088e-01, BpsHz:4.29245e-02
Node 74, SINR:4.29088e-01, BpsHz:4.29245e-02
Node 107, SINR:4.29088e-01, BpsHz:4.29245e-02
Node 63, SINR:4.29088e-01, BpsHz:4.29245e-02
Node 92, SINR:4.29088e-01, BpsHz:4.29245e-02
Node 8, SINR:4.29088e-01, BpsHz:4.29245e-02
Node 191, SINR:4.29088e-01, BpsHz:4.29245e-02
Node 122, SINR:4.29088e-01, BpsHz:4.29245e-02
Node 55, SINR:4.29088e-01, BpsHz:4.29245e-02
Node 146, SINR:4.29088e-01, BpsHz:4.29245e-02
---------------
==========Cluster 11, RcvInterf=1.14060e-13============
Node 80, SINR:0.00000e+00, BpsHz:0.00000e+00
Node 175, SINR:5.16708e-01, BpsHz:4.29245e-02
Node 16, SINR:5.16708e-01, BpsHz:4.29245e-02
Node 155, SINR:5.16708e-01, BpsHz:4.29245e-02
Node 154, SINR:5.16708e-01, BpsHz:4.29245e-02
Node 141, SINR:5.16708e-01, BpsHz:4.29245e-02
Node 29, SINR:5.16708e-01, BpsHz:4.29245e-02
Node 185, SINR:5.16708e-01, BpsHz:4.29245e-02
Node 34, SINR:5.16708e-01, BpsHz:4.29245e-02
Node 75, SINR:5.16708e-01, BpsHz:4.29245e-02
Node 47, SINR:5.16708e-01, BpsHz:4.29245e-02
Node 120, SINR:5.16708e-01, BpsHz:4.29245e-02
Node 20, SINR:5.16708e-01, BpsHz:4.29245e-02
Node 40, SINR:5.16708e-01, BpsHz:4.29245e-02
Node 98, SINR:5.16708e-01, BpsHz:4.29245e-02
---------------
==========Cluster 12, RcvInterf=1.13175e-13============
Node 121, SINR:0.00000e+00, BpsHz:0.00000e+00
Node 97, SINR:6.58314e-01, BpsHz:4.29245e-02
Node 118, SINR:6.58314e-01, BpsHz:4.29245e-02
Node 186, SINR:6.58314e-01, BpsHz:4.29245e-02
Node 11, SINR:6.58314e-01, BpsHz:4.29245e-02
Node 66, SINR:6.58314e-01, BpsHz:4.29245e-02
Node 147, SINR:6.58314e-01, BpsHz:4.29245e-02
Node 150, SINR:6.58314e-01, BpsHz:4.29245e-02
Node 176, SINR:6.58314e-01, BpsHz:4.29245e-02
Node 28, SINR:6.58314e-01, BpsHz:4.29245e-02
Node 6, SINR:6.58314e-01, BpsHz:4.29245e-02
Node 50, SINR:6.58314e-01, BpsHz:4.29245e-02
Node 30, SINR:6.58314e-01, BpsHz:4.29245e-02
Node 183, SINR:6.58314e-01, BpsHz:4.29245e-02
Node 32, SINR:6.58314e-01, BpsHz:4.29245e-02
Node 22, SINR:6.58314e-01, BpsHz:4.29245e-02
Node 164, SINR:6.58314e-01, BpsHz:4.29245e-02
Node 153, SINR:6.58314e-01, BpsHz:4.29245e-02
---------------
