195
19
1.000000e-03
2.366054e-290
167
3000
1.491025e+01
8.972168e-01
1.491025e-05
8.245507e-07
0 0 0 0 0 0 0 0 0 0 0 0 0 0 0 0 0 0 0 0 0 0 0 0 0 0 0 0 0 0 0 0 0 1 0 0 0 0 0 0 0 0 0 0 0 0 0 0 0 1 0 1 0 0 0 0 0 0 0 0 0 0 0 0 0 0 0 0 1 0 0 0 0 0 0 0 0 0 0 0 0 0 0 0 0 0 0 0 0 0 0 0 0 0 0 0 0 0 0 0 0 0 0 0 0 0 0 0 0 1 0 0 0 0 0 0 0 0 0 0 0 0 1 0 0 0 0 0 0 1 1 0 1 0 0 0 0 0 0 0 0 0 0 0 0 0 1 0 0 1 0 0 0 0 0 0 0 0 0 0 0 0 0 0 0 1 0 0 0 0 0 0 0 0 0 0 0 1 1 1 0 0 0 0 0 0 0 0 0 1 0 0 0 0 1 
0 0 0 0 1 0 0 1 0 0 0 0 0 0 0 0 0 1 0 0 0 0 0 0 0 0 0 0 0 0 0 0 0 0 0 0 0 0 0 0 0 0 0 0 0 0 1 0 0 0 0 0 0 0 0 0 0 0 0 0 0 0 0 0 0 0 0 0 0 1 0 1 0 0 0 0 0 0 0 0 0 0 0 0 0 0 0 0 0 0 0 0 0 0 0 1 0 0 0 0 0 0 0 0 0 1 0 0 0 0 0 0 0 0 0 0 0 0 0 0 0 0 0 0 0 0 0 0 0 0 0 0 0 0 0 0 0 0 0 0 0 0 0 0 0 0 0 0 0 0 0 0 0 0 0 0 0 0 0 0 0 0 0 0 0 0 0 0 0 0 0 0 0 0 0 0 0 0 0 0 0 0 0 0 0 0 0 0 0 0 0 0 0 0 0 
0 0 1 0 0 0 0 0 0 0 0 0 0 0 0 0 1 0 0 0 1 0 0 0 0 0 0 0 0 1 0 0 0 0 1 0 0 0 0 0 1 0 1 0 0 0 0 0 0 0 0 0 0 0 0 0 0 0 0 0 0 0 0 0 0 0 0 0 0 0 0 0 0 0 0 1 0 0 0 0 0 0 0 0 0 0 0 0 0 0 0 0 0 0 0 0 0 0 0 0 0 0 0 0 0 0 0 0 0 0 0 0 0 0 0 0 0 0 0 1 0 0 0 0 0 0 0 0 0 0 0 0 0 0 0 0 0 0 0 1 0 0 0 0 0 0 0 0 0 0 0 0 0 0 0 0 0 0 0 0 0 0 0 0 0 0 0 0 0 0 0 0 0 1 1 0 0 0 0 0 0 1 0 0 0 0 0 0 0 0 1 0 0 0 0 
0 0 0 0 0 0 0 0 0 0 0 0 0 0 0 0 0 0 0 0 0 0 0 0 0 0 0 0 0 0 1 0 1 0 0 0 0 0 0 0 0 0 0 0 0 0 0 0 0 0 0 0 0 0 0 1 0 0 0 0 0 0 0 0 0 0 1 0 0 0 0 0 0 0 0 0 0 0 0 0 0 0 0 0 0 0 0 0 0 0 0 0 0 0 0 0 0 1 0 0 0 0 0 1 0 0 0 0 0 0 0 0 0 0 0 0 0 0 0 0 0 0 0 0 0 0 0 0 0 0 0 0 0 0 0 0 0 0 0 0 0 0 0 0 0 0 0 0 0 0 0 1 0 1 0 0 0 0 0 0 0 0 0 0 0 0 0 0 0 0 0 0 0 0 0 0 0 0 0 0 0 0 0 0 0 0 0 0 0 0 0 0 0 0 0 
0 0 0 0 0 0 0 0 0 0 0 0 0 0 0 0 0 0 0 0 0 0 0 0 0 0 0 0 0 0 0 1 0 0 0 0 0 0 0 0 0 1 0 0 0 0 0 0 0 0 0 0 0 0 0 0 0 0 0 0 0 0 0 0 0 0 0 0 0 0 0 0 0 0 0 0 0 0 0 0 0 0 0 0 0 0 0 0 0 0 1 0 0 0 0 0 0 0 0 0 0 0 0 0 0 0 0 0 0 0 0 0 0 0 0 0 0 1 0 0 0 0 0 0 0 1 0 0 0 0 0 0 0 0 0 0 0 0 0 0 0 0 1 0 0 0 0 0 0 0 0 0 0 0 0 0 0 1 0 0 0 0 1 0 0 0 0 0 0 0 0 0 0 0 0 0 0 0 0 0 0 0 0 0 0 0 0 0 0 0 0 0 0 0 0 
0 0 0 1 0 0 0 0 0 0 0 0 0 0 0 0 0 0 0 0 0 0 0 0 0 0 0 1 0 0 0 0 0 0 0 0 0 0 0 0 0 0 0 0 0 0 0 0 0 0 0 0 0 0 0 0 1 0 0 0 0 0 1 0 0 0 0 0 0 0 0 0 0 1 0 0 0 0 0 0 0 0 0 0 0 0 0 0 0 0 0 0 0 0 0 0 1 0 0 0 0 0 0 0 0 0 0 0 0 0 0 0 0 0 0 1 0 0 0 0 0 0 0 0 0 0 0 0 0 0 0 0 0 0 0 1 0 0 1 0 0 0 0 0 0 1 0 0 0 0 0 0 1 0 0 0 0 0 0 0 0 0 0 0 0 0 0 0 0 0 0 0 0 0 0 0 0 0 0 0 1 0 0 0 0 0 0 0 0 0 0 0 0 0 0 
0 0 0 0 0 0 0 0 1 0 0 0 0 0 0 0 0 0 0 0 0 0 0 0 0 0 0 0 0 0 0 0 0 0 0 0 0 0 0 0 0 0 0 0 0 0 0 0 0 0 0 0 1 0 0 0 0 0 0 0 0 0 0 1 0 0 0 0 0 0 0 0 0 0 1 0 0 0 0 0 0 0 0 0 1 0 0 0 0 0 0 0 1 0 0 0 0 0 0 0 0 0 0 0 0 0 0 1 0 0 0 1 0 0 0 0 0 0 0 0 0 0 0 0 0 0 1 0 0 0 0 0 0 0 0 0 0 0 0 0 0 0 0 0 0 0 0 0 0 0 0 0 0 0 0 0 0 0 0 0 0 0 0 0 0 0 0 0 0 0 0 0 0 0 0 0 0 0 0 0 0 0 0 0 0 0 0 0 0 0 0 1 0 0 0 
1 0 0 0 0 0 0 0 0 0 0 0 0 0 0 0 0 0 0 0 0 0 0 0 0 0 0 0 0 0 0 0 0 0 0 0 0 0 0 0 0 0 0 1 0 0 0 0 0 0 0 0 0 0 0 0 0 0 0 0 0 0 0 0 0 0 0 0 0 0 0 0 0 0 0 0 0 1 0 0 0 0 0 0 0 0 0 0 0 0 0 0 0 1 0 0 0 0 0 0 0 0 0 0 0 0 0 0 0 0 0 0 0 0 0 0 0 0 0 0 1 0 0 0 0 0 0 0 0 0 0 0 0 0 0 0 0 0 0 0 0 0 0 0 0 0 0 0 0 0 0 0 0 0 0 0 0 0 0 0 0 0 0 0 0 0 0 1 1 0 0 1 0 0 0 0 0 0 0 0 0 0 0 0 0 0 0 0 0 0 0 0 0 0 0 
0 1 0 0 0 0 0 0 0 0 0 0 0 0 0 1 0 0 0 0 0 1 0 0 0 0 0 0 0 0 0 0 0 0 0 0 0 0 1 1 0 0 0 0 0 0 0 0 1 0 0 0 0 0 0 0 0 1 1 0 0 0 0 0 0 0 0 0 0 0 0 0 0 0 0 0 0 0 1 0 0 0 0 0 0 0 1 0 0 0 0 0 0 0 1 0 0 0 0 0 0 0 0 0 0 0 0 0 0 0 0 0 1 0 0 0 0 0 0 0 0 0 0 0 0 0 0 0 0 0 0 0 0 0 1 0 1 0 0 0 0 0 0 0 0 0 0 0 0 0 0 0 0 0 0 0 0 0 0 0 0 0 0 0 0 0 0 0 0 0 0 0 0 0 0 0 0 0 0 0 0 0 0 0 1 0 0 0 1 0 0 0 0 0 0 
0 0 0 0 0 1 0 0 0 1 0 0 0 0 0 0 0 0 0 0 0 0 0 0 0 0 1 0 0 0 0 0 0 0 0 0 1 1 0 0 0 0 0 0 0 1 0 0 0 0 0 0 0 0 0 0 0 0 0 0 0 0 0 0 1 0 0 0 0 0 0 0 1 0 0 0 0 0 0 0 0 0 0 1 0 0 0 0 0 0 0 0 0 0 0 0 0 0 0 0 0 0 0 0 0 0 0 0 1 0 0 0 0 0 0 0 0 0 0 0 0 0 0 0 0 0 0 0 0 0 0 0 0 0 0 0 0 0 0 0 0 0 0 0 0 0 0 0 0 0 0 0 0 0 0 0 0 0 0 0 0 0 0 0 0 0 0 0 0 0 0 0 0 0 0 0 0 0 0 0 0 0 0 0 0 0 0 0 0 0 0 0 0 0 0 
0 0 0 0 0 0 0 0 0 0 0 0 0 0 1 0 0 0 0 0 0 0 0 1 0 0 0 0 0 0 0 0 0 0 0 1 0 0 0 0 0 0 0 0 1 0 0 0 0 0 0 0 0 0 0 0 0 0 0 0 0 1 0 0 0 0 0 0 0 0 0 0 0 0 0 0 0 0 0 0 0 0 0 0 0 0 0 0 0 0 0 0 0 0 0 0 0 0 0 0 0 0 0 0 0 0 1 0 0 0 0 0 0 1 0 0 1 0 0 0 0 0 0 0 0 0 0 1 0 0 0 0 0 0 0 0 0 1 0 0 0 0 0 0 0 0 0 0 0 0 0 0 0 0 0 0 0 0 0 0 0 0 0 0 0 0 1 0 0 1 1 0 1 0 0 0 0 0 0 0 0 0 0 0 0 0 0 0 0 0 0 0 0 0 0 
0 0 0 0 0 0 1 0 0 0 0 1 0 0 0 0 0 0 0 0 0 0 0 0 0 0 0 0 0 0 0 0 0 0 0 0 0 0 0 0 0 0 0 0 0 0 0 0 0 0 1 0 0 0 0 0 0 0 0 0 0 0 0 0 0 0 0 0 0 0 0 0 0 0 0 0 0 0 0 0 0 0 0 0 0 0 0 0 0 0 0 0 0 0 0 0 0 0 0 0 0 0 0 0 0 0 0 0 0 0 0 0 0 0 0 0 0 0 1 0 0 1 0 0 0 0 0 0 0 0 0 0 0 0 0 0 0 0 0 0 0 0 0 0 0 0 0 1 0 0 1 0 0 0 0 0 0 0 0 0 0 0 0 0 0 0 0 0 0 0 0 0 0 0 0 0 1 0 0 0 0 0 0 1 0 0 1 0 0 0 0 0 0 0 0 
0 0 0 0 0 0 0 0 0 0 0 0 0 0 0 0 0 0 0 0 0 0 0 0 0 0 0 0 0 0 0 0 0 0 0 0 0 0 0 0 0 0 0 0 0 0 0 1 0 0 0 0 0 0 0 0 0 0 0 0 0 0 0 0 0 0 0 1 0 0 0 0 0 0 0 0 0 0 0 0 1 0 0 0 0 0 0 0 0 0 0 0 0 0 0 0 0 0 1 0 0 0 0 0 0 0 0 0 0 0 0 0 0 0 0 0 0 0 0 0 0 0 0 0 0 0 0 0 0 0 0 0 0 0 0 0 0 0 0 0 0 1 0 0 0 0 0 0 0 0 0 0 0 0 1 1 0 0 0 0 0 0 0 0 0 0 0 0 0 0 0 0 0 0 0 1 0 0 0 0 0 0 0 0 0 1 0 0 0 0 0 0 0 0 0 
0 0 0 0 0 0 0 0 0 0 0 0 0 0 0 0 0 0 0 0 0 0 0 0 0 0 0 0 0 0 0 0 0 0 0 0 0 0 0 0 0 0 0 0 0 0 0 0 0 0 0 0 0 1 0 0 0 0 0 0 0 0 0 0 0 0 0 0 0 0 0 0 0 0 0 0 0 0 0 0 0 0 0 0 0 0 0 0 0 0 0 0 0 0 0 0 0 0 0 1 0 0 0 0 0 0 0 0 0 0 0 0 0 0 1 0 0 0 0 0 0 0 0 0 0 0 0 0 0 0 0 0 0 0 0 0 0 0 0 0 0 0 0 0 0 0 0 0 0 0 0 0 0 0 0 0 0 0 0 0 0 0 0 0 0 0 0 0 0 0 0 0 0 0 0 0 0 0 0 0 0 0 0 0 0 0 0 0 0 0 0 0 0 0 0 
0 0 0 0 0 0 0 0 0 0 0 0 0 0 0 0 0 0 0 0 0 0 0 0 0 0 0 0 0 0 0 0 0 0 0 0 0 0 0 0 0 0 0 0 0 0 0 0 0 0 0 0 0 0 1 0 0 0 0 0 0 0 0 0 0 0 0 0 0 0 0 0 0 0 0 0 0 0 0 1 0 0 0 0 0 0 0 0 0 0 0 0 0 0 0 0 0 0 0 0 1 0 0 0 0 0 0 0 0 0 0 0 0 0 0 0 0 0 0 0 0 0 0 0 0 0 0 0 0 0 0 0 0 0 0 0 0 0 0 0 0 0 0 0 0 0 0 0 0 0 0 0 0 0 0 0 0 0 0 0 1 0 0 0 0 0 0 0 0 0 0 0 0 0 0 0 0 0 0 0 0 0 0 0 0 0 0 0 0 0 0 0 0 0 0 
0 0 0 0 0 0 0 0 0 0 1 0 0 0 0 0 0 0 0 0 0 0 0 0 0 1 0 0 0 0 0 0 0 0 0 0 0 0 0 0 0 0 0 0 0 0 0 0 0 0 0 0 0 0 0 0 0 0 0 1 0 0 0 0 0 0 0 0 0 0 0 0 0 0 0 0 0 0 0 0 0 0 0 0 0 0 0 0 0 1 0 0 0 0 0 0 0 0 0 0 0 1 0 0 0 0 0 0 0 0 0 0 0 0 0 0 0 0 0 0 0 0 0 0 0 0 0 0 0 0 0 0 0 1 0 0 0 0 0 0 0 0 0 0 1 0 0 0 1 0 0 0 0 0 0 0 0 0 0 0 0 0 0 0 0 0 0 0 0 0 0 0 0 0 0 0 0 0 0 0 0 0 0 0 0 0 0 1 0 0 0 0 1 1 0 
0 0 0 0 0 0 0 0 0 0 0 0 0 1 0 0 0 0 0 1 0 0 0 0 0 0 0 0 0 0 0 0 0 0 0 0 0 0 0 0 0 0 0 0 0 0 0 0 0 0 0 0 0 0 0 0 0 0 0 0 0 0 0 0 0 1 0 0 0 0 0 0 0 0 0 0 0 0 0 0 0 0 0 0 0 1 0 0 0 0 0 1 0 0 0 0 0 0 0 0 0 0 1 0 0 0 0 0 0 0 0 0 0 0 0 0 0 0 0 0 0 0 0 0 0 0 0 0 0 0 0 0 0 0 0 0 0 0 0 0 1 0 0 0 0 0 0 0 0 0 0 0 0 0 0 0 0 0 1 0 0 1 0 0 0 0 0 0 0 0 0 0 0 0 0 0 0 0 0 0 0 0 1 0 0 0 0 0 0 0 0 0 0 0 0 
0 0 0 0 0 0 0 0 0 0 0 0 1 0 0 0 0 0 0 0 0 0 1 0 1 0 0 0 0 0 0 0 0 0 0 0 0 0 0 0 0 0 0 0 0 0 0 0 0 0 0 0 0 0 0 0 0 0 0 0 0 0 0 0 0 0 0 0 0 0 1 0 0 0 0 0 1 0 0 0 0 0 1 0 0 0 0 0 0 0 0 0 0 0 0 0 0 0 0 0 0 0 0 0 0 0 0 0 0 0 0 0 0 0 0 0 0 0 0 0 0 0 0 0 0 0 0 0 0 0 0 0 0 0 0 0 0 0 0 0 0 0 0 1 0 0 0 0 0 0 0 0 0 0 0 0 1 0 0 1 0 0 0 0 1 0 0 0 0 0 0 0 0 0 0 0 0 0 0 0 0 0 0 0 0 0 0 0 0 0 0 0 0 0 0 
0 0 0 0 0 0 0 0 0 0 0 0 0 0 0 0 0 0 0 0 0 0 0 0 0 0 0 0 0 0 0 0 0 0 0 0 0 0 0 0 0 0 0 0 0 0 0 0 0 0 0 0 0 0 0 0 0 0 0 0 0 0 0 0 0 0 0 0 0 0 0 0 0 0 0 0 0 0 0 0 0 1 0 0 0 0 0 1 0 0 0 0 0 0 0 0 0 0 0 0 0 0 0 0 1 0 0 0 0 0 0 0 0 0 0 0 0 0 0 0 0 0 0 0 0 0 0 0 1 0 0 0 0 0 0 0 0 0 0 0 0 0 0 0 0 0 0 0 0 0 0 0 0 0 0 0 0 0 0 0 0 0 0 0 0 0 0 0 0 0 0 0 0 0 0 0 0 0 0 0 0 0 0 0 0 0 0 0 0 0 0 0 0 0 0 
150 8 30 154 42 153 53 94 185 10 114 12 176 115 161 102 183 83 88 
9.325310E-06 2.701049E-04 2.880994E-05 1.229525E-05 2.035508E-06 2.112254E-07 4.536260E-05 0.000000E+00 1.355495E-04 0.000000E+00 4.766553E-05 0.000000E+00 1.166017E-05 1.763026E-05 8.054129E-06 1.209254E-04 5.397725E-05 2.044295E-07 0.000000E+00 1.009344E-06 1.329167E-04 2.331083E-05 1.446691E-05 3.887841E-06 1.644866E-06 1.334870E-05 2.382356E-07 4.009931E-04 0.000000E+00 0.000000E+00 9.342613E-07 2.421623E-06 5.063780E-05 3.207169E-05 3.677513E-05 2.621776E-05 2.176597E-06 9.285199E-08 5.043679E-06 1.309649E-04 6.699323E-05 0.000000E+00 6.019033E-04 2.392013E-05 7.656951E-05 1.753365E-05 1.726745E-06 1.887107E-06 2.493781E-05 1.006337E-04 1.149019E-06 4.349621E-04 0.000000E+00 5.834107E-08 1.843645E-06 1.516856E-04 1.383506E-04 2.088895E-04 5.358440E-05 1.174881E-05 0.000000E+00 9.999116E-04 6.697080E-05 2.393196E-05 8.511151E-06 1.056388E-05 6.163692E-06 1.300965E-05 1.960441E-04 3.413325E-06 5.564516E-05 9.353935E-09 7.115570E-06 1.505563E-05 1.375878E-05 7.641331E-05 2.060612E-08 2.790832E-07 2.854945E-05 5.681619E-07 3.258222E-06 1.635632E-07 0.000000E+00 8.330417E-06 2.174426E-05 8.655965E-09 1.064924E-04 0.000000E+00 0.000000E+00 1.003125E-06 2.535343E-06 1.334809E-05 1.128416E-05 0.000000E+00 5.761611E-06 2.891882E-06 2.834245E-05 3.025659E-06 1.081817E-05 4.416911E-08 9.895317E-08 0.000000E+00 5.055904E-07 3.385239E-06 5.975614E-07 1.188844E-05 3.311627E-04 6.720600E-05 4.527687E-05 5.635875E-04 0.000000E+00 5.984104E-06 2.600760E-07 0.000000E+00 0.000000E+00 5.902763E-07 2.091236E-05 1.853942E-06 6.985691E-05 1.032936E-04 2.618045E-06 9.049772E-07 2.204836E-04 0.000000E+00 0.000000E+00 9.581073E-06 3.866051E-05 1.206240E-04 3.029875E-06 1.251802E-04 1.415437E-05 0.000000E+00 4.485378E-04 4.046720E-05 9.765342E-05 3.977287E-05 2.397394E-04 3.238447E-05 9.205087E-06 1.276170E-04 7.553244E-06 4.452139E-07 5.936044E-06 1.196582E-05 3.309867E-06 3.494365E-05 1.574091E-04 2.924402E-06 3.867524E-06 0.000000E+00 5.728859E-07 1.418962E-06 0.000000E+00 0.000000E+00 1.794368E-07 1.252894E-06 3.142229E-05 8.149923E-07 8.298340E-06 1.908359E-05 0.000000E+00 1.512712E-05 1.081352E-05 0.000000E+00 1.148996E-05 9.856618E-04 3.412858E-05 1.059645E-05 2.033776E-06 4.141171E-04 3.517439E-07 5.966896E-07 1.150669E-05 2.985374E-04 2.600230E-05 0.000000E+00 1.089281E-05 8.322763E-05 8.883374E-06 5.090760E-05 8.923877E-08 1.095828E-04 0.000000E+00 7.170176E-05 0.000000E+00 4.278572E-06 2.364269E-05 6.743009E-05 1.157787E-05 6.649338E-04 1.042241E-04 3.473883E-04 6.437758E-09 8.090467E-06 6.583215E-05 
150 195 130 133 179 178 131 52 147 69 110 50 180 34 123 190 166 
8 72 18 96 70 5 47 106 
30 175 41 76 35 120 17 174 3 191 140 182 43 21 
154 31 152 98 104 67 33 56 
42 91 158 32 118 143 163 126 
153 97 74 57 146 63 4 139 116 181 136 28 
53 112 85 127 93 64 75 108 9 192 
94 172 1 78 168 169 121 44 
185 113 49 39 95 135 22 59 137 79 16 87 2 40 189 58 
10 6 37 38 73 65 27 109 46 84 
114 138 45 117 167 24 15 36 173 171 128 170 107 62 
12 187 51 7 151 122 177 148 184 119 
176 142 155 156 48 186 81 99 68 
115 100 54 
161 101 80 55 
102 145 193 194 149 90 26 60 134 11 188 
183 66 141 20 86 103 162 159 92 14 
83 157 25 23 160 13 144 77 165 71 
88 82 105 129 

============Find Best @ Round 2496================
==========Cluster 0, RcvInterf=1.71839e-13============
Node 149, SINR:0.00000e+00, BpsHz:0.00000e+00
Node 194, SINR:9.93608e-01, BpsHz:6.22114e-02
Node 129, SINR:9.93608e-01, BpsHz:6.22114e-02
Node 132, SINR:9.93608e-01, BpsHz:6.22114e-02
Node 178, SINR:9.93608e-01, BpsHz:6.22114e-02
Node 177, SINR:9.93608e-01, BpsHz:6.22114e-02
Node 130, SINR:9.93608e-01, BpsHz:6.22114e-02
Node 51, SINR:9.93608e-01, BpsHz:6.22114e-02
Node 146, SINR:9.93608e-01, BpsHz:6.22114e-02
Node 68, SINR:9.93608e-01, BpsHz:6.22114e-02
Node 109, SINR:9.93608e-01, BpsHz:6.22114e-02
Node 49, SINR:9.93608e-01, BpsHz:6.22114e-02
Node 179, SINR:9.93608e-01, BpsHz:6.22114e-02
Node 33, SINR:9.93608e-01, BpsHz:6.22114e-02
Node 122, SINR:9.93608e-01, BpsHz:6.22114e-02
Node 189, SINR:9.93608e-01, BpsHz:6.22114e-02
Node 165, SINR:9.93608e-01, BpsHz:6.22114e-02
---------------
==========Cluster 1, RcvInterf=7.38487e-14============
Node 7, SINR:0.00000e+00, BpsHz:0.00000e+00
Node 71, SINR:3.52360e-01, BpsHz:6.22114e-02
Node 17, SINR:3.52360e-01, BpsHz:6.22114e-02
Node 95, SINR:3.52360e-01, BpsHz:6.22114e-02
Node 69, SINR:3.52360e-01, BpsHz:6.22114e-02
Node 4, SINR:3.52360e-01, BpsHz:6.22114e-02
Node 46, SINR:3.52360e-01, BpsHz:6.22114e-02
Node 105, SINR:3.52360e-01, BpsHz:6.22114e-02
---------------
==========Cluster 2, RcvInterf=1.64152e-13============
Node 29, SINR:0.00000e+00, BpsHz:0.00000e+00
Node 174, SINR:7.51690e-01, BpsHz:6.22114e-02
Node 40, SINR:7.51690e-01, BpsHz:6.22114e-02
Node 75, SINR:7.51690e-01, BpsHz:6.22114e-02
Node 34, SINR:7.51690e-01, BpsHz:6.22114e-02
Node 119, SINR:7.51690e-01, BpsHz:6.22114e-02
Node 16, SINR:7.51690e-01, BpsHz:6.22114e-02
Node 173, SINR:7.51690e-01, BpsHz:6.22114e-02
Node 2, SINR:7.51690e-01, BpsHz:6.22114e-02
Node 190, SINR:7.51690e-01, BpsHz:6.22114e-02
Node 139, SINR:7.51690e-01, BpsHz:6.22114e-02
Node 181, SINR:7.51690e-01, BpsHz:6.22114e-02
Node 42, SINR:7.51690e-01, BpsHz:6.22114e-02
Node 20, SINR:7.51690e-01, BpsHz:6.22114e-02
---------------
==========Cluster 3, RcvInterf=1.93072e-13============
Node 153, SINR:0.00000e+00, BpsHz:0.00000e+00
Node 30, SINR:3.52360e-01, BpsHz:6.22114e-02
Node 151, SINR:3.52360e-01, BpsHz:6.22114e-02
Node 97, SINR:3.52360e-01, BpsHz:6.22114e-02
Node 103, SINR:3.52360e-01, BpsHz:6.22114e-02
Node 66, SINR:3.52360e-01, BpsHz:6.22114e-02
Node 32, SINR:3.52360e-01, BpsHz:6.22114e-02
Node 55, SINR:3.52360e-01, BpsHz:6.22114e-02
---------------
==========Cluster 4, RcvInterf=3.85934e-14============
Node 41, SINR:0.00000e+00, BpsHz:0.00000e+00
Node 90, SINR:3.52360e-01, BpsHz:6.22114e-02
Node 157, SINR:3.52360e-01, BpsHz:6.22114e-02
Node 31, SINR:3.52360e-01, BpsHz:6.22114e-02
Node 117, SINR:3.52360e-01, BpsHz:6.22114e-02
Node 142, SINR:3.52360e-01, BpsHz:6.22114e-02
Node 162, SINR:3.52360e-01, BpsHz:6.22114e-02
Node 125, SINR:3.52360e-01, BpsHz:6.22114e-02
---------------
==========Cluster 5, RcvInterf=2.10642e-13============
Node 152, SINR:0.00000e+00, BpsHz:0.00000e+00
Node 96, SINR:6.06950e-01, BpsHz:6.22114e-02
Node 73, SINR:6.06950e-01, BpsHz:6.22114e-02
Node 56, SINR:6.06950e-01, BpsHz:6.22114e-02
Node 145, SINR:6.06950e-01, BpsHz:6.22114e-02
Node 62, SINR:6.06950e-01, BpsHz:6.22114e-02
Node 3, SINR:6.06950e-01, BpsHz:6.22114e-02
Node 138, SINR:6.06950e-01, BpsHz:6.22114e-02
Node 115, SINR:6.06950e-01, BpsHz:6.22114e-02
Node 180, SINR:6.06950e-01, BpsHz:6.22114e-02
Node 135, SINR:6.06950e-01, BpsHz:6.22114e-02
Node 27, SINR:6.06950e-01, BpsHz:6.22114e-02
---------------
==========Cluster 6, RcvInterf=3.19357e-13============
Node 52, SINR:0.00000e+00, BpsHz:0.00000e+00
Node 111, SINR:4.74169e-01, BpsHz:6.22114e-02
Node 84, SINR:4.74169e-01, BpsHz:6.22114e-02
Node 126, SINR:4.74169e-01, BpsHz:6.22114e-02
Node 92, SINR:4.74169e-01, BpsHz:6.22114e-02
Node 63, SINR:4.74169e-01, BpsHz:6.22114e-02
Node 74, SINR:4.74169e-01, BpsHz:6.22114e-02
Node 107, SINR:4.74169e-01, BpsHz:6.22114e-02
Node 8, SINR:4.74169e-01, BpsHz:6.22114e-02
Node 191, SINR:4.74169e-01, BpsHz:6.22114e-02
---------------
==========Cluster 7, RcvInterf=5.77354e-14============
Node 93, SINR:0.00000e+00, BpsHz:0.00000e+00
Node 171, SINR:3.52360e-01, BpsHz:6.22114e-02
Node 0, SINR:3.52360e-01, BpsHz:6.22114e-02
Node 77, SINR:3.52360e-01, BpsHz:6.22114e-02
Node 167, SINR:3.52360e-01, BpsHz:6.22114e-02
Node 168, SINR:3.52360e-01, BpsHz:6.22114e-02
Node 120, SINR:3.52360e-01, BpsHz:6.22114e-02
Node 43, SINR:3.52360e-01, BpsHz:6.22114e-02
---------------
==========Cluster 8, RcvInterf=9.41287e-14============
Node 184, SINR:0.00000e+00, BpsHz:0.00000e+00
Node 112, SINR:9.09468e-01, BpsHz:6.22114e-02
Node 48, SINR:9.09468e-01, BpsHz:6.22114e-02
Node 38, SINR:9.09468e-01, BpsHz:6.22114e-02
Node 94, SINR:9.09468e-01, BpsHz:6.22114e-02
Node 134, SINR:9.09468e-01, BpsHz:6.22114e-02
Node 21, SINR:9.09468e-01, BpsHz:6.22114e-02
Node 58, SINR:9.09468e-01, BpsHz:6.22114e-02
Node 136, SINR:9.09468e-01, BpsHz:6.22114e-02
Node 78, SINR:9.09468e-01, BpsHz:6.22114e-02
Node 15, SINR:9.09468e-01, BpsHz:6.22114e-02
Node 86, SINR:9.09468e-01, BpsHz:6.22114e-02
Node 1, SINR:9.09468e-01, BpsHz:6.22114e-02
Node 39, SINR:9.09468e-01, BpsHz:6.22114e-02
Node 188, SINR:9.09468e-01, BpsHz:6.22114e-02
Node 57, SINR:9.09468e-01, BpsHz:6.22114e-02
---------------
==========Cluster 9, RcvInterf=3.28747e-14============
Node 9, SINR:0.00000e+00, BpsHz:0.00000e+00
Node 5, SINR:4.74169e-01, BpsHz:6.22114e-02
Node 36, SINR:4.74169e-01, BpsHz:6.22114e-02
Node 37, SINR:4.74169e-01, BpsHz:6.22114e-02
Node 72, SINR:4.74169e-01, BpsHz:6.22114e-02
Node 64, SINR:4.74169e-01, BpsHz:6.22114e-02
Node 26, SINR:4.74169e-01, BpsHz:6.22114e-02
Node 108, SINR:4.74169e-01, BpsHz:6.22114e-02
Node 45, SINR:4.74169e-01, BpsHz:6.22114e-02
Node 83, SINR:4.74169e-01, BpsHz:6.22114e-02
---------------
==========Cluster 10, RcvInterf=2.67118e-13============
Node 113, SINR:0.00000e+00, BpsHz:0.00000e+00
Node 137, SINR:7.51690e-01, BpsHz:6.22114e-02
Node 44, SINR:7.51690e-01, BpsHz:6.22114e-02
Node 116, SINR:7.51690e-01, BpsHz:6.22114e-02
Node 166, SINR:7.51690e-01, BpsHz:6.22114e-02
Node 23, SINR:7.51690e-01, BpsHz:6.22114e-02
Node 14, SINR:7.51690e-01, BpsHz:6.22114e-02
Node 35, SINR:7.51690e-01, BpsHz:6.22114e-02
Node 172, SINR:7.51690e-01, BpsHz:6.22114e-02
Node 170, SINR:7.51690e-01, BpsHz:6.22114e-02
Node 127, SINR:7.51690e-01, BpsHz:6.22114e-02
Node 169, SINR:7.51690e-01, BpsHz:6.22114e-02
Node 106, SINR:7.51690e-01, BpsHz:6.22114e-02
Node 61, SINR:7.51690e-01, BpsHz:6.22114e-02
---------------
==========Cluster 11, RcvInterf=7.76675e-14============
Node 11, SINR:0.00000e+00, BpsHz:0.00000e+00
Node 186, SINR:4.74169e-01, BpsHz:6.22114e-02
Node 50, SINR:4.74169e-01, BpsHz:6.22114e-02
Node 6, SINR:4.74169e-01, BpsHz:6.22114e-02
Node 150, SINR:4.74169e-01, BpsHz:6.22114e-02
Node 121, SINR:4.74169e-01, BpsHz:6.22114e-02
Node 176, SINR:4.74169e-01, BpsHz:6.22114e-02
Node 147, SINR:4.74169e-01, BpsHz:6.22114e-02
Node 183, SINR:4.74169e-01, BpsHz:6.22114e-02
Node 118, SINR:4.74169e-01, BpsHz:6.22114e-02
---------------
==========Cluster 12, RcvInterf=1.05622e-13============
Node 175, SINR:0.00000e+00, BpsHz:0.00000e+00
Node 141, SINR:4.11952e-01, BpsHz:6.22114e-02
Node 154, SINR:4.11952e-01, BpsHz:6.22114e-02
Node 155, SINR:4.11952e-01, BpsHz:6.22114e-02
Node 47, SINR:4.11952e-01, BpsHz:6.22114e-02
Node 185, SINR:4.11952e-01, BpsHz:6.22114e-02
Node 80, SINR:4.11952e-01, BpsHz:6.22114e-02
Node 98, SINR:4.11952e-01, BpsHz:6.22114e-02
Node 67, SINR:4.11952e-01, BpsHz:6.22114e-02
---------------
==========Cluster 13, RcvInterf=1.97569e-14============
Node 114, SINR:0.00000e+00, BpsHz:0.00000e+00
Node 99, SINR:9.00714e-02, BpsHz:6.22113e-02
Node 53, SINR:9.00714e-02, BpsHz:6.22113e-02
---------------
==========Cluster 14, RcvInterf=3.62049e-14============
Node 160, SINR:0.00000e+00, BpsHz:0.00000e+00
Node 100, SINR:1.38105e-01, BpsHz:6.22113e-02
Node 79, SINR:1.38105e-01, BpsHz:6.22113e-02
Node 54, SINR:1.38105e-01, BpsHz:6.22113e-02
---------------
==========Cluster 15, RcvInterf=6.16747e-14============
Node 101, SINR:0.00000e+00, BpsHz:0.00000e+00
Node 144, SINR:5.39128e-01, BpsHz:6.22114e-02
Node 192, SINR:5.39128e-01, BpsHz:6.22114e-02
Node 193, SINR:5.39128e-01, BpsHz:6.22114e-02
Node 148, SINR:5.39128e-01, BpsHz:6.22114e-02
Node 89, SINR:5.39128e-01, BpsHz:6.22114e-02
Node 25, SINR:5.39128e-01, BpsHz:6.22114e-02
Node 59, SINR:5.39128e-01, BpsHz:6.22114e-02
Node 133, SINR:5.39128e-01, BpsHz:6.22114e-02
Node 10, SINR:5.39128e-01, BpsHz:6.22114e-02
Node 187, SINR:5.39128e-01, BpsHz:6.22114e-02
---------------
==========Cluster 16, RcvInterf=8.11916e-14============
Node 182, SINR:0.00000e+00, BpsHz:0.00000e+00
Node 65, SINR:4.74169e-01, BpsHz:6.22114e-02
Node 140, SINR:4.74169e-01, BpsHz:6.22114e-02
Node 19, SINR:4.74169e-01, BpsHz:6.22114e-02
Node 85, SINR:4.74169e-01, BpsHz:6.22114e-02
Node 102, SINR:4.74169e-01, BpsHz:6.22114e-02
Node 161, SINR:4.74169e-01, BpsHz:6.22114e-02
Node 158, SINR:4.74169e-01, BpsHz:6.22114e-02
Node 91, SINR:4.74169e-01, BpsHz:6.22114e-02
Node 13, SINR:4.74169e-01, BpsHz:6.22114e-02
---------------
==========Cluster 17, RcvInterf=9.01336e-14============
Node 82, SINR:0.00000e+00, BpsHz:0.00000e+00
Node 156, SINR:4.74169e-01, BpsHz:6.22114e-02
Node 24, SINR:4.74169e-01, BpsHz:6.22114e-02
Node 22, SINR:4.74169e-01, BpsHz:6.22114e-02
Node 159, SINR:4.74169e-01, BpsHz:6.22114e-02
Node 12, SINR:4.74169e-01, BpsHz:6.22114e-02
Node 143, SINR:4.74169e-01, BpsHz:6.22114e-02
Node 76, SINR:4.74169e-01, BpsHz:6.22114e-02
Node 164, SINR:4.74169e-01, BpsHz:6.22114e-02
Node 70, SINR:4.74169e-01, BpsHz:6.22114e-02
---------------
==========Cluster 18, RcvInterf=1.18769e-13============
Node 87, SINR:0.00000e+00, BpsHz:0.00000e+00
Node 81, SINR:1.38105e-01, BpsHz:6.22113e-02
Node 104, SINR:1.38105e-01, BpsHz:6.22113e-02
Node 128, SINR:1.38105e-01, BpsHz:6.22113e-02
---------------
