195
15
1.000000e-03
2.525175e-312
93
8000
3.029953e+00
1.680908e+00
3.029953e-06
  inf
0 0 0 0 0 0 0 0 0 0 0 0 0 0 0 0 0 0 0 0 0 0 0 0 0 0 0 0 0 0 0 0 0 0 0 0 0 0 0 0 0 0 1 0 0 0 0 0 0 0 0 0 0 0 0 0 0 0 0 0 0 0 0 0 0 0 0 0 0 0 0 0 0 0 0 0 0 0 0 0 0 0 0 0 0 0 0 0 0 0 0 0 0 0 0 0 0 0 0 0 0 0 0 0 0 0 0 0 0 0 0 1 0 0 0 0 0 0 0 0 0 0 0 0 0 0 0 0 0 0 0 0 0 0 0 0 0 0 0 0 0 0 0 0 0 0 0 0 0 0 0 0 0 0 0 0 0 0 0 0 0 0 0 0 0 0 0 0 0 0 0 0 0 0 0 0 0 0 0 0 0 0 0 0 0 0 0 0 0 0 1 0 0 0 0 
0 1 0 0 0 0 0 0 1 0 0 0 0 0 0 0 0 0 0 0 0 1 0 0 0 0 0 0 0 0 0 0 0 0 0 0 0 0 0 0 0 0 0 0 0 0 0 0 1 0 0 0 0 0 0 0 0 1 0 0 0 0 0 0 0 0 0 0 0 0 0 0 0 0 0 0 0 0 1 0 0 0 0 0 0 0 0 0 0 0 0 0 0 0 1 0 0 0 0 0 0 0 0 0 0 0 0 0 0 0 0 0 1 0 0 0 0 0 0 0 0 0 0 0 1 0 0 0 0 0 0 0 0 0 0 0 0 0 0 0 0 0 0 0 0 0 0 0 0 0 1 0 0 0 0 0 0 0 0 0 0 0 0 1 0 0 0 0 0 0 0 0 0 0 0 0 0 0 0 0 0 0 0 0 1 0 0 0 1 0 0 1 0 0 0 
0 0 0 0 0 0 0 0 0 0 0 0 0 0 0 0 0 0 0 0 0 0 0 0 0 0 0 0 0 0 0 0 0 0 0 0 0 0 0 0 0 0 0 0 0 0 0 0 0 0 0 0 0 0 0 0 1 0 0 0 0 0 0 0 0 0 0 0 0 0 0 0 0 0 0 0 0 0 0 0 0 0 0 0 0 0 0 0 0 0 0 0 0 0 0 0 0 0 0 0 0 0 0 0 0 0 0 0 0 0 0 0 0 0 0 0 0 0 0 0 0 0 0 0 0 0 0 0 0 0 0 0 0 0 0 0 0 0 0 1 0 0 0 0 0 0 0 0 0 0 0 0 0 0 0 0 0 0 0 0 0 0 0 0 0 0 0 0 0 0 0 0 0 0 0 0 0 0 0 0 0 0 0 0 0 0 0 0 0 0 0 0 0 0 0 
0 0 0 1 0 0 0 0 0 0 0 0 0 0 0 0 1 0 0 0 1 0 0 0 0 0 0 0 0 1 0 0 0 0 1 0 0 0 0 0 1 0 0 0 0 0 0 0 0 0 0 0 0 0 0 0 0 0 0 0 0 0 1 0 0 0 0 0 0 0 0 0 0 1 0 1 0 0 0 0 0 0 0 0 0 0 0 0 0 0 0 1 0 0 0 0 0 0 0 0 0 0 0 0 0 0 0 0 0 0 0 0 0 0 0 1 0 0 0 1 0 0 0 0 0 0 0 0 0 0 0 0 0 0 0 0 0 0 0 0 0 0 0 0 0 0 0 0 0 0 0 0 0 0 0 0 0 0 0 0 0 0 0 0 0 0 0 0 0 0 0 0 0 0 1 0 0 0 0 0 0 0 0 0 0 0 0 0 0 0 0 0 0 0 0 
0 0 0 0 0 0 0 0 0 0 0 0 0 0 0 0 0 0 0 0 0 0 0 0 0 0 0 0 0 0 0 0 0 0 0 0 0 0 0 0 0 0 0 0 0 0 0 0 0 0 0 0 0 0 0 0 0 0 0 0 0 0 0 0 0 0 0 0 0 0 0 0 0 0 0 0 0 0 0 0 0 0 0 0 0 0 0 0 0 0 0 0 0 0 0 0 0 0 0 0 0 0 0 0 0 0 0 0 0 0 0 0 0 0 0 0 0 0 0 0 0 0 0 0 0 0 0 0 0 0 0 0 0 0 0 0 0 0 0 0 0 1 0 0 0 0 0 0 0 0 0 0 0 0 0 0 0 0 0 0 0 0 0 0 0 0 0 0 0 0 0 0 0 0 0 0 0 0 0 0 0 0 0 0 0 1 0 0 0 0 0 0 0 0 0 
0 0 0 0 0 0 0 0 0 0 0 0 0 0 0 0 0 0 0 0 0 0 0 0 0 0 0 0 0 0 0 0 0 0 0 0 0 0 0 0 0 0 0 0 0 0 0 0 0 0 0 0 0 0 0 0 0 0 0 0 0 0 0 0 0 0 0 0 0 0 0 0 0 0 0 0 0 0 0 0 0 0 0 0 0 0 0 0 0 0 0 0 0 0 0 0 0 0 0 0 0 0 0 0 0 0 0 0 0 0 0 0 0 0 0 0 0 0 0 0 0 0 0 0 0 0 0 0 0 0 0 0 0 0 0 0 0 0 0 0 0 0 0 0 0 0 0 0 0 0 0 0 0 0 0 0 0 0 0 0 0 0 0 0 0 0 0 0 0 0 0 0 0 0 0 0 0 0 0 0 0 0 0 0 0 0 0 0 0 0 0 0 0 0 0 
0 0 0 0 0 0 0 0 0 0 0 0 0 0 0 0 0 0 0 0 0 0 0 0 0 0 0 0 0 0 0 0 0 0 0 0 0 0 0 0 0 0 0 0 0 0 0 1 0 0 0 0 0 0 0 0 0 0 0 1 0 0 0 0 0 0 0 1 0 0 0 0 0 0 0 0 0 0 0 0 0 0 0 0 0 0 0 0 0 1 1 0 0 0 0 0 0 0 0 0 0 1 0 0 0 0 0 0 0 0 0 0 0 0 0 0 0 0 0 0 0 0 0 0 0 0 0 0 0 0 0 0 0 0 0 0 0 0 0 0 0 0 0 0 1 0 0 0 1 0 0 0 0 0 0 1 0 0 0 0 0 0 0 0 0 0 0 0 0 0 0 1 0 0 0 0 0 0 0 0 0 0 0 0 0 0 0 0 0 0 0 0 1 0 0 
0 0 0 0 0 0 0 0 0 0 0 0 0 0 0 0 0 0 0 0 0 0 0 0 0 0 0 0 0 0 0 0 0 0 0 0 0 0 0 0 0 0 0 0 0 0 0 0 0 0 0 0 0 0 0 0 0 0 0 0 0 0 0 0 0 0 0 0 0 0 0 0 0 0 0 0 0 0 0 0 0 0 0 0 0 0 0 0 0 0 0 0 0 0 0 0 0 0 0 0 0 0 0 0 0 0 0 0 0 0 0 0 0 0 0 0 0 0 0 0 0 0 0 0 0 0 0 0 0 0 0 0 0 0 0 0 0 0 0 0 0 0 0 0 0 0 0 0 0 0 0 0 0 0 0 0 0 0 0 0 0 0 0 0 0 0 0 0 0 0 0 0 0 0 0 0 0 0 0 0 0 0 0 0 0 0 0 0 0 0 0 0 0 0 0 
0 0 0 0 0 0 0 0 0 0 0 0 0 0 0 0 0 0 0 0 0 0 0 0 0 0 0 0 0 0 0 0 0 0 0 0 0 0 0 0 0 0 0 0 0 0 0 0 0 1 0 0 0 0 0 0 0 0 0 0 0 0 0 0 0 0 0 0 0 0 0 0 0 0 0 0 0 0 0 0 0 0 0 0 0 0 0 0 0 0 0 0 0 0 0 0 0 0 0 0 0 0 0 0 0 0 0 0 0 0 0 0 0 0 0 0 0 0 0 0 0 0 0 0 0 0 0 0 0 0 0 0 0 0 1 0 0 0 0 0 0 0 0 0 0 0 1 0 0 0 0 0 0 0 0 0 0 0 0 0 0 0 0 0 0 0 0 0 0 0 0 0 0 0 0 0 0 0 0 0 0 0 0 0 0 0 0 0 0 0 0 0 0 0 0 
1 0 0 0 0 1 0 0 0 1 0 0 0 0 0 0 0 0 0 0 0 0 0 0 0 0 1 0 0 0 0 0 0 0 0 0 1 1 0 0 0 0 0 0 0 1 1 0 0 0 0 0 0 1 0 0 0 0 0 0 1 0 0 0 1 0 0 0 0 0 0 0 1 0 0 0 0 1 0 0 0 0 0 0 0 0 0 0 0 0 0 0 0 1 0 0 0 0 0 0 0 0 0 0 0 0 0 0 1 0 0 0 0 0 1 0 0 0 0 0 0 0 0 0 0 0 0 0 0 0 0 1 0 0 0 0 0 0 0 0 0 0 0 0 0 0 0 0 0 0 0 0 0 0 0 0 0 0 0 0 0 0 1 0 0 0 0 1 1 0 0 0 0 0 0 0 0 0 0 0 0 0 0 0 0 0 0 0 0 0 0 0 0 0 0 
0 0 0 0 0 0 0 0 0 0 0 0 0 0 0 0 0 0 0 0 0 0 0 0 0 0 0 0 0 0 0 0 0 0 0 0 0 0 0 0 0 0 0 0 0 0 0 0 0 0 0 0 0 0 0 0 0 0 0 0 0 0 0 0 0 0 0 0 0 0 0 0 0 0 0 0 0 0 0 0 0 0 0 0 0 0 0 0 0 0 0 0 0 0 0 0 0 0 0 0 0 0 0 0 0 0 0 0 0 0 0 0 0 0 0 0 0 0 0 0 0 0 0 0 0 0 0 0 0 0 0 0 0 0 0 0 0 0 0 0 0 0 0 0 0 0 0 0 0 0 0 0 0 0 0 0 0 0 0 0 0 0 0 0 0 0 0 0 0 0 0 0 0 0 0 0 0 0 0 0 0 0 0 0 0 0 0 0 0 0 0 0 0 0 0 
0 0 0 0 0 0 0 0 0 0 0 0 0 0 0 0 0 0 0 0 0 0 0 0 0 0 0 0 0 0 0 0 0 0 0 0 0 0 0 0 0 0 0 0 0 0 0 0 0 0 0 0 0 0 0 0 0 0 0 0 0 0 0 0 0 0 0 0 0 0 0 0 0 0 0 0 0 0 0 0 0 0 0 0 0 0 0 0 0 0 0 0 0 0 0 0 0 0 0 0 0 0 0 0 0 0 0 0 0 0 0 0 0 0 0 0 0 0 0 0 0 0 0 0 0 0 0 0 0 0 0 0 0 0 0 0 0 0 0 0 0 0 0 0 0 0 0 0 0 0 0 0 0 0 0 0 0 0 0 0 0 0 0 0 0 0 0 0 0 0 0 0 0 0 0 0 0 0 0 0 0 0 0 0 0 0 0 0 0 0 0 0 0 0 0 
0 0 0 0 0 0 0 0 0 0 0 0 1 0 0 0 0 0 0 0 0 0 1 0 1 1 0 0 1 0 1 0 1 0 0 0 0 0 0 0 0 0 0 0 0 0 0 0 0 0 0 0 0 0 0 0 0 0 0 0 0 0 0 0 0 0 0 0 0 0 1 0 0 0 0 0 1 0 0 0 0 0 1 0 0 0 0 0 0 0 0 0 0 0 0 0 0 1 0 0 0 0 0 1 0 0 0 0 0 0 0 0 0 0 0 0 0 0 0 0 0 0 0 1 0 0 0 0 0 0 0 0 0 1 0 0 0 0 0 0 0 0 0 1 0 0 0 0 0 0 0 1 0 1 0 0 0 0 0 1 0 0 0 0 1 0 0 0 0 0 0 0 0 0 0 0 0 0 0 0 0 0 0 0 0 0 0 1 0 0 0 0 0 0 0 
0 0 0 0 0 0 0 1 0 0 0 0 0 0 0 0 0 1 0 0 0 0 0 0 0 0 0 0 0 0 0 0 0 0 0 0 0 0 0 0 0 0 0 0 0 0 0 0 0 0 0 0 0 0 0 0 0 0 0 0 0 0 0 0 0 0 0 0 0 0 0 1 0 0 0 0 0 0 0 1 0 1 0 1 0 0 0 1 1 0 0 0 0 0 0 1 0 0 0 0 1 0 0 0 1 1 0 0 0 0 0 0 0 0 0 0 0 0 0 0 0 0 0 0 0 0 0 0 1 0 0 0 0 0 0 0 0 0 0 0 0 0 0 0 0 0 0 0 0 0 0 0 0 0 0 0 0 0 0 0 1 0 0 0 0 0 0 0 0 0 0 0 0 0 0 0 0 0 0 0 0 0 0 0 0 0 0 0 0 0 0 0 0 0 0 
0 0 0 0 0 0 0 0 0 0 0 0 0 0 0 0 0 0 0 0 0 0 0 1 0 0 0 0 0 0 0 0 0 0 0 0 0 0 0 0 0 0 0 0 0 0 0 0 0 0 0 0 0 0 0 0 0 0 0 0 0 0 0 0 0 0 0 0 0 0 0 0 0 0 0 0 0 0 0 0 0 0 0 0 0 0 0 0 0 0 0 0 0 0 0 0 0 0 0 0 0 0 0 0 0 0 1 0 0 0 0 0 0 0 0 0 1 0 0 0 0 0 1 0 0 0 0 0 0 0 0 0 0 0 0 0 0 0 0 0 0 0 0 0 0 0 0 0 0 0 0 0 0 0 0 0 0 0 0 0 0 0 0 0 0 0 0 0 0 0 0 0 1 0 0 0 0 1 0 0 0 0 0 0 0 0 0 0 0 0 0 0 0 0 0 
191 49 140 30 142 0 68 0 50 78 0 0 154 106 178 
1.240050E-05 4.238488E-05 0.000000E+00 4.101515E-05 0.000000E+00 4.390020E-05 0.000000E+00 5.758227E-06 1.875128E-05 4.043512E-05 0.000000E+00 0.000000E+00 5.735143E-04 0.000000E+00 0.000000E+00 0.000000E+00 4.065596E-06 2.739443E-06 0.000000E+00 0.000000E+00 1.001136E-05 7.175631E-06 1.905426E-04 3.009580E-05 1.009606E-04 8.134131E-06 3.998543E-05 0.000000E+00 2.393111E-05 0.000000E+00 2.099981E-07 0.000000E+00 1.138209E-05 0.000000E+00 2.769923E-06 0.000000E+00 2.138969E-04 4.333198E-05 0.000000E+00 0.000000E+00 5.045967E-06 0.000000E+00 7.127513E-08 0.000000E+00 0.000000E+00 1.297009E-04 4.947382E-06 6.480124E-07 0.000000E+00 0.000000E+00 0.000000E+00 0.000000E+00 0.000000E+00 9.990671E-04 0.000000E+00 0.000000E+00 2.417120E-04 3.276089E-06 0.000000E+00 9.695468E-06 1.917058E-04 0.000000E+00 7.518600E-04 0.000000E+00 1.923762E-04 0.000000E+00 0.000000E+00 0.000000E+00 0.000000E+00 0.000000E+00 2.436712E-05 1.196069E-05 2.618532E-04 8.404029E-05 0.000000E+00 5.755492E-06 2.951161E-04 0.000000E+00 7.984736E-07 5.581268E-04 0.000000E+00 5.183608E-05 2.248133E-04 1.295433E-04 0.000000E+00 0.000000E+00 0.000000E+00 2.750220E-05 9.757412E-05 1.636355E-05 1.033125E-04 1.051965E-04 0.000000E+00 2.712382E-07 2.377476E-08 5.244584E-05 0.000000E+00 6.800909E-07 0.000000E+00 0.000000E+00 4.225409E-04 1.684708E-05 0.000000E+00 7.609152E-07 1.041466E-04 0.000000E+00 5.618409E-06 0.000000E+00 6.715790E-04 0.000000E+00 0.000000E+00 4.166303E-06 1.418266E-06 0.000000E+00 8.592312E-04 2.402771E-04 7.736910E-05 0.000000E+00 0.000000E+00 7.780131E-06 0.000000E+00 0.000000E+00 9.706184E-08 3.106097E-04 1.335010E-04 0.000000E+00 0.000000E+00 0.000000E+00 5.509424E-05 0.000000E+00 0.000000E+00 6.973291E-04 0.000000E+00 6.590320E-05 5.566883E-07 0.000000E+00 0.000000E+00 0.000000E+00 0.000000E+00 0.000000E+00 0.000000E+00 0.000000E+00 0.000000E+00 4.047978E-04 3.733456E-05 0.000000E+00 4.047968E-10 0.000000E+00 2.386831E-05 0.000000E+00 1.595472E-05 3.189465E-07 0.000000E+00 0.000000E+00 0.000000E+00 6.503731E-08 0.000000E+00 0.000000E+00 0.000000E+00 8.602331E-04 3.732848E-04 0.000000E+00 2.619452E-04 2.557917E-07 4.536475E-05 0.000000E+00 0.000000E+00 2.316593E-05 3.450176E-08 0.000000E+00 0.000000E+00 7.397076E-07 1.495676E-05 0.000000E+00 1.958508E-06 0.000000E+00 0.000000E+00 0.000000E+00 0.000000E+00 0.000000E+00 0.000000E+00 0.000000E+00 0.000000E+00 0.000000E+00 1.939470E-06 7.328535E-09 0.000000E+00 5.106273E-05 1.023598E-05 0.000000E+00 0.000000E+00 9.425976E-06 1.475214E-05 0.000000E+00 0.000000E+00 
191 43 112 
49 79 22 189 95 164 113 2 185 125 151 58 9 192 
140 57 
175 30 17 41 35 74 76 92 21 4 120 116 63 
186 142 
0 
156 68 149 172 48 193 90 60 91 102 145 
0 
147 50 135 
6 37 27 10 47 38 73 169 65 132 94 54 78 46 109 168 163 115 61 1 
0 
0 
25 144 83 77 13 71 33 29 165 154 23 98 152 134 104 188 124 31 160 26 
82 88 105 101 80 89 96 129 18 8 106 161 72 84 
178 107 123 24 173 117 

============Find Best @ Round 2075================
==========Cluster 0, RcvInterf=1.75391e-14============
Node 190, SINR:0.00000e+00, BpsHz:0.00000e+00
Node 42, SINR:4.71100e-02, BpsHz:3.32065e-02
Node 111, SINR:4.71100e-02, BpsHz:3.32065e-02
---------------
==========Cluster 1, RcvInterf=4.73750e-15============
Node 48, SINR:0.00000e+00, BpsHz:0.00000e+00
Node 78, SINR:3.48808e-01, BpsHz:3.32065e-02
Node 21, SINR:3.48808e-01, BpsHz:3.32065e-02
Node 188, SINR:3.48808e-01, BpsHz:3.32065e-02
Node 94, SINR:3.48808e-01, BpsHz:3.32065e-02
Node 163, SINR:3.48808e-01, BpsHz:3.32065e-02
Node 112, SINR:3.48808e-01, BpsHz:3.32065e-02
Node 1, SINR:3.48808e-01, BpsHz:3.32065e-02
Node 184, SINR:3.48808e-01, BpsHz:3.32065e-02
Node 124, SINR:3.48808e-01, BpsHz:3.32065e-02
Node 150, SINR:3.48808e-01, BpsHz:3.32065e-02
Node 57, SINR:3.48808e-01, BpsHz:3.32065e-02
Node 8, SINR:3.48808e-01, BpsHz:3.32065e-02
Node 191, SINR:3.48808e-01, BpsHz:3.32065e-02
---------------
==========Cluster 2, RcvInterf=5.42959e-13============
Node 139, SINR:0.00000e+00, BpsHz:0.00000e+00
Node 56, SINR:2.32840e-02, BpsHz:3.32065e-02
---------------
==========Cluster 3, RcvInterf=1.44191e-14============
Node 174, SINR:3.18117e-01, BpsHz:3.32065e-02
Node 29, SINR:0.00000e+00, BpsHz:0.00000e+00
Node 16, SINR:3.18117e-01, BpsHz:3.32065e-02
Node 40, SINR:3.18117e-01, BpsHz:3.32065e-02
Node 34, SINR:3.18117e-01, BpsHz:3.32065e-02
Node 73, SINR:3.18117e-01, BpsHz:3.32065e-02
Node 75, SINR:3.18117e-01, BpsHz:3.32065e-02
Node 91, SINR:3.18117e-01, BpsHz:3.32065e-02
Node 20, SINR:3.18117e-01, BpsHz:3.32065e-02
Node 3, SINR:3.18117e-01, BpsHz:3.32065e-02
Node 119, SINR:3.18117e-01, BpsHz:3.32065e-02
Node 115, SINR:3.18117e-01, BpsHz:3.32065e-02
Node 62, SINR:3.18117e-01, BpsHz:3.32065e-02
---------------
==========Cluster 4, RcvInterf=1.51348e-14============
Node 185, SINR:2.32840e-02, BpsHz:3.32065e-02
Node 141, SINR:0.00000e+00, BpsHz:0.00000e+00
---------------
==========Cluster 5, RcvInterf=2.05998e-14============
Node -1, SINR:3.32941e-311, BpsHz:3.32941e-311
---------------
==========Cluster 6, RcvInterf=4.70416e-15============
Node 155, SINR:2.58814e-01, BpsHz:3.32065e-02
Node 67, SINR:0.00000e+00, BpsHz:0.00000e+00
Node 148, SINR:2.58814e-01, BpsHz:3.32065e-02
Node 171, SINR:2.58814e-01, BpsHz:3.32065e-02
Node 47, SINR:2.58814e-01, BpsHz:3.32065e-02
Node 192, SINR:2.58814e-01, BpsHz:3.32065e-02
Node 89, SINR:2.58814e-01, BpsHz:3.32065e-02
Node 59, SINR:2.58814e-01, BpsHz:3.32065e-02
Node 90, SINR:2.58814e-01, BpsHz:3.32065e-02
Node 101, SINR:2.58814e-01, BpsHz:3.32065e-02
Node 144, SINR:2.58814e-01, BpsHz:3.32065e-02
---------------
==========Cluster 7, RcvInterf=2.92805e-14============
Node -1, SINR:3.32941e-311, BpsHz:3.32941e-311
---------------
==========Cluster 8, RcvInterf=1.24749e-14============
Node 146, SINR:4.71100e-02, BpsHz:3.32065e-02
Node 49, SINR:0.00000e+00, BpsHz:0.00000e+00
Node 134, SINR:4.71100e-02, BpsHz:3.32065e-02
---------------
==========Cluster 9, RcvInterf=2.69405e-14============
Node 5, SINR:5.48556e-01, BpsHz:3.32065e-02
Node 36, SINR:5.48556e-01, BpsHz:3.32065e-02
Node 26, SINR:5.48556e-01, BpsHz:3.32065e-02
Node 9, SINR:5.48556e-01, BpsHz:3.32065e-02
Node 46, SINR:5.48556e-01, BpsHz:3.32065e-02
Node 37, SINR:5.48556e-01, BpsHz:3.32065e-02
Node 72, SINR:5.48556e-01, BpsHz:3.32065e-02
Node 168, SINR:5.48556e-01, BpsHz:3.32065e-02
Node 64, SINR:5.48556e-01, BpsHz:3.32065e-02
Node 131, SINR:5.48556e-01, BpsHz:3.32065e-02
Node 93, SINR:5.48556e-01, BpsHz:3.32065e-02
Node 53, SINR:5.48556e-01, BpsHz:3.32065e-02
Node 77, SINR:0.00000e+00, BpsHz:0.00000e+00
Node 45, SINR:5.48556e-01, BpsHz:3.32065e-02
Node 108, SINR:5.48556e-01, BpsHz:3.32065e-02
Node 167, SINR:5.48556e-01, BpsHz:3.32065e-02
Node 162, SINR:5.48556e-01, BpsHz:3.32065e-02
Node 114, SINR:5.48556e-01, BpsHz:3.32065e-02
Node 60, SINR:5.48556e-01, BpsHz:3.32065e-02
Node 0, SINR:5.48556e-01, BpsHz:3.32065e-02
---------------
==========Cluster 10, RcvInterf=3.89445e-15============
Node -1, SINR:3.32941e-311, BpsHz:3.32941e-311
---------------
==========Cluster 11, RcvInterf=6.47894e-14============
Node -1, SINR:3.32941e-311, BpsHz:3.32941e-311
---------------
==========Cluster 12, RcvInterf=9.69399e-15============
Node 24, SINR:5.48556e-01, BpsHz:3.32065e-02
Node 143, SINR:5.48556e-01, BpsHz:3.32065e-02
Node 82, SINR:5.48556e-01, BpsHz:3.32065e-02
Node 76, SINR:5.48556e-01, BpsHz:3.32065e-02
Node 12, SINR:5.48556e-01, BpsHz:3.32065e-02
Node 70, SINR:5.48556e-01, BpsHz:3.32065e-02
Node 32, SINR:5.48556e-01, BpsHz:3.32065e-02
Node 28, SINR:5.48556e-01, BpsHz:3.32065e-02
Node 164, SINR:5.48556e-01, BpsHz:3.32065e-02
Node 153, SINR:0.00000e+00, BpsHz:0.00000e+00
Node 22, SINR:5.48556e-01, BpsHz:3.32065e-02
Node 97, SINR:5.48556e-01, BpsHz:3.32065e-02
Node 151, SINR:5.48556e-01, BpsHz:3.32065e-02
Node 133, SINR:5.48556e-01, BpsHz:3.32065e-02
Node 103, SINR:5.48556e-01, BpsHz:3.32065e-02
Node 187, SINR:5.48556e-01, BpsHz:3.32065e-02
Node 123, SINR:5.48556e-01, BpsHz:3.32065e-02
Node 30, SINR:5.48556e-01, BpsHz:3.32065e-02
Node 159, SINR:5.48556e-01, BpsHz:3.32065e-02
Node 25, SINR:5.48556e-01, BpsHz:3.32065e-02
---------------
==========Cluster 13, RcvInterf=2.68208e-14============
Node 81, SINR:3.48808e-01, BpsHz:3.32065e-02
Node 87, SINR:3.48808e-01, BpsHz:3.32065e-02
Node 104, SINR:3.48808e-01, BpsHz:3.32065e-02
Node 100, SINR:3.48808e-01, BpsHz:3.32065e-02
Node 79, SINR:3.48808e-01, BpsHz:3.32065e-02
Node 88, SINR:3.48808e-01, BpsHz:3.32065e-02
Node 95, SINR:3.48808e-01, BpsHz:3.32065e-02
Node 128, SINR:3.48808e-01, BpsHz:3.32065e-02
Node 17, SINR:3.48808e-01, BpsHz:3.32065e-02
Node 7, SINR:3.48808e-01, BpsHz:3.32065e-02
Node 105, SINR:0.00000e+00, BpsHz:0.00000e+00
Node 160, SINR:3.48808e-01, BpsHz:3.32065e-02
Node 71, SINR:3.48808e-01, BpsHz:3.32065e-02
Node 83, SINR:3.48808e-01, BpsHz:3.32065e-02
---------------
==========Cluster 14, RcvInterf=3.71531e-14============
Node 177, SINR:0.00000e+00, BpsHz:0.00000e+00
Node 106, SINR:1.21969e-01, BpsHz:3.32065e-02
Node 122, SINR:1.21969e-01, BpsHz:3.32065e-02
Node 23, SINR:1.21969e-01, BpsHz:3.32065e-02
Node 172, SINR:1.21969e-01, BpsHz:3.32065e-02
Node 116, SINR:1.21969e-01, BpsHz:3.32065e-02
---------------
