195
15
1.000000e-03
2.525175e-312
112
8000
4.193335e+00
2.056885e+00
4.193335e-06
  inf
0 0 0 0 0 0 0 0 0 0 0 0 0 0 0 0 0 0 0 0 0 0 0 0 0 0 0 0 0 0 0 0 0 0 0 1 0 0 0 0 0 0 1 0 0 0 0 0 0 0 0 0 0 0 0 0 0 0 0 0 0 0 0 0 0 0 0 0 0 0 0 0 0 0 0 0 0 0 0 0 0 0 0 0 0 0 0 0 0 0 0 0 0 0 0 0 0 0 0 0 0 0 0 0 0 0 0 0 0 0 0 0 0 0 0 0 0 0 0 0 0 0 0 0 0 0 0 0 0 0 0 0 0 0 0 0 0 1 0 0 0 0 0 0 0 0 0 0 0 0 0 0 0 0 0 0 0 0 0 0 0 0 0 0 0 0 1 0 0 0 0 0 1 1 0 0 0 0 0 0 0 0 0 0 0 0 0 0 0 0 0 0 0 0 0 
0 0 0 0 0 0 0 0 0 0 0 0 0 0 0 0 0 0 0 0 0 0 0 0 0 0 0 0 0 0 0 0 0 0 0 0 0 0 0 0 0 0 0 0 0 0 0 0 0 0 0 0 0 0 0 0 0 0 0 0 0 0 0 0 0 0 0 0 0 0 0 0 0 0 0 0 0 0 0 0 0 0 0 0 0 0 0 0 0 0 0 0 0 0 0 0 0 0 0 0 0 0 0 0 0 0 0 0 0 0 0 0 0 0 0 0 0 0 0 0 0 0 0 0 0 0 0 0 0 0 0 0 0 0 0 0 0 0 0 0 0 0 0 0 0 0 0 0 0 0 0 0 0 0 0 0 0 0 0 0 0 0 0 0 0 0 0 0 0 0 0 0 0 0 0 0 0 0 0 0 0 0 0 0 0 0 0 0 0 0 0 0 0 0 0 
0 0 0 0 0 0 0 0 0 0 0 0 0 0 0 0 0 0 0 0 0 0 0 0 0 0 0 0 0 0 0 0 0 0 0 0 0 0 0 0 0 0 0 0 0 0 0 0 0 0 0 0 0 0 0 0 0 0 0 0 0 0 0 0 0 0 0 0 0 0 0 0 0 0 0 0 0 0 0 0 0 0 0 0 0 0 0 0 0 0 0 0 0 0 0 0 0 0 0 0 0 0 0 0 0 0 0 0 0 0 0 0 0 0 0 0 0 0 0 0 0 0 0 0 0 0 0 0 0 0 0 0 0 0 0 0 0 0 0 0 0 1 0 0 0 0 0 0 0 0 0 0 0 0 0 0 0 0 0 0 0 0 0 0 0 0 0 0 0 0 0 0 0 0 0 1 0 0 0 0 0 0 0 0 0 0 0 0 0 0 0 0 0 0 0 
0 0 0 0 0 0 0 0 0 0 0 0 0 0 0 0 0 0 0 0 0 0 0 0 0 0 0 0 0 0 0 0 0 0 0 0 0 0 0 0 0 0 0 0 0 0 0 0 0 0 0 0 0 0 0 0 0 0 0 0 0 0 0 0 0 0 0 0 0 0 0 0 0 0 0 0 0 0 0 0 0 0 0 0 0 0 0 0 0 0 0 0 0 0 0 0 0 0 0 0 0 0 0 0 0 0 0 0 0 0 0 0 0 0 0 0 0 0 0 0 0 0 0 0 0 0 0 0 0 0 0 0 0 0 0 0 0 0 0 0 0 0 0 0 0 0 0 0 0 0 0 0 0 0 0 0 0 0 0 0 0 0 0 0 0 0 0 0 0 0 0 0 0 0 0 0 0 0 0 0 0 0 0 0 0 0 0 0 0 0 0 0 0 0 0 
0 0 0 0 0 0 0 0 0 0 0 0 0 0 0 0 0 0 0 0 0 0 0 0 0 0 0 0 0 0 0 0 0 0 0 0 0 0 0 0 0 0 0 0 0 0 0 1 0 0 0 0 0 0 0 0 0 0 0 0 0 0 0 0 0 0 0 1 0 0 0 0 0 0 0 0 0 0 0 0 1 0 0 0 0 0 0 0 0 0 0 0 0 0 0 0 0 0 1 0 0 0 0 0 0 0 0 0 0 0 0 0 0 0 0 0 0 0 0 0 0 0 0 0 0 0 1 0 0 0 0 0 0 0 0 0 0 0 0 0 0 0 0 0 0 0 0 0 0 0 0 0 0 0 0 0 0 0 0 0 0 0 0 0 0 0 0 0 0 0 0 0 0 0 0 0 0 0 0 0 0 0 0 0 0 1 0 0 0 0 0 0 0 0 0 
0 0 1 1 0 0 0 0 0 0 0 0 0 0 0 0 0 0 0 0 0 0 0 0 0 0 0 0 0 1 0 0 0 0 1 0 0 0 0 0 1 0 0 0 0 0 0 0 0 0 0 0 0 0 0 0 0 0 0 0 0 0 0 0 0 0 0 0 0 0 0 0 0 1 0 1 0 0 0 0 0 0 0 0 0 1 0 0 0 0 0 1 0 0 0 0 0 0 0 0 0 0 1 0 0 0 0 0 0 0 0 0 0 0 0 0 0 0 0 1 0 0 0 0 0 0 0 0 0 0 0 0 0 0 0 1 0 0 0 1 1 0 0 0 0 1 0 0 0 0 0 0 0 0 0 0 0 0 1 0 0 1 0 0 0 0 0 0 0 0 0 0 0 0 1 0 0 0 0 0 0 1 0 0 0 0 0 0 0 0 1 0 0 0 0 
0 0 0 0 0 0 0 0 0 0 0 0 0 0 0 1 0 0 0 0 0 0 0 0 0 0 0 0 0 0 0 0 0 0 0 0 0 0 1 1 0 0 0 0 0 0 0 0 0 0 0 0 0 0 0 0 0 1 0 0 0 0 0 0 0 0 0 0 0 0 0 0 0 0 0 0 0 0 0 0 0 0 0 0 0 0 1 0 0 0 0 0 0 0 1 0 0 0 0 0 0 0 0 0 0 0 0 0 0 0 0 0 1 0 0 0 0 0 0 0 0 0 0 0 0 0 0 0 0 0 0 0 0 0 0 0 0 0 0 0 0 0 0 0 0 0 0 0 0 0 0 0 0 0 0 0 0 0 0 0 0 0 0 0 0 0 0 0 0 0 0 0 0 0 0 0 0 0 0 0 0 0 0 0 0 0 0 0 1 0 0 0 0 0 0 
0 0 0 0 1 1 0 1 0 1 0 0 0 0 0 0 0 1 0 0 0 0 0 0 0 0 1 0 0 0 0 0 0 0 0 0 0 0 0 0 0 0 0 0 0 0 1 0 0 0 0 0 0 0 0 0 0 0 0 0 0 0 0 0 0 0 0 0 0 1 0 1 0 0 0 0 0 0 0 1 0 1 0 1 0 0 0 1 1 0 0 0 0 0 0 1 0 0 0 0 1 0 0 0 1 1 0 0 0 0 0 0 0 0 0 0 0 0 0 0 0 0 0 0 0 0 0 0 1 0 0 0 0 0 0 0 0 0 0 0 0 0 0 0 0 0 0 0 0 0 0 0 0 0 0 0 0 0 0 0 1 0 0 0 0 0 0 0 1 0 0 0 0 0 0 0 0 0 0 0 0 0 0 0 0 0 0 0 0 0 0 0 0 0 0 
0 0 0 0 0 0 0 0 0 0 0 0 0 0 0 0 0 0 0 0 0 0 0 0 0 0 0 0 0 0 0 0 0 0 0 0 0 0 0 0 0 1 0 1 0 0 0 0 0 0 0 0 0 0 0 0 0 0 0 1 0 0 0 0 0 0 0 0 0 0 0 0 0 0 0 0 0 0 0 0 0 0 0 0 0 0 0 0 0 0 1 0 0 0 0 0 0 0 0 0 0 1 0 0 0 0 0 0 0 0 1 0 0 0 0 0 0 1 0 0 0 0 0 0 0 1 0 0 0 0 0 0 0 1 0 0 0 0 0 0 0 0 1 0 1 0 0 0 1 0 0 0 0 0 0 0 0 1 0 0 0 0 1 0 0 0 0 1 0 0 0 0 0 0 0 0 0 0 0 0 0 0 0 0 0 0 0 0 0 0 0 0 0 0 0 
0 0 0 0 0 0 0 0 0 0 0 0 0 0 0 0 0 0 0 0 0 0 0 0 0 0 0 0 0 0 0 0 0 0 0 0 0 0 0 0 0 0 0 0 0 0 0 0 0 0 0 0 0 0 0 0 0 0 0 0 0 0 0 0 0 0 0 0 0 0 0 0 0 0 0 0 0 0 0 0 0 0 0 0 0 0 0 0 0 0 0 0 0 0 0 0 0 0 0 0 0 0 0 0 0 0 0 0 0 0 0 0 0 0 0 0 0 0 0 0 0 0 0 0 0 0 0 0 0 0 0 0 0 0 0 0 0 0 0 0 0 0 0 0 0 0 0 0 0 0 0 0 0 0 0 0 0 0 0 0 0 0 0 0 0 0 0 0 0 0 0 0 0 0 0 0 0 0 0 0 0 0 0 0 0 0 0 0 0 0 0 0 0 0 0 
0 0 0 0 0 0 0 0 0 0 0 0 0 0 0 0 0 0 0 0 0 0 0 0 0 1 0 0 0 0 0 0 0 0 0 0 0 0 0 0 0 0 0 0 0 0 0 0 0 0 0 0 0 0 0 0 0 0 0 0 0 0 0 0 0 0 0 0 0 0 0 0 0 0 0 0 0 0 0 0 0 0 0 0 0 0 0 0 0 1 0 0 0 0 0 0 0 0 0 0 0 0 0 1 0 0 0 0 0 0 0 0 0 0 0 0 0 0 0 0 0 0 0 0 0 0 0 0 0 0 0 0 0 0 0 0 0 0 0 0 0 0 0 0 0 0 0 0 0 0 0 1 0 0 0 0 0 0 0 0 0 0 0 0 0 0 0 0 0 0 0 0 0 0 0 0 0 0 0 0 0 0 0 0 0 0 0 0 0 0 0 0 1 1 0 
0 0 0 0 0 0 0 0 0 0 0 0 0 0 0 0 0 0 1 0 0 0 0 0 0 0 0 0 0 0 0 0 0 1 0 0 0 0 0 0 0 0 0 0 0 0 0 0 0 1 0 1 0 0 0 0 0 0 0 0 0 0 0 0 0 0 0 0 1 0 0 0 0 0 0 0 0 0 0 0 0 0 0 0 0 0 0 0 0 0 0 0 0 0 0 0 0 0 0 0 0 0 0 0 0 0 1 0 0 0 0 0 0 0 0 0 0 0 0 0 0 0 1 0 0 0 0 0 0 1 1 0 0 0 1 0 0 0 0 0 0 0 0 0 0 0 1 0 0 1 0 0 0 0 0 0 0 0 0 0 0 0 0 0 0 0 0 0 0 0 0 0 0 0 0 0 0 1 1 1 0 0 0 0 0 0 0 0 0 1 0 0 0 0 1 
0 0 0 0 0 0 0 0 0 0 0 0 0 0 0 0 0 0 0 0 0 0 0 0 0 0 0 0 0 0 0 0 0 0 0 0 0 0 0 0 0 0 0 0 0 0 0 0 0 0 0 0 0 0 0 0 0 0 0 0 0 0 0 0 0 0 0 0 0 0 0 0 0 0 0 0 0 0 0 0 0 0 0 0 0 0 0 0 0 0 0 0 0 0 0 0 0 0 0 0 0 0 0 0 0 0 0 0 0 0 0 0 0 0 0 0 0 0 0 0 0 0 0 0 0 0 0 0 0 0 0 0 0 0 0 0 0 0 0 0 0 0 0 0 0 0 0 0 0 0 0 0 0 0 0 0 0 0 0 0 0 0 0 0 0 0 0 0 0 0 0 0 0 0 0 0 0 0 0 0 0 0 0 0 0 0 0 0 0 0 0 0 0 0 0 
0 0 0 0 0 0 0 0 0 0 0 0 0 0 1 0 0 0 0 0 0 0 0 0 0 0 0 1 0 0 0 0 0 0 0 0 0 0 0 0 0 0 0 0 1 0 0 0 0 0 0 0 0 0 0 0 1 0 0 0 0 0 1 0 0 0 0 0 0 0 0 0 0 0 0 0 0 0 0 0 0 0 0 0 0 0 0 0 0 0 0 0 0 0 0 0 1 0 0 0 0 0 0 0 0 0 0 0 0 0 0 0 0 0 0 0 0 0 0 0 0 0 0 0 0 0 0 1 0 0 0 0 0 0 0 0 0 0 1 0 0 0 0 0 0 0 0 0 0 0 0 0 0 0 0 0 0 0 0 0 0 0 0 0 0 0 0 0 0 1 1 0 0 0 0 0 0 0 0 0 0 0 0 0 0 0 0 0 0 0 0 0 0 0 0 
0 1 0 0 0 0 0 0 0 0 0 1 1 0 0 0 0 0 0 0 0 0 1 0 0 0 0 0 1 0 0 0 0 0 0 0 0 0 0 0 0 0 0 0 0 0 0 0 0 0 1 0 0 0 0 0 0 0 0 0 0 0 0 0 0 0 1 0 0 0 0 0 0 0 0 0 0 0 0 0 0 0 1 0 0 0 0 0 0 0 0 0 0 0 0 0 0 0 0 0 0 0 0 0 0 0 0 0 0 0 0 0 0 0 0 0 0 0 1 0 0 1 0 0 0 0 0 0 0 0 0 0 0 0 0 0 0 0 0 0 0 0 0 0 0 0 0 1 0 0 1 0 0 0 0 0 0 0 0 0 0 0 0 0 1 0 0 0 0 0 0 0 0 0 0 0 1 0 0 0 0 0 0 1 0 0 1 0 0 0 0 0 0 0 0 
43 0 142 0 99 175 58 70 149 0 26 147 0 170 67 
0.000000E+00 2.931425E-04 4.335070E-07 5.880777E-06 3.255010E-05 1.703056E-04 0.000000E+00 5.479692E-06 0.000000E+00 3.336303E-04 0.000000E+00 1.857021E-05 3.357446E-04 0.000000E+00 9.847963E-05 8.738554E-05 0.000000E+00 8.217513E-07 3.685986E-04 0.000000E+00 0.000000E+00 0.000000E+00 1.011046E-04 0.000000E+00 0.000000E+00 0.000000E+00 1.562933E-04 3.065990E-06 8.706711E-06 4.717308E-06 0.000000E+00 0.000000E+00 0.000000E+00 1.565680E-04 7.153398E-05 5.692462E-04 0.000000E+00 0.000000E+00 7.571717E-06 1.670683E-04 4.507182E-05 1.828588E-05 0.000000E+00 2.968379E-06 8.914906E-05 0.000000E+00 5.583443E-05 2.307039E-06 0.000000E+00 7.894429E-09 7.448847E-06 5.356162E-04 0.000000E+00 0.000000E+00 0.000000E+00 0.000000E+00 4.270957E-04 0.000000E+00 0.000000E+00 8.746138E-08 0.000000E+00 0.000000E+00 4.622042E-04 0.000000E+00 0.000000E+00 0.000000E+00 0.000000E+00 6.496798E-07 3.582407E-04 0.000000E+00 0.000000E+00 1.387197E-05 0.000000E+00 4.010071E-05 0.000000E+00 8.379015E-05 0.000000E+00 0.000000E+00 0.000000E+00 9.992141E-04 4.118641E-06 5.947237E-05 1.879433E-04 2.161098E-04 0.000000E+00 3.521082E-04 5.565856E-05 2.305144E-05 1.501596E-04 9.402341E-08 7.826399E-07 8.768860E-05 0.000000E+00 0.000000E+00 1.814907E-06 6.828136E-05 1.348807E-04 0.000000E+00 0.000000E+00 0.000000E+00 7.164918E-04 8.420524E-07 5.787665E-04 2.173374E-06 1.300979E-04 3.943536E-07 3.603457E-04 0.000000E+00 0.000000E+00 0.000000E+00 4.773210E-06 0.000000E+00 1.620541E-05 0.000000E+00 0.000000E+00 0.000000E+00 0.000000E+00 8.418129E-05 1.542942E-04 7.856165E-08 0.000000E+00 5.895155E-06 1.506840E-06 0.000000E+00 0.000000E+00 7.381837E-07 1.915118E-06 2.956188E-06 6.414996E-05 2.138862E-04 6.333752E-06 0.000000E+00 0.000000E+00 9.985036E-06 1.862299E-05 8.220703E-06 0.000000E+00 8.138789E-05 2.359792E-04 1.844082E-06 8.051580E-05 0.000000E+00 2.727797E-05 0.000000E+00 4.669725E-09 4.543911E-06 0.000000E+00 3.490223E-05 0.000000E+00 1.740729E-05 7.284781E-06 1.673160E-07 0.000000E+00 0.000000E+00 0.000000E+00 0.000000E+00 0.000000E+00 6.693527E-05 3.746900E-05 0.000000E+00 6.133989E-04 7.056877E-04 2.089667E-05 0.000000E+00 3.485610E-05 0.000000E+00 1.048122E-04 1.088029E-05 7.382524E-05 0.000000E+00 5.847457E-05 0.000000E+00 8.629377E-04 2.196689E-07 0.000000E+00 1.211759E-08 1.321808E-04 1.061887E-05 1.486853E-06 1.723658E-04 0.000000E+00 4.732755E-07 0.000000E+00 2.981858E-04 0.000000E+00 2.441753E-07 1.831855E-04 0.000000E+00 5.604248E-05 6.261136E-04 1.507741E-05 0.000000E+00 5.240690E-07 2.675858E-09 5.621538E-05 
36 138 167 43 174 173 
0 
142 176 
0 
99 186 81 127 48 68 
3 30 175 140 120 136 182 159 41 35 141 86 103 92 162 74 76 4 146 191 
113 189 39 95 16 40 87 58 
89 82 161 105 88 101 84 96 72 18 129 6 70 27 106 47 5 8 80 169 10 
158 91 145 143 149 126 42 163 111 102 134 60 44 118 168 
0 
152 26 194 104 90 193 
178 179 131 50 123 147 130 34 150 19 180 135 69 195 52 107 190 
0 
170 28 128 97 139 45 171 15 57 63 
184 177 187 151 12 148 29 51 23 119 67 165 122 2 13 83 

============Find Best @ Round 4334================
==========Cluster 0, RcvInterf=3.71574e-13============
Node 35, SINR:9.86133e-02, BpsHz:2.71367e-02
Node 137, SINR:9.86133e-02, BpsHz:2.71367e-02
Node 166, SINR:9.86133e-02, BpsHz:2.71367e-02
Node 42, SINR:0.00000e+00, BpsHz:0.00000e+00
Node 173, SINR:9.86133e-02, BpsHz:2.71367e-02
Node 172, SINR:9.86133e-02, BpsHz:2.71367e-02
---------------
==========Cluster 1, RcvInterf=5.49988e-14============
Node -1, SINR:3.32941e-311, BpsHz:3.32941e-311
---------------
==========Cluster 2, RcvInterf=1.48738e-14============
Node 141, SINR:0.00000e+00, BpsHz:0.00000e+00
Node 175, SINR:1.89878e-02, BpsHz:2.71367e-02
---------------
==========Cluster 3, RcvInterf=3.98237e-14============
Node -1, SINR:3.32941e-311, BpsHz:3.32941e-311
---------------
==========Cluster 4, RcvInterf=2.07141e-14============
Node 98, SINR:0.00000e+00, BpsHz:0.00000e+00
Node 185, SINR:9.86133e-02, BpsHz:2.71367e-02
Node 80, SINR:9.86133e-02, BpsHz:2.71367e-02
Node 126, SINR:9.86133e-02, BpsHz:2.71367e-02
Node 47, SINR:9.86133e-02, BpsHz:2.71367e-02
Node 67, SINR:9.86133e-02, BpsHz:2.71367e-02
---------------
==========Cluster 5, RcvInterf=9.57570e-14============
Node 2, SINR:4.29586e-01, BpsHz:2.71367e-02
Node 29, SINR:4.29586e-01, BpsHz:2.71367e-02
Node 174, SINR:0.00000e+00, BpsHz:0.00000e+00
Node 139, SINR:4.29586e-01, BpsHz:2.71367e-02
Node 119, SINR:4.29586e-01, BpsHz:2.71367e-02
Node 135, SINR:4.29586e-01, BpsHz:2.71367e-02
Node 181, SINR:4.29586e-01, BpsHz:2.71367e-02
Node 158, SINR:4.29586e-01, BpsHz:2.71367e-02
Node 40, SINR:4.29586e-01, BpsHz:2.71367e-02
Node 34, SINR:4.29586e-01, BpsHz:2.71367e-02
Node 140, SINR:4.29586e-01, BpsHz:2.71367e-02
Node 85, SINR:4.29586e-01, BpsHz:2.71367e-02
Node 102, SINR:4.29586e-01, BpsHz:2.71367e-02
Node 91, SINR:4.29586e-01, BpsHz:2.71367e-02
Node 161, SINR:4.29586e-01, BpsHz:2.71367e-02
Node 73, SINR:4.29586e-01, BpsHz:2.71367e-02
Node 75, SINR:4.29586e-01, BpsHz:2.71367e-02
Node 3, SINR:4.29586e-01, BpsHz:2.71367e-02
Node 145, SINR:4.29586e-01, BpsHz:2.71367e-02
Node 190, SINR:4.29586e-01, BpsHz:2.71367e-02
---------------
==========Cluster 6, RcvInterf=1.30435e-14============
Node 112, SINR:1.40730e-01, BpsHz:2.71367e-02
Node 188, SINR:1.40730e-01, BpsHz:2.71367e-02
Node 38, SINR:1.40730e-01, BpsHz:2.71367e-02
Node 94, SINR:1.40730e-01, BpsHz:2.71367e-02
Node 15, SINR:1.40730e-01, BpsHz:2.71367e-02
Node 39, SINR:1.40730e-01, BpsHz:2.71367e-02
Node 86, SINR:1.40730e-01, BpsHz:2.71367e-02
Node 57, SINR:0.00000e+00, BpsHz:0.00000e+00
---------------
==========Cluster 7, RcvInterf=1.30102e-14============
Node 88, SINR:4.56731e-01, BpsHz:2.71367e-02
Node 81, SINR:4.56731e-01, BpsHz:2.71367e-02
Node 160, SINR:4.56731e-01, BpsHz:2.71367e-02
Node 104, SINR:4.56731e-01, BpsHz:2.71367e-02
Node 87, SINR:4.56731e-01, BpsHz:2.71367e-02
Node 100, SINR:4.56731e-01, BpsHz:2.71367e-02
Node 83, SINR:4.56731e-01, BpsHz:2.71367e-02
Node 95, SINR:4.56731e-01, BpsHz:2.71367e-02
Node 71, SINR:4.56731e-01, BpsHz:2.71367e-02
Node 17, SINR:4.56731e-01, BpsHz:2.71367e-02
Node 128, SINR:4.56731e-01, BpsHz:2.71367e-02
Node 5, SINR:4.56731e-01, BpsHz:2.71367e-02
Node 69, SINR:0.00000e+00, BpsHz:0.00000e+00
Node 26, SINR:4.56731e-01, BpsHz:2.71367e-02
Node 105, SINR:4.56731e-01, BpsHz:2.71367e-02
Node 46, SINR:4.56731e-01, BpsHz:2.71367e-02
Node 4, SINR:4.56731e-01, BpsHz:2.71367e-02
Node 7, SINR:4.56731e-01, BpsHz:2.71367e-02
Node 79, SINR:4.56731e-01, BpsHz:2.71367e-02
Node 168, SINR:4.56731e-01, BpsHz:2.71367e-02
Node 9, SINR:4.56731e-01, BpsHz:2.71367e-02
---------------
==========Cluster 8, RcvInterf=4.14032e-14============
Node 157, SINR:3.01264e-01, BpsHz:2.71367e-02
Node 90, SINR:3.01264e-01, BpsHz:2.71367e-02
Node 144, SINR:3.01264e-01, BpsHz:2.71367e-02
Node 142, SINR:3.01264e-01, BpsHz:2.71367e-02
Node 148, SINR:0.00000e+00, BpsHz:0.00000e+00
Node 125, SINR:3.01264e-01, BpsHz:2.71367e-02
Node 41, SINR:3.01264e-01, BpsHz:2.71367e-02
Node 162, SINR:3.01264e-01, BpsHz:2.71367e-02
Node 110, SINR:3.01264e-01, BpsHz:2.71367e-02
Node 101, SINR:3.01264e-01, BpsHz:2.71367e-02
Node 133, SINR:3.01264e-01, BpsHz:2.71367e-02
Node 59, SINR:3.01264e-01, BpsHz:2.71367e-02
Node 43, SINR:3.01264e-01, BpsHz:2.71367e-02
Node 117, SINR:3.01264e-01, BpsHz:2.71367e-02
Node 167, SINR:3.01264e-01, BpsHz:2.71367e-02
---------------
==========Cluster 9, RcvInterf=1.14764e-13============
Node -1, SINR:3.32941e-311, BpsHz:3.32941e-311
---------------
==========Cluster 10, RcvInterf=7.77373e-15============
Node 151, SINR:9.86133e-02, BpsHz:2.71367e-02
Node 25, SINR:0.00000e+00, BpsHz:0.00000e+00
Node 193, SINR:9.86133e-02, BpsHz:2.71367e-02
Node 103, SINR:9.86133e-02, BpsHz:2.71367e-02
Node 89, SINR:9.86133e-02, BpsHz:2.71367e-02
Node 192, SINR:9.86133e-02, BpsHz:2.71367e-02
---------------
==========Cluster 11, RcvInterf=1.69530e-14============
Node 177, SINR:3.51150e-01, BpsHz:2.71367e-02
Node 178, SINR:3.51150e-01, BpsHz:2.71367e-02
Node 130, SINR:3.51150e-01, BpsHz:2.71367e-02
Node 49, SINR:3.51150e-01, BpsHz:2.71367e-02
Node 122, SINR:3.51150e-01, BpsHz:2.71367e-02
Node 146, SINR:0.00000e+00, BpsHz:0.00000e+00
Node 129, SINR:3.51150e-01, BpsHz:2.71367e-02
Node 33, SINR:3.51150e-01, BpsHz:2.71367e-02
Node 149, SINR:3.51150e-01, BpsHz:2.71367e-02
Node 18, SINR:3.51150e-01, BpsHz:2.71367e-02
Node 179, SINR:3.51150e-01, BpsHz:2.71367e-02
Node 134, SINR:3.51150e-01, BpsHz:2.71367e-02
Node 68, SINR:3.51150e-01, BpsHz:2.71367e-02
Node 194, SINR:3.51150e-01, BpsHz:2.71367e-02
Node 51, SINR:3.51150e-01, BpsHz:2.71367e-02
Node 106, SINR:3.51150e-01, BpsHz:2.71367e-02
Node 189, SINR:3.51150e-01, BpsHz:2.71367e-02
---------------
==========Cluster 12, RcvInterf=1.74123e-14============
Node -1, SINR:3.32941e-311, BpsHz:3.32941e-311
---------------
==========Cluster 13, RcvInterf=5.69237e-14============
Node 169, SINR:0.00000e+00, BpsHz:0.00000e+00
Node 27, SINR:1.84461e-01, BpsHz:2.71367e-02
Node 127, SINR:1.84461e-01, BpsHz:2.71367e-02
Node 96, SINR:1.84461e-01, BpsHz:2.71367e-02
Node 138, SINR:1.84461e-01, BpsHz:2.71367e-02
Node 44, SINR:1.84461e-01, BpsHz:2.71367e-02
Node 170, SINR:1.84461e-01, BpsHz:2.71367e-02
Node 14, SINR:1.84461e-01, BpsHz:2.71367e-02
Node 56, SINR:1.84461e-01, BpsHz:2.71367e-02
Node 62, SINR:1.84461e-01, BpsHz:2.71367e-02
---------------
==========Cluster 14, RcvInterf=7.50860e-15============
Node 183, SINR:3.25972e-01, BpsHz:2.71367e-02
Node 176, SINR:3.25972e-01, BpsHz:2.71367e-02
Node 186, SINR:3.25972e-01, BpsHz:2.71367e-02
Node 150, SINR:3.25972e-01, BpsHz:2.71367e-02
Node 11, SINR:3.25972e-01, BpsHz:2.71367e-02
Node 147, SINR:3.25972e-01, BpsHz:2.71367e-02
Node 28, SINR:3.25972e-01, BpsHz:2.71367e-02
Node 50, SINR:3.25972e-01, BpsHz:2.71367e-02
Node 22, SINR:3.25972e-01, BpsHz:2.71367e-02
Node 118, SINR:3.25972e-01, BpsHz:2.71367e-02
Node 66, SINR:0.00000e+00, BpsHz:0.00000e+00
Node 164, SINR:3.25972e-01, BpsHz:2.71367e-02
Node 121, SINR:3.25972e-01, BpsHz:2.71367e-02
Node 1, SINR:3.25972e-01, BpsHz:2.71367e-02
Node 12, SINR:3.25972e-01, BpsHz:2.71367e-02
Node 82, SINR:3.25972e-01, BpsHz:2.71367e-02
---------------
