195
15
1.000000e-03
2.525175e-312
112
8000
3.860110e+00
2.131348e+00
3.860110e-06
  inf
0 0 0 0 0 0 0 0 0 0 0 0 0 0 0 0 0 0 0 0 0 0 0 0 0 0 0 0 0 0 0 0 0 0 0 0 0 0 0 0 0 0 0 0 0 0 0 0 0 0 0 0 0 0 0 0 0 0 0 0 0 0 0 0 0 0 0 0 0 0 0 0 0 0 0 0 0 0 0 0 0 0 0 0 0 0 0 0 0 0 0 0 0 0 0 0 0 0 0 0 0 0 0 0 0 0 0 0 0 0 0 0 0 0 0 0 0 0 0 0 0 0 0 0 0 0 0 1 0 0 0 0 0 0 0 0 0 0 0 0 0 0 0 0 0 0 0 0 0 0 0 0 0 0 0 0 0 0 0 0 0 0 0 0 0 0 0 0 0 0 0 0 0 0 0 0 0 0 0 0 0 0 0 0 0 0 0 0 0 0 0 0 0 0 0 
0 0 0 0 0 0 1 0 0 0 0 1 1 0 0 0 0 0 0 0 0 0 1 0 1 0 0 0 1 0 1 0 0 0 0 0 0 0 0 0 0 0 0 0 0 0 0 0 0 0 0 0 0 0 0 0 0 0 0 0 0 0 0 0 0 0 0 0 0 0 0 0 0 0 0 0 1 0 0 0 0 0 1 0 0 0 0 0 0 0 0 0 0 0 0 0 0 1 0 0 0 0 0 0 0 0 0 0 0 0 0 0 0 0 0 0 0 0 1 0 0 0 0 0 0 0 0 0 0 0 0 0 0 0 0 0 0 0 0 0 0 0 0 0 0 0 0 0 0 0 0 0 0 1 0 0 0 0 0 0 0 0 0 0 0 0 0 0 0 0 0 0 0 0 0 0 0 0 0 0 0 0 0 0 0 0 0 0 0 0 0 0 0 0 0 
0 0 0 0 0 0 0 0 0 0 0 0 0 0 0 0 0 0 0 0 0 0 0 0 0 0 0 0 0 0 0 0 0 0 0 0 0 0 0 0 0 0 0 0 0 0 0 0 0 0 0 0 0 0 0 0 0 0 0 0 0 0 0 0 0 0 0 0 0 0 0 0 0 0 0 0 0 0 0 0 0 0 0 0 0 0 0 0 0 0 0 0 0 0 0 0 0 0 0 0 0 0 0 0 0 0 0 0 0 0 0 0 0 0 0 0 0 0 0 0 0 0 0 0 0 0 0 0 0 0 0 0 0 0 0 0 0 0 0 0 0 0 0 0 0 0 0 0 0 0 0 0 0 0 0 0 0 0 0 0 0 0 0 0 0 0 0 0 0 0 0 0 0 0 0 0 0 0 0 0 0 0 0 0 0 0 0 0 0 0 0 0 0 0 0 
0 1 0 0 0 0 0 0 0 0 0 0 0 0 0 1 0 0 0 0 0 1 0 0 0 0 0 0 0 0 0 0 0 0 0 0 0 0 1 1 0 0 0 0 0 0 0 0 0 0 0 0 0 0 0 0 0 0 1 0 0 0 0 0 0 0 0 0 0 0 0 0 0 0 0 0 0 0 1 0 0 0 0 0 0 0 1 0 0 0 0 0 0 0 1 0 0 0 0 0 0 0 0 0 0 0 0 0 0 0 0 0 1 0 0 0 0 0 0 0 0 0 0 0 0 0 0 0 0 0 0 0 0 0 1 0 1 0 0 0 0 0 0 0 0 0 0 0 0 0 0 0 0 0 0 0 0 0 0 0 0 0 0 0 0 0 0 0 0 0 0 0 0 0 0 0 0 0 0 0 0 0 0 0 1 0 0 0 1 0 0 0 0 0 0 
0 0 0 0 0 0 0 0 1 0 1 0 0 0 0 0 0 0 0 0 0 0 0 0 0 0 0 0 0 0 0 0 0 0 0 0 0 0 0 0 0 0 0 0 0 0 0 0 0 0 0 0 0 0 0 1 0 0 0 0 0 0 0 1 0 0 0 0 0 0 0 0 0 0 0 0 0 0 0 0 0 0 0 0 1 0 0 0 0 0 0 0 1 0 0 0 0 0 0 0 0 0 0 0 0 0 0 0 0 0 0 0 0 0 0 0 0 0 0 0 0 0 0 0 0 0 0 0 0 0 0 0 0 0 0 0 0 0 0 0 0 0 0 0 0 0 0 0 0 0 0 0 0 0 0 0 0 0 0 0 0 0 0 0 0 0 0 0 0 0 0 0 0 0 0 0 0 0 0 0 0 0 0 0 0 0 0 0 0 0 0 1 0 0 0 
0 0 1 0 0 0 0 0 0 0 0 0 0 0 0 0 0 0 0 0 0 0 0 0 0 0 0 0 0 1 0 0 0 0 0 0 0 0 0 0 0 0 0 0 0 0 0 0 0 0 0 0 0 0 0 0 0 0 0 0 0 1 0 0 0 0 0 0 0 0 0 0 0 0 0 0 0 0 0 0 0 0 0 0 0 0 0 0 0 0 0 0 0 0 0 0 0 0 0 0 0 0 0 0 0 0 0 0 0 0 0 0 0 0 0 0 0 0 0 0 0 0 0 0 0 0 0 0 0 0 0 0 0 0 0 0 0 0 0 0 0 0 0 0 0 0 0 0 0 0 0 0 0 0 0 0 0 0 0 0 0 0 0 0 0 0 0 0 0 0 0 0 0 0 0 0 0 0 0 0 0 0 0 0 0 0 0 0 0 0 0 0 0 0 0 
0 0 0 0 0 0 0 0 0 0 0 0 0 0 0 0 0 0 0 0 0 0 0 0 0 0 0 0 0 0 0 0 0 0 0 0 0 0 0 0 0 0 0 0 0 0 0 0 0 0 0 0 0 0 0 0 0 0 0 0 0 0 0 0 0 0 0 0 0 0 0 0 0 0 0 0 0 0 0 0 0 0 0 0 0 0 0 0 0 0 0 0 0 0 0 0 0 0 0 0 0 0 0 0 0 0 0 0 0 0 0 0 0 0 0 0 0 0 0 0 0 0 0 0 0 0 0 0 0 0 0 0 0 0 0 0 0 0 0 0 0 0 0 0 0 0 0 0 0 0 0 0 0 0 0 0 0 0 0 0 0 0 0 0 0 0 0 0 0 0 0 0 0 0 0 0 0 0 0 0 0 0 0 0 0 0 0 0 0 0 0 0 0 0 0 
0 0 0 0 0 0 0 0 0 0 0 0 0 0 1 0 0 0 1 0 0 0 0 0 0 0 0 0 0 0 0 0 0 0 0 0 0 0 0 0 0 0 0 0 0 0 0 0 0 1 0 1 0 0 0 0 0 0 0 0 0 0 0 0 0 0 0 0 0 0 0 0 0 0 0 0 0 0 0 0 0 0 0 0 0 0 0 0 0 0 0 0 0 0 0 0 0 0 0 0 0 0 0 0 0 0 1 0 0 0 0 0 0 1 0 0 0 0 0 0 0 0 1 0 0 0 0 0 0 0 1 0 0 0 0 0 0 0 0 0 0 0 0 0 0 0 1 0 0 1 0 0 0 0 0 0 0 0 0 0 0 0 0 0 0 0 0 0 0 0 1 0 0 0 0 0 0 1 1 1 0 0 0 0 0 0 0 0 0 1 0 0 0 0 0 
0 0 0 0 0 0 0 0 0 0 0 0 0 0 0 0 0 0 0 0 0 0 0 0 0 0 0 0 0 0 0 0 0 0 0 0 0 0 0 0 0 0 0 0 0 0 0 0 0 0 0 0 0 0 0 0 0 0 0 0 0 0 0 0 0 0 0 0 0 0 0 0 0 0 0 0 0 0 0 0 0 0 0 0 0 0 0 0 0 0 0 0 0 0 0 0 0 0 0 0 0 0 0 0 0 0 0 0 0 0 0 0 0 0 0 0 0 0 0 0 0 0 0 0 0 0 0 0 0 0 0 0 0 0 0 0 0 0 0 0 0 0 0 0 0 0 0 0 0 0 0 0 0 0 0 0 0 0 0 0 0 0 0 0 0 0 0 0 0 0 0 0 0 0 0 0 0 0 0 0 0 0 0 0 0 0 0 0 0 0 0 0 0 0 0 
0 0 0 0 0 0 0 0 0 0 0 0 0 0 0 0 0 0 0 0 0 0 0 0 0 1 0 0 0 0 0 1 0 0 0 0 0 0 0 0 0 1 0 0 0 0 0 0 0 0 0 0 0 0 0 0 0 0 0 1 0 0 0 0 0 0 0 0 0 0 1 0 0 0 0 0 0 0 0 0 0 0 0 0 0 0 0 0 0 1 1 0 0 0 0 0 0 0 0 0 0 1 0 1 0 0 0 0 0 0 0 0 0 0 0 0 0 1 0 0 0 0 0 1 0 0 0 0 0 0 0 0 0 1 0 0 0 0 0 0 0 0 1 1 1 0 0 0 1 0 0 1 0 0 0 0 0 0 0 0 0 0 0 0 0 0 0 0 0 0 0 0 0 0 0 0 0 0 0 0 0 0 0 0 0 0 0 1 0 0 0 0 1 0 0 
0 0 0 0 0 0 0 0 0 0 0 0 0 0 0 0 1 1 0 0 1 0 0 0 0 0 0 0 0 0 0 0 0 0 1 0 0 0 0 0 1 0 0 0 0 0 0 0 0 0 0 0 0 0 1 0 0 0 0 0 0 0 0 0 0 0 0 0 0 1 0 0 0 0 0 1 0 0 0 0 0 1 0 0 0 1 0 1 1 0 0 0 0 0 0 0 0 0 0 0 1 0 1 0 1 1 0 0 0 0 0 0 0 0 0 0 0 0 0 0 0 0 0 0 0 0 0 0 0 0 0 0 0 0 0 0 0 0 0 0 0 0 0 0 0 0 0 0 0 0 0 0 0 0 1 0 0 0 0 0 1 0 0 0 0 0 0 0 0 0 0 0 0 0 0 0 0 0 0 0 0 0 1 0 0 0 0 0 0 0 0 0 0 0 0 
0 0 0 0 0 0 0 0 0 0 0 0 0 0 0 0 0 0 0 0 0 0 0 0 0 0 0 0 0 0 0 0 0 0 0 0 0 0 0 0 0 0 0 0 0 0 0 0 0 0 0 0 0 0 0 0 0 0 0 0 0 0 0 0 0 0 0 0 0 0 0 0 0 0 0 0 0 0 0 0 0 0 0 0 0 0 0 0 0 0 0 0 0 0 0 0 0 0 0 0 0 0 0 0 0 0 0 0 0 0 0 0 0 0 0 0 0 0 0 0 0 0 0 0 0 0 0 0 0 0 0 0 0 0 0 0 0 0 0 0 0 0 0 0 0 0 0 0 0 0 0 0 0 0 0 0 0 0 0 0 0 0 0 0 0 0 0 0 0 0 0 0 0 0 0 0 0 0 0 0 0 0 0 0 0 0 0 0 0 0 0 0 0 0 0 
0 0 0 0 0 0 0 0 0 0 0 0 0 0 0 0 0 0 0 0 0 0 0 0 0 0 0 1 0 0 0 0 0 0 0 0 0 0 0 0 0 0 0 0 1 0 0 0 0 0 0 0 0 0 0 0 1 0 0 0 0 0 1 0 0 0 0 0 0 0 0 0 0 0 0 0 0 0 0 0 0 0 0 0 0 0 0 0 0 0 0 1 0 0 0 0 1 0 0 0 0 0 0 0 0 0 0 0 0 0 0 0 0 0 0 1 0 0 0 0 0 0 0 0 0 0 0 0 0 0 0 0 0 0 0 0 0 0 1 0 1 0 0 0 0 1 0 0 0 0 0 0 1 0 0 0 0 0 0 0 0 1 0 0 0 0 0 0 0 0 0 0 0 0 0 0 0 0 0 0 1 0 0 0 0 0 0 0 0 0 0 0 0 0 0 
1 0 0 0 1 1 0 0 0 1 0 0 0 0 0 0 0 0 0 0 0 0 0 0 0 0 1 0 0 0 0 0 0 0 0 0 1 0 0 0 0 0 0 0 0 1 1 0 0 0 0 0 0 1 0 0 0 0 0 0 1 0 0 0 1 0 0 1 0 0 0 1 1 0 0 0 0 1 0 0 0 0 0 0 0 0 0 0 0 0 0 0 0 1 0 0 0 0 0 0 0 0 0 0 0 0 0 0 1 0 0 0 0 0 1 0 0 0 0 0 1 0 0 0 0 0 0 0 0 0 0 1 0 0 0 0 0 0 0 0 0 0 0 0 0 0 0 0 0 0 0 0 0 0 0 0 0 0 0 0 0 0 1 0 0 0 0 1 1 0 0 1 0 0 0 0 0 0 0 0 0 0 0 0 0 0 0 0 0 0 0 0 0 0 0 
0 0 0 0 0 0 0 0 0 0 0 0 0 0 0 0 0 0 0 0 0 0 0 0 0 0 0 0 0 0 0 0 0 0 0 0 0 0 0 0 0 0 0 0 0 0 0 0 0 0 0 0 0 0 0 0 0 0 0 0 0 0 0 0 0 0 0 0 0 0 0 0 0 0 0 0 0 0 0 0 0 0 0 0 0 0 0 0 0 0 0 0 0 0 0 0 0 0 0 0 0 0 0 0 0 0 0 0 0 0 0 0 0 0 0 0 0 0 0 0 0 0 0 0 0 0 0 0 0 0 0 0 0 0 0 0 0 0 0 0 0 0 0 0 0 0 0 0 0 0 0 0 0 0 0 0 0 0 0 0 0 0 0 0 0 0 0 0 0 0 0 0 0 0 0 0 0 0 0 0 0 0 0 0 0 0 0 0 0 0 0 0 0 0 0 
128 98 0 95 93 3 0 123 0 102 35 0 146 94 0 
7.031938E-06 5.287760E-05 0.000000E+00 0.000000E+00 6.697486E-06 1.055717E-04 7.076816E-04 0.000000E+00 1.924682E-06 9.503427E-05 1.943342E-06 6.191553E-05 8.700074E-04 0.000000E+00 3.842477E-04 5.379979E-05 7.507512E-09 4.573251E-05 2.075780E-04 0.000000E+00 1.072449E-07 7.584739E-06 2.335388E-04 0.000000E+00 2.627530E-04 5.677215E-06 9.832045E-05 2.263478E-05 1.374460E-05 2.572153E-07 3.525806E-09 4.112163E-05 0.000000E+00 0.000000E+00 0.000000E+00 0.000000E+00 3.701501E-04 0.000000E+00 2.616513E-06 5.215221E-05 4.248658E-07 1.509728E-04 0.000000E+00 0.000000E+00 4.447140E-04 1.764240E-04 2.200862E-05 0.000000E+00 0.000000E+00 1.388237E-06 0.000000E+00 1.717572E-04 0.000000E+00 8.128819E-04 9.992803E-04 5.145606E-06 6.807726E-05 0.000000E+00 9.454230E-06 4.996780E-06 2.044491E-04 1.173107E-06 4.969722E-05 5.125231E-10 2.816493E-04 0.000000E+00 0.000000E+00 1.366262E-05 0.000000E+00 1.492673E-05 8.664790E-05 5.440067E-05 3.900288E-04 0.000000E+00 0.000000E+00 1.944206E-08 5.481127E-04 2.104483E-07 1.724277E-06 0.000000E+00 0.000000E+00 3.952502E-05 4.463718E-04 0.000000E+00 1.426971E-06 1.064455E-04 4.089158E-05 4.896234E-05 3.187903E-05 4.266302E-07 2.482823E-05 2.357958E-05 0.000000E+00 0.000000E+00 0.000000E+00 0.000000E+00 1.983574E-05 0.000000E+00 0.000000E+00 0.000000E+00 5.945103E-04 0.000000E+00 1.822948E-04 5.399185E-05 1.508583E-04 1.258581E-05 7.138864E-05 0.000000E+00 8.765822E-04 0.000000E+00 0.000000E+00 0.000000E+00 6.762471E-07 1.778063E-04 7.752787E-04 7.525051E-06 0.000000E+00 4.060178E-04 4.236192E-04 0.000000E+00 1.974190E-06 0.000000E+00 0.000000E+00 2.783391E-04 0.000000E+00 0.000000E+00 0.000000E+00 0.000000E+00 0.000000E+00 0.000000E+00 7.222092E-07 8.107940E-04 0.000000E+00 1.721074E-05 1.991812E-05 0.000000E+00 8.996712E-05 0.000000E+00 1.745452E-05 0.000000E+00 2.630435E-05 0.000000E+00 1.089632E-04 5.910551E-04 1.407690E-06 0.000000E+00 6.079527E-07 0.000000E+00 1.644862E-06 9.837395E-06 0.000000E+00 2.390947E-05 1.960050E-06 1.299383E-06 5.986089E-06 0.000000E+00 0.000000E+00 0.000000E+00 0.000000E+00 0.000000E+00 4.110812E-04 1.992595E-04 1.442766E-04 0.000000E+00 0.000000E+00 0.000000E+00 0.000000E+00 7.990464E-06 1.533610E-06 0.000000E+00 2.674257E-04 4.499458E-07 0.000000E+00 0.000000E+00 0.000000E+00 0.000000E+00 0.000000E+00 3.058936E-07 7.060118E-07 9.690621E-05 5.870991E-07 0.000000E+00 9.618495E-05 0.000000E+00 5.460361E-07 0.000000E+00 0.000000E+00 2.867809E-05 8.379005E-06 1.773515E-04 0.000000E+00 4.719045E-06 2.737985E-09 0.000000E+00 0.000000E+00 
128 
7 13 12 29 77 23 98 119 83 25 154 31 
0 
137 16 87 22 39 189 40 113 59 2 79 185 95 135 
192 56 9 85 64 93 11 
3 62 30 
0 
123 179 107 50 178 147 131 150 52 190 114 171 180 15 19 
0 
91 32 145 149 143 118 124 102 71 134 193 90 188 26 152 42 60 104 144 
183 103 86 89 88 105 17 21 70 76 161 82 41 35 101 155 18 106 55 
0 
28 97 139 63 181 153 141 162 57 116 92 146 45 
78 10 47 6 27 72 37 65 73 115 109 46 61 132 94 172 54 68 5 169 163 1 168 121 
0 

============Find Best @ Round 7994================
==========Cluster 0, RcvInterf=1.99586e-12============
Node 127, SINR:0.00000e+00, BpsHz:-nan
---------------
==========Cluster 1, RcvInterf=1.26518e-13============
Node 6, SINR:2.21010e-01, BpsHz:2.61886e-02
Node 12, SINR:2.21010e-01, BpsHz:2.61886e-02
Node 11, SINR:2.21010e-01, BpsHz:2.61886e-02
Node 28, SINR:2.21010e-01, BpsHz:2.61886e-02
Node 76, SINR:2.21010e-01, BpsHz:2.61886e-02
Node 22, SINR:2.21010e-01, BpsHz:2.61886e-02
Node 97, SINR:0.00000e+00, BpsHz:0.00000e+00
Node 118, SINR:2.21010e-01, BpsHz:2.61886e-02
Node 82, SINR:2.21010e-01, BpsHz:2.61886e-02
Node 24, SINR:2.21010e-01, BpsHz:2.61886e-02
Node 153, SINR:2.21010e-01, BpsHz:2.61886e-02
Node 30, SINR:2.21010e-01, BpsHz:2.61886e-02
---------------
==========Cluster 2, RcvInterf=1.83119e-14============
Node -1, SINR:3.32941e-311, BpsHz:3.32941e-311
---------------
==========Cluster 3, RcvInterf=8.47443e-15============
Node 136, SINR:2.66153e-01, BpsHz:2.61886e-02
Node 15, SINR:2.66153e-01, BpsHz:2.61886e-02
Node 86, SINR:2.66153e-01, BpsHz:2.61886e-02
Node 21, SINR:2.66153e-01, BpsHz:2.61886e-02
Node 38, SINR:2.66153e-01, BpsHz:2.61886e-02
Node 188, SINR:2.66153e-01, BpsHz:2.61886e-02
Node 39, SINR:2.66153e-01, BpsHz:2.61886e-02
Node 112, SINR:2.66153e-01, BpsHz:2.61886e-02
Node 58, SINR:2.66153e-01, BpsHz:2.61886e-02
Node 1, SINR:2.66153e-01, BpsHz:2.61886e-02
Node 78, SINR:2.66153e-01, BpsHz:2.61886e-02
Node 184, SINR:2.66153e-01, BpsHz:2.61886e-02
Node 94, SINR:0.00000e+00, BpsHz:0.00000e+00
Node 134, SINR:2.66153e-01, BpsHz:2.61886e-02
---------------
==========Cluster 4, RcvInterf=1.50637e-14============
Node 191, SINR:1.15068e-01, BpsHz:2.61886e-02
Node 55, SINR:1.15068e-01, BpsHz:2.61886e-02
Node 8, SINR:1.15068e-01, BpsHz:2.61886e-02
Node 84, SINR:1.15068e-01, BpsHz:2.61886e-02
Node 63, SINR:1.15068e-01, BpsHz:2.61886e-02
Node 92, SINR:0.00000e+00, BpsHz:0.00000e+00
Node 10, SINR:1.15068e-01, BpsHz:2.61886e-02
---------------
==========Cluster 5, RcvInterf=1.10861e-14============
Node 2, SINR:0.00000e+00, BpsHz:0.00000e+00
Node 61, SINR:3.69723e-02, BpsHz:2.61887e-02
Node 29, SINR:3.69723e-02, BpsHz:2.61887e-02
---------------
==========Cluster 6, RcvInterf=2.92733e-14============
Node -1, SINR:3.32941e-311, BpsHz:3.32941e-311
---------------
==========Cluster 7, RcvInterf=1.26960e-14============
Node 122, SINR:0.00000e+00, BpsHz:0.00000e+00
Node 178, SINR:2.89347e-01, BpsHz:2.61886e-02
Node 106, SINR:2.89347e-01, BpsHz:2.61886e-02
Node 49, SINR:2.89347e-01, BpsHz:2.61886e-02
Node 177, SINR:2.89347e-01, BpsHz:2.61886e-02
Node 146, SINR:2.89347e-01, BpsHz:2.61886e-02
Node 130, SINR:2.89347e-01, BpsHz:2.61886e-02
Node 149, SINR:2.89347e-01, BpsHz:2.61886e-02
Node 51, SINR:2.89347e-01, BpsHz:2.61886e-02
Node 189, SINR:2.89347e-01, BpsHz:2.61886e-02
Node 113, SINR:2.89347e-01, BpsHz:2.61886e-02
Node 170, SINR:2.89347e-01, BpsHz:2.61886e-02
Node 179, SINR:2.89347e-01, BpsHz:2.61886e-02
Node 14, SINR:2.89347e-01, BpsHz:2.61886e-02
Node 18, SINR:2.89347e-01, BpsHz:2.61886e-02
---------------
==========Cluster 8, RcvInterf=1.39837e-14============
Node -1, SINR:3.32941e-311, BpsHz:3.32941e-311
---------------
==========Cluster 9, RcvInterf=2.08347e-14============
Node 90, SINR:3.86450e-01, BpsHz:2.61886e-02
Node 31, SINR:3.86450e-01, BpsHz:2.61886e-02
Node 144, SINR:3.86450e-01, BpsHz:2.61886e-02
Node 148, SINR:3.86450e-01, BpsHz:2.61886e-02
Node 142, SINR:3.86450e-01, BpsHz:2.61886e-02
Node 117, SINR:3.86450e-01, BpsHz:2.61886e-02
Node 123, SINR:3.86450e-01, BpsHz:2.61886e-02
Node 101, SINR:0.00000e+00, BpsHz:0.00000e+00
Node 70, SINR:3.86450e-01, BpsHz:2.61886e-02
Node 133, SINR:3.86450e-01, BpsHz:2.61886e-02
Node 192, SINR:3.86450e-01, BpsHz:2.61886e-02
Node 89, SINR:3.86450e-01, BpsHz:2.61886e-02
Node 187, SINR:3.86450e-01, BpsHz:2.61886e-02
Node 25, SINR:3.86450e-01, BpsHz:2.61886e-02
Node 151, SINR:3.86450e-01, BpsHz:2.61886e-02
Node 41, SINR:3.86450e-01, BpsHz:2.61886e-02
Node 59, SINR:3.86450e-01, BpsHz:2.61886e-02
Node 103, SINR:3.86450e-01, BpsHz:2.61886e-02
Node 143, SINR:3.86450e-01, BpsHz:2.61886e-02
---------------
==========Cluster 10, RcvInterf=1.26663e-14============
Node 182, SINR:3.86450e-01, BpsHz:2.61886e-02
Node 102, SINR:3.86450e-01, BpsHz:2.61886e-02
Node 85, SINR:3.86450e-01, BpsHz:2.61886e-02
Node 88, SINR:3.86450e-01, BpsHz:2.61886e-02
Node 87, SINR:3.86450e-01, BpsHz:2.61886e-02
Node 104, SINR:3.86450e-01, BpsHz:2.61886e-02
Node 16, SINR:3.86450e-01, BpsHz:2.61886e-02
Node 20, SINR:3.86450e-01, BpsHz:2.61886e-02
Node 69, SINR:3.86450e-01, BpsHz:2.61886e-02
Node 75, SINR:3.86450e-01, BpsHz:2.61886e-02
Node 160, SINR:3.86450e-01, BpsHz:2.61886e-02
Node 81, SINR:3.86450e-01, BpsHz:2.61886e-02
Node 40, SINR:3.86450e-01, BpsHz:2.61886e-02
Node 34, SINR:0.00000e+00, BpsHz:0.00000e+00
Node 100, SINR:3.86450e-01, BpsHz:2.61886e-02
Node 154, SINR:3.86450e-01, BpsHz:2.61886e-02
Node 17, SINR:3.86450e-01, BpsHz:2.61886e-02
Node 105, SINR:3.86450e-01, BpsHz:2.61886e-02
Node 54, SINR:3.86450e-01, BpsHz:2.61886e-02
---------------
==========Cluster 11, RcvInterf=1.31835e-14============
Node -1, SINR:3.32941e-311, BpsHz:3.32941e-311
---------------
==========Cluster 12, RcvInterf=2.01586e-14============
Node 27, SINR:2.43377e-01, BpsHz:2.61886e-02
Node 96, SINR:2.43377e-01, BpsHz:2.61886e-02
Node 138, SINR:2.43377e-01, BpsHz:2.61886e-02
Node 62, SINR:2.43377e-01, BpsHz:2.61886e-02
Node 180, SINR:2.43377e-01, BpsHz:2.61886e-02
Node 152, SINR:2.43377e-01, BpsHz:2.61886e-02
Node 140, SINR:2.43377e-01, BpsHz:2.61886e-02
Node 161, SINR:2.43377e-01, BpsHz:2.61886e-02
Node 56, SINR:2.43377e-01, BpsHz:2.61886e-02
Node 115, SINR:2.43377e-01, BpsHz:2.61886e-02
Node 91, SINR:2.43377e-01, BpsHz:2.61886e-02
Node 145, SINR:0.00000e+00, BpsHz:0.00000e+00
Node 44, SINR:2.43377e-01, BpsHz:2.61886e-02
---------------
==========Cluster 13, RcvInterf=4.77011e-15============
Node 77, SINR:5.18175e-01, BpsHz:2.61886e-02
Node 9, SINR:5.18175e-01, BpsHz:2.61886e-02
Node 46, SINR:5.18175e-01, BpsHz:2.61886e-02
Node 5, SINR:5.18175e-01, BpsHz:2.61886e-02
Node 26, SINR:5.18175e-01, BpsHz:2.61886e-02
Node 71, SINR:5.18175e-01, BpsHz:2.61886e-02
Node 36, SINR:5.18175e-01, BpsHz:2.61886e-02
Node 64, SINR:5.18176e-01, BpsHz:2.61886e-02
Node 72, SINR:5.18175e-01, BpsHz:2.61886e-02
Node 114, SINR:5.18175e-01, BpsHz:2.61886e-02
Node 108, SINR:5.18175e-01, BpsHz:2.61886e-02
Node 45, SINR:5.18175e-01, BpsHz:2.61886e-02
Node 60, SINR:5.18175e-01, BpsHz:2.61886e-02
Node 131, SINR:5.18175e-01, BpsHz:2.61886e-02
Node 93, SINR:0.00000e+00, BpsHz:0.00000e+00
Node 171, SINR:5.18175e-01, BpsHz:2.61886e-02
Node 53, SINR:5.18175e-01, BpsHz:2.61886e-02
Node 67, SINR:5.18175e-01, BpsHz:2.61886e-02
Node 4, SINR:5.18175e-01, BpsHz:2.61886e-02
Node 168, SINR:5.18175e-01, BpsHz:2.61886e-02
Node 162, SINR:5.18176e-01, BpsHz:2.61886e-02
Node 0, SINR:5.18175e-01, BpsHz:2.61886e-02
Node 167, SINR:5.18175e-01, BpsHz:2.61886e-02
Node 120, SINR:5.18176e-01, BpsHz:2.61886e-02
---------------
==========Cluster 14, RcvInterf=3.26636e-14============
Node -1, SINR:3.32941e-311, BpsHz:3.32941e-311
---------------
