195
15
1.000000e-03
2.525175e-312
93
8000
2.860839e+00
1.861572e+00
2.860839e-06
  inf
0 0 0 0 0 0 0 0 0 0 0 0 0 0 0 0 0 0 0 0 0 0 0 0 0 0 0 0 0 0 0 0 0 0 0 0 0 0 0 0 0 0 0 0 0 0 0 0 0 0 0 0 0 0 0 0 0 0 0 0 0 0 0 0 0 0 0 0 0 0 0 0 0 0 0 0 0 0 0 0 0 0 0 0 0 0 0 0 0 1 0 0 0 0 0 0 0 0 0 0 0 0 0 0 0 0 0 0 0 0 0 0 0 0 0 0 0 0 0 0 0 0 0 0 0 0 0 0 0 0 0 0 0 1 0 0 0 0 0 0 0 0 0 0 0 0 0 0 0 0 0 0 0 0 0 0 0 0 0 0 0 0 0 0 0 0 0 0 0 0 0 0 0 0 0 0 0 0 0 0 0 0 0 0 0 0 0 0 0 0 0 0 0 0 0 
0 0 1 0 0 0 0 0 0 0 0 0 0 0 0 0 0 0 0 0 0 0 0 0 0 0 0 0 0 0 0 0 0 0 0 0 0 0 0 0 0 0 0 0 0 0 0 0 0 0 0 0 0 0 0 0 0 0 0 0 0 0 0 0 0 0 0 0 0 0 0 0 0 0 0 0 0 0 0 0 0 0 0 0 0 0 0 0 0 0 0 0 0 0 0 0 1 0 0 0 0 0 0 0 0 0 0 0 0 0 0 0 0 0 0 0 0 0 0 0 0 0 0 0 0 0 0 0 0 0 0 0 0 0 0 0 0 0 0 0 0 0 0 0 0 1 0 0 0 0 0 0 0 0 0 0 0 0 0 0 0 0 0 0 0 0 0 0 0 0 0 0 0 0 0 0 0 0 0 0 0 0 0 0 0 0 0 0 0 0 0 0 0 0 0 
1 0 0 0 1 0 0 0 0 1 0 0 0 0 0 0 0 0 0 0 0 0 0 0 0 0 1 0 0 0 0 0 0 0 0 0 0 1 0 0 0 0 0 1 0 1 1 1 0 0 0 0 0 1 0 0 0 0 0 0 1 0 0 0 1 0 0 0 0 0 0 0 1 0 0 0 0 1 0 0 0 0 0 0 0 0 0 0 0 0 0 0 0 1 0 0 0 0 0 1 0 0 0 0 0 1 0 0 1 0 0 0 0 0 1 0 0 0 0 0 1 0 0 0 0 0 0 0 0 0 0 1 0 0 0 0 0 0 0 0 0 0 0 0 0 0 0 0 0 0 0 0 0 0 0 0 0 0 0 0 0 0 0 0 0 0 0 1 1 0 0 1 0 0 0 0 0 0 0 0 0 0 0 0 0 0 0 0 0 0 0 0 0 0 0 
0 0 0 0 0 0 0 0 0 0 0 0 0 0 1 0 0 0 0 0 0 0 0 1 0 0 0 0 0 0 0 0 0 1 0 1 0 0 0 0 0 0 0 0 1 0 0 0 0 0 0 0 0 0 0 0 0 0 0 0 0 1 0 0 0 0 0 0 0 0 0 0 0 0 0 0 0 0 0 0 0 0 0 0 0 0 0 0 0 0 0 0 0 0 0 0 0 0 0 0 0 0 0 0 0 0 1 0 0 0 0 0 0 1 0 0 1 0 0 0 0 0 0 0 0 0 0 1 0 0 0 0 0 0 0 0 0 1 0 0 0 0 0 0 0 0 0 0 0 0 0 0 0 0 0 0 0 0 0 0 0 0 0 0 0 1 1 0 0 1 1 0 1 1 0 0 0 1 0 0 0 0 0 0 0 0 0 0 0 0 0 0 0 0 0 
0 0 0 0 0 0 0 0 1 0 0 0 0 0 0 1 0 0 0 0 0 1 0 0 0 0 0 0 0 0 0 0 0 0 0 0 0 0 1 1 0 0 0 0 0 0 0 0 0 1 0 0 0 0 0 0 0 1 1 0 0 0 0 0 0 0 0 0 0 0 0 0 0 0 0 0 0 0 0 0 0 0 0 0 0 0 1 0 0 0 0 0 0 0 1 0 0 0 0 0 0 0 0 0 0 0 0 0 0 0 0 0 1 0 0 0 0 0 0 0 0 0 0 0 0 0 0 0 0 0 0 0 0 0 1 0 1 0 0 0 0 0 0 0 0 0 1 0 0 0 0 0 0 0 0 0 0 0 0 0 0 0 0 0 0 0 0 0 0 0 0 0 0 0 0 0 0 0 0 0 0 0 0 0 1 0 0 0 1 0 0 0 0 0 0 
0 0 0 0 0 0 0 0 0 0 0 0 0 0 0 0 0 0 0 0 0 0 0 0 0 0 0 0 0 0 0 0 0 0 0 0 0 0 0 0 0 0 0 0 0 0 0 0 0 0 0 0 0 0 0 0 0 0 0 0 0 0 0 0 0 0 0 0 0 0 0 0 0 0 0 0 0 0 0 0 0 0 0 0 0 0 0 0 0 0 0 0 0 0 0 0 0 0 0 0 0 0 0 0 0 0 0 0 0 0 0 0 0 0 0 0 0 0 0 0 0 0 0 0 0 0 0 0 0 0 0 0 0 0 0 1 0 0 0 0 0 0 0 0 0 0 0 0 0 0 0 0 0 0 0 0 0 0 0 0 0 0 0 0 0 0 0 0 0 0 0 0 0 0 0 0 0 0 0 0 0 0 0 0 0 0 0 0 0 0 0 0 0 0 0 
0 0 0 0 0 0 1 0 0 0 0 0 1 0 0 0 0 0 0 0 0 0 1 0 1 0 0 0 1 0 1 0 1 0 0 0 0 0 0 0 0 0 0 0 0 0 0 0 0 0 1 0 0 0 0 0 0 0 0 0 0 0 0 0 0 0 1 0 0 0 1 0 0 0 0 0 1 0 0 0 0 0 1 0 0 0 0 0 0 0 0 0 0 0 0 0 0 1 0 0 0 0 0 1 0 0 0 0 0 0 0 0 0 0 0 0 0 0 1 0 0 1 0 0 0 0 0 0 0 0 0 0 0 0 0 0 0 0 0 0 0 0 0 0 0 0 0 1 0 0 1 1 0 1 0 0 0 0 0 1 0 0 0 0 1 0 0 0 0 0 0 0 0 0 0 0 1 0 0 0 0 0 0 0 0 0 0 0 0 0 0 0 0 0 0 
0 0 0 0 0 0 0 0 0 0 0 0 0 0 0 0 0 0 0 0 0 0 0 0 0 0 0 0 0 0 0 0 0 0 0 0 0 0 0 0 0 0 0 0 0 0 0 0 0 0 0 0 0 0 0 0 0 0 0 0 0 0 0 0 0 0 0 1 0 0 0 0 0 0 1 0 0 0 0 0 1 0 0 0 0 0 0 0 0 0 0 0 0 0 0 0 0 0 1 0 0 0 0 0 0 0 0 0 0 0 0 1 0 0 0 0 0 0 0 0 0 0 0 0 0 0 0 0 0 0 0 0 0 0 0 0 0 0 0 0 0 0 0 0 0 0 0 0 0 0 0 0 0 0 1 0 0 0 0 0 0 0 0 0 0 0 0 0 0 0 0 0 0 0 0 0 0 0 0 0 0 0 0 0 0 1 0 0 0 0 0 0 0 0 0 
0 0 0 0 0 0 0 0 0 0 0 0 0 0 0 0 0 0 0 0 0 0 0 0 0 0 0 0 0 0 0 0 0 0 0 0 0 0 0 0 0 0 0 0 0 0 0 0 0 0 0 0 0 0 0 0 0 0 0 0 0 0 0 0 0 0 0 0 0 0 0 0 0 0 0 0 0 0 0 0 0 0 0 0 0 0 0 0 0 0 0 0 0 0 0 0 0 0 0 0 0 0 0 0 0 0 0 0 0 0 0 0 0 0 0 0 0 0 0 0 0 0 0 0 0 0 0 0 0 0 0 0 0 0 0 0 0 0 0 0 0 0 0 0 0 0 0 0 0 0 0 0 0 0 0 0 0 0 0 0 0 0 0 0 0 0 0 0 0 0 0 0 0 0 0 0 0 0 0 0 0 0 0 0 0 0 0 0 0 0 0 0 0 0 0 
0 0 0 0 0 0 0 0 0 0 0 0 0 0 0 0 0 0 0 0 0 0 0 0 0 0 0 0 0 0 0 0 0 0 0 0 0 0 0 0 0 0 0 0 0 0 0 0 0 0 0 0 0 0 0 0 0 0 0 0 0 0 0 0 0 0 0 0 0 0 0 0 0 0 0 0 0 0 0 0 0 0 0 0 0 0 0 0 0 0 0 0 0 0 0 0 0 0 0 0 0 0 0 0 0 0 0 0 0 0 0 0 0 0 0 0 0 0 0 0 0 0 0 0 0 0 0 0 0 0 0 0 0 0 0 0 0 0 0 0 0 0 0 0 0 0 0 0 0 0 0 0 0 0 0 0 0 0 0 0 0 0 0 0 0 0 0 0 0 0 0 0 0 0 0 0 0 0 0 0 0 0 0 0 0 0 0 0 0 0 0 0 0 0 0 
0 0 0 0 0 0 0 0 0 0 0 0 0 0 0 0 0 0 0 0 0 0 0 0 0 0 0 0 0 0 0 0 0 0 0 0 0 0 0 0 0 0 0 0 0 0 0 0 0 0 0 0 0 0 0 0 0 0 0 0 0 0 0 0 0 0 0 0 0 0 0 0 0 0 0 0 0 0 0 0 0 0 0 0 0 0 0 0 0 0 0 0 0 0 0 0 0 0 0 0 0 0 0 0 0 0 0 0 0 0 0 0 0 0 0 0 0 0 0 0 0 0 0 0 0 0 0 0 0 0 0 0 0 0 0 0 0 0 0 0 0 0 0 0 0 0 0 0 0 0 0 0 0 0 0 0 0 0 0 0 0 0 0 0 0 0 0 0 0 0 0 0 0 0 0 0 0 0 0 0 0 0 0 0 0 0 0 0 0 0 0 0 0 0 0 
0 0 0 0 0 0 0 0 0 0 0 0 0 0 0 0 0 0 0 0 0 0 0 0 0 0 0 0 0 0 0 0 0 0 0 0 0 0 0 0 0 0 0 0 0 0 0 0 0 0 0 0 0 0 0 0 0 0 0 0 0 0 0 0 0 0 0 0 0 0 0 0 0 0 0 0 0 0 0 0 0 0 0 0 0 0 0 0 0 0 0 0 0 0 0 0 0 0 0 0 0 0 0 0 0 0 0 0 0 0 0 0 0 0 0 0 0 0 0 0 0 0 0 0 0 0 0 0 0 0 0 0 0 0 0 0 0 0 0 0 0 0 0 0 0 0 0 0 0 0 0 0 0 0 0 0 0 0 0 0 0 0 0 0 0 0 0 0 0 0 0 0 0 0 0 0 0 0 0 0 0 0 0 0 0 0 0 0 0 0 0 0 0 0 0 
0 0 0 0 0 0 0 0 0 0 1 0 0 0 0 0 0 0 0 0 0 0 0 0 0 1 0 0 0 0 0 0 0 0 0 0 0 0 0 0 0 0 0 0 0 0 0 0 0 0 0 0 0 0 0 0 0 0 0 0 0 0 0 0 0 0 0 0 0 0 0 0 0 0 0 0 0 0 0 0 0 0 0 0 0 0 0 0 0 0 0 0 0 0 0 0 0 0 0 0 0 0 0 0 0 0 0 0 0 0 0 0 0 0 0 0 0 0 0 0 0 0 0 0 0 0 0 0 0 0 0 0 0 0 0 0 0 0 0 0 0 0 0 0 0 0 0 0 0 0 0 0 0 0 0 0 0 0 0 0 0 0 0 0 0 0 0 0 0 0 0 0 0 0 0 0 0 0 0 0 0 0 0 0 0 0 0 0 0 0 0 0 0 1 0 
0 0 0 0 0 0 0 0 0 0 0 0 0 1 0 0 0 1 0 0 0 0 0 0 0 0 0 0 0 0 0 0 0 0 1 0 0 0 0 0 0 0 0 0 0 0 0 0 0 0 0 0 0 0 1 0 0 0 0 0 0 0 0 0 0 0 0 0 0 1 0 0 0 0 0 0 0 0 0 0 0 0 0 0 0 0 0 1 1 0 0 0 0 0 0 0 0 0 0 0 1 0 0 0 1 0 0 0 0 0 0 0 0 0 0 0 0 0 0 0 0 0 0 0 0 0 0 0 1 0 0 0 0 0 0 0 0 0 0 0 0 0 0 0 0 0 0 0 0 0 0 0 0 0 0 0 0 0 0 0 1 0 0 0 0 0 0 0 0 0 0 0 0 0 0 0 0 0 0 0 0 0 0 0 0 0 0 0 0 0 0 0 0 0 0 
0 0 0 0 0 0 0 0 0 0 0 0 0 0 0 0 0 0 0 0 0 0 0 0 0 0 0 0 0 0 0 0 0 0 0 0 0 0 0 0 0 0 0 0 0 0 0 0 0 0 0 0 0 0 0 0 0 0 0 0 0 0 0 0 0 0 0 0 0 0 0 0 0 0 0 0 0 0 0 0 0 0 0 0 0 0 0 0 0 0 0 0 0 0 0 0 0 0 0 0 0 0 0 0 0 0 0 0 0 0 0 0 0 0 0 0 0 0 0 0 0 0 0 0 0 0 0 0 0 0 0 0 0 0 0 0 0 0 0 0 0 0 0 0 0 0 0 0 0 0 0 0 0 0 0 0 0 0 0 0 0 0 0 0 0 0 0 0 0 0 0 0 0 0 0 0 0 0 0 0 0 0 0 0 0 0 0 0 0 0 0 0 0 0 0 
90 3 94 62 58 136 154 99 0 0 0 0 11 18 0 
6.221404E-06 0.000000E+00 0.000000E+00 0.000000E+00 5.925503E-06 0.000000E+00 7.486430E-04 0.000000E+00 2.107077E-06 8.408017E-05 0.000000E+00 0.000000E+00 5.339658E-04 7.022392E-04 1.976233E-04 2.657144E-04 0.000000E+00 0.000000E+00 0.000000E+00 0.000000E+00 0.000000E+00 1.667181E-04 1.774031E-04 2.202447E-05 9.399856E-05 2.126862E-07 8.698758E-05 0.000000E+00 2.228086E-05 0.000000E+00 1.955170E-07 0.000000E+00 1.059720E-05 9.996244E-04 1.097750E-04 1.206328E-04 0.000000E+00 8.148882E-05 2.302342E-05 5.080068E-04 0.000000E+00 0.000000E+00 0.000000E+00 1.595838E-05 2.877225E-04 1.560886E-04 1.947180E-05 9.959089E-06 0.000000E+00 6.634196E-05 8.335703E-05 0.000000E+00 0.000000E+00 7.191853E-04 8.290569E-04 0.000000E+00 0.000000E+00 0.000000E+00 2.243262E-05 0.000000E+00 1.808833E-04 0.000000E+00 0.000000E+00 0.000000E+00 2.491851E-04 0.000000E+00 1.289903E-06 1.255751E-06 0.000000E+00 4.503552E-07 2.268681E-05 0.000000E+00 3.450722E-04 0.000000E+00 1.850203E-05 0.000000E+00 2.747655E-04 1.861910E-07 0.000000E+00 0.000000E+00 7.960824E-06 0.000000E+00 2.093106E-04 0.000000E+00 0.000000E+00 0.000000E+00 1.692417E-04 3.971361E-06 7.460585E-05 0.000000E+00 0.000000E+00 0.000000E+00 0.000000E+00 0.000000E+00 5.518613E-06 0.000000E+00 5.276620E-05 6.331931E-07 0.000000E+00 9.817793E-04 1.679110E-04 0.000000E+00 0.000000E+00 7.084439E-07 2.462025E-05 1.804232E-05 3.499467E-04 0.000000E+00 7.755433E-04 0.000000E+00 0.000000E+00 6.291816E-05 4.927602E-05 6.525804E-05 6.859165E-04 0.000000E+00 2.244542E-04 0.000000E+00 4.155037E-04 0.000000E+00 1.746635E-06 4.273632E-05 0.000000E+00 0.000000E+00 0.000000E+00 0.000000E+00 0.000000E+00 7.413711E-05 5.436481E-06 0.000000E+00 0.000000E+00 7.173381E-04 0.000000E+00 2.602264E-06 4.611055E-05 0.000000E+00 4.025153E-04 9.940609E-06 0.000000E+00 0.000000E+00 0.000000E+00 0.000000E+00 0.000000E+00 0.000000E+00 0.000000E+00 1.062355E-06 5.723922E-05 1.376697E-04 0.000000E+00 0.000000E+00 7.862461E-05 2.969526E-07 0.000000E+00 0.000000E+00 3.741258E-06 0.000000E+00 0.000000E+00 0.000000E+00 0.000000E+00 8.009130E-04 1.588751E-04 0.000000E+00 0.000000E+00 0.000000E+00 4.223648E-05 9.396516E-04 1.611325E-05 7.069445E-06 1.356839E-06 1.507889E-05 1.101115E-04 3.980830E-07 1.699675E-04 5.362253E-07 0.000000E+00 0.000000E+00 5.885727E-04 1.480683E-04 0.000000E+00 0.000000E+00 0.000000E+00 0.000000E+00 0.000000E+00 0.000000E+00 3.393462E-05 4.719606E-07 0.000000E+00 0.000000E+00 1.704091E-04 0.000000E+00 0.000000E+00 0.000000E+00 0.000000E+00 7.333085E-08 0.000000E+00 
90 134 
146 3 97 
65 10 109 38 47 5 46 27 169 61 94 132 73 1 115 106 121 172 78 48 100 54 44 168 
24 15 138 36 171 167 107 173 114 62 128 45 117 170 174 178 166 34 
135 59 50 113 39 87 16 185 95 137 58 9 147 22 189 40 
136 
98 67 31 122 104 29 148 154 119 33 23 165 13 77 152 83 25 71 51 151 7 160 177 
99 186 155 68 75 81 112 
0 
0 
0 
0 
26 11 194 
101 161 105 88 129 89 55 70 18 14 35 
0 

============Find Best @ Round 3536================
==========Cluster 0, RcvInterf=3.07171e-14============
Node 89, SINR:0.00000e+00, BpsHz:0.00000e+00
Node 133, SINR:2.10007e-02, BpsHz:2.99839e-02
---------------
==========Cluster 1, RcvInterf=3.71366e-14============
Node 145, SINR:4.24424e-02, BpsHz:2.99839e-02
Node 2, SINR:0.00000e+00, BpsHz:0.00000e+00
Node 96, SINR:4.24424e-02, BpsHz:2.99839e-02
---------------
==========Cluster 2, RcvInterf=1.10499e-14============
Node 64, SINR:6.12868e-01, BpsHz:2.99838e-02
Node 9, SINR:6.12868e-01, BpsHz:2.99838e-02
Node 108, SINR:6.12868e-01, BpsHz:2.99838e-02
Node 37, SINR:6.12868e-01, BpsHz:2.99838e-02
Node 46, SINR:6.12868e-01, BpsHz:2.99838e-02
Node 4, SINR:6.12868e-01, BpsHz:2.99838e-02
Node 45, SINR:6.12868e-01, BpsHz:2.99838e-02
Node 26, SINR:6.12868e-01, BpsHz:2.99838e-02
Node 168, SINR:6.12868e-01, BpsHz:2.99838e-02
Node 60, SINR:6.12868e-01, BpsHz:2.99838e-02
Node 93, SINR:0.00000e+00, BpsHz:0.00000e+00
Node 131, SINR:6.12868e-01, BpsHz:2.99838e-02
Node 72, SINR:6.12868e-01, BpsHz:2.99838e-02
Node 0, SINR:6.12868e-01, BpsHz:2.99838e-02
Node 114, SINR:6.12868e-01, BpsHz:2.99838e-02
Node 105, SINR:6.12868e-01, BpsHz:2.99838e-02
Node 120, SINR:6.12868e-01, BpsHz:2.99838e-02
Node 171, SINR:6.12868e-01, BpsHz:2.99838e-02
Node 77, SINR:6.12868e-01, BpsHz:2.99838e-02
Node 47, SINR:6.12868e-01, BpsHz:2.99838e-02
Node 99, SINR:6.12868e-01, BpsHz:2.99838e-02
Node 53, SINR:6.12868e-01, BpsHz:2.99838e-02
Node 43, SINR:6.12868e-01, BpsHz:2.99838e-02
Node 167, SINR:6.12868e-01, BpsHz:2.99838e-02
---------------
==========Cluster 3, RcvInterf=1.50062e-14============
Node 23, SINR:4.23779e-01, BpsHz:2.99838e-02
Node 14, SINR:4.23779e-01, BpsHz:2.99838e-02
Node 137, SINR:4.23779e-01, BpsHz:2.99838e-02
Node 35, SINR:4.23779e-01, BpsHz:2.99838e-02
Node 170, SINR:4.23779e-01, BpsHz:2.99838e-02
Node 166, SINR:4.23779e-01, BpsHz:2.99838e-02
Node 106, SINR:4.23779e-01, BpsHz:2.99838e-02
Node 172, SINR:4.23779e-01, BpsHz:2.99838e-02
Node 113, SINR:4.23779e-01, BpsHz:2.99838e-02
Node 61, SINR:0.00000e+00, BpsHz:0.00000e+00
Node 127, SINR:4.23779e-01, BpsHz:2.99838e-02
Node 44, SINR:4.23779e-01, BpsHz:2.99838e-02
Node 116, SINR:4.23779e-01, BpsHz:2.99838e-02
Node 169, SINR:4.23779e-01, BpsHz:2.99838e-02
Node 173, SINR:4.23779e-01, BpsHz:2.99838e-02
Node 177, SINR:4.23779e-01, BpsHz:2.99838e-02
Node 165, SINR:4.23779e-01, BpsHz:2.99838e-02
Node 33, SINR:4.23779e-01, BpsHz:2.99838e-02
---------------
==========Cluster 4, RcvInterf=2.72870e-14============
Node 134, SINR:3.65811e-01, BpsHz:2.99838e-02
Node 58, SINR:3.65811e-01, BpsHz:2.99838e-02
Node 49, SINR:3.65811e-01, BpsHz:2.99838e-02
Node 112, SINR:3.65811e-01, BpsHz:2.99838e-02
Node 38, SINR:3.65811e-01, BpsHz:2.99838e-02
Node 86, SINR:3.65811e-01, BpsHz:2.99838e-02
Node 15, SINR:3.65811e-01, BpsHz:2.99838e-02
Node 184, SINR:3.65811e-01, BpsHz:2.99838e-02
Node 94, SINR:3.65811e-01, BpsHz:2.99838e-02
Node 136, SINR:3.65811e-01, BpsHz:2.99838e-02
Node 57, SINR:0.00000e+00, BpsHz:0.00000e+00
Node 8, SINR:3.65811e-01, BpsHz:2.99838e-02
Node 146, SINR:3.65811e-01, BpsHz:2.99838e-02
Node 21, SINR:3.65811e-01, BpsHz:2.99838e-02
Node 188, SINR:3.65811e-01, BpsHz:2.99838e-02
Node 39, SINR:3.65811e-01, BpsHz:2.99838e-02
---------------
==========Cluster 5, RcvInterf=5.47003e-14============
Node 135, SINR:0.00000e+00, BpsHz:-nan
---------------
==========Cluster 6, RcvInterf=8.84941e-15============
Node 97, SINR:5.79693e-01, BpsHz:2.99838e-02
Node 66, SINR:5.79693e-01, BpsHz:2.99838e-02
Node 30, SINR:5.79693e-01, BpsHz:2.99838e-02
Node 121, SINR:5.79693e-01, BpsHz:2.99838e-02
Node 103, SINR:5.79693e-01, BpsHz:2.99838e-02
Node 28, SINR:5.79693e-01, BpsHz:2.99838e-02
Node 147, SINR:5.79693e-01, BpsHz:2.99838e-02
Node 153, SINR:0.00000e+00, BpsHz:0.00000e+00
Node 118, SINR:5.79693e-01, BpsHz:2.99838e-02
Node 32, SINR:5.79693e-01, BpsHz:2.99838e-02
Node 22, SINR:5.79693e-01, BpsHz:2.99838e-02
Node 164, SINR:5.79693e-01, BpsHz:2.99838e-02
Node 12, SINR:5.79693e-01, BpsHz:2.99838e-02
Node 76, SINR:5.79693e-01, BpsHz:2.99838e-02
Node 151, SINR:5.79693e-01, BpsHz:2.99838e-02
Node 82, SINR:5.79693e-01, BpsHz:2.99838e-02
Node 24, SINR:5.79693e-01, BpsHz:2.99838e-02
Node 70, SINR:5.79693e-01, BpsHz:2.99838e-02
Node 50, SINR:5.79693e-01, BpsHz:2.99838e-02
Node 150, SINR:5.79693e-01, BpsHz:2.99838e-02
Node 6, SINR:5.79693e-01, BpsHz:2.99838e-02
Node 159, SINR:5.79693e-01, BpsHz:2.99838e-02
Node 176, SINR:5.79693e-01, BpsHz:2.99838e-02
---------------
==========Cluster 7, RcvInterf=2.91809e-14============
Node 98, SINR:0.00000e+00, BpsHz:0.00000e+00
Node 185, SINR:1.32808e-01, BpsHz:2.99838e-02
Node 154, SINR:1.32808e-01, BpsHz:2.99838e-02
Node 67, SINR:1.32808e-01, BpsHz:2.99838e-02
Node 74, SINR:1.32808e-01, BpsHz:2.99838e-02
Node 80, SINR:1.32808e-01, BpsHz:2.99838e-02
Node 111, SINR:1.32808e-01, BpsHz:2.99838e-02
---------------
==========Cluster 8, RcvInterf=1.82102e-14============
Node -1, SINR:3.32941e-311, BpsHz:3.32941e-311
---------------
==========Cluster 9, RcvInterf=1.05262e-13============
Node -1, SINR:3.32941e-311, BpsHz:3.32941e-311
---------------
==========Cluster 10, RcvInterf=3.79733e-14============
Node -1, SINR:3.32941e-311, BpsHz:3.32941e-311
---------------
==========Cluster 11, RcvInterf=2.11400e-14============
Node -1, SINR:3.32941e-311, BpsHz:3.32941e-311
---------------
==========Cluster 12, RcvInterf=2.51404e-14============
Node 25, SINR:4.24424e-02, BpsHz:2.99839e-02
Node 10, SINR:0.00000e+00, BpsHz:0.00000e+00
Node 193, SINR:4.24424e-02, BpsHz:2.99839e-02
---------------
==========Cluster 13, RcvInterf=2.26885e-15============
Node 100, SINR:2.31006e-01, BpsHz:2.99838e-02
Node 160, SINR:2.31007e-01, BpsHz:2.99838e-02
Node 104, SINR:2.31007e-01, BpsHz:2.99838e-02
Node 87, SINR:2.31007e-01, BpsHz:2.99838e-02
Node 128, SINR:2.31006e-01, BpsHz:2.99838e-02
Node 88, SINR:2.31007e-01, BpsHz:2.99838e-02
Node 54, SINR:2.31006e-01, BpsHz:2.99838e-02
Node 69, SINR:2.31007e-01, BpsHz:2.99838e-02
Node 17, SINR:0.00000e+00, BpsHz:0.00000e+00
Node 13, SINR:2.31007e-01, BpsHz:2.99838e-02
Node 34, SINR:2.31007e-01, BpsHz:2.99838e-02
---------------
==========Cluster 14, RcvInterf=1.42957e-14============
Node -1, SINR:3.32941e-311, BpsHz:3.32941e-311
---------------
195
15
1.000000e-03
2.525175e-312
171
8000
4.586794e+00
3.240967e+00
4.586795e-06
4.019771e-06
0 0 0 0 0 0 0 0 0 0 0 0 0 0 0 0 0 0 0 0 0 0 0 0 0 0 0 0 0 0 0 0 0 0 0 0 0 0 0 0 0 0 0 0 0 0 0 0 0 0 0 0 0 0 0 0 0 0 0 0 0 0 0 0 0 0 0 0 0 0 1 0 0 0 0 0 0 0 0 0 0 0 0 0 0 0 0 0 0 0 0 0 0 0 0 0 0 0 0 0 0 0 0 0 0 0 0 0 0 0 0 0 0 0 0 0 0 0 0 0 0 0 0 1 0 0 0 0 0 0 0 0 0 1 0 0 0 0 0 0 0 0 1 1 0 0 0 0 0 0 0 0 0 0 0 0 0 0 0 0 0 0 0 0 0 0 0 0 0 0 0 0 0 0 0 0 0 0 0 0 0 0 0 0 0 0 0 1 0 0 0 0 0 0 0 
0 0 0 0 0 0 0 0 0 0 0 0 0 0 0 0 0 0 0 0 0 0 0 0 0 0 0 0 0 0 0 1 0 0 0 0 0 0 0 0 0 1 0 0 0 0 0 0 0 0 0 0 0 0 0 0 0 0 0 0 0 0 0 0 0 0 0 0 0 0 0 0 0 0 0 0 0 0 0 0 0 0 0 0 0 0 0 0 0 1 1 0 0 0 0 0 0 0 0 0 0 1 0 0 0 0 0 0 0 0 0 0 0 0 0 0 0 1 0 0 0 0 0 0 0 0 0 0 0 0 0 0 0 0 0 0 0 0 0 0 0 0 0 0 1 0 0 0 0 0 0 0 0 0 0 0 0 1 0 0 0 0 0 0 0 0 0 0 0 0 0 0 0 0 0 0 0 0 0 0 0 0 0 0 0 0 0 0 0 0 0 0 1 1 0 
0 0 0 0 0 0 0 0 0 0 0 0 0 0 1 0 0 0 1 0 0 0 0 0 0 0 0 0 0 0 0 0 0 1 0 1 0 0 0 0 0 0 0 0 0 0 0 0 0 0 0 1 0 0 0 0 0 0 0 0 0 0 0 0 0 0 0 0 1 0 0 0 0 0 0 0 0 0 0 0 0 0 0 0 0 0 0 0 0 0 0 0 0 0 0 0 0 0 0 0 0 0 0 0 0 0 1 0 0 1 0 0 0 1 0 0 1 0 0 0 0 0 1 0 0 0 0 0 0 1 1 0 0 0 0 0 0 1 0 0 0 0 0 0 0 0 0 0 0 1 0 0 0 0 0 0 0 0 0 0 0 0 0 0 0 1 1 0 0 0 1 0 1 0 0 0 0 1 1 1 0 0 0 0 0 0 0 0 0 1 0 0 0 0 0 
0 1 0 0 0 0 0 0 1 0 0 0 0 0 0 0 0 0 0 0 0 1 0 0 0 0 0 0 0 0 0 0 0 0 0 0 0 0 0 1 0 0 0 0 0 0 0 0 1 0 0 0 0 0 0 1 0 1 0 0 0 0 0 0 0 0 0 0 0 0 0 0 0 0 0 0 0 0 1 0 0 0 0 0 1 0 0 0 0 0 0 0 0 0 1 0 0 0 0 0 0 0 0 0 0 0 0 0 0 0 0 0 1 0 0 0 0 0 0 0 0 0 0 0 0 0 0 0 0 0 0 0 0 0 0 0 0 0 0 0 0 0 0 0 0 0 0 0 0 0 0 0 0 0 0 0 0 0 0 0 0 0 0 1 0 0 0 0 0 0 0 0 0 0 0 0 0 0 0 0 0 0 0 0 1 0 0 0 1 0 0 1 0 0 0 
0 0 0 0 0 0 0 0 0 0 0 0 0 0 0 0 0 0 0 0 0 0 0 0 0 0 0 0 0 0 0 0 0 0 0 0 0 0 0 0 0 0 0 0 0 0 0 0 0 0 0 0 0 0 0 0 0 0 0 0 0 0 0 0 0 0 0 1 0 0 0 0 0 0 0 0 0 0 0 0 0 0 0 0 0 0 0 0 0 0 0 0 0 0 0 0 0 0 0 0 0 0 0 0 0 0 0 0 0 0 0 0 0 0 0 0 0 0 0 0 0 0 0 0 0 0 0 0 0 0 0 0 0 0 0 0 0 0 0 0 0 0 0 0 0 0 0 0 0 0 0 0 0 0 0 1 0 0 0 0 0 0 0 0 0 0 0 0 0 0 0 0 0 0 0 0 0 0 0 0 0 0 0 0 0 0 0 0 0 0 0 0 0 0 0 
0 0 0 0 1 1 0 1 0 1 0 0 0 0 0 0 0 0 0 0 0 0 0 0 0 0 1 0 0 0 0 0 0 0 0 0 1 1 0 0 0 0 0 0 0 0 1 1 0 0 0 0 0 0 0 0 0 0 0 0 0 0 0 0 0 0 0 0 0 1 0 1 0 0 0 0 0 1 0 0 0 0 0 1 0 0 0 0 0 0 0 0 0 1 0 1 0 0 0 0 0 0 0 0 0 1 0 0 0 0 0 0 0 0 0 0 0 0 0 0 1 0 0 0 0 0 0 0 0 0 0 0 0 0 0 0 0 0 0 0 0 0 0 0 0 0 0 0 0 0 0 0 0 0 0 0 0 0 0 0 0 0 0 0 0 0 0 0 1 0 0 1 0 0 0 1 0 0 0 0 0 0 0 0 0 0 0 0 0 0 0 0 0 0 0 
0 0 0 0 0 0 0 0 0 0 0 0 1 0 0 0 0 0 0 0 0 0 1 0 1 0 0 0 0 0 0 0 1 0 0 0 0 0 0 0 0 0 0 0 0 0 0 0 0 0 0 0 0 0 0 0 0 0 0 0 0 0 0 0 0 0 0 0 0 0 0 0 0 0 0 0 1 0 0 0 0 0 1 0 0 0 0 0 0 0 0 0 0 0 0 0 0 0 0 0 0 0 0 0 0 0 0 0 0 0 0 0 0 0 0 0 0 0 1 0 0 0 0 0 0 0 0 0 0 0 0 0 0 0 0 0 0 0 0 0 0 0 0 0 0 0 0 0 0 0 0 0 0 0 0 0 1 0 0 1 0 0 0 0 1 0 0 0 0 0 0 0 0 0 0 0 0 0 0 0 0 0 0 1 0 0 0 0 0 0 0 0 0 0 0 
0 0 0 0 0 0 0 0 0 0 0 0 0 0 0 0 0 0 0 0 0 0 0 0 0 0 0 0 0 0 0 0 0 0 0 0 0 0 0 0 0 0 0 0 0 0 0 0 0 0 0 0 0 0 0 0 0 0 0 0 0 0 0 0 0 0 0 0 0 0 0 0 0 0 0 0 0 0 0 0 1 0 0 0 0 0 0 0 0 0 0 0 0 0 0 0 0 0 1 0 0 0 0 0 0 0 0 0 0 0 0 0 0 0 0 0 0 0 0 0 0 0 0 0 0 0 0 0 0 0 0 0 0 0 0 0 0 0 0 0 0 1 0 0 0 0 0 0 0 0 0 0 0 0 1 0 0 0 0 0 0 0 0 0 0 0 0 0 0 0 0 0 0 0 0 0 0 0 0 0 0 0 0 0 0 1 0 0 0 0 0 0 0 0 0 
0 0 0 0 0 0 0 0 0 0 0 0 0 0 0 1 0 0 0 0 0 0 0 0 0 0 0 0 0 0 0 0 0 0 0 0 0 0 1 0 0 0 0 0 0 0 0 0 0 1 0 0 0 0 0 0 0 0 1 0 0 0 0 0 0 0 0 0 0 0 0 0 0 0 0 0 0 0 0 0 0 0 0 0 0 0 1 0 0 0 0 0 0 0 0 0 0 0 0 0 0 0 0 0 0 0 0 0 0 0 0 0 0 0 0 0 0 0 0 0 0 0 0 0 0 0 0 0 0 0 0 0 1 0 1 0 0 0 0 0 0 0 0 0 0 0 1 0 0 0 0 0 0 0 0 0 0 0 0 0 0 0 0 0 0 0 0 0 0 0 0 0 0 0 0 0 0 0 0 0 0 0 0 0 0 0 0 0 0 0 0 0 0 0 1 
1 0 0 0 0 0 0 0 0 0 0 0 0 0 0 0 0 0 0 0 0 0 0 0 0 0 0 0 0 0 0 0 0 0 0 0 0 0 0 0 0 0 0 1 0 1 0 0 0 0 0 0 0 1 0 0 0 0 0 1 1 0 0 0 1 0 0 0 0 0 0 0 0 0 0 0 0 0 0 0 0 0 0 0 0 0 0 0 0 0 0 0 0 0 0 0 0 0 0 1 0 0 0 0 0 0 0 0 0 0 1 0 0 0 1 0 0 0 0 0 0 0 0 0 0 1 0 0 0 0 0 1 0 0 0 0 0 0 0 0 0 0 0 0 0 0 0 0 1 0 0 0 0 0 0 0 0 0 0 0 0 0 1 0 0 0 0 1 0 0 0 0 0 0 0 0 0 0 0 0 0 0 0 0 0 0 0 0 0 0 0 0 0 0 0 
0 0 0 0 0 0 0 0 0 0 0 0 0 1 0 0 1 1 0 1 1 0 0 0 0 0 0 0 0 0 0 0 0 0 1 0 0 0 0 0 1 0 0 0 0 0 0 0 0 0 0 0 0 0 1 0 0 0 0 0 0 0 0 0 0 1 0 0 0 0 0 0 0 1 0 1 0 0 0 1 0 1 0 0 0 1 0 1 1 0 0 1 0 0 0 0 0 0 0 0 1 0 1 0 1 0 0 0 0 0 0 0 0 0 0 1 0 0 0 0 0 0 0 0 0 0 0 0 1 0 0 0 0 0 0 0 0 0 0 0 1 0 0 0 0 0 0 0 0 0 0 0 0 0 0 0 0 0 1 0 1 1 0 0 0 0 0 0 0 0 0 0 0 0 0 0 0 0 0 0 0 0 1 0 0 0 0 0 0 0 0 0 0 0 0 
0 0 1 0 0 0 0 0 0 0 0 0 0 0 0 0 0 0 0 0 0 0 0 1 0 0 0 1 0 0 0 0 0 0 0 0 0 0 0 0 0 0 1 0 1 0 0 0 0 0 0 0 0 0 0 0 0 0 0 0 0 1 0 0 0 0 0 0 0 0 0 0 0 0 0 0 0 0 0 0 0 0 0 0 0 0 0 0 0 0 0 0 0 0 0 0 1 0 0 0 0 0 0 0 0 0 0 1 0 0 0 0 0 0 0 0 0 0 0 0 0 0 0 0 0 0 0 1 0 0 0 0 0 0 0 0 0 0 0 0 0 0 0 0 0 0 0 0 0 0 0 0 0 0 0 0 0 0 0 0 0 0 0 0 0 0 0 0 0 1 0 0 0 1 0 0 0 0 0 0 0 0 0 0 0 0 0 0 0 0 1 0 0 0 0 
0 0 0 0 0 0 0 0 0 0 0 1 0 0 0 0 0 0 0 0 0 0 0 0 0 1 0 0 1 0 1 0 0 0 0 0 0 0 0 0 0 0 0 0 0 0 0 0 0 0 1 0 0 0 0 0 0 0 0 0 0 0 0 0 0 0 1 0 0 0 0 0 0 0 0 0 0 0 0 0 0 0 0 0 0 0 0 0 0 0 0 0 0 0 0 0 0 1 0 0 0 0 0 1 0 0 0 0 0 0 0 0 0 0 0 0 0 0 0 0 0 1 0 0 0 0 0 0 0 0 0 0 0 0 0 0 0 0 0 0 0 0 0 0 0 0 0 1 0 0 1 1 0 1 0 0 0 0 0 0 0 0 0 0 0 0 0 0 0 0 0 0 0 0 0 0 1 0 0 0 0 0 0 0 0 0 1 0 0 0 0 0 0 0 0 
0 0 0 1 0 0 0 0 0 0 0 0 0 0 0 0 0 0 0 0 0 0 0 0 0 0 0 0 0 1 0 0 0 0 0 0 0 0 0 0 0 0 0 0 0 0 0 0 0 0 0 0 0 0 0 0 0 0 0 0 0 0 0 0 0 0 0 0 0 0 0 0 0 0 0 0 0 0 0 0 0 0 0 0 0 0 0 0 0 0 0 0 0 0 0 0 0 0 0 0 0 0 0 0 0 0 0 0 0 0 0 0 0 0 0 0 0 0 0 1 0 0 0 0 0 0 0 0 0 0 0 0 0 0 0 1 0 0 0 1 0 0 0 0 0 1 0 0 0 0 0 0 0 0 0 0 0 0 0 0 0 0 0 0 0 0 0 0 0 0 0 0 0 0 1 0 0 0 0 0 1 1 0 0 0 0 0 0 0 0 0 0 0 0 0 
0 0 0 0 0 0 0 0 0 0 1 0 0 0 0 0 0 0 0 0 0 0 0 0 0 0 0 0 0 0 0 0 0 0 0 0 0 0 0 0 0 0 0 0 0 0 0 0 0 0 0 0 1 0 0 0 0 0 0 0 0 0 0 1 0 0 0 0 0 0 0 0 0 0 1 0 0 0 0 0 0 0 0 0 0 0 0 0 0 0 0 0 1 0 0 0 0 0 0 0 0 0 0 0 0 0 0 0 0 0 0 1 0 0 0 0 0 0 0 0 0 0 0 0 0 0 1 0 0 0 0 0 0 0 0 0 0 0 0 0 0 0 0 0 0 0 0 0 0 0 0 0 0 0 0 0 0 0 0 0 0 0 0 0 0 0 0 0 0 0 0 0 0 0 0 0 0 0 0 0 0 0 0 0 0 0 0 0 0 0 0 0 0 0 0 
71 102 123 9 68 48 165 186 147 60 41 191 154 30 93 
1.412781E-05 4.032998E-04 3.779970E-07 1.967623E-05 4.332497E-05 2.685928E-04 0.000000E+00 6.190617E-05 0.000000E+00 3.194896E-04 1.441320E-06 5.496934E-05 2.441941E-05 2.359518E-04 4.607344E-04 5.443684E-05 9.431788E-08 8.078689E-05 2.488975E-04 1.035224E-04 1.538526E-07 1.670275E-04 1.704246E-06 1.037977E-04 4.255119E-06 3.353775E-06 2.530375E-04 1.689341E-04 9.867007E-06 0.000000E+00 8.658407E-08 1.119474E-05 2.470154E-07 6.802221E-05 6.043238E-07 8.184915E-05 7.424272E-04 3.669925E-04 1.693275E-05 4.499376E-04 0.000000E+00 4.110008E-05 3.000718E-07 8.019358E-07 5.654217E-04 3.322309E-04 9.191914E-05 0.000000E+00 1.372243E-05 1.825642E-09 3.691439E-05 2.059464E-04 1.593817E-07 3.788042E-04 8.303993E-04 5.513054E-08 0.000000E+00 7.382086E-07 4.529885E-06 0.000000E+00 2.333060E-04 2.256959E-06 0.000000E+00 3.801234E-10 5.824255E-04 2.539269E-04 5.712295E-07 0.000000E+00 1.463650E-04 1.661690E-05 0.000000E+00 9.133694E-05 0.000000E+00 9.429402E-05 3.146591E-07 1.027217E-07 7.248572E-06 1.737177E-05 6.991935E-05 8.275247E-04 2.184465E-07 2.407861E-05 4.904524E-06 4.511896E-04 2.396150E-07 4.104294E-05 2.615584E-05 4.468232E-05 1.131621E-05 1.161436E-07 6.759111E-06 6.390200E-05 0.000000E+00 7.533583E-06 1.704505E-05 2.569205E-04 3.174554E-04 2.804075E-07 1.285121E-07 5.477598E-04 5.817649E-04 0.000000E+00 8.564510E-05 3.137321E-07 1.318726E-04 3.553065E-06 8.559893E-05 4.192130E-06 0.000000E+00 2.268269E-04 3.112104E-06 1.202779E-06 7.536087E-05 2.131996E-04 4.977529E-04 3.763639E-04 5.934228E-04 1.105322E-04 4.688719E-05 3.732369E-06 1.578498E-07 1.892564E-05 0.000000E+00 3.027332E-06 0.000000E+00 8.946453E-07 1.308552E-08 2.043871E-04 2.471059E-04 1.675545E-04 8.659689E-07 9.993026E-04 4.434706E-05 6.801984E-07 4.306697E-06 1.427531E-05 0.000000E+00 6.139158E-05 0.000000E+00 4.611260E-06 4.509331E-05 1.620703E-08 6.376588E-06 5.960412E-06 3.832225E-07 1.771720E-05 0.000000E+00 6.096660E-05 1.024289E-07 1.179558E-05 3.481865E-05 1.315045E-07 0.000000E+00 0.000000E+00 1.542600E-07 6.241361E-09 1.516322E-04 1.156621E-04 1.291240E-05 1.212152E-04 3.513244E-04 2.676265E-04 1.984924E-05 1.353525E-05 0.000000E+00 2.464094E-04 4.805370E-05 3.665797E-06 3.519735E-05 6.215431E-05 3.206583E-04 3.133172E-06 1.666012E-04 4.139105E-08 9.395566E-07 4.990536E-07 2.606475E-04 3.667834E-07 8.465473E-07 1.161959E-04 5.360581E-05 3.959621E-06 3.454522E-05 7.429369E-04 6.434932E-05 0.000000E+00 3.122788E-04 1.778858E-07 1.855244E-04 2.126543E-04 0.000000E+00 1.255099E-08 7.453753E-10 9.367290E-07 1.300020E-05 
71 188 124 144 143 134 
42 158 91 32 118 90 145 102 193 194 
34 178 131 123 69 110 190 166 36 107 150 52 173 167 180 171 15 19 130 114 138 179 117 
185 113 22 95 79 49 164 58 56 9 192 85 189 2 40 
68 156 
5 6 47 27 169 10 38 78 94 172 121 72 8 106 84 37 48 70 96 176 
83 13 77 160 165 23 119 157 184 33 25 
186 142 99 81 155 
147 50 195 135 87 59 39 133 16 
111 168 163 44 126 60 115 61 1 46 132 65 54 100 149 
161 105 20 103 101 88 55 66 86 183 162 14 82 89 80 159 21 41 141 76 17 92 35 129 74 116 18 
62 43 174 170 128 108 28 191 24 3 97 45 
104 154 152 31 98 187 148 67 122 12 177 151 26 51 29 
136 182 181 4 146 175 120 30 140 
93 127 64 53 112 11 75 

============Find Best @ Round 4732================
==========Cluster 0, RcvInterf=6.19048e-14============
Node 70, SINR:0.00000e+00, BpsHz:0.00000e+00
Node 187, SINR:6.15054e-02, BpsHz:1.72224e-02
Node 123, SINR:6.15054e-02, BpsHz:1.72224e-02
Node 143, SINR:6.15054e-02, BpsHz:1.72224e-02
Node 142, SINR:6.15054e-02, BpsHz:1.72224e-02
Node 133, SINR:6.15054e-02, BpsHz:1.72224e-02
---------------
==========Cluster 1, RcvInterf=2.58484e-14============
Node 41, SINR:1.13423e-01, BpsHz:1.72224e-02
Node 157, SINR:1.13423e-01, BpsHz:1.72224e-02
Node 90, SINR:1.13423e-01, BpsHz:1.72224e-02
Node 31, SINR:1.13423e-01, BpsHz:1.72224e-02
Node 117, SINR:1.13423e-01, BpsHz:1.72224e-02
Node 89, SINR:1.13423e-01, BpsHz:1.72224e-02
Node 144, SINR:1.13423e-01, BpsHz:1.72224e-02
Node 101, SINR:0.00000e+00, BpsHz:0.00000e+00
Node 192, SINR:1.13423e-01, BpsHz:1.72224e-02
Node 193, SINR:1.13423e-01, BpsHz:1.72224e-02
---------------
==========Cluster 2, RcvInterf=1.55990e-14============
Node 33, SINR:3.00343e-01, BpsHz:1.72224e-02
Node 177, SINR:3.00343e-01, BpsHz:1.72224e-02
Node 130, SINR:3.00343e-01, BpsHz:1.72224e-02
Node 122, SINR:0.00000e+00, BpsHz:0.00000e+00
Node 68, SINR:3.00343e-01, BpsHz:1.72224e-02
Node 109, SINR:3.00343e-01, BpsHz:1.72224e-02
Node 189, SINR:3.00343e-01, BpsHz:1.72224e-02
Node 165, SINR:3.00343e-01, BpsHz:1.72224e-02
Node 35, SINR:3.00343e-01, BpsHz:1.72224e-02
Node 106, SINR:3.00343e-01, BpsHz:1.72224e-02
Node 149, SINR:3.00343e-01, BpsHz:1.72224e-02
Node 51, SINR:3.00343e-01, BpsHz:1.72224e-02
Node 172, SINR:3.00343e-01, BpsHz:1.72224e-02
Node 166, SINR:3.00343e-01, BpsHz:1.72224e-02
Node 179, SINR:3.00343e-01, BpsHz:1.72224e-02
Node 170, SINR:3.00343e-01, BpsHz:1.72224e-02
Node 14, SINR:3.00343e-01, BpsHz:1.72224e-02
Node 18, SINR:3.00343e-01, BpsHz:1.72224e-02
Node 129, SINR:3.00343e-01, BpsHz:1.72224e-02
Node 113, SINR:3.00343e-01, BpsHz:1.72224e-02
Node 137, SINR:3.00343e-01, BpsHz:1.72224e-02
Node 178, SINR:3.00343e-01, BpsHz:1.72224e-02
Node 116, SINR:3.00343e-01, BpsHz:1.72224e-02
---------------
==========Cluster 3, RcvInterf=1.39070e-14============
Node 184, SINR:1.81904e-01, BpsHz:1.72224e-02
Node 112, SINR:1.81904e-01, BpsHz:1.72224e-02
Node 21, SINR:1.81904e-01, BpsHz:1.72224e-02
Node 94, SINR:1.81904e-01, BpsHz:1.72224e-02
Node 78, SINR:1.81904e-01, BpsHz:1.72224e-02
Node 48, SINR:1.81904e-01, BpsHz:1.72224e-02
Node 163, SINR:1.81904e-01, BpsHz:1.72224e-02
Node 57, SINR:1.81904e-01, BpsHz:1.72224e-02
Node 55, SINR:1.81904e-01, BpsHz:1.72224e-02
Node 8, SINR:0.00000e+00, BpsHz:0.00000e+00
Node 191, SINR:1.81904e-01, BpsHz:1.72224e-02
Node 84, SINR:1.81904e-01, BpsHz:1.72224e-02
Node 188, SINR:1.81904e-01, BpsHz:1.72224e-02
Node 1, SINR:1.81904e-01, BpsHz:1.72224e-02
Node 39, SINR:1.81904e-01, BpsHz:1.72224e-02
---------------
==========Cluster 4, RcvInterf=6.18320e-14============
Node 67, SINR:0.00000e+00, BpsHz:0.00000e+00
Node 155, SINR:1.20091e-02, BpsHz:1.72223e-02
---------------
==========Cluster 5, RcvInterf=3.48979e-14============
Node 4, SINR:2.54598e-01, BpsHz:1.72224e-02
Node 5, SINR:2.54598e-01, BpsHz:1.72224e-02
Node 46, SINR:2.54598e-01, BpsHz:1.72224e-02
Node 26, SINR:2.54598e-01, BpsHz:1.72224e-02
Node 168, SINR:2.54598e-01, BpsHz:1.72224e-02
Node 9, SINR:2.54598e-01, BpsHz:1.72224e-02
Node 37, SINR:2.54598e-01, BpsHz:1.72224e-02
Node 77, SINR:2.54598e-01, BpsHz:1.72224e-02
Node 93, SINR:2.54598e-01, BpsHz:1.72224e-02
Node 171, SINR:2.54598e-01, BpsHz:1.72224e-02
Node 120, SINR:2.54598e-01, BpsHz:1.72224e-02
Node 71, SINR:2.54598e-01, BpsHz:1.72224e-02
Node 7, SINR:2.54598e-01, BpsHz:1.72224e-02
Node 105, SINR:2.54598e-01, BpsHz:1.72224e-02
Node 83, SINR:2.54598e-01, BpsHz:1.72224e-02
Node 36, SINR:2.54598e-01, BpsHz:1.72224e-02
Node 47, SINR:0.00000e+00, BpsHz:0.00000e+00
Node 69, SINR:2.54598e-01, BpsHz:1.72224e-02
Node 95, SINR:2.54598e-01, BpsHz:1.72224e-02
Node 175, SINR:2.54598e-01, BpsHz:1.72224e-02
---------------
==========Cluster 6, RcvInterf=1.54613e-13============
Node 82, SINR:1.26794e-01, BpsHz:1.72224e-02
Node 12, SINR:1.26794e-01, BpsHz:1.72224e-02
Node 76, SINR:1.26794e-01, BpsHz:1.72224e-02
Node 159, SINR:1.26794e-01, BpsHz:1.72224e-02
Node 164, SINR:0.00000e+00, BpsHz:0.00000e+00
Node 22, SINR:1.26794e-01, BpsHz:1.72224e-02
Node 118, SINR:1.26794e-01, BpsHz:1.72224e-02
Node 156, SINR:1.26794e-01, BpsHz:1.72224e-02
Node 183, SINR:1.26794e-01, BpsHz:1.72224e-02
Node 32, SINR:1.26794e-01, BpsHz:1.72224e-02
Node 24, SINR:1.26794e-01, BpsHz:1.72224e-02
---------------
==========Cluster 7, RcvInterf=1.68850e-14============
Node 185, SINR:0.00000e+00, BpsHz:0.00000e+00
Node 141, SINR:4.89089e-02, BpsHz:1.72224e-02
Node 98, SINR:4.89089e-02, BpsHz:1.72224e-02
Node 80, SINR:4.89089e-02, BpsHz:1.72224e-02
Node 154, SINR:4.89090e-02, BpsHz:1.72224e-02
---------------
==========Cluster 8, RcvInterf=3.01377e-14============
Node 146, SINR:0.00000e+00, BpsHz:0.00000e+00
Node 49, SINR:1.00210e-01, BpsHz:1.72224e-02
Node 194, SINR:1.00210e-01, BpsHz:1.72224e-02
Node 134, SINR:1.00210e-01, BpsHz:1.72224e-02
Node 86, SINR:1.00210e-01, BpsHz:1.72224e-02
Node 58, SINR:1.00210e-01, BpsHz:1.72224e-02
Node 38, SINR:1.00210e-01, BpsHz:1.72224e-02
Node 132, SINR:1.00210e-01, BpsHz:1.72224e-02
Node 15, SINR:1.00210e-01, BpsHz:1.72224e-02
---------------
==========Cluster 9, RcvInterf=4.22119e-14============
Node 110, SINR:1.81904e-01, BpsHz:1.72224e-02
Node 167, SINR:1.81904e-01, BpsHz:1.72224e-02
Node 162, SINR:1.81904e-01, BpsHz:1.72224e-02
Node 43, SINR:1.81904e-01, BpsHz:1.72224e-02
Node 125, SINR:1.81904e-01, BpsHz:1.72224e-02
Node 59, SINR:0.00000e+00, BpsHz:0.00000e+00
Node 114, SINR:1.81904e-01, BpsHz:1.72224e-02
Node 60, SINR:1.81904e-01, BpsHz:1.72224e-02
Node 0, SINR:1.81904e-01, BpsHz:1.72224e-02
Node 45, SINR:1.81904e-01, BpsHz:1.72224e-02
Node 131, SINR:1.81904e-01, BpsHz:1.72224e-02
Node 64, SINR:1.81904e-01, BpsHz:1.72224e-02
Node 53, SINR:1.81904e-01, BpsHz:1.72224e-02
Node 99, SINR:1.81904e-01, BpsHz:1.72224e-02
Node 148, SINR:1.81904e-01, BpsHz:1.72224e-02
---------------
==========Cluster 10, RcvInterf=2.83619e-14============
Node 160, SINR:3.63941e-01, BpsHz:1.72224e-02
Node 104, SINR:3.63941e-01, BpsHz:1.72224e-02
Node 19, SINR:3.63941e-01, BpsHz:1.72224e-02
Node 102, SINR:3.63941e-01, BpsHz:1.72224e-02
Node 100, SINR:3.63941e-01, BpsHz:1.72224e-02
Node 87, SINR:3.63941e-01, BpsHz:1.72224e-02
Node 54, SINR:3.63941e-01, BpsHz:1.72224e-02
Node 65, SINR:3.63941e-01, BpsHz:1.72224e-02
Node 85, SINR:3.63941e-01, BpsHz:1.72224e-02
Node 182, SINR:3.63941e-01, BpsHz:1.72224e-02
Node 161, SINR:3.63941e-01, BpsHz:1.72224e-02
Node 13, SINR:3.63941e-01, BpsHz:1.72224e-02
Node 81, SINR:3.63941e-01, BpsHz:1.72224e-02
Node 88, SINR:3.63941e-01, BpsHz:1.72224e-02
Node 79, SINR:3.63941e-01, BpsHz:1.72224e-02
Node 158, SINR:3.63941e-01, BpsHz:1.72224e-02
Node 20, SINR:3.63941e-01, BpsHz:1.72224e-02
Node 40, SINR:0.00000e+00, BpsHz:0.00000e+00
Node 140, SINR:3.63941e-01, BpsHz:1.72224e-02
Node 75, SINR:3.63941e-01, BpsHz:1.72224e-02
Node 16, SINR:3.63941e-01, BpsHz:1.72224e-02
Node 91, SINR:3.63941e-01, BpsHz:1.72224e-02
Node 34, SINR:3.63941e-01, BpsHz:1.72224e-02
Node 128, SINR:3.63941e-01, BpsHz:1.72224e-02
Node 73, SINR:3.63941e-01, BpsHz:1.72224e-02
Node 115, SINR:3.63941e-01, BpsHz:1.72224e-02
Node 17, SINR:3.63941e-01, BpsHz:1.72224e-02
---------------
==========Cluster 11, RcvInterf=3.22308e-14============
Node 61, SINR:1.40326e-01, BpsHz:1.72224e-02
Node 42, SINR:1.40326e-01, BpsHz:1.72224e-02
Node 173, SINR:1.40326e-01, BpsHz:1.72224e-02
Node 169, SINR:1.40326e-01, BpsHz:1.72224e-02
Node 127, SINR:1.40326e-01, BpsHz:1.72224e-02
Node 107, SINR:1.40326e-01, BpsHz:1.72224e-02
Node 27, SINR:1.40326e-01, BpsHz:1.72224e-02
Node 190, SINR:0.00000e+00, BpsHz:0.00000e+00
Node 23, SINR:1.40326e-01, BpsHz:1.72224e-02
Node 2, SINR:1.40326e-01, BpsHz:1.72224e-02
Node 96, SINR:1.40326e-01, BpsHz:1.72224e-02
Node 44, SINR:1.40326e-01, BpsHz:1.72224e-02
---------------
==========Cluster 12, RcvInterf=1.98917e-14============
Node 103, SINR:1.81904e-01, BpsHz:1.72224e-02
Node 153, SINR:0.00000e+00, BpsHz:0.00000e+00
Node 151, SINR:1.81904e-01, BpsHz:1.72224e-02
Node 30, SINR:1.81904e-01, BpsHz:1.72224e-02
Node 97, SINR:1.81904e-01, BpsHz:1.72224e-02
Node 186, SINR:1.81904e-01, BpsHz:1.72224e-02
Node 147, SINR:1.81904e-01, BpsHz:1.72224e-02
Node 66, SINR:1.81904e-01, BpsHz:1.72224e-02
Node 121, SINR:1.81904e-01, BpsHz:1.72224e-02
Node 11, SINR:1.81904e-01, BpsHz:1.72224e-02
Node 176, SINR:1.81904e-01, BpsHz:1.72224e-02
Node 150, SINR:1.81904e-01, BpsHz:1.72224e-02
Node 25, SINR:1.81904e-01, BpsHz:1.72224e-02
Node 50, SINR:1.81904e-01, BpsHz:1.72224e-02
Node 28, SINR:1.81904e-01, BpsHz:1.72224e-02
---------------
==========Cluster 13, RcvInterf=3.13712e-14============
Node 135, SINR:1.00210e-01, BpsHz:1.72224e-02
Node 181, SINR:1.00210e-01, BpsHz:1.72224e-02
Node 180, SINR:1.00210e-01, BpsHz:1.72224e-02
Node 3, SINR:1.00210e-01, BpsHz:1.72224e-02
Node 145, SINR:1.00210e-01, BpsHz:1.72224e-02
Node 174, SINR:1.00210e-01, BpsHz:1.72224e-02
Node 119, SINR:1.00210e-01, BpsHz:1.72224e-02
Node 29, SINR:0.00000e+00, BpsHz:0.00000e+00
Node 139, SINR:1.00210e-01, BpsHz:1.72224e-02
---------------
==========Cluster 14, RcvInterf=1.24283e-14============
Node 92, SINR:0.00000e+00, BpsHz:0.00000e+00
Node 126, SINR:7.42532e-02, BpsHz:1.72223e-02
Node 63, SINR:7.42532e-02, BpsHz:1.72223e-02
Node 52, SINR:7.42532e-02, BpsHz:1.72223e-02
Node 111, SINR:7.42532e-02, BpsHz:1.72223e-02
Node 10, SINR:7.42532e-02, BpsHz:1.72223e-02
Node 74, SINR:7.42532e-02, BpsHz:1.72223e-02
---------------
