195
15
1.000000e-03
2.525175e-312
132
8000
3.533582e+00
2.802734e+00
3.533582e-06
  inf
0 1 0 0 0 0 0 0 1 0 0 1 0 0 0 0 0 0 0 0 0 1 0 0 0 0 0 0 0 0 0 0 0 0 0 0 0 0 0 1 0 0 0 0 0 0 0 0 1 0 1 0 0 0 0 1 0 1 0 0 0 0 0 0 0 0 0 0 0 0 0 0 0 0 0 0 0 0 1 0 0 0 0 0 0 0 0 0 0 0 0 0 0 0 1 0 0 0 0 0 0 0 0 0 0 0 0 0 0 0 0 0 1 0 0 0 0 0 0 0 0 0 0 0 1 0 0 0 0 0 0 0 0 0 0 0 0 0 0 0 0 0 0 0 0 0 0 0 0 0 1 0 0 0 0 0 0 0 0 0 0 0 0 1 0 0 0 0 0 0 0 0 0 0 0 0 1 0 0 0 0 0 0 1 1 0 0 0 1 0 0 1 0 0 0 
0 0 0 0 0 0 0 0 0 0 0 0 0 0 0 0 0 0 0 0 0 0 0 0 0 0 0 0 0 0 0 0 0 0 0 0 0 0 0 0 0 0 0 0 0 0 0 0 0 0 0 0 0 0 0 0 0 0 0 0 0 0 0 0 0 0 0 0 0 0 0 0 0 0 0 0 0 0 0 0 0 0 0 0 0 0 0 0 0 0 0 0 0 0 0 0 0 0 0 0 0 0 0 0 0 0 0 0 0 0 0 0 0 0 0 0 0 0 0 0 0 0 0 0 0 0 0 0 0 0 0 0 0 0 0 0 0 0 0 0 0 0 0 0 0 0 0 0 0 0 0 0 0 0 0 0 0 0 0 0 0 0 0 0 0 0 0 0 0 0 0 0 0 0 0 0 0 0 0 0 0 0 0 0 0 0 0 0 0 0 0 0 0 0 0 
0 0 0 0 1 1 0 1 0 0 0 0 0 0 0 0 0 1 0 0 0 0 0 0 0 0 1 0 0 0 0 0 0 0 0 0 1 0 0 0 0 0 0 0 0 0 1 1 0 0 0 0 0 0 0 0 0 0 0 0 0 0 0 0 0 0 0 0 0 1 0 1 0 0 0 0 0 0 0 1 0 0 0 1 0 0 0 1 0 0 0 0 0 0 0 1 0 0 0 0 0 0 0 0 1 1 0 0 0 0 0 0 0 0 0 0 0 0 0 0 1 0 0 0 0 0 0 0 1 0 0 0 0 0 0 0 0 0 0 0 0 0 0 0 0 0 0 0 0 0 0 0 0 0 0 0 0 0 0 0 0 0 0 0 0 0 0 0 0 0 0 0 0 0 0 0 0 0 0 0 0 0 0 0 0 0 0 0 0 0 0 0 0 0 0 
0 0 1 1 0 0 0 0 0 0 0 0 0 0 0 0 0 0 0 0 0 0 0 0 0 0 0 0 0 0 0 0 0 0 0 0 0 0 0 0 0 0 1 0 0 0 0 0 0 0 0 0 0 0 0 0 0 0 0 0 0 1 0 0 0 0 0 0 0 0 0 0 0 0 0 0 0 0 0 0 0 0 0 0 0 0 0 0 0 0 0 0 0 0 0 0 0 0 0 0 0 0 0 0 0 0 0 0 0 0 0 0 0 0 0 0 0 0 0 1 0 0 0 0 0 0 0 0 0 0 0 0 0 0 0 0 0 0 0 0 0 0 0 0 0 1 0 0 0 0 0 0 0 0 0 0 0 0 0 0 0 0 0 0 0 0 0 0 0 0 0 0 0 1 0 0 0 0 0 0 1 0 0 0 0 0 0 0 0 0 1 0 0 0 0 
0 0 0 0 0 0 0 0 0 0 0 0 0 0 0 0 1 0 0 0 0 0 0 0 0 0 0 0 0 1 0 0 0 0 1 0 0 0 0 0 1 0 0 0 0 0 0 0 0 0 0 0 0 0 0 0 0 0 0 0 0 0 0 0 0 0 0 0 0 0 0 0 0 1 0 1 0 0 0 0 0 0 0 0 0 1 0 0 0 0 0 1 0 0 0 0 0 0 0 0 0 0 1 0 0 0 0 0 0 0 0 0 0 0 0 0 0 0 0 0 0 0 0 0 0 0 0 0 0 0 0 0 0 0 0 1 0 0 0 1 1 0 0 0 0 0 0 0 0 0 0 0 0 0 0 0 0 0 1 0 0 1 0 0 0 0 0 0 0 0 0 0 0 0 0 0 0 0 0 0 0 0 1 0 0 0 0 0 0 0 0 0 0 0 0 
0 0 0 0 0 0 0 0 0 0 0 0 0 0 0 0 0 0 1 0 0 0 0 0 0 0 0 0 0 0 0 0 0 1 0 0 0 0 0 0 0 0 0 0 0 0 0 0 0 0 0 1 0 0 0 0 0 0 1 0 0 0 0 0 0 0 0 0 1 0 0 0 0 0 0 0 0 0 0 0 0 0 0 0 0 0 1 0 0 0 0 0 0 0 0 0 0 0 0 0 0 0 0 0 0 0 0 0 0 1 0 0 0 0 0 0 0 0 0 0 0 0 0 0 0 0 0 0 0 1 0 0 1 0 1 0 1 0 0 0 0 0 0 0 0 0 1 0 0 1 0 0 0 0 0 0 0 0 0 0 0 0 0 0 0 0 0 0 0 0 0 0 0 0 0 0 0 0 1 1 0 0 0 0 0 0 0 0 0 1 0 0 0 0 1 
0 0 0 0 0 0 0 0 0 0 0 0 0 0 1 0 0 0 0 0 0 0 0 1 0 0 0 0 0 0 0 0 0 0 0 1 0 0 0 0 0 0 0 0 1 0 0 0 0 0 0 0 0 0 0 0 0 0 0 0 0 0 0 0 0 0 0 0 0 0 0 0 0 0 0 0 0 0 0 0 0 0 0 0 0 0 0 0 0 0 0 0 0 0 0 0 0 0 0 0 0 0 0 0 0 0 0 0 0 0 0 0 0 1 0 0 1 0 0 0 0 0 0 0 0 0 0 0 0 0 0 0 0 0 0 0 0 1 0 0 0 0 0 0 0 0 0 0 0 0 0 0 0 0 0 0 0 0 0 0 0 0 0 0 0 0 1 0 0 1 1 0 1 0 0 0 0 0 0 0 0 0 0 0 0 0 0 0 0 0 0 0 0 0 0 
1 0 0 0 0 0 0 0 0 0 0 0 0 0 0 0 0 0 0 0 0 0 0 0 0 0 0 0 0 0 0 0 0 0 0 0 0 0 0 0 0 1 0 1 0 1 0 0 0 0 0 0 0 1 0 0 0 0 0 1 1 0 0 0 1 0 0 0 0 0 0 0 1 0 0 0 0 0 0 0 0 0 0 0 0 0 0 0 0 0 1 0 0 1 0 0 0 0 0 1 0 0 0 0 0 0 0 0 0 0 1 0 0 0 1 0 0 1 0 0 0 0 0 0 0 1 0 0 0 0 0 1 0 0 0 0 0 0 0 0 0 0 0 0 1 0 0 0 1 0 0 0 0 0 0 0 0 1 0 0 0 0 1 0 0 0 0 1 0 0 0 0 0 0 0 0 0 0 0 0 0 0 0 0 0 0 0 0 0 0 0 0 0 0 0 
0 0 0 0 0 0 0 0 0 0 0 0 0 0 0 0 0 0 0 0 0 0 0 0 0 0 0 0 0 0 0 0 0 0 0 0 0 0 0 0 0 0 0 0 0 0 0 0 0 0 0 0 1 0 0 0 0 0 0 0 0 0 0 0 0 0 0 0 0 0 0 0 0 0 1 0 0 0 0 0 0 0 0 0 0 0 0 0 0 0 0 0 1 0 0 0 0 0 0 0 0 0 0 0 0 0 0 1 0 0 0 1 0 0 0 0 0 0 0 0 0 0 0 0 0 0 1 0 0 0 0 0 0 0 0 0 0 0 0 0 0 0 0 0 0 0 0 0 0 0 0 0 0 0 0 0 0 0 0 0 0 0 0 0 0 0 0 0 0 0 0 0 0 0 0 0 0 0 0 0 0 0 0 0 0 0 0 0 0 0 0 0 0 0 0 
0 0 0 0 0 0 0 0 0 0 0 0 0 0 0 0 0 0 0 0 0 0 0 0 0 0 0 0 0 0 0 0 0 0 0 0 0 0 0 0 0 0 0 0 0 0 0 0 0 0 0 0 0 0 0 0 0 0 0 0 0 0 0 0 0 0 0 0 0 0 0 0 0 0 0 0 0 0 0 0 0 0 0 0 0 0 0 0 0 0 0 0 0 0 0 0 0 0 0 0 0 0 0 0 0 0 0 0 0 0 0 0 0 0 0 0 0 0 0 0 0 0 0 0 0 0 0 0 0 0 0 0 0 0 0 0 0 0 0 0 0 0 0 0 0 0 0 0 0 0 0 0 0 0 0 0 0 0 0 0 0 0 0 0 0 0 0 0 0 0 0 0 0 0 0 0 0 0 0 0 0 0 0 0 0 0 0 0 0 0 0 0 0 0 0 
0 0 0 0 0 0 0 0 0 0 0 0 0 0 0 0 0 0 0 0 0 0 0 0 0 0 0 0 0 0 0 0 0 0 0 0 0 0 0 0 0 0 0 0 0 0 0 0 0 0 0 0 0 0 0 0 0 0 0 0 0 0 0 0 0 0 0 0 0 0 0 0 0 0 0 0 0 0 0 0 0 0 0 0 0 0 0 0 0 0 0 0 0 0 0 0 0 0 0 0 0 0 0 0 0 0 0 0 0 0 0 0 0 0 0 0 0 0 0 0 0 0 0 0 0 0 0 0 0 0 0 0 0 0 0 0 0 0 0 0 0 0 0 0 0 0 0 0 0 0 0 0 0 0 0 0 0 0 0 0 0 0 0 0 0 0 0 0 0 0 0 0 0 0 0 0 0 0 0 0 0 0 0 0 0 0 0 0 0 0 0 0 0 0 0 
0 0 0 0 0 0 0 0 0 0 0 0 0 0 0 0 0 0 0 0 0 0 0 0 0 0 0 0 0 0 0 0 0 0 0 0 0 0 0 0 0 0 0 0 0 0 0 0 0 0 0 0 0 0 0 0 0 0 0 0 0 0 0 0 0 0 0 0 0 0 0 0 0 0 0 0 0 0 0 0 1 0 0 0 0 0 0 0 0 0 0 0 0 0 0 0 0 0 1 0 0 0 0 0 0 0 0 0 0 0 0 0 0 0 0 0 0 0 0 0 0 0 0 0 0 0 0 0 0 0 0 0 0 0 0 0 0 0 0 0 0 1 0 0 0 0 0 0 0 0 0 0 0 0 1 0 0 0 0 0 0 0 0 0 0 0 0 0 0 0 0 0 0 0 0 1 0 0 0 0 0 0 0 0 0 1 0 0 0 0 0 0 0 0 0 
0 0 0 0 0 0 1 0 0 0 0 0 0 0 0 0 0 0 0 0 0 0 1 0 1 1 0 0 1 0 1 0 1 0 0 0 0 0 0 0 0 0 0 0 0 0 0 0 0 0 0 0 0 0 0 0 0 0 0 0 0 0 0 0 0 0 0 0 0 0 1 0 0 0 0 0 1 0 0 0 0 0 1 0 0 0 0 0 0 1 0 0 0 0 0 0 0 1 0 0 0 0 0 1 0 0 0 0 0 0 0 0 0 0 0 0 0 0 1 0 0 0 0 0 0 0 0 0 0 0 0 0 0 1 0 0 0 0 0 0 0 0 0 1 0 0 0 0 0 0 0 1 0 1 0 0 0 0 0 1 0 0 0 0 1 0 0 0 0 0 0 0 0 0 0 0 0 0 0 0 0 0 0 0 0 0 1 1 0 0 0 0 0 1 0 
0 0 0 0 0 0 0 0 0 0 0 0 0 0 0 0 0 0 0 0 0 0 0 0 0 0 0 0 0 0 0 0 0 0 0 0 0 0 0 0 0 0 0 0 0 0 0 0 0 0 0 0 0 0 0 0 0 0 0 0 0 0 0 0 0 0 0 0 0 0 0 0 0 0 0 0 0 0 0 0 0 0 0 0 0 0 0 0 0 0 0 0 0 0 0 0 0 0 0 0 0 0 0 0 0 0 0 0 0 0 0 0 0 0 0 0 0 0 0 0 0 0 0 0 0 0 0 0 0 0 0 0 0 0 0 0 0 0 0 0 0 0 0 0 0 0 0 0 0 0 0 0 0 0 0 0 0 0 0 0 0 0 0 0 0 0 0 0 0 0 0 0 0 0 0 0 0 0 0 0 0 0 0 0 0 0 0 0 0 0 0 0 0 0 0 
0 0 0 0 0 0 0 0 0 0 0 0 0 0 0 0 0 0 0 0 0 0 0 0 0 0 0 0 0 0 0 0 0 0 0 0 0 0 0 0 0 0 0 0 0 0 0 0 0 0 0 0 0 0 0 0 0 0 0 0 0 0 0 0 0 0 0 0 0 0 0 0 0 0 0 0 0 0 0 0 0 0 0 0 0 0 0 0 0 0 0 0 0 0 0 0 0 0 0 0 0 0 0 0 0 0 0 0 0 0 0 0 0 0 0 0 0 0 0 0 0 0 0 0 0 0 0 0 0 0 0 0 0 0 0 0 0 0 0 0 0 0 0 0 0 0 0 0 0 0 0 0 0 0 0 0 0 0 0 0 0 0 0 0 0 0 0 0 0 0 0 0 0 0 0 0 0 0 0 0 0 0 0 0 0 0 0 0 0 0 0 0 0 0 0 
56 0 106 191 30 147 138 168 75 0 0 186 152 0 0 
4.923324E-08 4.949515E-04 1.571809E-07 1.226440E-05 5.133319E-06 3.989859E-05 9.465523E-04 2.709518E-06 9.008674E-08 0.000000E+00 0.000000E+00 1.738000E-04 0.000000E+00 0.000000E+00 8.702096E-06 0.000000E+00 2.143061E-06 1.289037E-06 1.282293E-04 0.000000E+00 0.000000E+00 2.057433E-04 2.082458E-04 4.386021E-07 6.895940E-05 6.047023E-07 3.680860E-05 0.000000E+00 4.599614E-05 0.000000E+00 3.303200E-06 0.000000E+00 1.750060E-05 5.446742E-05 1.460084E-06 1.520242E-06 1.469783E-04 0.000000E+00 0.000000E+00 6.286187E-04 2.659835E-06 4.448136E-05 1.247776E-07 4.299344E-08 2.406901E-05 4.331267E-05 1.138385E-05 1.945976E-06 1.349846E-05 0.000000E+00 7.199093E-05 1.863320E-04 1.465443E-07 8.683209E-05 0.000000E+00 0.000000E+00 0.000000E+00 2.425638E-06 6.814375E-06 2.962749E-06 2.665024E-05 9.385020E-07 0.000000E+00 0.000000E+00 1.008073E-04 0.000000E+00 0.000000E+00 0.000000E+00 1.246260E-04 5.598536E-08 1.125707E-05 5.628070E-06 1.683727E-04 4.429939E-05 0.000000E+00 3.033840E-06 2.386436E-04 0.000000E+00 7.305640E-05 2.626250E-04 2.267615E-07 0.000000E+00 1.768125E-04 6.095626E-05 0.000000E+00 9.349692E-05 3.934663E-05 1.294108E-05 0.000000E+00 6.718699E-06 1.122036E-05 5.545125E-05 2.372793E-07 3.515004E-06 2.162699E-05 2.467824E-05 0.000000E+00 6.032519E-06 1.334039E-07 1.386879E-04 0.000000E+00 0.000000E+00 1.539898E-04 3.540440E-07 4.900588E-05 0.000000E+00 0.000000E+00 1.606152E-07 0.000000E+00 2.119361E-04 4.031767E-07 4.934846E-08 9.988678E-05 8.563592E-07 1.030362E-04 0.000000E+00 1.306142E-05 1.804496E-04 5.222643E-04 2.647503E-06 4.370893E-06 0.000000E+00 0.000000E+00 0.000000E+00 9.638098E-04 2.141211E-06 1.186501E-07 0.000000E+00 2.592444E-05 7.440747E-05 0.000000E+00 2.148672E-04 6.671195E-05 1.711267E-05 6.478630E-06 1.568549E-05 1.118589E-04 0.000000E+00 0.000000E+00 5.066781E-06 4.667494E-05 1.682394E-08 0.000000E+00 2.366348E-04 1.796538E-05 7.231328E-06 0.000000E+00 0.000000E+00 1.029848E-05 6.055708E-06 7.921754E-05 0.000000E+00 0.000000E+00 2.108617E-07 1.601318E-07 0.000000E+00 0.000000E+00 6.998352E-05 1.974822E-05 5.601823E-04 0.000000E+00 2.622618E-04 3.102464E-06 8.481253E-06 5.397336E-05 0.000000E+00 1.206040E-09 0.000000E+00 0.000000E+00 1.058424E-05 3.033064E-06 0.000000E+00 3.374335E-06 1.721147E-08 0.000000E+00 1.488020E-07 5.538949E-04 0.000000E+00 5.172515E-07 5.996321E-05 3.414565E-05 0.000000E+00 7.730188E-05 9.998773E-04 9.490179E-05 0.000000E+00 9.226192E-04 1.467727E-05 2.469789E-04 2.178145E-04 0.000000E+00 2.641623E-09 0.000000E+00 2.357448E-06 1.955640E-05 
125 189 22 79 2 113 177 95 151 51 49 164 192 58 56 184 9 12 40 185 
0 
8 72 5 27 47 96 6 84 106 18 70 129 88 121 105 37 48 80 
4 120 3 146 174 191 43 62 181 
41 76 17 35 86 183 103 30 141 162 136 74 140 159 92 
52 180 110 69 130 133 150 195 34 19 179 87 137 135 59 147 190 
114 138 24 171 167 173 15 36 117 45 170 
126 111 168 60 44 54 1 61 115 100 91 42 149 145 132 46 65 163 158 73 94 118 
53 75 112 93 108 127 
0 
0 
186 155 142 176 99 81 
188 25 83 71 134 165 77 144 33 104 23 152 31 154 98 26 29 194 119 160 90 7 187 
0 
0 

============Find Best @ Round 7798================
==========Cluster 0, RcvInterf=1.36254e-14============
Node 124, SINR:2.99890e-01, BpsHz:1.99152e-02
Node 188, SINR:2.99890e-01, BpsHz:1.99152e-02
Node 21, SINR:2.99890e-01, BpsHz:1.99152e-02
Node 78, SINR:2.99890e-01, BpsHz:1.99152e-02
Node 1, SINR:2.99890e-01, BpsHz:1.99152e-02
Node 112, SINR:2.99890e-01, BpsHz:1.99152e-02
Node 176, SINR:2.99890e-01, BpsHz:1.99152e-02
Node 94, SINR:2.99890e-01, BpsHz:1.99152e-02
Node 150, SINR:2.99890e-01, BpsHz:1.99152e-02
Node 50, SINR:2.99890e-01, BpsHz:1.99152e-02
Node 48, SINR:2.99890e-01, BpsHz:1.99152e-02
Node 163, SINR:2.99890e-01, BpsHz:1.99152e-02
Node 191, SINR:2.99890e-01, BpsHz:1.99152e-02
Node 57, SINR:2.99890e-01, BpsHz:1.99152e-02
Node 55, SINR:0.00000e+00, BpsHz:0.00000e+00
Node 183, SINR:2.99890e-01, BpsHz:1.99152e-02
Node 8, SINR:2.99890e-01, BpsHz:1.99152e-02
Node 11, SINR:2.99890e-01, BpsHz:1.99152e-02
Node 39, SINR:2.99890e-01, BpsHz:1.99152e-02
Node 184, SINR:2.99890e-01, BpsHz:1.99152e-02
---------------
==========Cluster 1, RcvInterf=9.88773e-15============
Node -1, SINR:3.32941e-311, BpsHz:3.32941e-311
---------------
==========Cluster 2, RcvInterf=7.10248e-15============
Node 7, SINR:2.64493e-01, BpsHz:1.99152e-02
Node 71, SINR:2.64493e-01, BpsHz:1.99152e-02
Node 4, SINR:2.64493e-01, BpsHz:1.99152e-02
Node 26, SINR:2.64493e-01, BpsHz:1.99152e-02
Node 46, SINR:2.64493e-01, BpsHz:1.99152e-02
Node 95, SINR:2.64493e-01, BpsHz:1.99152e-02
Node 5, SINR:2.64493e-01, BpsHz:1.99152e-02
Node 83, SINR:2.64493e-01, BpsHz:1.99152e-02
Node 105, SINR:0.00000e+00, BpsHz:0.00000e+00
Node 17, SINR:2.64493e-01, BpsHz:1.99152e-02
Node 69, SINR:2.64493e-01, BpsHz:1.99152e-02
Node 128, SINR:2.64493e-01, BpsHz:1.99152e-02
Node 87, SINR:2.64493e-01, BpsHz:1.99152e-02
Node 120, SINR:2.64493e-01, BpsHz:1.99152e-02
Node 104, SINR:2.64493e-01, BpsHz:1.99152e-02
Node 36, SINR:2.64493e-01, BpsHz:1.99152e-02
Node 47, SINR:2.64493e-01, BpsHz:1.99152e-02
Node 79, SINR:2.64493e-01, BpsHz:1.99152e-02
---------------
==========Cluster 3, RcvInterf=7.49865e-15============
Node 3, SINR:1.16762e-01, BpsHz:1.99152e-02
Node 119, SINR:1.16762e-01, BpsHz:1.99152e-02
Node 2, SINR:1.16762e-01, BpsHz:1.99152e-02
Node 145, SINR:1.16762e-01, BpsHz:1.99152e-02
Node 173, SINR:1.16762e-01, BpsHz:1.99152e-02
Node 190, SINR:0.00000e+00, BpsHz:0.00000e+00
Node 42, SINR:1.16762e-01, BpsHz:1.99152e-02
Node 61, SINR:1.16762e-01, BpsHz:1.99152e-02
Node 180, SINR:1.16762e-01, BpsHz:1.99152e-02
---------------
==========Cluster 4, RcvInterf=1.13604e-14============
Node 40, SINR:2.13196e-01, BpsHz:1.99152e-02
Node 75, SINR:2.13196e-01, BpsHz:1.99152e-02
Node 16, SINR:2.13196e-01, BpsHz:1.99152e-02
Node 34, SINR:2.13196e-01, BpsHz:1.99152e-02
Node 85, SINR:2.13196e-01, BpsHz:1.99152e-02
Node 182, SINR:2.13196e-01, BpsHz:1.99152e-02
Node 102, SINR:2.13196e-01, BpsHz:1.99152e-02
Node 29, SINR:0.00000e+00, BpsHz:0.00000e+00
Node 140, SINR:2.13196e-01, BpsHz:1.99152e-02
Node 161, SINR:2.13196e-01, BpsHz:1.99152e-02
Node 135, SINR:2.13196e-01, BpsHz:1.99152e-02
Node 73, SINR:2.13196e-01, BpsHz:1.99152e-02
Node 139, SINR:2.13196e-01, BpsHz:1.99152e-02
Node 158, SINR:2.13196e-01, BpsHz:1.99152e-02
Node 91, SINR:2.13196e-01, BpsHz:1.99152e-02
---------------
==========Cluster 5, RcvInterf=2.02870e-14============
Node 51, SINR:2.47157e-01, BpsHz:1.99152e-02
Node 179, SINR:2.47157e-01, BpsHz:1.99152e-02
Node 109, SINR:2.47157e-01, BpsHz:1.99152e-02
Node 68, SINR:2.47157e-01, BpsHz:1.99152e-02
Node 129, SINR:2.47157e-01, BpsHz:1.99152e-02
Node 132, SINR:2.47157e-01, BpsHz:1.99152e-02
Node 149, SINR:2.47157e-01, BpsHz:1.99152e-02
Node 194, SINR:2.47157e-01, BpsHz:1.99152e-02
Node 33, SINR:2.47157e-01, BpsHz:1.99152e-02
Node 18, SINR:2.47157e-01, BpsHz:1.99152e-02
Node 178, SINR:2.47157e-01, BpsHz:1.99152e-02
Node 86, SINR:2.47157e-01, BpsHz:1.99152e-02
Node 136, SINR:2.47157e-01, BpsHz:1.99152e-02
Node 134, SINR:2.47157e-01, BpsHz:1.99152e-02
Node 58, SINR:2.47157e-01, BpsHz:1.99152e-02
Node 146, SINR:0.00000e+00, BpsHz:0.00000e+00
Node 189, SINR:2.47157e-01, BpsHz:1.99152e-02
---------------
==========Cluster 6, RcvInterf=8.32409e-15============
Node 113, SINR:1.48023e-01, BpsHz:1.99152e-02
Node 137, SINR:0.00000e+00, BpsHz:0.00000e+00
Node 23, SINR:1.48023e-01, BpsHz:1.99152e-02
Node 170, SINR:1.48023e-01, BpsHz:1.99152e-02
Node 166, SINR:1.48023e-01, BpsHz:1.99152e-02
Node 172, SINR:1.48023e-01, BpsHz:1.99152e-02
Node 14, SINR:1.48023e-01, BpsHz:1.99152e-02
Node 35, SINR:1.48023e-01, BpsHz:1.99152e-02
Node 116, SINR:1.48023e-01, BpsHz:1.99152e-02
Node 44, SINR:1.48023e-01, BpsHz:1.99152e-02
Node 169, SINR:1.48023e-01, BpsHz:1.99152e-02
---------------
==========Cluster 7, RcvInterf=5.84283e-15============
Node 125, SINR:3.36278e-01, BpsHz:1.99152e-02
Node 110, SINR:3.36277e-01, BpsHz:1.99152e-02
Node 167, SINR:0.00000e+00, BpsHz:0.00000e+00
Node 59, SINR:3.36277e-01, BpsHz:1.99152e-02
Node 43, SINR:3.36277e-01, BpsHz:1.99152e-02
Node 53, SINR:3.36277e-01, BpsHz:1.99152e-02
Node 0, SINR:3.36277e-01, BpsHz:1.99152e-02
Node 60, SINR:3.36277e-01, BpsHz:1.99152e-02
Node 114, SINR:3.36277e-01, BpsHz:1.99152e-02
Node 99, SINR:3.36278e-01, BpsHz:1.99152e-02
Node 90, SINR:3.36277e-01, BpsHz:1.99152e-02
Node 41, SINR:3.36277e-01, BpsHz:1.99152e-02
Node 148, SINR:3.36277e-01, BpsHz:1.99152e-02
Node 144, SINR:3.36277e-01, BpsHz:1.99152e-02
Node 131, SINR:3.36277e-01, BpsHz:1.99152e-02
Node 45, SINR:3.36277e-01, BpsHz:1.99152e-02
Node 64, SINR:3.36277e-01, BpsHz:1.99152e-02
Node 162, SINR:3.36277e-01, BpsHz:1.99152e-02
Node 157, SINR:3.36277e-01, BpsHz:1.99152e-02
Node 72, SINR:3.36277e-01, BpsHz:1.99152e-02
Node 93, SINR:3.36277e-01, BpsHz:1.99152e-02
Node 117, SINR:3.36277e-01, BpsHz:1.99152e-02
---------------
==========Cluster 8, RcvInterf=6.78550e-15============
Node 52, SINR:7.14586e-02, BpsHz:1.99152e-02
Node 74, SINR:0.00000e+00, BpsHz:0.00000e+00
Node 111, SINR:7.14586e-02, BpsHz:1.99152e-02
Node 92, SINR:7.14586e-02, BpsHz:1.99152e-02
Node 107, SINR:7.14586e-02, BpsHz:1.99152e-02
Node 126, SINR:7.14586e-02, BpsHz:1.99152e-02
---------------
==========Cluster 9, RcvInterf=1.31456e-14============
Node -1, SINR:3.32941e-311, BpsHz:3.32941e-311
---------------
==========Cluster 10, RcvInterf=8.57735e-15============
Node -1, SINR:3.32941e-311, BpsHz:3.32941e-311
---------------
==========Cluster 11, RcvInterf=5.72153e-15============
Node 185, SINR:0.00000e+00, BpsHz:0.00000e+00
Node 154, SINR:7.14586e-02, BpsHz:1.99152e-02
Node 141, SINR:7.14586e-02, BpsHz:1.99152e-02
Node 175, SINR:7.14586e-02, BpsHz:1.99152e-02
Node 98, SINR:7.14586e-02, BpsHz:1.99152e-02
Node 80, SINR:7.14586e-02, BpsHz:1.99152e-02
---------------
==========Cluster 12, RcvInterf=9.96808e-15============
Node 187, SINR:3.54852e-01, BpsHz:1.99152e-02
Node 24, SINR:3.54852e-01, BpsHz:1.99152e-02
Node 82, SINR:3.54852e-01, BpsHz:1.99152e-02
Node 70, SINR:3.54852e-01, BpsHz:1.99152e-02
Node 133, SINR:3.54852e-01, BpsHz:1.99152e-02
Node 164, SINR:3.54852e-01, BpsHz:1.99152e-02
Node 76, SINR:3.54852e-01, BpsHz:1.99152e-02
Node 143, SINR:3.54852e-01, BpsHz:1.99152e-02
Node 32, SINR:3.54852e-01, BpsHz:1.99152e-02
Node 103, SINR:3.54852e-01, BpsHz:1.99152e-02
Node 22, SINR:3.54852e-01, BpsHz:1.99152e-02
Node 151, SINR:0.00000e+00, BpsHz:0.00000e+00
Node 30, SINR:3.54852e-01, BpsHz:1.99152e-02
Node 153, SINR:3.54852e-01, BpsHz:1.99152e-02
Node 97, SINR:3.54852e-01, BpsHz:1.99152e-02
Node 25, SINR:3.54852e-01, BpsHz:1.99152e-02
Node 28, SINR:3.54852e-01, BpsHz:1.99152e-02
Node 193, SINR:3.54852e-01, BpsHz:1.99152e-02
Node 118, SINR:3.54852e-01, BpsHz:1.99152e-02
Node 159, SINR:3.54852e-01, BpsHz:1.99152e-02
Node 89, SINR:3.54852e-01, BpsHz:1.99152e-02
Node 6, SINR:3.54852e-01, BpsHz:1.99152e-02
Node 186, SINR:3.54852e-01, BpsHz:1.99152e-02
---------------
==========Cluster 13, RcvInterf=2.08223e-14============
Node -1, SINR:3.32941e-311, BpsHz:3.32941e-311
---------------
==========Cluster 14, RcvInterf=1.94872e-14============
Node -1, SINR:3.32941e-311, BpsHz:3.32941e-311
---------------
