195
15
1.000000e-03
2.525175e-312
171
8000
6.303405e+00
2.813721e+00
6.303406e-06
2.682912e-06
0 0 0 0 0 0 0 0 0 0 0 0 0 0 0 0 0 0 0 0 0 0 0 0 0 0 0 0 0 0 0 0 0 0 0 0 0 0 0 0 0 0 0 0 0 0 0 0 0 0 0 0 0 0 0 0 0 0 0 0 0 0 0 0 0 0 0 0 0 0 0 0 0 0 0 0 0 0 0 0 0 0 0 0 0 0 0 0 0 0 0 0 0 0 0 0 0 0 0 0 0 0 0 0 0 0 0 0 0 0 0 0 0 0 0 0 0 0 0 0 0 0 0 0 0 0 0 0 0 0 0 0 0 0 0 0 0 0 0 0 0 0 0 0 0 0 0 0 0 0 0 0 0 0 0 0 0 0 0 0 0 0 0 0 0 0 0 0 0 0 0 0 0 0 0 0 0 0 0 0 0 0 0 0 0 1 0 0 0 0 0 0 0 0 0 
0 0 0 0 0 0 0 0 0 0 0 0 0 0 0 0 0 0 0 0 0 0 0 0 0 0 0 0 0 0 0 0 0 0 0 0 0 0 0 0 0 0 0 0 0 0 0 0 0 0 0 0 1 0 0 0 0 0 0 0 0 0 0 1 0 0 0 0 0 0 0 0 0 0 1 0 0 0 0 0 0 0 0 0 0 0 0 0 0 0 0 0 1 0 0 0 0 0 0 0 0 0 0 0 0 0 0 1 0 0 0 1 0 0 0 0 0 0 0 0 0 0 0 0 0 0 1 0 0 0 0 0 0 0 0 0 0 0 0 0 0 0 0 0 0 0 0 0 0 0 0 0 0 0 0 0 0 0 0 0 0 0 0 0 0 0 0 0 0 0 0 0 0 0 0 0 0 0 0 0 0 0 0 0 0 0 0 0 0 0 0 0 0 0 0 
0 0 0 0 0 0 0 0 1 0 0 0 0 0 0 0 0 0 0 0 0 0 0 0 0 0 0 0 0 0 0 0 0 0 0 0 0 0 1 0 0 0 0 0 0 0 0 0 1 0 0 0 0 0 0 1 0 1 0 0 0 0 0 0 0 0 0 0 0 0 0 0 0 0 0 0 0 0 0 0 0 0 0 0 1 0 0 0 0 0 0 0 0 0 1 0 0 0 0 0 0 0 0 0 0 0 0 0 0 0 0 0 1 0 0 0 0 0 0 0 0 0 0 0 0 0 0 0 0 0 0 0 0 0 0 0 0 0 0 0 0 0 0 0 0 0 0 0 0 0 0 0 0 0 0 0 0 0 0 0 0 0 0 0 0 0 0 0 0 0 0 0 0 0 0 0 0 0 0 0 0 0 0 0 1 0 0 0 1 0 0 1 0 0 0 
0 0 0 1 0 0 0 0 0 0 0 0 0 0 0 0 0 0 0 1 0 0 0 0 0 0 0 0 0 0 0 0 0 0 0 0 0 0 0 0 0 0 0 0 0 0 0 0 0 0 0 0 0 0 0 0 0 0 0 0 0 0 0 0 0 1 0 0 0 0 0 0 0 1 0 0 0 0 0 0 0 0 0 0 0 1 0 0 0 0 0 1 0 0 0 0 0 0 0 0 0 0 1 0 0 0 0 0 0 0 0 0 0 0 0 1 0 0 0 0 0 0 0 0 0 0 0 0 0 0 0 0 0 0 0 1 0 0 1 1 1 0 0 0 0 1 0 0 0 0 0 0 1 0 0 0 0 0 1 0 0 1 0 0 0 0 0 0 0 0 0 0 0 0 0 0 0 0 0 0 1 1 1 0 0 0 0 0 0 0 0 0 0 0 0 
1 0 0 0 0 0 0 0 0 1 0 0 0 0 0 0 0 0 0 0 0 0 0 0 0 0 0 0 0 0 0 0 0 0 0 0 0 1 0 0 0 0 0 1 0 1 0 0 0 0 0 0 0 0 0 0 0 0 0 1 1 0 0 0 1 0 0 1 0 0 0 0 1 0 0 0 0 1 0 0 0 0 0 0 0 0 0 0 0 0 0 0 0 1 0 0 0 0 0 0 0 0 0 0 0 0 0 0 0 0 1 0 0 0 1 0 0 0 0 0 1 0 0 0 0 0 0 0 0 0 0 1 0 0 0 0 0 0 0 0 0 0 0 0 0 0 0 0 0 0 0 0 0 0 0 0 0 0 0 0 0 0 0 0 0 0 0 1 1 0 0 1 0 0 0 0 0 0 0 0 0 0 0 0 0 0 0 0 0 0 0 0 0 0 0 
0 0 0 0 0 0 0 0 0 0 0 0 0 0 1 0 0 0 0 0 0 0 0 1 0 0 0 0 0 0 0 0 0 0 0 1 0 0 0 0 0 0 1 0 1 0 0 0 0 0 0 0 0 0 0 0 0 0 0 0 0 1 0 0 0 0 0 0 0 0 0 0 0 0 0 0 0 0 0 0 0 0 0 0 0 0 0 0 0 0 0 0 0 0 0 0 0 0 0 0 0 0 0 0 0 0 1 0 0 0 0 0 0 1 0 0 1 0 0 0 0 0 0 0 0 0 0 0 0 0 0 0 0 0 0 0 0 1 0 0 0 0 0 0 0 0 0 0 0 0 0 0 0 0 0 0 0 0 0 0 0 0 0 0 0 1 1 0 0 0 1 0 1 0 0 0 0 0 0 0 0 0 0 0 0 0 0 0 0 1 0 0 0 0 0 
0 1 0 0 0 0 1 0 0 0 0 1 1 0 0 0 0 0 0 0 0 1 1 0 0 0 0 0 1 0 1 0 1 0 0 0 0 0 0 0 0 0 0 0 0 0 0 0 0 0 1 0 0 0 0 0 0 0 0 0 0 0 0 0 0 0 1 0 0 0 0 0 0 0 0 0 0 0 1 0 0 0 0 0 0 0 0 0 0 0 0 0 0 0 0 0 0 1 0 0 0 0 0 1 0 0 0 0 0 0 0 0 0 0 0 0 0 0 1 0 0 1 0 0 1 0 0 0 0 0 0 0 0 0 0 0 0 0 0 0 0 0 0 0 0 0 0 1 0 0 1 1 0 1 0 0 0 0 0 0 0 0 0 1 1 0 0 0 0 0 0 0 0 0 0 0 1 0 0 0 0 0 0 1 0 0 1 0 0 0 0 0 0 0 0 
0 0 0 0 0 0 0 0 0 0 0 0 0 0 0 0 1 0 0 0 1 0 0 0 0 0 0 0 0 0 0 0 0 0 1 0 0 0 0 0 1 0 0 0 0 0 0 0 0 0 0 0 0 0 0 0 0 0 0 0 0 0 0 0 0 0 0 0 0 0 0 0 0 0 0 1 0 0 0 0 0 0 0 0 0 0 0 0 0 0 0 0 0 0 0 0 0 0 0 0 0 0 0 0 0 0 0 0 0 0 0 0 0 0 0 0 0 0 0 0 0 0 0 0 0 0 0 0 0 0 0 0 0 0 0 0 0 0 0 0 0 0 0 0 0 0 0 0 0 0 0 0 0 0 0 0 0 0 0 0 0 0 0 0 0 0 0 0 0 0 0 0 0 0 0 0 0 0 0 0 0 0 0 0 0 0 0 0 0 0 0 0 0 0 0 
0 0 0 0 0 0 0 0 0 0 0 0 0 0 0 1 0 0 1 0 0 0 0 0 0 0 0 0 0 0 0 0 0 1 0 0 0 0 0 0 0 0 0 0 0 0 0 0 0 1 0 1 0 0 0 0 0 0 1 0 0 0 0 0 0 0 0 0 1 0 0 0 0 0 0 0 0 0 0 0 0 0 0 0 0 0 1 0 0 0 0 0 0 0 0 0 0 0 0 0 0 0 0 0 0 0 0 0 0 1 0 0 0 0 0 0 0 0 0 0 0 0 1 0 0 0 0 0 0 1 1 0 1 0 1 0 1 0 0 0 0 0 0 0 0 0 1 0 0 1 0 0 0 0 0 0 0 0 0 0 0 0 0 0 0 0 0 0 0 0 0 0 0 0 0 0 0 1 1 1 0 0 0 0 0 0 0 0 0 0 0 0 0 0 1 
0 0 0 0 1 0 0 1 0 0 0 0 0 0 0 0 0 1 0 0 0 0 0 0 0 0 1 0 0 0 0 0 0 0 0 0 1 0 0 0 0 0 0 0 0 0 1 0 0 0 0 0 0 0 1 0 0 0 0 0 0 0 0 0 0 0 0 0 0 1 0 1 0 0 0 0 0 0 0 1 0 1 0 1 0 0 0 1 0 0 0 0 0 0 0 1 0 0 0 0 1 0 0 0 1 1 0 0 0 0 0 0 0 0 0 0 0 0 0 0 0 0 0 0 0 0 0 0 1 0 0 0 0 0 0 0 0 0 0 0 0 0 0 0 0 0 0 0 0 0 0 0 0 0 0 0 0 0 0 0 1 0 0 0 0 0 0 0 0 0 0 0 0 0 0 0 0 0 0 0 0 0 0 0 0 0 0 0 0 0 0 0 0 0 0 
0 0 0 0 0 0 0 0 0 0 0 0 0 0 0 0 0 0 0 0 0 0 0 0 0 0 0 0 0 0 0 0 0 0 0 0 0 0 0 0 0 0 0 0 0 0 0 0 0 0 0 0 0 0 0 0 0 0 0 0 0 0 0 0 0 0 0 0 0 0 0 0 0 0 0 0 0 0 0 0 1 0 0 0 0 0 0 0 0 0 0 0 0 0 0 0 0 0 0 0 0 0 0 0 0 0 0 0 0 0 0 0 0 0 0 0 0 0 0 0 0 0 0 0 0 0 0 0 0 0 0 0 0 0 0 0 0 0 0 0 0 1 0 0 0 0 0 0 0 0 0 0 0 0 1 1 0 0 0 0 0 0 0 0 0 0 0 0 0 0 0 0 0 0 0 1 0 0 0 0 0 0 0 0 0 0 0 0 0 0 0 0 0 0 0 
0 0 0 0 0 0 0 0 0 0 1 0 0 0 0 0 0 0 0 0 0 0 0 0 0 1 0 0 0 0 0 0 0 0 0 0 0 0 0 0 0 0 0 0 0 0 0 0 0 0 0 0 0 0 0 0 0 0 0 0 0 0 0 0 0 0 0 0 0 0 0 0 0 0 0 0 0 0 0 0 0 0 0 0 0 0 0 0 0 1 0 0 0 0 0 0 0 0 0 0 0 1 0 0 0 0 0 0 0 0 0 0 0 0 0 0 0 0 0 0 0 0 0 0 0 0 0 0 0 0 0 0 0 0 0 0 0 0 0 0 0 0 0 0 0 0 0 0 0 0 0 0 0 0 0 0 0 0 0 0 0 0 0 0 0 0 0 0 0 0 0 0 0 0 0 0 0 0 0 0 0 0 0 0 0 0 0 0 0 0 0 0 1 1 0 
0 0 0 0 0 0 0 0 0 0 0 0 0 0 0 0 0 0 0 0 0 0 0 0 1 0 0 0 0 0 0 1 0 0 0 0 0 0 0 0 0 1 0 0 0 0 0 0 0 0 0 0 0 1 0 0 0 0 0 0 0 0 0 0 0 0 0 0 0 0 1 0 0 0 0 0 1 0 0 0 0 0 1 0 0 0 0 0 0 0 1 0 0 0 0 0 0 0 0 1 0 0 0 0 0 0 0 0 0 0 0 0 0 0 0 0 0 1 0 0 0 0 0 1 0 1 0 0 0 0 0 0 0 1 0 0 0 0 0 0 0 0 1 1 1 0 0 0 1 0 0 0 0 0 0 0 1 1 0 1 0 0 1 0 0 0 0 0 0 0 0 0 0 0 0 0 0 0 0 0 0 0 0 0 0 0 0 1 0 0 0 0 0 0 0 
0 0 1 0 0 0 0 0 0 0 0 0 0 0 0 0 0 0 0 0 0 0 0 0 0 0 0 0 0 1 0 0 0 0 0 0 0 0 0 0 0 0 0 0 0 0 0 0 0 0 0 0 0 0 0 0 0 0 0 0 0 0 0 0 0 0 0 0 0 0 0 0 0 0 0 0 0 0 0 0 0 0 0 0 0 0 0 0 0 0 0 0 0 0 0 0 0 0 0 0 0 0 0 0 0 0 0 0 0 0 0 0 0 0 0 0 0 0 0 1 0 0 0 0 0 0 0 0 0 0 0 0 0 0 0 0 0 0 0 0 0 0 0 0 0 0 0 0 0 0 0 0 0 0 0 0 0 0 0 0 0 0 0 0 0 0 0 0 0 0 0 0 0 0 1 0 0 0 0 0 0 0 0 0 0 0 0 0 0 0 1 0 0 0 0 
0 0 0 0 0 0 0 0 0 0 0 0 0 0 0 0 0 0 0 0 0 0 0 0 0 0 0 1 0 0 0 0 0 0 0 0 0 0 0 0 0 0 0 0 0 0 0 0 0 0 0 0 0 0 0 0 1 0 0 0 0 0 0 0 0 0 0 0 0 0 0 0 0 0 0 0 0 0 0 0 0 0 0 0 0 0 0 0 0 0 0 0 0 0 0 0 1 0 0 0 0 0 0 0 0 0 0 0 0 0 0 0 0 0 0 0 0 0 0 0 0 0 0 0 0 0 0 1 0 0 0 0 0 0 0 0 0 0 0 0 0 0 0 0 0 0 0 0 0 0 0 0 0 0 0 0 0 0 0 0 0 0 0 0 0 0 0 0 0 1 0 0 0 0 0 0 0 0 0 0 0 0 0 0 0 0 0 0 0 0 0 0 0 0 0 
186 93 192 136 172 62 67 17 123 106 176 90 32 3 28 
8.632400E-06 5.721020E-04 0.000000E+00 6.696907E-07 7.820127E-06 0.000000E+00 4.324186E-04 4.127695E-06 1.544634E-08 1.361471E-04 5.045673E-07 3.624194E-05 6.552449E-04 0.000000E+00 8.258218E-05 5.017900E-04 0.000000E+00 1.963727E-06 3.662530E-04 6.327344E-05 2.337866E-09 3.169143E-04 1.973175E-04 9.203512E-06 7.188908E-05 1.200581E-07 5.607444E-05 0.000000E+00 1.699216E-05 3.824604E-07 3.880355E-08 0.000000E+00 2.341254E-05 1.000948E-04 1.730453E-09 5.040961E-05 2.239076E-04 1.303038E-04 5.852164E-05 0.000000E+00 1.528410E-08 1.698801E-06 2.519520E-07 6.422629E-06 1.202325E-04 1.938416E-04 1.734222E-05 0.000000E+00 8.489347E-06 2.449421E-06 1.453730E-05 3.030504E-04 1.903252E-07 4.938928E-04 8.859127E-04 1.989528E-09 1.206608E-05 7.549091E-07 8.995456E-05 4.382797E-06 1.918593E-04 0.000000E+00 0.000000E+00 4.539231E-10 3.042000E-04 7.782313E-05 0.000000E+00 7.317832E-07 2.153763E-04 8.528842E-08 2.743549E-05 8.573834E-06 4.101919E-04 1.124179E-07 3.757492E-07 2.909902E-11 2.747813E-04 2.892292E-06 9.667442E-05 4.000844E-04 1.075154E-07 3.715789E-05 1.978617E-04 9.286111E-05 1.381239E-06 3.093876E-05 2.882730E-04 1.971452E-05 0.000000E+00 0.000000E+00 1.298002E-06 1.086693E-06 0.000000E+00 2.209823E-07 1.251741E-05 3.759498E-05 2.647071E-06 2.382519E-08 0.000000E+00 6.893179E-04 3.028918E-04 9.118793E-08 5.530109E-05 1.548911E-05 7.465584E-05 0.000000E+00 1.462345E-04 4.879200E-06 0.000000E+00 3.337761E-04 2.319368E-05 1.436295E-06 6.409652E-05 2.726981E-05 5.665181E-04 4.606421E-06 9.379416E-05 7.846328E-06 3.011232E-04 9.059660E-08 1.230302E-07 1.150509E-05 0.000000E+00 1.074167E-05 9.999782E-04 9.483466E-06 1.562603E-08 1.204712E-06 3.949344E-05 2.465567E-04 1.274274E-06 7.081080E-04 3.252139E-04 1.773510E-06 8.618109E-05 0.000000E+00 6.256078E-04 4.153948E-06 2.280647E-05 5.433122E-08 1.164393E-06 1.469126E-08 2.352843E-07 5.302667E-05 4.685072E-06 2.326447E-06 1.072679E-06 6.811579E-05 9.342416E-06 1.735721E-05 1.421710E-05 1.237821E-05 2.617093E-06 1.358867E-06 5.921092E-09 4.134322E-08 1.438069E-04 1.879815E-05 7.456263E-07 1.996133E-04 2.675834E-04 4.705634E-05 4.178268E-05 8.971583E-06 6.802575E-05 3.926584E-04 6.733351E-06 5.130769E-06 8.188704E-06 3.479197E-07 4.601304E-05 0.000000E+00 7.102544E-05 0.000000E+00 3.172180E-08 0.000000E+00 2.579662E-04 5.397222E-07 1.245695E-06 1.709824E-04 1.554323E-06 1.418717E-07 1.982206E-05 5.819445E-04 5.793012E-05 0.000000E+00 3.575079E-04 3.911727E-06 1.666340E-04 4.206180E-04 9.747630E-08 0.000000E+00 1.955818E-08 2.106710E-08 1.122644E-04 
186 
127 93 64 53 112 75 108 
113 95 49 58 56 192 85 9 185 189 39 
136 74 92 116 141 159 153 139 162 66 86 181 20 4 183 103 182 140 146 
78 94 172 1 168 44 121 61 115 46 169 65 38 132 73 10 60 68 111 
107 166 173 36 114 167 138 62 24 15 171 117 45 43 190 
119 148 122 29 23 165 33 12 7 187 151 98 184 51 177 31 67 154 164 79 104 125 2 13 22 152 
17 35 76 21 41 
123 147 50 179 131 150 195 178 135 59 133 130 180 19 34 87 69 52 16 137 110 
37 27 84 47 72 8 96 129 105 18 88 70 106 82 5 101 80 55 161 
176 155 156 142 81 
90 193 194 102 26 11 
124 188 134 143 32 118 42 91 144 71 157 25 160 158 83 126 163 54 77 149 145 100 
175 3 191 120 30 
28 170 97 128 57 

============Find Best @ Round 7661================
==========Cluster 0, RcvInterf=1.15947e-14============
Node 185, SINR:0.00000e+00, BpsHz:-nan
---------------
==========Cluster 1, RcvInterf=1.33725e-14============
Node 126, SINR:8.60006e-02, BpsHz:1.98375e-02
Node 92, SINR:0.00000e+00, BpsHz:0.00000e+00
Node 63, SINR:8.60006e-02, BpsHz:1.98375e-02
Node 52, SINR:8.60006e-02, BpsHz:1.98375e-02
Node 111, SINR:8.60006e-02, BpsHz:1.98375e-02
Node 74, SINR:8.60006e-02, BpsHz:1.98375e-02
Node 107, SINR:8.60006e-02, BpsHz:1.98375e-02
---------------
==========Cluster 2, RcvInterf=3.04579e-14============
Node 112, SINR:1.47405e-01, BpsHz:1.98375e-02
Node 94, SINR:1.47405e-01, BpsHz:1.98375e-02
Node 48, SINR:1.47405e-01, BpsHz:1.98375e-02
Node 57, SINR:1.47405e-01, BpsHz:1.98375e-02
Node 55, SINR:1.47405e-01, BpsHz:1.98375e-02
Node 191, SINR:0.00000e+00, BpsHz:0.00000e+00
Node 84, SINR:1.47405e-01, BpsHz:1.98375e-02
Node 8, SINR:1.47405e-01, BpsHz:1.98375e-02
Node 184, SINR:1.47405e-01, BpsHz:1.98375e-02
Node 188, SINR:1.47405e-01, BpsHz:1.98375e-02
Node 38, SINR:1.47405e-01, BpsHz:1.98375e-02
---------------
==========Cluster 3, RcvInterf=1.45165e-14============
Node 135, SINR:0.00000e+00, BpsHz:0.00000e+00
Node 73, SINR:2.80826e-01, BpsHz:1.98375e-02
Node 91, SINR:2.80826e-01, BpsHz:1.98375e-02
Node 115, SINR:2.80826e-01, BpsHz:1.98375e-02
Node 140, SINR:2.80826e-01, BpsHz:1.98375e-02
Node 158, SINR:2.80826e-01, BpsHz:1.98375e-02
Node 152, SINR:2.80826e-01, BpsHz:1.98375e-02
Node 138, SINR:2.80826e-01, BpsHz:1.98375e-02
Node 161, SINR:2.80826e-01, BpsHz:1.98375e-02
Node 65, SINR:2.80826e-01, BpsHz:1.98375e-02
Node 85, SINR:2.80826e-01, BpsHz:1.98375e-02
Node 180, SINR:2.80826e-01, BpsHz:1.98375e-02
Node 19, SINR:2.80826e-01, BpsHz:1.98375e-02
Node 3, SINR:2.80826e-01, BpsHz:1.98375e-02
Node 182, SINR:2.80826e-01, BpsHz:1.98375e-02
Node 102, SINR:2.80826e-01, BpsHz:1.98375e-02
Node 181, SINR:2.80826e-01, BpsHz:1.98375e-02
Node 139, SINR:2.80826e-01, BpsHz:1.98375e-02
Node 145, SINR:2.80826e-01, BpsHz:1.98375e-02
---------------
==========Cluster 4, RcvInterf=1.71931e-14============
Node 77, SINR:2.80826e-01, BpsHz:1.98375e-02
Node 93, SINR:2.80826e-01, BpsHz:1.98375e-02
Node 171, SINR:0.00000e+00, BpsHz:0.00000e+00
Node 0, SINR:2.80826e-01, BpsHz:1.98375e-02
Node 167, SINR:2.80826e-01, BpsHz:1.98375e-02
Node 43, SINR:2.80826e-01, BpsHz:1.98375e-02
Node 120, SINR:2.80826e-01, BpsHz:1.98375e-02
Node 60, SINR:2.80826e-01, BpsHz:1.98375e-02
Node 114, SINR:2.80826e-01, BpsHz:1.98375e-02
Node 45, SINR:2.80826e-01, BpsHz:1.98375e-02
Node 168, SINR:2.80826e-01, BpsHz:1.98375e-02
Node 64, SINR:2.80826e-01, BpsHz:1.98375e-02
Node 37, SINR:2.80826e-01, BpsHz:1.98375e-02
Node 131, SINR:2.80826e-01, BpsHz:1.98375e-02
Node 72, SINR:2.80826e-01, BpsHz:1.98375e-02
Node 9, SINR:2.80826e-01, BpsHz:1.98375e-02
Node 59, SINR:2.80826e-01, BpsHz:1.98375e-02
Node 67, SINR:2.80826e-01, BpsHz:1.98375e-02
Node 110, SINR:2.80826e-01, BpsHz:1.98375e-02
---------------
==========Cluster 5, RcvInterf=9.53416e-15============
Node 106, SINR:2.12281e-01, BpsHz:1.98375e-02
Node 165, SINR:2.12281e-01, BpsHz:1.98375e-02
Node 172, SINR:2.12281e-01, BpsHz:1.98375e-02
Node 35, SINR:2.12281e-01, BpsHz:1.98375e-02
Node 113, SINR:2.12281e-01, BpsHz:1.98375e-02
Node 166, SINR:2.12281e-01, BpsHz:1.98375e-02
Node 137, SINR:2.12281e-01, BpsHz:1.98375e-02
Node 61, SINR:0.00000e+00, BpsHz:0.00000e+00
Node 23, SINR:2.12281e-01, BpsHz:1.98375e-02
Node 14, SINR:2.12281e-01, BpsHz:1.98375e-02
Node 170, SINR:2.12281e-01, BpsHz:1.98375e-02
Node 116, SINR:2.12281e-01, BpsHz:1.98375e-02
Node 44, SINR:2.12281e-01, BpsHz:1.98375e-02
Node 42, SINR:2.12281e-01, BpsHz:1.98375e-02
Node 189, SINR:2.12281e-01, BpsHz:1.98375e-02
---------------
==========Cluster 6, RcvInterf=2.19686e-14============
Node 118, SINR:4.10236e-01, BpsHz:1.98375e-02
Node 147, SINR:4.10236e-01, BpsHz:1.98375e-02
Node 121, SINR:4.10236e-01, BpsHz:1.98375e-02
Node 28, SINR:4.10236e-01, BpsHz:1.98375e-02
Node 22, SINR:4.10236e-01, BpsHz:1.98375e-02
Node 164, SINR:4.10236e-01, BpsHz:1.98375e-02
Node 32, SINR:4.10236e-01, BpsHz:1.98375e-02
Node 11, SINR:4.10236e-01, BpsHz:1.98375e-02
Node 6, SINR:4.10236e-01, BpsHz:1.98375e-02
Node 186, SINR:4.10236e-01, BpsHz:1.98375e-02
Node 150, SINR:4.10236e-01, BpsHz:1.98375e-02
Node 97, SINR:4.10236e-01, BpsHz:1.98375e-02
Node 183, SINR:4.10236e-01, BpsHz:1.98375e-02
Node 50, SINR:4.10236e-01, BpsHz:1.98375e-02
Node 176, SINR:4.10236e-01, BpsHz:1.98375e-02
Node 30, SINR:4.10236e-01, BpsHz:1.98375e-02
Node 66, SINR:0.00000e+00, BpsHz:0.00000e+00
Node 153, SINR:4.10236e-01, BpsHz:1.98375e-02
Node 163, SINR:4.10236e-01, BpsHz:1.98375e-02
Node 78, SINR:4.10236e-01, BpsHz:1.98375e-02
Node 103, SINR:4.10236e-01, BpsHz:1.98375e-02
Node 124, SINR:4.10236e-01, BpsHz:1.98375e-02
Node 1, SINR:4.10236e-01, BpsHz:1.98375e-02
Node 12, SINR:4.10236e-01, BpsHz:1.98375e-02
Node 21, SINR:4.10236e-01, BpsHz:1.98375e-02
Node 151, SINR:4.10236e-01, BpsHz:1.98375e-02
---------------
==========Cluster 7, RcvInterf=3.03580e-14============
Node 16, SINR:0.00000e+00, BpsHz:0.00000e+00
Node 34, SINR:5.65418e-02, BpsHz:1.98375e-02
Node 75, SINR:5.65418e-02, BpsHz:1.98375e-02
Node 20, SINR:5.65418e-02, BpsHz:1.98375e-02
Node 40, SINR:5.65418e-02, BpsHz:1.98375e-02
---------------
==========Cluster 8, RcvInterf=2.89114e-14============
Node 122, SINR:0.00000e+00, BpsHz:0.00000e+00
Node 146, SINR:3.16538e-01, BpsHz:1.98375e-02
Node 49, SINR:3.16538e-01, BpsHz:1.98375e-02
Node 178, SINR:3.16538e-01, BpsHz:1.98375e-02
Node 130, SINR:3.16538e-01, BpsHz:1.98375e-02
Node 149, SINR:3.16538e-01, BpsHz:1.98375e-02
Node 194, SINR:3.16538e-01, BpsHz:1.98375e-02
Node 177, SINR:3.16538e-01, BpsHz:1.98375e-02
Node 134, SINR:3.16538e-01, BpsHz:1.98375e-02
Node 58, SINR:3.16538e-01, BpsHz:1.98375e-02
Node 132, SINR:3.16538e-01, BpsHz:1.98375e-02
Node 129, SINR:3.16538e-01, BpsHz:1.98375e-02
Node 179, SINR:3.16538e-01, BpsHz:1.98375e-02
Node 18, SINR:3.16538e-01, BpsHz:1.98375e-02
Node 33, SINR:3.16538e-01, BpsHz:1.98375e-02
Node 86, SINR:3.16538e-01, BpsHz:1.98375e-02
Node 68, SINR:3.16538e-01, BpsHz:1.98375e-02
Node 51, SINR:3.16538e-01, BpsHz:1.98375e-02
Node 15, SINR:3.16538e-01, BpsHz:1.98375e-02
Node 136, SINR:3.16538e-01, BpsHz:1.98375e-02
Node 109, SINR:3.16538e-01, BpsHz:1.98375e-02
---------------
==========Cluster 9, RcvInterf=2.20134e-14============
Node 36, SINR:2.80826e-01, BpsHz:1.98375e-02
Node 26, SINR:2.80826e-01, BpsHz:1.98375e-02
Node 83, SINR:2.80826e-01, BpsHz:1.98375e-02
Node 46, SINR:2.80826e-01, BpsHz:1.98375e-02
Node 71, SINR:2.80826e-01, BpsHz:1.98375e-02
Node 7, SINR:2.80826e-01, BpsHz:1.98375e-02
Node 95, SINR:2.80826e-01, BpsHz:1.98375e-02
Node 128, SINR:2.80826e-01, BpsHz:1.98375e-02
Node 104, SINR:2.80826e-01, BpsHz:1.98375e-02
Node 17, SINR:2.80826e-01, BpsHz:1.98375e-02
Node 87, SINR:2.80826e-01, BpsHz:1.98375e-02
Node 69, SINR:2.80826e-01, BpsHz:1.98375e-02
Node 105, SINR:0.00000e+00, BpsHz:0.00000e+00
Node 81, SINR:2.80826e-01, BpsHz:1.98375e-02
Node 4, SINR:2.80826e-01, BpsHz:1.98375e-02
Node 100, SINR:2.80826e-01, BpsHz:1.98375e-02
Node 79, SINR:2.80826e-01, BpsHz:1.98375e-02
Node 54, SINR:2.80826e-01, BpsHz:1.98375e-02
Node 160, SINR:2.80826e-01, BpsHz:1.98375e-02
---------------
==========Cluster 10, RcvInterf=1.17209e-14============
Node 175, SINR:0.00000e+00, BpsHz:0.00000e+00
Node 154, SINR:5.65418e-02, BpsHz:1.98375e-02
Node 155, SINR:5.65418e-02, BpsHz:1.98375e-02
Node 141, SINR:5.65418e-02, BpsHz:1.98375e-02
Node 80, SINR:5.65418e-02, BpsHz:1.98375e-02
---------------
==========Cluster 11, RcvInterf=3.68654e-14============
Node 89, SINR:0.00000e+00, BpsHz:0.00000e+00
Node 192, SINR:7.11699e-02, BpsHz:1.98375e-02
Node 193, SINR:7.11699e-02, BpsHz:1.98375e-02
Node 101, SINR:7.11699e-02, BpsHz:1.98375e-02
Node 25, SINR:7.11699e-02, BpsHz:1.98375e-02
Node 10, SINR:7.11699e-02, BpsHz:1.98375e-02
---------------
==========Cluster 12, RcvInterf=2.37876e-14============
Node 123, SINR:3.34766e-01, BpsHz:1.98375e-02
Node 187, SINR:3.34766e-01, BpsHz:1.98375e-02
Node 133, SINR:3.34766e-01, BpsHz:1.98375e-02
Node 142, SINR:3.34766e-01, BpsHz:1.98375e-02
Node 31, SINR:0.00000e+00, BpsHz:0.00000e+00
Node 117, SINR:3.34766e-01, BpsHz:1.98375e-02
Node 41, SINR:3.34766e-01, BpsHz:1.98375e-02
Node 90, SINR:3.34766e-01, BpsHz:1.98375e-02
Node 143, SINR:3.34766e-01, BpsHz:1.98375e-02
Node 70, SINR:3.34766e-01, BpsHz:1.98375e-02
Node 156, SINR:3.34766e-01, BpsHz:1.98375e-02
Node 24, SINR:3.34766e-01, BpsHz:1.98375e-02
Node 159, SINR:3.34766e-01, BpsHz:1.98375e-02
Node 157, SINR:3.34766e-01, BpsHz:1.98375e-02
Node 82, SINR:3.34766e-01, BpsHz:1.98375e-02
Node 125, SINR:3.34766e-01, BpsHz:1.98375e-02
Node 162, SINR:3.34766e-01, BpsHz:1.98375e-02
Node 53, SINR:3.34766e-01, BpsHz:1.98375e-02
Node 76, SINR:3.34766e-01, BpsHz:1.98375e-02
Node 148, SINR:3.34766e-01, BpsHz:1.98375e-02
Node 144, SINR:3.34766e-01, BpsHz:1.98375e-02
Node 99, SINR:3.34766e-01, BpsHz:1.98375e-02
---------------
==========Cluster 13, RcvInterf=1.41475e-14============
Node 174, SINR:5.65418e-02, BpsHz:1.98375e-02
Node 2, SINR:0.00000e+00, BpsHz:0.00000e+00
Node 190, SINR:5.65418e-02, BpsHz:1.98375e-02
Node 119, SINR:5.65418e-02, BpsHz:1.98375e-02
Node 29, SINR:5.65418e-02, BpsHz:1.98375e-02
---------------
==========Cluster 14, RcvInterf=3.11500e-14============
Node 27, SINR:0.00000e+00, BpsHz:0.00000e+00
Node 169, SINR:5.65418e-02, BpsHz:1.98375e-02
Node 96, SINR:5.65418e-02, BpsHz:1.98375e-02
Node 127, SINR:5.65418e-02, BpsHz:1.98375e-02
Node 56, SINR:5.65418e-02, BpsHz:1.98375e-02
---------------
