195
15
1.000000e-03
2.525175e-312
171
8000
5.354341e+00
0.000000e+00
5.354341e-06
 -nan
0 0 0 0 0 0 0 0 0 0 0 0 0 0 0 0 0 0 0 0 0 0 0 0 0 0 0 0 0 0 0 0 0 0 0 0 0 0 0 0 0 0 0 1 0 0 0 0 0 0 0 0 0 1 0 0 0 0 0 1 0 0 0 0 0 0 0 0 0 0 0 0 0 0 0 0 0 0 0 0 0 0 0 0 0 0 0 0 0 1 1 0 0 0 0 0 0 0 0 1 0 1 0 0 0 0 0 0 0 0 1 0 0 0 0 0 0 0 0 0 0 0 0 0 0 1 0 0 0 0 0 0 0 0 0 0 0 0 0 0 0 0 0 0 1 0 0 0 1 0 0 0 0 0 0 0 0 0 0 0 0 0 1 0 0 0 0 1 0 0 0 0 0 0 0 0 0 0 0 0 0 0 0 0 0 0 0 0 0 0 0 0 1 0 0 
0 0 0 0 0 0 0 0 1 0 0 0 0 0 0 0 0 0 0 0 0 0 0 0 0 0 0 0 0 0 0 0 0 0 0 0 0 0 0 0 0 0 0 0 0 0 0 0 1 0 0 0 0 0 0 0 0 1 0 0 0 0 0 0 0 0 0 0 0 0 0 0 0 0 0 0 0 0 0 0 0 0 0 0 0 0 0 0 0 0 0 0 0 0 1 0 0 0 0 0 0 0 0 0 0 0 0 0 0 0 0 0 0 0 0 0 0 0 0 0 0 0 0 0 0 0 0 0 0 0 0 0 0 0 0 0 0 0 0 0 0 0 0 0 0 0 0 0 0 0 0 0 0 0 0 0 0 0 0 0 0 0 0 0 0 0 0 0 0 0 0 0 0 0 0 0 0 0 0 0 0 0 0 0 1 0 0 0 0 0 0 1 0 0 0 
0 0 0 0 0 0 0 0 0 0 1 0 0 0 0 0 0 0 0 0 0 0 0 0 0 0 0 0 0 0 0 0 0 0 0 0 0 0 0 0 0 0 0 0 0 0 0 0 0 0 0 0 0 0 0 0 0 0 0 0 0 0 0 1 0 0 0 0 0 0 0 0 0 0 0 0 0 0 0 0 0 0 0 0 0 0 0 0 0 0 0 0 1 0 0 0 0 0 0 0 0 0 0 0 0 0 0 0 0 0 0 0 0 0 0 0 0 0 0 0 0 0 0 0 0 0 1 0 0 0 0 0 0 0 0 0 0 0 0 0 0 0 0 0 0 0 0 0 0 0 0 0 0 0 0 0 0 0 0 0 0 0 0 0 0 0 0 0 0 0 0 0 0 0 0 0 0 0 0 0 0 0 0 0 0 0 0 0 0 0 0 0 0 0 0 
0 0 0 0 0 0 0 0 0 0 0 0 0 0 0 0 0 0 0 0 0 0 0 0 0 0 0 0 0 0 0 0 0 0 0 0 0 0 0 0 0 0 0 0 0 0 0 0 0 0 0 0 1 0 0 0 0 0 0 0 0 0 0 0 0 0 0 0 0 0 0 0 0 0 0 0 0 0 0 0 0 0 0 0 0 0 0 0 0 0 0 0 0 0 0 0 0 0 0 0 0 0 0 0 0 0 0 1 0 0 0 1 0 0 0 0 0 0 0 0 0 0 0 0 0 0 0 0 0 0 0 0 0 0 0 0 0 0 0 0 0 0 0 0 0 0 0 0 0 0 0 0 0 0 0 0 0 0 0 0 0 0 0 0 0 0 0 0 0 0 0 0 0 0 0 0 0 0 0 0 0 0 0 0 0 0 0 0 0 0 0 0 0 0 0 
0 0 1 1 0 0 0 0 0 0 0 0 0 0 0 0 0 0 0 0 0 0 0 0 0 0 0 0 0 1 0 0 0 0 0 0 0 0 0 0 0 0 0 0 0 0 0 0 0 0 0 0 0 0 0 0 1 0 0 0 0 0 1 0 0 0 0 0 0 0 0 0 0 1 0 0 0 0 0 0 0 0 0 0 0 0 0 0 0 0 0 1 0 0 0 0 1 0 0 0 0 0 0 0 0 0 0 0 0 0 0 0 0 0 0 1 0 0 0 1 0 0 0 0 0 0 0 0 0 0 0 0 0 0 0 1 0 0 1 1 0 0 0 0 0 1 0 0 0 0 0 0 1 0 0 0 0 0 0 0 0 0 0 0 0 0 0 0 0 0 0 0 0 0 1 0 0 0 0 0 1 1 0 0 0 0 0 0 0 0 0 0 0 0 0 
0 0 0 0 0 0 0 0 0 0 0 0 0 0 0 0 0 0 0 0 0 0 0 0 0 0 0 0 0 0 0 0 0 0 0 0 0 0 0 0 0 0 0 0 0 0 0 1 0 0 0 0 0 0 0 0 0 0 0 0 0 0 0 0 0 0 0 1 0 0 0 0 0 0 0 0 0 0 0 0 0 0 0 0 0 0 0 0 0 0 0 0 0 0 0 0 0 0 0 0 0 0 0 0 0 0 0 0 0 0 0 0 0 0 0 0 0 0 0 0 1 0 0 0 0 0 0 0 0 0 0 0 0 0 0 0 0 0 0 0 0 1 0 0 0 0 0 0 0 0 0 0 0 0 1 1 0 0 0 0 0 0 0 0 0 0 0 0 0 0 0 1 0 0 0 1 0 0 0 0 0 0 0 0 0 0 0 0 0 0 0 0 0 0 0 
0 1 0 0 0 0 1 0 0 0 0 1 1 0 0 0 0 0 0 0 0 1 1 0 0 1 0 0 1 0 1 0 1 0 0 0 0 0 0 0 0 0 0 0 0 0 0 0 0 0 1 0 0 0 0 0 0 0 0 0 0 0 0 0 0 0 1 0 0 0 0 0 0 0 0 0 0 0 1 0 0 0 0 0 0 0 0 0 0 0 0 0 0 0 0 0 0 1 0 0 0 0 0 1 0 0 0 0 0 0 0 0 0 0 0 0 0 0 1 0 0 1 0 0 1 0 0 0 0 0 0 0 0 0 0 0 0 0 0 0 0 0 0 0 0 0 0 1 0 0 1 1 0 1 0 0 0 0 0 0 0 0 0 1 1 0 0 0 0 0 0 0 0 0 0 0 1 0 0 0 0 0 0 1 0 0 1 0 0 0 0 0 0 1 0 
0 0 0 0 0 0 0 0 0 0 0 0 0 0 0 0 0 0 0 0 0 0 0 0 0 0 0 0 0 0 0 0 0 0 0 0 0 0 0 0 0 0 0 0 0 0 0 0 0 0 0 0 0 0 0 0 0 0 0 0 0 0 0 0 0 0 0 0 0 0 0 0 0 0 0 0 0 0 0 0 0 0 0 0 0 0 0 0 0 0 0 0 0 0 0 0 0 0 0 0 0 0 0 0 0 0 0 0 0 0 0 0 0 0 0 0 0 0 0 0 0 0 0 0 0 0 0 0 0 0 0 0 0 0 1 0 0 0 0 0 0 0 0 0 0 0 0 0 0 0 0 0 0 0 0 0 0 0 0 0 0 0 0 0 0 0 0 0 0 0 0 0 0 0 0 0 0 0 0 0 0 0 0 0 0 0 0 0 0 0 0 0 0 0 0 
0 0 0 0 0 0 0 0 0 0 0 0 0 0 0 1 0 0 1 0 0 0 0 0 0 0 0 0 0 0 0 0 0 1 0 1 0 0 1 1 0 0 0 0 0 0 0 0 0 1 0 1 0 0 0 0 0 0 1 0 0 0 0 0 0 0 0 0 1 0 0 0 0 0 0 0 0 0 0 0 0 0 0 0 0 0 1 0 0 0 0 0 0 0 0 0 0 0 0 0 0 0 0 0 0 0 1 0 0 1 0 0 0 0 0 0 0 0 0 0 0 0 1 0 0 0 0 0 0 1 1 0 1 0 0 0 1 0 0 0 0 0 0 0 0 0 1 0 0 1 0 0 0 0 0 0 0 0 0 0 0 0 0 0 0 1 0 0 0 0 0 0 0 0 0 0 0 1 1 1 0 0 0 0 0 0 0 0 0 1 0 0 0 0 1 
0 0 0 0 1 0 0 1 0 1 0 0 0 0 0 0 1 1 0 0 1 0 0 0 0 0 1 0 0 0 0 0 0 0 1 0 0 1 0 0 0 0 0 0 0 1 1 0 0 0 0 0 0 0 0 0 0 0 0 0 1 0 0 0 1 0 0 0 0 1 0 1 1 0 0 1 0 1 0 0 0 0 0 0 0 0 0 0 0 0 0 0 0 1 0 0 0 0 0 0 0 0 0 0 0 1 0 0 0 0 0 0 0 0 1 0 0 0 0 0 0 0 0 0 0 0 0 0 0 0 0 1 0 0 0 0 0 0 0 0 0 0 0 0 0 0 0 0 0 0 0 0 0 0 0 0 0 0 0 0 0 0 0 0 0 0 0 0 1 0 0 0 0 0 0 0 0 0 0 0 0 0 0 0 0 0 0 0 0 0 0 0 0 0 0 
0 0 0 0 0 1 0 0 0 0 0 0 0 1 0 0 0 0 0 1 0 0 0 0 0 0 0 0 0 0 0 0 0 0 0 0 1 0 0 0 1 0 0 0 0 0 0 0 0 0 0 0 0 0 1 0 0 0 0 0 0 0 0 0 0 1 0 0 0 0 0 0 0 0 0 0 0 0 0 1 0 1 0 1 0 1 0 1 1 0 0 0 0 0 0 1 0 0 0 0 1 0 1 0 1 0 0 0 1 0 0 0 0 0 0 0 0 0 0 0 0 0 0 0 0 0 0 0 1 0 0 0 0 0 0 0 0 0 0 0 1 0 0 0 0 0 0 0 0 0 0 0 0 0 0 0 0 0 1 0 1 1 0 0 0 0 0 0 0 0 0 0 0 0 0 0 0 0 0 0 0 0 1 0 0 0 0 0 0 0 0 0 0 0 0 
0 0 0 0 0 0 0 0 0 0 0 0 0 0 0 0 0 0 0 0 0 0 0 0 1 0 0 0 0 0 0 1 0 0 0 0 0 0 0 0 0 0 0 0 0 0 0 0 0 0 0 0 0 0 0 0 0 0 0 0 0 0 0 0 0 0 0 0 0 0 1 0 0 0 0 0 1 0 0 0 0 0 1 0 0 0 0 0 0 0 0 0 0 0 0 0 0 0 0 0 0 0 0 0 0 0 0 0 0 0 0 0 0 0 0 0 0 1 0 0 0 0 0 1 0 0 0 0 0 0 0 0 0 1 0 0 0 0 0 0 0 0 1 1 0 0 0 0 0 0 0 0 0 0 0 0 1 1 0 1 0 0 0 0 0 0 0 0 0 0 0 0 0 0 0 0 0 0 0 0 0 0 0 0 0 0 0 1 0 0 0 0 0 0 0 
0 0 0 0 0 0 0 0 0 0 0 0 0 0 0 0 0 0 0 0 0 0 0 0 0 0 0 0 0 0 0 0 0 0 0 0 0 0 0 0 0 0 0 0 0 0 0 0 0 0 0 0 0 0 0 0 0 0 0 0 0 0 0 0 0 0 0 0 0 0 0 0 0 0 0 0 0 0 0 0 0 0 0 0 0 0 0 0 0 0 0 0 0 0 0 0 0 0 1 0 0 0 0 0 0 0 0 0 0 0 0 0 0 0 0 0 0 0 0 0 0 0 0 0 0 0 0 0 0 0 0 0 0 0 0 0 0 0 0 0 0 0 0 0 0 0 0 0 0 0 0 0 0 0 0 0 0 0 0 0 0 0 0 0 0 0 0 0 0 0 0 0 0 0 0 0 0 0 0 0 0 0 0 0 0 1 0 0 0 0 0 0 0 0 0 
0 0 0 0 0 0 0 0 0 0 0 0 0 0 0 0 0 0 0 0 0 0 0 0 0 0 0 0 0 0 0 0 0 0 0 0 0 0 0 0 0 0 0 0 0 0 0 0 0 0 0 0 0 0 0 0 0 0 0 0 0 0 0 0 0 0 0 0 0 0 0 0 0 0 0 0 0 0 0 0 0 0 0 0 0 0 0 0 0 0 0 0 0 0 0 0 0 0 0 0 0 0 0 0 0 0 0 0 0 0 0 0 0 0 0 0 0 0 0 0 0 0 0 0 0 0 0 0 0 0 0 0 0 0 0 0 0 0 0 0 0 0 0 0 0 0 0 0 0 0 0 0 0 0 0 0 0 0 0 0 0 0 0 0 0 0 0 0 0 0 0 0 0 0 0 0 0 0 0 0 0 0 0 0 0 0 0 0 0 0 0 0 0 0 0 
0 0 0 0 0 0 0 0 0 0 0 0 0 0 1 0 0 0 0 0 0 0 0 1 0 0 0 1 0 0 0 0 0 0 0 0 0 0 0 0 0 0 1 0 1 0 0 0 0 0 0 0 0 0 0 0 0 0 0 0 0 1 0 0 0 0 0 0 0 0 0 0 0 0 0 0 0 0 0 0 0 0 0 0 0 0 0 0 0 0 0 0 0 0 0 0 0 0 0 0 0 0 0 0 0 0 0 0 0 0 0 0 0 1 0 0 1 0 0 0 0 0 0 0 0 0 0 1 0 0 0 0 0 0 0 0 0 1 0 0 0 0 0 0 0 0 0 0 0 0 0 0 0 0 0 0 0 0 0 0 0 0 0 0 0 0 1 0 0 1 1 0 0 1 0 0 0 0 0 0 0 0 0 0 0 0 0 0 0 0 1 0 0 0 0 
193 9 93 112 175 176 26 135 147 27 41 134 186 0 191 
0.000000E+00 0.000000E+00 0.000000E+00 0.000000E+00 0.000000E+00 0.000000E+00 0.000000E+00 0.000000E+00 0.000000E+00 0.000000E+00 0.000000E+00 0.000000E+00 0.000000E+00 0.000000E+00 0.000000E+00 0.000000E+00 0.000000E+00 0.000000E+00 0.000000E+00 0.000000E+00 0.000000E+00 0.000000E+00 0.000000E+00 0.000000E+00 0.000000E+00 0.000000E+00 0.000000E+00 0.000000E+00 0.000000E+00 0.000000E+00 0.000000E+00 0.000000E+00 0.000000E+00 0.000000E+00 0.000000E+00 0.000000E+00 0.000000E+00 0.000000E+00 0.000000E+00 0.000000E+00 0.000000E+00 0.000000E+00 0.000000E+00 0.000000E+00 0.000000E+00 0.000000E+00 0.000000E+00 0.000000E+00 0.000000E+00 0.000000E+00 0.000000E+00 0.000000E+00 0.000000E+00 0.000000E+00 0.000000E+00 0.000000E+00 0.000000E+00 0.000000E+00 0.000000E+00 0.000000E+00 0.000000E+00 0.000000E+00 0.000000E+00 0.000000E+00 0.000000E+00 0.000000E+00 0.000000E+00 0.000000E+00 0.000000E+00 0.000000E+00 0.000000E+00 0.000000E+00 0.000000E+00 0.000000E+00 0.000000E+00 0.000000E+00 0.000000E+00 0.000000E+00 0.000000E+00 0.000000E+00 0.000000E+00 0.000000E+00 0.000000E+00 0.000000E+00 0.000000E+00 0.000000E+00 0.000000E+00 0.000000E+00 0.000000E+00 0.000000E+00 0.000000E+00 0.000000E+00 0.000000E+00 0.000000E+00 0.000000E+00 0.000000E+00 0.000000E+00 0.000000E+00 0.000000E+00 0.000000E+00 0.000000E+00 0.000000E+00 0.000000E+00 0.000000E+00 0.000000E+00 0.000000E+00 0.000000E+00 0.000000E+00 0.000000E+00 0.000000E+00 0.000000E+00 0.000000E+00 0.000000E+00 0.000000E+00 0.000000E+00 0.000000E+00 0.000000E+00 0.000000E+00 0.000000E+00 0.000000E+00 0.000000E+00 0.000000E+00 0.000000E+00 0.000000E+00 0.000000E+00 0.000000E+00 0.000000E+00 0.000000E+00 0.000000E+00 0.000000E+00 0.000000E+00 0.000000E+00 0.000000E+00 0.000000E+00 0.000000E+00 0.000000E+00 0.000000E+00 0.000000E+00 0.000000E+00 0.000000E+00 0.000000E+00 0.000000E+00 0.000000E+00 0.000000E+00 0.000000E+00 0.000000E+00 0.000000E+00 0.000000E+00 0.000000E+00 0.000000E+00 0.000000E+00 0.000000E+00 0.000000E+00 0.000000E+00 0.000000E+00 0.000000E+00 0.000000E+00 0.000000E+00 0.000000E+00 0.000000E+00 0.000000E+00 0.000000E+00 0.000000E+00 0.000000E+00 0.000000E+00 0.000000E+00 0.000000E+00 0.000000E+00 0.000000E+00 0.000000E+00 0.000000E+00 0.000000E+00 0.000000E+00 0.000000E+00 0.000000E+00 0.000000E+00 0.000000E+00 0.000000E+00 0.000000E+00 0.000000E+00 0.000000E+00 0.000000E+00 0.000000E+00 0.000000E+00 0.000000E+00 0.000000E+00 0.000000E+00 0.000000E+00 0.000000E+00 0.000000E+00 0.000000E+00 0.000000E+00 0.000000E+00 0.000000E+00 0.000000E+00 
126 44 168 60 149 145 90 193 100 91 54 163 111 102 
9 95 49 185 58 192 
93 64 127 11 
112 108 53 
74 182 92 153 181 4 120 175 30 116 139 3 146 97 63 140 57 136 
176 68 121 172 48 142 156 155 
12 51 151 122 119 164 98 67 31 29 33 23 7 154 104 184 152 13 125 79 2 26 194 165 22 177 187 148 
135 
123 147 179 195 150 131 178 130 180 133 34 19 137 87 16 59 69 190 110 52 166 107 39 40 36 50 
72 8 18 70 27 106 47 5 21 10 169 78 76 38 17 94 35 73 65 46 132 115 61 
20 14 161 55 89 82 101 105 80 88 103 86 129 66 183 96 84 37 6 162 41 141 109 159 
134 32 124 188 144 71 25 157 160 118 77 158 143 83 
186 99 
0 
24 114 138 167 171 128 117 170 62 174 28 43 191 45 15 

============Find Best @ Round 6231================
==========Cluster 0, RcvInterf=0.00000e+00============
Node 125, SINR:0.00000e+00, BpsHz:0.00000e+00
Node 43, SINR:0.00000e+00, BpsHz:0.00000e+00
Node 167, SINR:0.00000e+00, BpsHz:0.00000e+00
Node 59, SINR:0.00000e+00, BpsHz:0.00000e+00
Node 148, SINR:0.00000e+00, BpsHz:0.00000e+00
Node 144, SINR:0.00000e+00, BpsHz:0.00000e+00
Node 89, SINR:0.00000e+00, BpsHz:0.00000e+00
Node 192, SINR:0.00000e+00, BpsHz:0.00000e+00
Node 99, SINR:0.00000e+00, BpsHz:0.00000e+00
Node 90, SINR:0.00000e+00, BpsHz:0.00000e+00
Node 53, SINR:0.00000e+00, BpsHz:0.00000e+00
Node 162, SINR:0.00000e+00, BpsHz:0.00000e+00
Node 110, SINR:0.00000e+00, BpsHz:0.00000e+00
Node 101, SINR:0.00000e+00, BpsHz:0.00000e+00
---------------
==========Cluster 1, RcvInterf=0.00000e+00============
Node 8, SINR:0.00000e+00, BpsHz:0.00000e+00
Node 94, SINR:0.00000e+00, BpsHz:0.00000e+00
Node 48, SINR:0.00000e+00, BpsHz:0.00000e+00
Node 184, SINR:0.00000e+00, BpsHz:0.00000e+00
Node 57, SINR:0.00000e+00, BpsHz:0.00000e+00
Node 191, SINR:0.00000e+00, BpsHz:0.00000e+00
---------------
==========Cluster 2, RcvInterf=0.00000e+00============
Node 92, SINR:0.00000e+00, BpsHz:0.00000e+00
Node 63, SINR:0.00000e+00, BpsHz:0.00000e+00
Node 126, SINR:0.00000e+00, BpsHz:0.00000e+00
Node 10, SINR:0.00000e+00, BpsHz:0.00000e+00
---------------
==========Cluster 3, RcvInterf=0.00000e+00============
Node 111, SINR:0.00000e+00, BpsHz:0.00000e+00
Node 107, SINR:0.00000e+00, BpsHz:0.00000e+00
Node 52, SINR:0.00000e+00, BpsHz:0.00000e+00
---------------
==========Cluster 4, RcvInterf=0.00000e+00============
Node 73, SINR:0.00000e+00, BpsHz:0.00000e+00
Node 181, SINR:0.00000e+00, BpsHz:0.00000e+00
Node 91, SINR:0.00000e+00, BpsHz:0.00000e+00
Node 152, SINR:0.00000e+00, BpsHz:0.00000e+00
Node 180, SINR:0.00000e+00, BpsHz:0.00000e+00
Node 3, SINR:0.00000e+00, BpsHz:0.00000e+00
Node 119, SINR:0.00000e+00, BpsHz:0.00000e+00
Node 174, SINR:0.00000e+00, BpsHz:0.00000e+00
Node 29, SINR:0.00000e+00, BpsHz:0.00000e+00
Node 115, SINR:0.00000e+00, BpsHz:0.00000e+00
Node 138, SINR:0.00000e+00, BpsHz:0.00000e+00
Node 2, SINR:0.00000e+00, BpsHz:0.00000e+00
Node 145, SINR:0.00000e+00, BpsHz:0.00000e+00
Node 96, SINR:0.00000e+00, BpsHz:0.00000e+00
Node 62, SINR:0.00000e+00, BpsHz:0.00000e+00
Node 139, SINR:0.00000e+00, BpsHz:0.00000e+00
Node 56, SINR:0.00000e+00, BpsHz:0.00000e+00
Node 135, SINR:0.00000e+00, BpsHz:0.00000e+00
---------------
==========Cluster 5, RcvInterf=0.00000e+00============
Node 175, SINR:0.00000e+00, BpsHz:0.00000e+00
Node 67, SINR:0.00000e+00, BpsHz:0.00000e+00
Node 120, SINR:0.00000e+00, BpsHz:0.00000e+00
Node 171, SINR:0.00000e+00, BpsHz:0.00000e+00
Node 47, SINR:0.00000e+00, BpsHz:0.00000e+00
Node 141, SINR:0.00000e+00, BpsHz:0.00000e+00
Node 155, SINR:0.00000e+00, BpsHz:0.00000e+00
Node 154, SINR:0.00000e+00, BpsHz:0.00000e+00
---------------
==========Cluster 6, RcvInterf=0.00000e+00============
Node 11, SINR:0.00000e+00, BpsHz:0.00000e+00
Node 50, SINR:0.00000e+00, BpsHz:0.00000e+00
Node 150, SINR:0.00000e+00, BpsHz:0.00000e+00
Node 121, SINR:0.00000e+00, BpsHz:0.00000e+00
Node 118, SINR:0.00000e+00, BpsHz:0.00000e+00
Node 163, SINR:0.00000e+00, BpsHz:0.00000e+00
Node 97, SINR:0.00000e+00, BpsHz:0.00000e+00
Node 66, SINR:0.00000e+00, BpsHz:0.00000e+00
Node 30, SINR:0.00000e+00, BpsHz:0.00000e+00
Node 28, SINR:0.00000e+00, BpsHz:0.00000e+00
Node 32, SINR:0.00000e+00, BpsHz:0.00000e+00
Node 22, SINR:0.00000e+00, BpsHz:0.00000e+00
Node 6, SINR:0.00000e+00, BpsHz:0.00000e+00
Node 153, SINR:0.00000e+00, BpsHz:0.00000e+00
Node 103, SINR:0.00000e+00, BpsHz:0.00000e+00
Node 183, SINR:0.00000e+00, BpsHz:0.00000e+00
Node 151, SINR:0.00000e+00, BpsHz:0.00000e+00
Node 12, SINR:0.00000e+00, BpsHz:0.00000e+00
Node 124, SINR:0.00000e+00, BpsHz:0.00000e+00
Node 78, SINR:0.00000e+00, BpsHz:0.00000e+00
Node 1, SINR:0.00000e+00, BpsHz:0.00000e+00
Node 25, SINR:0.00000e+00, BpsHz:0.00000e+00
Node 193, SINR:0.00000e+00, BpsHz:0.00000e+00
Node 164, SINR:0.00000e+00, BpsHz:0.00000e+00
Node 21, SINR:0.00000e+00, BpsHz:0.00000e+00
Node 176, SINR:0.00000e+00, BpsHz:0.00000e+00
Node 186, SINR:0.00000e+00, BpsHz:0.00000e+00
Node 147, SINR:0.00000e+00, BpsHz:0.00000e+00
---------------
==========Cluster 7, RcvInterf=0.00000e+00============
Node 134, SINR:0.00000e+00, BpsHz:-nan
---------------
==========Cluster 8, RcvInterf=0.00000e+00============
Node 122, SINR:0.00000e+00, BpsHz:0.00000e+00
Node 146, SINR:0.00000e+00, BpsHz:0.00000e+00
Node 178, SINR:0.00000e+00, BpsHz:0.00000e+00
Node 194, SINR:0.00000e+00, BpsHz:0.00000e+00
Node 149, SINR:0.00000e+00, BpsHz:0.00000e+00
Node 130, SINR:0.00000e+00, BpsHz:0.00000e+00
Node 177, SINR:0.00000e+00, BpsHz:0.00000e+00
Node 129, SINR:0.00000e+00, BpsHz:0.00000e+00
Node 179, SINR:0.00000e+00, BpsHz:0.00000e+00
Node 132, SINR:0.00000e+00, BpsHz:0.00000e+00
Node 33, SINR:0.00000e+00, BpsHz:0.00000e+00
Node 18, SINR:0.00000e+00, BpsHz:0.00000e+00
Node 136, SINR:0.00000e+00, BpsHz:0.00000e+00
Node 86, SINR:0.00000e+00, BpsHz:0.00000e+00
Node 15, SINR:0.00000e+00, BpsHz:0.00000e+00
Node 58, SINR:0.00000e+00, BpsHz:0.00000e+00
Node 68, SINR:0.00000e+00, BpsHz:0.00000e+00
Node 189, SINR:0.00000e+00, BpsHz:0.00000e+00
Node 109, SINR:0.00000e+00, BpsHz:0.00000e+00
Node 51, SINR:0.00000e+00, BpsHz:0.00000e+00
Node 165, SINR:0.00000e+00, BpsHz:0.00000e+00
Node 106, SINR:0.00000e+00, BpsHz:0.00000e+00
Node 38, SINR:0.00000e+00, BpsHz:0.00000e+00
Node 39, SINR:0.00000e+00, BpsHz:0.00000e+00
Node 35, SINR:0.00000e+00, BpsHz:0.00000e+00
Node 49, SINR:0.00000e+00, BpsHz:0.00000e+00
---------------
==========Cluster 9, RcvInterf=0.00000e+00============
Node 71, SINR:0.00000e+00, BpsHz:0.00000e+00
Node 7, SINR:0.00000e+00, BpsHz:0.00000e+00
Node 17, SINR:0.00000e+00, BpsHz:0.00000e+00
Node 69, SINR:0.00000e+00, BpsHz:0.00000e+00
Node 26, SINR:0.00000e+00, BpsHz:0.00000e+00
Node 105, SINR:0.00000e+00, BpsHz:0.00000e+00
Node 46, SINR:0.00000e+00, BpsHz:0.00000e+00
Node 4, SINR:0.00000e+00, BpsHz:0.00000e+00
Node 20, SINR:0.00000e+00, BpsHz:0.00000e+00
Node 9, SINR:0.00000e+00, BpsHz:0.00000e+00
Node 168, SINR:0.00000e+00, BpsHz:0.00000e+00
Node 77, SINR:0.00000e+00, BpsHz:0.00000e+00
Node 75, SINR:0.00000e+00, BpsHz:0.00000e+00
Node 37, SINR:0.00000e+00, BpsHz:0.00000e+00
Node 16, SINR:0.00000e+00, BpsHz:0.00000e+00
Node 93, SINR:0.00000e+00, BpsHz:0.00000e+00
Node 34, SINR:0.00000e+00, BpsHz:0.00000e+00
Node 72, SINR:0.00000e+00, BpsHz:0.00000e+00
Node 64, SINR:0.00000e+00, BpsHz:0.00000e+00
Node 45, SINR:0.00000e+00, BpsHz:0.00000e+00
Node 131, SINR:0.00000e+00, BpsHz:0.00000e+00
Node 114, SINR:0.00000e+00, BpsHz:0.00000e+00
Node 60, SINR:0.00000e+00, BpsHz:0.00000e+00
---------------
==========Cluster 10, RcvInterf=0.00000e+00============
Node 19, SINR:0.00000e+00, BpsHz:0.00000e+00
Node 13, SINR:0.00000e+00, BpsHz:0.00000e+00
Node 160, SINR:0.00000e+00, BpsHz:0.00000e+00
Node 54, SINR:0.00000e+00, BpsHz:0.00000e+00
Node 88, SINR:0.00000e+00, BpsHz:0.00000e+00
Node 81, SINR:0.00000e+00, BpsHz:0.00000e+00
Node 100, SINR:0.00000e+00, BpsHz:0.00000e+00
Node 104, SINR:0.00000e+00, BpsHz:0.00000e+00
Node 79, SINR:0.00000e+00, BpsHz:0.00000e+00
Node 87, SINR:0.00000e+00, BpsHz:0.00000e+00
Node 102, SINR:0.00000e+00, BpsHz:0.00000e+00
Node 85, SINR:0.00000e+00, BpsHz:0.00000e+00
Node 128, SINR:0.00000e+00, BpsHz:0.00000e+00
Node 65, SINR:0.00000e+00, BpsHz:0.00000e+00
Node 182, SINR:0.00000e+00, BpsHz:0.00000e+00
Node 95, SINR:0.00000e+00, BpsHz:0.00000e+00
Node 83, SINR:0.00000e+00, BpsHz:0.00000e+00
Node 36, SINR:0.00000e+00, BpsHz:0.00000e+00
Node 5, SINR:0.00000e+00, BpsHz:0.00000e+00
Node 161, SINR:0.00000e+00, BpsHz:0.00000e+00
Node 40, SINR:0.00000e+00, BpsHz:0.00000e+00
Node 140, SINR:0.00000e+00, BpsHz:0.00000e+00
Node 108, SINR:0.00000e+00, BpsHz:0.00000e+00
Node 158, SINR:0.00000e+00, BpsHz:0.00000e+00
---------------
==========Cluster 11, RcvInterf=0.00000e+00============
Node 133, SINR:0.00000e+00, BpsHz:0.00000e+00
Node 31, SINR:0.00000e+00, BpsHz:0.00000e+00
Node 123, SINR:0.00000e+00, BpsHz:0.00000e+00
Node 187, SINR:0.00000e+00, BpsHz:0.00000e+00
Node 143, SINR:0.00000e+00, BpsHz:0.00000e+00
Node 70, SINR:0.00000e+00, BpsHz:0.00000e+00
Node 24, SINR:0.00000e+00, BpsHz:0.00000e+00
Node 156, SINR:0.00000e+00, BpsHz:0.00000e+00
Node 159, SINR:0.00000e+00, BpsHz:0.00000e+00
Node 117, SINR:0.00000e+00, BpsHz:0.00000e+00
Node 76, SINR:0.00000e+00, BpsHz:0.00000e+00
Node 157, SINR:0.00000e+00, BpsHz:0.00000e+00
Node 142, SINR:0.00000e+00, BpsHz:0.00000e+00
Node 82, SINR:0.00000e+00, BpsHz:0.00000e+00
---------------
==========Cluster 12, RcvInterf=0.00000e+00============
Node 185, SINR:0.00000e+00, BpsHz:0.00000e+00
Node 98, SINR:0.00000e+00, BpsHz:0.00000e+00
---------------
==========Cluster 13, RcvInterf=0.00000e+00============
Node -1, SINR:3.32941e-311, BpsHz:3.32941e-311
---------------
==========Cluster 14, RcvInterf=2.27699e-14============
Node 23, SINR:0.00000e+00, BpsHz:0.00000e+00
Node 113, SINR:0.00000e+00, BpsHz:0.00000e+00
Node 137, SINR:0.00000e+00, BpsHz:0.00000e+00
Node 166, SINR:0.00000e+00, BpsHz:0.00000e+00
Node 170, SINR:0.00000e+00, BpsHz:0.00000e+00
Node 127, SINR:0.00000e+00, BpsHz:0.00000e+00
Node 116, SINR:0.00000e+00, BpsHz:0.00000e+00
Node 169, SINR:0.00000e+00, BpsHz:0.00000e+00
Node 61, SINR:0.00000e+00, BpsHz:0.00000e+00
Node 173, SINR:0.00000e+00, BpsHz:0.00000e+00
Node 27, SINR:0.00000e+00, BpsHz:0.00000e+00
Node 42, SINR:0.00000e+00, BpsHz:0.00000e+00
Node 190, SINR:0.00000e+00, BpsHz:0.00000e+00
Node 44, SINR:0.00000e+00, BpsHz:0.00000e+00
Node 14, SINR:0.00000e+00, BpsHz:0.00000e+00
---------------
