195
15
1.000000e-03
2.525175e-312
132
8000
3.791786e+00
2.431030e+00
3.791786e-06
  inf
1 0 0 0 0 0 0 0 0 0 0 0 0 0 0 0 0 0 0 0 0 0 0 0 0 0 0 0 0 0 0 0 0 0 0 0 0 0 0 0 0 0 0 1 0 0 0 1 0 0 0 0 0 1 0 0 0 0 0 1 0 0 0 0 0 0 0 1 0 0 0 0 0 0 0 0 0 0 0 0 0 0 0 0 0 0 0 0 0 0 0 0 0 1 0 0 0 0 0 0 0 0 0 0 0 0 0 0 0 0 1 0 0 0 0 0 0 0 0 0 1 0 0 0 0 1 0 0 0 0 0 0 0 0 0 0 0 0 0 0 0 0 0 0 0 0 0 0 1 0 0 0 0 0 0 1 0 0 0 0 0 0 1 0 0 0 0 1 0 0 0 1 0 0 0 0 0 0 0 0 0 0 0 0 0 0 0 0 0 0 0 0 0 0 0 
0 0 0 0 0 0 0 0 0 0 0 0 0 0 0 0 0 0 0 0 0 0 0 0 0 0 0 0 0 0 0 0 0 0 0 0 0 0 0 0 0 0 0 0 0 0 0 0 0 0 0 0 0 0 0 0 0 0 0 0 0 0 0 0 0 0 0 0 0 0 0 0 0 0 0 0 0 0 0 0 0 0 0 0 0 0 0 0 0 0 0 0 0 0 0 0 0 0 0 0 0 0 0 0 0 0 0 0 0 0 0 0 0 0 0 0 0 0 0 0 0 0 0 0 0 0 0 0 0 0 0 0 0 0 0 0 0 0 0 0 0 0 0 0 0 0 0 0 0 0 0 0 0 0 0 0 0 0 0 0 0 0 0 0 0 0 0 0 0 0 0 0 0 0 0 0 0 0 0 0 0 0 0 0 0 0 0 0 0 0 0 0 0 0 0 
0 0 0 0 0 0 0 0 0 0 0 0 0 0 0 0 0 0 0 0 0 0 0 0 0 0 0 0 0 0 0 0 0 0 0 0 0 0 0 0 0 0 0 0 0 0 0 0 0 0 0 0 0 0 0 0 0 0 0 0 0 0 0 0 0 0 0 0 0 0 0 0 0 0 0 0 0 0 0 0 0 0 0 0 0 0 0 0 0 0 0 0 0 0 0 0 0 0 0 0 0 0 0 0 0 0 0 0 0 0 0 0 0 0 0 0 0 0 0 0 0 0 0 0 0 0 0 0 0 0 0 0 0 0 0 0 0 0 0 0 0 0 0 0 0 0 0 0 0 0 0 0 0 0 0 0 0 0 0 0 0 0 0 0 0 0 0 0 0 0 0 0 0 0 0 0 0 0 0 0 0 0 0 0 0 0 0 0 0 0 0 0 0 0 0 
0 0 1 1 0 0 0 0 0 0 0 0 0 0 0 0 0 0 0 0 0 0 0 1 0 0 0 1 0 0 0 0 0 0 0 0 0 0 0 0 0 0 1 0 1 0 0 0 0 0 0 0 0 0 0 0 0 0 0 0 0 1 0 0 0 0 0 0 0 0 0 0 0 0 0 0 0 0 0 0 0 0 0 0 0 0 0 0 0 0 0 0 0 0 0 0 1 0 0 0 0 0 0 0 0 0 0 1 0 0 0 0 0 1 0 0 1 0 0 0 0 0 0 0 0 0 0 1 0 0 0 0 0 0 0 0 0 1 0 0 0 0 0 0 0 1 0 0 0 0 0 0 1 0 0 0 0 0 0 0 0 0 0 0 0 0 0 0 0 1 1 0 0 1 0 0 0 0 0 0 0 0 0 0 0 0 0 0 0 0 1 0 0 0 0 
0 0 0 0 0 0 0 0 0 0 0 0 0 0 0 0 1 0 0 0 0 0 0 0 0 0 0 0 0 1 0 0 0 0 1 0 0 0 0 0 1 0 0 0 0 0 0 0 0 0 0 0 0 0 0 0 0 0 0 0 0 0 0 0 0 0 0 0 0 0 0 0 0 1 0 1 0 0 0 0 0 0 0 0 0 0 0 0 0 0 0 1 0 0 0 0 0 0 0 0 0 0 0 0 0 0 0 0 0 0 0 0 0 0 0 1 0 0 0 0 0 0 0 0 0 0 0 0 0 0 0 0 0 0 0 1 0 0 1 1 1 0 0 0 0 0 0 0 0 0 0 0 0 0 0 0 0 0 1 0 0 0 0 0 0 0 0 0 0 0 0 0 0 0 1 0 0 0 0 0 0 1 1 0 0 0 0 0 0 0 0 0 0 0 0 
0 1 0 0 0 0 0 0 0 0 0 1 0 0 0 0 0 0 0 0 0 1 0 0 0 0 0 0 0 0 1 0 0 0 0 0 0 0 0 0 0 0 0 0 0 0 0 0 1 0 1 0 0 0 0 0 0 0 0 0 0 0 0 0 0 0 1 0 0 0 0 0 0 0 0 0 0 0 1 0 0 0 0 0 0 0 0 0 0 0 0 0 0 0 0 0 0 1 0 0 0 0 0 0 0 0 0 0 0 0 0 0 0 0 0 0 0 0 0 0 0 1 0 0 1 0 0 0 0 0 0 0 0 0 0 0 0 0 0 0 0 0 0 0 0 0 0 1 0 0 1 0 0 1 0 0 0 0 0 0 0 0 0 1 0 0 0 0 0 0 0 0 0 0 0 0 1 0 0 0 0 0 0 1 0 0 0 0 1 0 0 0 0 0 0 
0 0 0 0 0 0 0 0 0 0 1 0 0 0 0 0 0 0 0 0 0 0 0 0 0 1 0 0 0 0 0 0 0 0 0 0 0 0 0 0 0 0 0 0 0 0 0 0 0 0 0 0 0 0 0 0 0 0 0 0 0 0 0 0 0 0 0 0 0 0 0 0 0 0 0 0 0 0 0 0 0 0 0 0 0 0 0 0 0 1 0 0 0 0 0 0 0 0 0 0 0 1 0 0 0 0 0 0 0 0 0 0 0 0 0 0 0 0 0 0 0 0 0 0 0 0 0 0 0 0 0 0 0 0 0 0 0 0 0 0 0 0 0 0 0 0 0 0 0 0 0 1 0 0 0 0 0 0 0 0 0 0 0 0 0 0 0 0 0 0 0 0 0 0 0 0 0 0 0 0 0 0 0 0 0 0 0 0 0 0 0 0 0 1 0 
0 0 0 0 0 0 0 0 0 0 0 0 0 0 0 1 0 0 1 0 0 0 0 0 0 0 0 0 0 0 0 0 0 1 0 1 0 0 1 0 0 0 0 0 0 0 0 0 0 1 0 1 0 0 0 0 0 0 1 0 0 0 0 0 0 0 0 0 1 0 0 0 0 0 0 0 0 0 0 0 0 0 0 0 1 0 1 0 0 0 0 0 0 0 0 0 0 0 0 0 0 0 0 0 0 0 1 0 0 1 0 0 0 0 0 0 0 0 0 0 0 0 1 0 0 0 0 0 0 1 1 0 1 0 1 0 0 0 0 0 0 0 0 0 0 0 1 0 0 1 0 0 0 0 0 0 0 0 0 0 0 0 0 0 0 0 0 0 0 0 0 0 0 0 0 0 0 1 1 1 0 0 0 0 0 0 0 0 0 1 0 0 0 0 1 
0 0 0 0 1 1 0 1 0 1 0 0 0 0 0 0 0 1 0 0 0 0 0 0 0 0 1 0 0 0 0 0 0 0 0 0 1 1 0 0 0 0 0 0 0 0 1 0 0 0 0 0 0 0 1 0 0 0 0 0 0 0 0 0 1 0 0 0 0 1 0 1 1 0 0 0 0 1 0 1 0 1 0 1 0 0 0 1 1 0 0 0 0 0 0 1 0 0 0 0 1 0 0 0 1 1 0 0 0 0 0 0 0 0 0 0 0 0 0 0 0 0 0 0 0 0 0 0 1 0 0 0 0 0 0 0 0 0 0 0 0 0 0 0 0 0 0 0 0 0 0 0 0 0 0 0 0 0 0 0 1 0 0 0 0 0 0 0 1 0 0 0 0 0 0 0 0 0 0 0 0 0 0 0 0 0 0 0 0 0 0 0 0 0 0 
0 0 0 0 0 0 0 0 0 0 0 0 0 0 0 0 0 0 0 0 0 0 0 0 0 0 0 0 0 0 0 0 0 0 0 0 0 0 0 0 0 0 0 0 0 0 0 0 0 0 0 0 0 0 0 0 0 0 0 0 0 0 0 0 0 0 0 0 0 0 0 0 0 0 0 0 0 0 0 0 1 0 0 0 0 0 0 0 0 0 0 0 0 0 0 0 0 0 1 0 0 0 0 0 0 0 0 0 0 0 0 0 0 0 0 0 0 0 0 0 0 0 0 0 0 0 0 0 0 0 0 0 0 0 0 0 0 0 0 0 0 1 0 0 0 0 0 0 0 0 0 0 0 0 0 0 0 0 0 0 0 0 0 0 0 0 0 0 0 0 0 0 0 0 0 0 0 0 0 0 0 0 0 0 0 1 0 0 0 0 0 0 0 0 0 
0 0 0 0 0 0 0 0 0 0 0 0 0 0 0 0 0 0 0 0 0 0 0 0 0 0 0 0 0 0 0 0 0 0 0 0 0 0 0 0 0 0 0 0 0 0 0 0 0 0 0 0 0 0 0 0 0 0 0 0 0 0 0 0 0 0 0 0 0 0 0 0 0 0 0 0 0 0 0 0 0 0 0 0 0 0 0 0 0 0 0 0 0 0 0 0 0 0 0 0 0 0 0 0 0 0 0 0 0 0 0 0 0 0 0 0 0 0 0 0 0 0 0 0 0 0 0 0 0 0 0 0 0 0 0 0 0 0 0 0 0 0 0 0 0 0 0 0 0 0 0 0 0 0 0 0 0 0 0 0 0 0 0 0 0 0 0 0 0 0 0 0 0 0 0 0 0 0 0 0 0 0 0 0 0 0 0 0 0 0 0 0 0 0 0 
0 0 0 0 0 0 0 0 0 0 0 0 0 0 0 0 0 0 0 0 0 0 1 0 1 0 0 0 0 0 0 1 1 0 0 0 0 0 0 0 0 0 0 0 0 0 0 0 0 0 0 0 0 0 0 0 0 0 0 0 0 0 0 0 0 0 0 0 0 0 1 0 0 0 0 0 1 0 0 0 0 0 1 0 0 0 0 0 0 0 0 0 0 0 0 0 0 0 0 0 0 0 0 1 0 0 0 0 0 0 0 0 0 0 0 0 0 1 0 0 0 0 0 1 0 0 0 0 0 0 0 0 0 1 0 0 0 0 0 0 0 0 1 1 0 0 0 0 0 0 0 0 0 0 0 0 1 0 0 1 0 0 0 0 1 0 0 0 0 0 0 0 0 0 0 0 0 0 0 0 0 0 0 0 0 0 0 1 0 0 0 0 0 0 0 
0 0 0 0 0 0 0 0 0 0 0 0 0 0 0 0 0 0 0 0 0 0 0 0 0 0 0 0 0 0 0 0 0 0 0 0 0 0 0 0 0 0 0 0 0 0 0 0 0 0 0 0 0 0 0 0 0 0 0 0 0 0 0 0 0 0 0 0 0 0 0 0 0 0 0 0 0 0 0 0 0 0 0 0 0 0 0 0 0 0 0 0 0 0 0 0 0 0 0 0 0 0 0 0 0 0 0 0 0 0 0 0 0 0 0 0 0 0 0 0 0 0 0 0 0 0 0 0 0 0 0 0 0 0 0 0 0 0 0 0 0 0 0 0 0 0 0 0 0 0 0 0 0 0 0 0 0 0 0 0 0 0 0 0 0 0 0 0 0 0 0 0 0 0 0 0 0 0 0 0 0 0 0 0 0 0 0 0 0 0 0 0 0 0 0 
0 0 0 0 0 0 0 0 0 0 0 0 0 0 0 0 0 0 0 0 0 0 0 0 0 0 0 0 0 0 0 0 0 0 0 0 0 0 0 0 0 0 0 0 0 0 0 0 0 0 0 0 0 0 0 0 0 0 0 0 0 0 0 0 0 0 0 0 0 0 0 0 0 0 0 0 0 0 0 0 0 0 0 0 0 0 0 0 0 0 0 0 0 0 0 0 0 0 0 0 0 0 0 0 0 0 0 0 0 0 0 0 0 0 0 0 0 0 0 0 0 0 0 0 0 0 0 0 0 0 0 0 0 0 0 0 0 0 0 0 0 0 0 0 0 0 0 0 0 0 0 0 0 0 0 0 0 0 0 0 0 0 0 0 0 0 0 0 0 0 0 0 0 0 0 0 0 0 0 0 0 0 0 0 0 0 0 0 0 0 0 0 0 0 0 
0 0 0 0 0 0 0 0 0 0 0 0 0 0 0 0 0 0 0 0 0 0 0 0 0 0 0 0 0 0 0 0 0 0 0 0 0 0 0 0 0 0 0 0 0 0 0 0 0 0 0 0 0 0 0 0 0 0 0 0 0 0 0 0 0 0 0 0 0 0 0 0 0 0 0 0 0 0 0 0 0 0 0 0 0 0 0 0 0 0 0 0 0 0 0 0 0 0 0 0 0 0 0 0 0 0 0 0 0 0 0 0 0 0 0 0 0 0 0 0 0 0 0 0 0 0 0 0 0 0 0 0 0 0 0 0 0 0 0 0 0 0 0 0 0 0 0 0 0 0 0 0 0 0 0 0 0 0 0 0 0 0 0 0 0 0 0 0 0 0 0 0 0 0 0 0 0 0 0 0 0 0 0 0 0 0 0 0 0 0 0 0 0 0 0 
68 0 0 191 30 67 194 123 18 186 0 71 0 0 0 
4.797644E-05 3.477737E-04 6.094642E-07 4.755480E-05 6.314340E-06 1.840918E-05 0.000000E+00 1.123938E-07 0.000000E+00 5.008069E-05 1.476628E-07 2.203102E-05 0.000000E+00 0.000000E+00 0.000000E+00 5.965830E-04 4.046431E-06 0.000000E+00 4.354417E-04 0.000000E+00 0.000000E+00 1.926483E-04 3.402230E-05 1.673584E-04 8.245171E-07 2.707944E-09 1.661496E-05 2.723812E-04 0.000000E+00 0.000000E+00 2.358819E-08 1.612869E-05 2.542686E-06 1.190036E-04 2.756866E-06 1.431936E-04 9.540489E-05 9.887884E-05 2.603051E-04 0.000000E+00 5.022181E-06 0.000000E+00 4.838213E-07 2.664013E-05 9.116586E-04 0.000000E+00 7.089163E-06 5.578008E-07 2.931656E-05 2.912140E-06 8.837042E-06 3.602996E-04 0.000000E+00 9.995049E-04 5.180715E-04 0.000000E+00 0.000000E+00 0.000000E+00 1.069478E-04 8.345735E-06 0.000000E+00 3.639012E-06 0.000000E+00 0.000000E+00 3.786971E-04 0.000000E+00 0.000000E+00 0.000000E+00 2.560630E-04 2.814236E-07 0.000000E+00 4.212655E-07 3.585269E-04 8.364412E-05 0.000000E+00 5.728361E-06 1.645535E-05 2.562572E-05 5.876717E-05 1.516255E-04 1.975989E-07 1.256519E-05 8.925000E-06 1.970024E-05 8.464080E-05 0.000000E+00 3.427305E-04 2.481674E-06 4.662064E-05 1.669651E-08 0.000000E+00 1.047006E-04 0.000000E+00 5.838548E-06 0.000000E+00 3.635980E-06 5.118498E-04 1.448304E-08 1.162475E-07 0.000000E+00 1.049264E-04 5.828769E-07 0.000000E+00 1.022660E-06 1.538501E-05 3.109546E-06 1.497538E-04 6.759187E-06 0.000000E+00 3.968296E-04 6.540539E-05 0.000000E+00 0.000000E+00 3.230649E-04 0.000000E+00 2.391444E-04 7.659232E-04 9.420384E-05 0.000000E+00 0.000000E+00 1.819045E-07 6.993798E-06 0.000000E+00 5.065808E-06 6.078743E-04 5.263630E-05 0.000000E+00 3.295439E-04 3.397216E-06 2.931337E-04 1.514997E-06 0.000000E+00 3.866499E-04 1.138215E-06 1.024615E-04 2.961665E-05 0.000000E+00 9.130866E-05 4.560050E-04 9.566868E-06 8.812953E-05 1.466030E-08 1.067031E-05 9.973898E-06 0.000000E+00 2.803925E-05 1.275318E-06 4.140674E-05 2.054554E-05 2.063616E-05 8.642400E-06 6.601069E-07 1.992745E-04 8.260382E-07 0.000000E+00 5.598328E-08 4.449154E-05 0.000000E+00 3.728771E-05 4.794284E-05 9.927986E-05 0.000000E+00 1.719312E-04 5.453714E-06 5.033925E-06 0.000000E+00 0.000000E+00 2.999197E-05 2.139778E-05 1.002146E-04 4.632880E-04 6.367309E-07 0.000000E+00 6.673693E-08 1.949275E-06 0.000000E+00 1.568144E-04 6.416810E-07 1.481019E-06 2.032827E-04 0.000000E+00 8.214930E-06 1.459580E-04 3.537568E-04 0.000000E+00 0.000000E+00 0.000000E+00 2.976664E-07 2.820361E-04 3.720348E-04 0.000000E+00 0.000000E+00 0.000000E+00 0.000000E+00 1.334722E-04 
60 149 44 163 111 1 94 168 68 156 121 48 172 126 54 
0 
0 
4 146 3 43 170 97 174 62 191 24 128 28 171 138 114 45 117 108 153 
41 35 76 17 30 159 136 175 74 182 140 92 141 116 183 139 
164 49 79 51 151 12 22 177 2 184 122 67 98 154 148 125 31 189 
194 26 152 102 90 11 
123 131 179 150 50 147 180 178 34 52 110 190 69 107 130 19 195 133 135 59 87 39 85 36 16 
105 101 88 82 129 80 37 18 6 72 8 47 27 10 96 38 169 70 84 5 73 55 65 106 78 89 161 
186 142 99 81 
0 
188 134 143 71 124 25 144 77 83 165 33 23 104 32 118 157 160 
0 
0 
0 

============Find Best @ Round 5724================
==========Cluster 0, RcvInterf=1.64554e-14============
Node 59, SINR:2.49580e-01, BpsHz:2.29603e-02
Node 148, SINR:2.49580e-01, BpsHz:2.29603e-02
Node 43, SINR:2.49580e-01, BpsHz:2.29603e-02
Node 162, SINR:2.49580e-01, BpsHz:2.29603e-02
Node 110, SINR:2.49580e-01, BpsHz:2.29603e-02
Node 0, SINR:2.49580e-01, BpsHz:2.29603e-02
Node 93, SINR:2.49580e-01, BpsHz:2.29603e-02
Node 167, SINR:2.49580e-01, BpsHz:2.29603e-02
Node 67, SINR:0.00000e+00, BpsHz:0.00000e+00
Node 155, SINR:2.49580e-01, BpsHz:2.29603e-02
Node 120, SINR:2.49580e-01, BpsHz:2.29603e-02
Node 47, SINR:2.49580e-01, BpsHz:2.29603e-02
Node 171, SINR:2.49580e-01, BpsHz:2.29603e-02
Node 125, SINR:2.49580e-01, BpsHz:2.29603e-02
Node 53, SINR:2.49580e-01, BpsHz:2.29603e-02
---------------
==========Cluster 1, RcvInterf=1.62612e-14============
Node -1, SINR:3.32941e-311, BpsHz:3.32941e-311
---------------
==========Cluster 2, RcvInterf=2.00691e-14============
Node -1, SINR:3.32941e-311, BpsHz:3.32941e-311
---------------
==========Cluster 3, RcvInterf=1.40813e-14============
Node 3, SINR:3.31714e-01, BpsHz:2.29603e-02
Node 145, SINR:3.31714e-01, BpsHz:2.29603e-02
Node 2, SINR:3.31714e-01, BpsHz:2.29603e-02
Node 42, SINR:3.31714e-01, BpsHz:2.29603e-02
Node 169, SINR:3.31714e-01, BpsHz:2.29603e-02
Node 96, SINR:3.31714e-01, BpsHz:2.29603e-02
Node 173, SINR:3.31714e-01, BpsHz:2.29603e-02
Node 61, SINR:3.31714e-01, BpsHz:2.29603e-02
Node 190, SINR:0.00000e+00, BpsHz:0.00000e+00
Node 23, SINR:3.31714e-01, BpsHz:2.29603e-02
Node 127, SINR:3.31714e-01, BpsHz:2.29603e-02
Node 27, SINR:3.31714e-01, BpsHz:2.29603e-02
Node 170, SINR:3.31714e-01, BpsHz:2.29603e-02
Node 137, SINR:3.31714e-01, BpsHz:2.29603e-02
Node 113, SINR:3.31714e-01, BpsHz:2.29603e-02
Node 44, SINR:3.31714e-01, BpsHz:2.29603e-02
Node 116, SINR:3.31714e-01, BpsHz:2.29603e-02
Node 107, SINR:3.31714e-01, BpsHz:2.29603e-02
Node 152, SINR:3.31714e-01, BpsHz:2.29603e-02
---------------
==========Cluster 4, RcvInterf=1.93637e-14============
Node 40, SINR:2.69626e-01, BpsHz:2.29603e-02
Node 34, SINR:2.69626e-01, BpsHz:2.29603e-02
Node 75, SINR:2.69626e-01, BpsHz:2.29603e-02
Node 16, SINR:2.69626e-01, BpsHz:2.29603e-02
Node 29, SINR:0.00000e+00, BpsHz:0.00000e+00
Node 158, SINR:2.69626e-01, BpsHz:2.29603e-02
Node 135, SINR:2.69626e-01, BpsHz:2.29603e-02
Node 174, SINR:2.69626e-01, BpsHz:2.29603e-02
Node 73, SINR:2.69626e-01, BpsHz:2.29603e-02
Node 181, SINR:2.69626e-01, BpsHz:2.29603e-02
Node 139, SINR:2.69626e-01, BpsHz:2.29603e-02
Node 91, SINR:2.69626e-01, BpsHz:2.29603e-02
Node 140, SINR:2.69626e-01, BpsHz:2.29603e-02
Node 115, SINR:2.69626e-01, BpsHz:2.29603e-02
Node 182, SINR:2.69626e-01, BpsHz:2.29603e-02
Node 138, SINR:2.69626e-01, BpsHz:2.29603e-02
---------------
==========Cluster 5, RcvInterf=1.99544e-14============
Node 163, SINR:3.10688e-01, BpsHz:2.29603e-02
Node 48, SINR:3.10688e-01, BpsHz:2.29603e-02
Node 78, SINR:3.10688e-01, BpsHz:2.29603e-02
Node 50, SINR:3.10688e-01, BpsHz:2.29603e-02
Node 150, SINR:3.10688e-01, BpsHz:2.29603e-02
Node 11, SINR:3.10688e-01, BpsHz:2.29603e-02
Node 21, SINR:3.10688e-01, BpsHz:2.29603e-02
Node 176, SINR:3.10688e-01, BpsHz:2.29603e-02
Node 1, SINR:3.10688e-01, BpsHz:2.29603e-02
Node 183, SINR:3.10688e-01, BpsHz:2.29603e-02
Node 121, SINR:3.10688e-01, BpsHz:2.29603e-02
Node 66, SINR:0.00000e+00, BpsHz:0.00000e+00
Node 97, SINR:3.10688e-01, BpsHz:2.29603e-02
Node 153, SINR:3.10688e-01, BpsHz:2.29603e-02
Node 147, SINR:3.10688e-01, BpsHz:2.29603e-02
Node 124, SINR:3.10688e-01, BpsHz:2.29603e-02
Node 30, SINR:3.10688e-01, BpsHz:2.29603e-02
Node 188, SINR:3.10688e-01, BpsHz:2.29603e-02
---------------
==========Cluster 6, RcvInterf=1.67166e-14============
Node 193, SINR:0.00000e+00, BpsHz:0.00000e+00
Node 25, SINR:8.28259e-02, BpsHz:2.29603e-02
Node 151, SINR:8.28259e-02, BpsHz:2.29603e-02
Node 101, SINR:8.28259e-02, BpsHz:2.29603e-02
Node 89, SINR:8.28259e-02, BpsHz:2.29603e-02
Node 10, SINR:8.28259e-02, BpsHz:2.29603e-02
---------------
==========Cluster 7, RcvInterf=1.35598e-14============
Node 122, SINR:0.00000e+00, BpsHz:0.00000e+00
Node 130, SINR:4.65148e-01, BpsHz:2.29603e-02
Node 178, SINR:4.65148e-01, BpsHz:2.29603e-02
Node 149, SINR:4.65148e-01, BpsHz:2.29603e-02
Node 49, SINR:4.65148e-01, BpsHz:2.29603e-02
Node 146, SINR:4.65148e-01, BpsHz:2.29603e-02
Node 179, SINR:4.65148e-01, BpsHz:2.29603e-02
Node 177, SINR:4.65148e-01, BpsHz:2.29603e-02
Node 33, SINR:4.65148e-01, BpsHz:2.29603e-02
Node 51, SINR:4.65148e-01, BpsHz:2.29603e-02
Node 109, SINR:4.65148e-01, BpsHz:2.29603e-02
Node 189, SINR:4.65148e-01, BpsHz:2.29603e-02
Node 68, SINR:4.65148e-01, BpsHz:2.29603e-02
Node 106, SINR:4.65148e-01, BpsHz:2.29603e-02
Node 129, SINR:4.65148e-01, BpsHz:2.29603e-02
Node 18, SINR:4.65148e-01, BpsHz:2.29603e-02
Node 194, SINR:4.65148e-01, BpsHz:2.29603e-02
Node 132, SINR:4.65148e-01, BpsHz:2.29603e-02
Node 134, SINR:4.65148e-01, BpsHz:2.29603e-02
Node 58, SINR:4.65148e-01, BpsHz:2.29603e-02
Node 86, SINR:4.65148e-01, BpsHz:2.29603e-02
Node 38, SINR:4.65148e-01, BpsHz:2.29603e-02
Node 84, SINR:4.65148e-01, BpsHz:2.29603e-02
Node 35, SINR:4.65148e-01, BpsHz:2.29603e-02
Node 15, SINR:4.65148e-01, BpsHz:2.29603e-02
---------------
==========Cluster 8, RcvInterf=1.03587e-14============
Node 104, SINR:5.12533e-01, BpsHz:2.29603e-02
Node 100, SINR:5.12533e-01, BpsHz:2.29603e-02
Node 87, SINR:5.12533e-01, BpsHz:2.29603e-02
Node 81, SINR:5.12533e-01, BpsHz:2.29603e-02
Node 128, SINR:5.12533e-01, BpsHz:2.29603e-02
Node 79, SINR:5.12533e-01, BpsHz:2.29603e-02
Node 36, SINR:5.12533e-01, BpsHz:2.29603e-02
Node 17, SINR:0.00000e+00, BpsHz:0.00000e+00
Node 5, SINR:5.12533e-01, BpsHz:2.29603e-02
Node 71, SINR:5.12533e-01, BpsHz:2.29603e-02
Node 7, SINR:5.12533e-01, BpsHz:2.29603e-02
Node 46, SINR:5.12533e-01, BpsHz:2.29603e-02
Node 26, SINR:5.12533e-01, BpsHz:2.29603e-02
Node 9, SINR:5.12533e-01, BpsHz:2.29603e-02
Node 95, SINR:5.12533e-01, BpsHz:2.29603e-02
Node 37, SINR:5.12533e-01, BpsHz:2.29603e-02
Node 168, SINR:5.12533e-01, BpsHz:2.29603e-02
Node 69, SINR:5.12533e-01, BpsHz:2.29603e-02
Node 83, SINR:5.12533e-01, BpsHz:2.29603e-02
Node 4, SINR:5.12533e-01, BpsHz:2.29603e-02
Node 72, SINR:5.12533e-01, BpsHz:2.29603e-02
Node 54, SINR:5.12533e-01, BpsHz:2.29603e-02
Node 64, SINR:5.12533e-01, BpsHz:2.29603e-02
Node 105, SINR:5.12533e-01, BpsHz:2.29603e-02
Node 77, SINR:5.12533e-01, BpsHz:2.29603e-02
Node 88, SINR:5.12533e-01, BpsHz:2.29603e-02
Node 160, SINR:5.12533e-01, BpsHz:2.29603e-02
---------------
==========Cluster 9, RcvInterf=8.41694e-15============
Node 185, SINR:0.00000e+00, BpsHz:0.00000e+00
Node 141, SINR:4.89026e-02, BpsHz:2.29603e-02
Node 98, SINR:4.89026e-02, BpsHz:2.29603e-02
Node 80, SINR:4.89026e-02, BpsHz:2.29603e-02
---------------
==========Cluster 10, RcvInterf=2.59998e-14============
Node -1, SINR:3.32941e-311, BpsHz:3.32941e-311
---------------
==========Cluster 11, RcvInterf=1.07906e-14============
Node 187, SINR:2.89994e-01, BpsHz:2.29603e-02
Node 133, SINR:2.89994e-01, BpsHz:2.29603e-02
Node 142, SINR:2.89994e-01, BpsHz:2.29603e-02
Node 70, SINR:0.00000e+00, BpsHz:0.00000e+00
Node 123, SINR:2.89994e-01, BpsHz:2.29603e-02
Node 24, SINR:2.89994e-01, BpsHz:2.29603e-02
Node 143, SINR:2.89994e-01, BpsHz:2.29603e-02
Node 76, SINR:2.89994e-01, BpsHz:2.29603e-02
Node 82, SINR:2.89994e-01, BpsHz:2.29603e-02
Node 164, SINR:2.89994e-01, BpsHz:2.29603e-02
Node 32, SINR:2.89994e-01, BpsHz:2.29603e-02
Node 22, SINR:2.89994e-01, BpsHz:2.29603e-02
Node 103, SINR:2.89994e-01, BpsHz:2.29603e-02
Node 31, SINR:2.89994e-01, BpsHz:2.29603e-02
Node 117, SINR:2.89994e-01, BpsHz:2.29603e-02
Node 156, SINR:2.89994e-01, BpsHz:2.29603e-02
Node 159, SINR:2.89994e-01, BpsHz:2.29603e-02
---------------
==========Cluster 12, RcvInterf=1.81655e-14============
Node -1, SINR:3.32941e-311, BpsHz:3.32941e-311
---------------
==========Cluster 13, RcvInterf=1.22297e-14============
Node -1, SINR:3.32941e-311, BpsHz:3.32941e-311
---------------
==========Cluster 14, RcvInterf=1.83798e-14============
Node -1, SINR:3.32941e-311, BpsHz:3.32941e-311
---------------
