195
15
1.000000e-03
2.525175e-312
132
8000
4.022903e+00
2.434082e+00
4.022903e-06
  inf
0 0 0 0 0 0 0 0 0 0 0 0 0 0 0 0 0 0 0 0 0 0 0 0 1 0 0 0 0 0 0 1 0 0 0 0 0 0 0 0 0 0 0 0 0 0 0 0 0 0 0 0 0 0 0 0 0 0 0 0 0 0 0 0 0 0 0 0 0 0 1 0 0 0 0 0 0 0 0 0 0 0 0 0 0 0 0 0 0 0 0 0 0 0 0 0 0 0 0 0 0 0 0 0 0 0 0 0 0 0 0 0 0 0 0 0 0 1 0 0 0 0 0 1 0 0 0 0 0 0 0 0 0 1 0 0 0 0 0 0 0 0 1 1 0 0 0 0 0 0 0 0 0 0 0 0 1 0 0 0 0 0 0 0 0 0 0 0 0 0 0 0 0 0 0 0 0 0 0 0 0 0 0 0 0 0 0 1 0 0 0 0 0 0 0 
0 0 0 0 0 0 0 0 0 0 0 0 0 0 0 0 0 0 0 0 0 0 0 0 0 0 0 0 0 0 0 0 0 0 0 0 0 0 0 0 0 0 0 0 0 0 0 1 0 0 0 0 0 0 0 0 0 0 0 0 0 0 0 0 0 0 0 1 0 0 0 0 0 0 0 0 0 1 0 0 0 0 0 0 0 0 0 0 0 0 0 0 0 1 0 0 0 0 0 0 0 0 0 0 0 0 0 0 0 0 0 0 0 0 0 0 0 0 0 0 1 0 0 0 0 0 0 0 0 0 0 0 0 0 0 0 0 0 0 0 0 0 0 0 0 0 0 0 0 0 0 0 0 0 0 0 0 0 0 0 0 0 0 0 0 0 0 0 1 0 0 1 0 0 0 0 0 0 0 0 0 0 0 0 0 0 0 0 0 0 0 0 0 0 0 
0 0 0 0 0 0 0 0 0 0 0 0 0 0 0 0 0 0 0 0 0 0 0 0 0 0 0 0 0 0 0 0 0 0 0 0 0 0 0 0 0 0 0 0 0 0 0 0 0 0 0 0 0 0 0 0 0 0 0 0 0 0 0 0 0 0 0 0 0 0 0 0 0 0 0 0 0 0 0 0 0 1 0 0 0 1 0 0 0 0 0 0 0 0 0 0 0 0 0 0 0 0 0 0 0 0 0 0 0 0 0 0 0 0 0 0 0 0 0 0 0 0 0 0 0 0 0 0 0 0 0 0 0 0 0 0 0 0 0 0 0 0 0 0 0 0 0 0 0 0 0 0 0 0 0 0 0 0 0 0 0 0 0 0 0 0 0 0 0 0 0 0 0 0 0 0 0 0 0 0 0 0 0 0 0 0 0 0 0 0 0 0 0 0 0 
0 0 0 0 0 0 0 0 0 0 0 0 0 0 0 0 0 0 0 0 0 0 0 0 0 0 0 0 0 0 0 0 0 0 0 0 0 0 0 0 0 0 0 0 0 0 0 0 0 0 0 0 0 0 0 0 0 0 0 0 0 0 0 0 0 0 0 0 0 0 0 0 0 0 0 0 0 0 0 0 1 0 0 0 0 0 0 0 0 0 0 0 0 0 0 0 0 0 0 0 0 0 0 0 0 0 0 0 0 0 0 0 0 0 0 0 0 0 0 0 0 0 0 0 0 0 0 0 0 0 0 0 0 0 0 0 0 0 0 0 0 0 0 0 0 0 0 0 0 0 0 0 0 0 1 0 0 0 0 0 0 0 0 0 0 0 0 0 0 0 0 0 0 0 0 1 0 0 0 0 0 0 0 0 0 0 0 0 0 0 0 0 0 0 0 
0 0 0 0 0 0 0 0 0 0 0 0 0 0 0 1 0 0 1 0 0 0 0 0 0 0 0 0 0 0 0 0 0 0 0 0 0 0 0 0 0 0 0 0 0 0 0 0 0 1 0 0 0 0 0 0 0 0 1 0 0 0 0 0 0 0 0 0 1 0 0 0 0 0 0 0 0 0 0 0 0 0 0 0 0 0 1 0 0 0 0 0 0 0 0 0 0 0 0 0 0 0 0 0 0 0 0 0 0 0 0 0 0 0 0 0 0 0 0 0 0 0 1 0 0 0 0 0 0 0 1 0 1 0 0 0 1 0 0 0 0 0 0 0 0 0 1 0 0 1 0 0 0 0 0 0 0 0 0 0 0 0 0 0 0 0 0 0 0 0 0 0 0 0 0 0 0 1 1 1 0 0 0 0 0 0 0 0 0 0 0 0 0 0 1 
0 0 0 0 0 0 0 0 0 0 0 0 0 0 0 0 0 0 0 0 0 0 0 0 0 0 0 0 0 0 0 0 0 0 0 0 0 0 0 0 0 1 0 1 0 0 0 0 0 0 0 0 0 1 0 0 0 0 0 1 0 0 0 0 0 0 0 0 0 0 0 0 0 0 0 0 0 0 0 0 0 0 0 0 0 0 0 0 0 0 1 0 0 0 0 0 0 0 0 1 0 1 0 0 0 0 0 0 0 0 1 0 0 0 0 0 0 0 0 0 0 0 0 0 0 1 0 0 0 0 0 0 0 0 0 0 0 0 0 0 0 0 0 0 0 0 0 0 1 0 0 0 0 0 0 0 0 0 0 0 0 0 1 0 0 0 0 1 0 0 0 0 0 0 0 0 0 0 0 0 0 0 0 0 0 0 0 0 0 0 0 0 1 0 0 
0 0 0 0 0 0 0 0 0 0 0 0 0 0 0 0 0 0 0 0 0 0 0 0 0 0 0 0 0 0 0 0 0 0 0 0 0 0 0 0 0 0 0 0 0 0 0 0 0 0 0 0 0 0 0 0 0 0 0 0 0 0 0 0 0 0 0 0 0 0 0 0 0 0 0 0 0 0 0 0 0 0 0 0 0 0 0 0 0 0 0 0 0 0 0 0 0 0 0 0 0 0 0 0 0 0 0 0 0 0 0 0 0 0 0 0 0 0 0 0 0 0 0 0 0 0 0 0 0 0 0 0 0 0 0 0 0 0 0 0 0 0 0 0 0 0 0 0 0 0 0 0 0 0 0 0 0 0 0 0 0 0 0 0 0 0 0 0 0 0 0 0 0 0 0 0 0 0 0 0 0 0 0 0 0 0 0 0 0 0 0 0 0 0 0 
0 0 0 0 0 0 0 0 0 0 0 0 0 0 0 0 0 0 0 0 0 0 0 0 0 0 0 0 0 0 0 0 0 0 0 0 0 0 0 0 0 0 0 0 0 0 0 0 0 0 0 0 0 0 0 0 0 0 0 0 0 0 0 0 0 0 0 0 0 0 0 0 0 0 0 0 0 0 0 0 0 0 0 0 0 0 0 0 0 0 0 0 0 0 0 0 0 0 0 0 0 0 0 0 0 0 0 0 0 0 0 0 0 0 0 0 0 0 0 0 0 0 0 0 0 0 0 0 0 0 0 0 0 0 0 0 0 0 0 0 0 0 0 0 0 0 0 0 0 0 0 0 0 0 0 0 0 0 0 0 0 0 0 0 0 0 0 0 0 0 0 0 0 0 0 0 0 0 0 0 0 0 0 0 0 0 0 0 0 0 0 0 0 0 0 
0 0 0 0 1 1 0 1 0 1 0 0 0 1 0 0 0 1 0 1 0 0 0 0 0 0 1 0 0 0 0 0 0 0 0 0 1 0 0 0 0 0 0 0 0 0 1 0 0 0 0 0 0 0 1 0 0 0 0 0 0 0 0 0 0 0 0 0 0 1 0 1 0 0 0 0 0 0 0 1 0 0 0 1 0 0 0 1 1 0 0 0 0 0 0 1 0 0 0 0 1 0 0 0 1 1 0 0 0 0 0 0 0 0 0 0 0 0 0 0 0 0 0 0 0 0 0 0 1 0 0 0 0 0 0 0 0 0 0 0 0 0 0 0 0 0 0 0 0 0 0 0 0 0 0 0 0 0 0 0 1 0 0 0 0 0 0 0 0 0 0 0 0 0 0 0 0 0 0 0 0 0 0 0 0 0 0 0 0 0 0 0 0 0 0 
0 0 1 1 0 0 0 0 0 0 0 0 0 0 0 0 1 0 0 0 0 0 0 0 0 0 0 0 0 1 0 0 0 0 1 0 0 0 0 0 1 0 0 0 0 0 0 0 0 0 0 0 0 0 0 0 0 0 0 0 0 0 1 0 0 0 0 0 0 0 0 0 0 1 0 0 0 0 0 0 0 0 0 0 0 0 0 0 0 0 0 1 0 0 0 0 0 0 0 0 0 0 0 0 0 0 0 0 0 0 0 0 0 0 0 1 0 0 0 1 0 0 0 0 0 0 0 0 0 0 0 0 0 0 0 1 0 0 1 1 1 0 0 0 0 1 0 0 0 0 0 0 1 0 0 0 0 0 1 0 0 0 0 0 0 0 0 0 0 0 0 0 0 1 1 0 0 0 0 0 1 1 0 0 0 0 0 0 0 0 1 0 0 0 0 
0 1 0 0 0 0 0 0 0 0 0 0 0 0 0 0 0 0 0 0 0 1 0 0 0 0 0 0 0 0 0 0 0 0 0 0 0 0 1 1 0 0 0 0 0 0 0 0 1 0 1 0 0 0 0 1 0 1 0 0 0 0 0 0 0 0 0 0 0 0 0 0 0 0 0 0 0 0 1 0 0 0 0 0 1 0 0 0 0 0 0 0 0 0 1 0 0 0 0 0 0 0 0 0 0 0 0 0 0 0 0 0 1 0 0 0 0 0 0 0 0 0 0 0 1 0 0 0 0 0 0 0 0 0 0 0 0 0 0 0 0 0 0 0 0 0 0 0 0 0 1 0 0 0 0 0 0 0 0 0 0 0 0 1 0 0 0 0 0 0 0 0 0 0 0 0 1 0 0 0 0 0 0 1 1 0 0 0 1 0 0 1 0 0 0 
0 0 0 0 0 0 0 0 0 0 0 0 0 0 0 0 0 0 0 0 0 0 0 0 0 0 0 0 0 0 0 0 0 0 0 0 0 0 0 0 0 0 0 0 0 0 0 0 0 0 0 0 0 0 0 0 0 0 0 0 0 0 0 1 0 0 0 0 0 0 0 0 0 0 1 0 0 0 0 0 0 0 0 0 0 0 0 0 0 0 0 0 1 0 0 0 0 0 0 0 0 0 0 0 0 0 0 0 0 0 0 1 0 0 0 0 0 0 0 0 0 0 0 0 0 0 1 0 0 0 0 0 0 0 0 0 0 0 0 0 0 0 0 0 0 0 0 0 0 0 0 0 0 0 0 0 0 0 0 0 0 0 0 0 0 0 0 0 0 0 0 0 0 0 0 0 0 0 0 0 0 0 0 0 0 0 0 0 0 0 0 0 0 0 0 
0 0 0 0 0 0 0 0 0 0 0 0 0 0 0 0 0 0 0 0 0 0 0 0 0 0 0 0 1 0 1 0 1 0 0 0 0 0 0 0 0 0 0 0 0 0 0 0 0 0 0 0 0 0 0 0 0 0 0 0 0 0 0 0 0 0 1 0 0 0 0 0 0 0 0 0 0 0 0 0 0 0 0 0 0 0 0 0 0 0 0 0 0 0 0 0 0 1 0 0 0 0 0 1 0 0 0 0 0 0 0 0 0 0 0 0 0 0 0 0 0 0 0 0 0 0 0 0 0 0 0 0 0 0 0 0 0 0 0 0 0 0 0 0 0 0 0 1 0 0 0 1 0 1 0 0 0 0 0 0 0 0 0 0 0 0 0 0 0 0 0 0 0 0 0 0 0 0 0 0 0 0 0 0 0 0 0 0 0 0 0 0 0 1 0 
0 0 0 0 0 0 0 0 0 0 0 0 0 0 0 0 0 0 0 0 0 0 0 0 0 0 0 0 0 0 0 0 0 0 0 0 0 0 0 0 0 0 0 0 0 0 0 0 0 0 0 0 0 0 0 0 0 0 0 0 0 0 0 0 0 0 0 0 0 0 0 0 0 0 0 0 0 0 0 0 0 0 0 0 0 0 0 0 0 0 0 0 0 0 0 0 0 0 0 0 0 0 0 0 0 0 0 0 0 0 0 0 0 0 0 0 0 0 0 0 0 0 0 0 0 0 0 0 0 0 0 0 0 0 0 0 0 0 0 0 0 0 0 0 0 0 0 0 0 0 0 0 0 0 0 0 0 0 0 0 0 0 0 0 0 0 0 0 0 0 0 0 0 0 0 0 0 0 0 0 0 0 0 0 0 0 0 0 0 0 0 0 0 0 0 
0 0 0 0 0 0 0 0 0 0 0 0 0 0 1 0 0 0 0 0 0 0 0 1 0 0 0 1 0 0 0 0 0 0 0 0 0 0 0 0 0 0 0 0 1 0 0 0 0 0 0 1 0 0 0 0 0 0 0 0 0 1 0 0 0 0 0 0 0 0 0 0 0 0 0 0 0 0 0 0 0 0 0 0 0 0 0 0 0 0 0 0 0 0 0 0 0 0 0 0 0 0 0 0 0 0 1 0 0 0 0 0 0 1 0 0 1 0 0 0 0 0 0 0 0 0 0 1 0 0 0 0 0 0 0 0 0 1 0 0 0 0 0 0 0 0 0 0 0 0 0 0 0 0 0 0 0 0 0 0 0 0 0 0 0 0 1 0 0 1 1 0 1 0 0 0 0 0 0 0 0 0 0 0 0 0 0 0 0 0 0 0 0 0 0 
188 121 82 176 123 60 0 0 70 30 56 127 154 0 138 
0.000000E+00 4.949705E-04 2.830886E-06 5.350704E-05 7.646134E-06 4.000541E-05 0.000000E+00 1.287199E-06 0.000000E+00 7.837095E-05 0.000000E+00 0.000000E+00 0.000000E+00 3.924652E-04 1.348347E-05 3.298127E-04 5.303846E-06 1.930323E-07 2.407279E-04 2.926781E-04 0.000000E+00 2.057512E-04 0.000000E+00 6.795923E-07 3.430172E-06 0.000000E+00 3.671386E-05 9.699953E-05 8.186027E-06 0.000000E+00 7.183329E-08 1.317713E-06 3.893429E-06 0.000000E+00 3.613553E-06 0.000000E+00 1.594867E-04 0.000000E+00 1.036127E-04 6.286429E-04 6.582806E-06 1.924644E-05 0.000000E+00 3.973153E-07 3.729374E-05 0.000000E+00 1.311571E-05 3.340957E-08 1.349898E-05 1.609937E-06 7.199370E-05 1.681465E-04 0.000000E+00 1.876768E-04 5.748920E-04 0.000000E+00 0.000000E+00 2.425732E-06 5.912464E-05 0.000000E+00 0.000000E+00 6.240760E-06 9.808523E-04 2.242131E-08 0.000000E+00 0.000000E+00 4.739127E-07 6.029689E-08 1.415609E-04 0.000000E+00 1.705673E-07 3.258576E-06 0.000000E+00 1.096362E-04 1.238591E-07 0.000000E+00 0.000000E+00 1.383813E-06 7.305921E-05 2.347190E-04 5.736164E-08 0.000000E+00 0.000000E+00 5.076496E-05 3.740314E-06 3.241742E-05 1.894738E-04 5.414865E-06 3.527302E-05 0.000000E+00 1.487748E-06 1.372359E-04 1.030078E-08 2.796476E-07 2.162783E-05 1.603954E-05 0.000000E+00 2.326362E-07 0.000000E+00 2.713850E-04 1.683065E-04 1.484232E-06 0.000000E+00 2.602835E-07 3.056047E-05 9.263508E-08 2.081585E-05 0.000000E+00 0.000000E+00 0.000000E+00 1.541877E-06 1.124782E-06 9.989063E-05 1.326887E-06 0.000000E+00 3.134577E-04 2.023803E-05 2.380449E-05 0.000000E+00 1.014971E-05 0.000000E+00 0.000000E+00 0.000000E+00 2.257819E-06 9.638469E-04 4.432479E-07 0.000000E+00 1.926450E-05 1.506906E-05 0.000000E+00 8.375452E-07 0.000000E+00 2.137541E-04 2.596191E-09 0.000000E+00 3.881992E-05 4.111947E-04 0.000000E+00 5.977069E-04 1.253974E-05 1.155155E-04 0.000000E+00 1.293529E-06 8.871339E-06 0.000000E+00 4.817971E-05 7.050421E-07 5.058010E-05 5.074791E-08 1.140842E-05 7.922059E-05 1.091009E-07 2.096301E-04 0.000000E+00 3.159021E-09 0.000000E+00 3.543676E-05 0.000000E+00 4.887473E-05 0.000000E+00 1.440896E-04 0.000000E+00 9.834213E-06 8.481579E-06 0.000000E+00 0.000000E+00 1.868699E-09 1.816202E-06 3.552413E-06 1.639976E-05 4.699584E-06 3.548434E-08 5.228366E-06 2.933451E-05 2.555006E-06 0.000000E+00 5.539162E-04 3.547445E-07 8.187611E-07 1.123820E-04 1.457742E-04 1.076769E-05 0.000000E+00 9.999158E-04 9.490544E-05 0.000000E+00 0.000000E+00 0.000000E+00 2.469884E-04 0.000000E+00 1.024114E-05 2.641725E-09 2.411704E-06 6.627614E-06 7.378827E-05 
157 144 143 124 188 134 25 32 71 118 
94 78 169 172 121 68 48 
82 86 
155 81 176 
50 147 179 123 150 131 178 195 180 133 69 59 137 87 19 16 
126 91 111 149 60 44 163 54 193 168 42 102 100 
0 
0 
55 105 88 18 101 96 80 129 84 72 8 70 27 37 6 161 47 106 10 14 5 20 89 
175 3 120 4 182 140 30 136 146 191 92 116 181 159 153 41 74 174 35 141 17 139 63 
79 2 189 177 49 51 151 164 22 95 113 125 40 185 192 39 56 58 85 184 
75 93 64 127 112 
31 154 152 104 33 98 67 29 148 194 
0 
170 128 45 117 24 15 171 114 138 173 107 62 28 167 52 

============Find Best @ Round 7833================
==========Cluster 0, RcvInterf=1.26413e-14============
Node 156, SINR:1.53792e-01, BpsHz:2.29315e-02
Node 143, SINR:1.53792e-01, BpsHz:2.29315e-02
Node 142, SINR:1.53792e-01, BpsHz:2.29315e-02
Node 123, SINR:1.53792e-01, BpsHz:2.29315e-02
Node 187, SINR:0.00000e+00, BpsHz:0.00000e+00
Node 133, SINR:1.53792e-01, BpsHz:2.29315e-02
Node 24, SINR:1.53792e-01, BpsHz:2.29315e-02
Node 31, SINR:1.53792e-01, BpsHz:2.29315e-02
Node 70, SINR:1.53792e-01, BpsHz:2.29315e-02
Node 117, SINR:1.53792e-01, BpsHz:2.29315e-02
---------------
==========Cluster 1, RcvInterf=1.04864e-14============
Node 93, SINR:1.00065e-01, BpsHz:2.29315e-02
Node 77, SINR:1.00065e-01, BpsHz:2.29315e-02
Node 168, SINR:1.00065e-01, BpsHz:2.29315e-02
Node 171, SINR:1.00065e-01, BpsHz:2.29315e-02
Node 120, SINR:0.00000e+00, BpsHz:0.00000e+00
Node 67, SINR:1.00065e-01, BpsHz:2.29315e-02
Node 47, SINR:1.00065e-01, BpsHz:2.29315e-02
---------------
==========Cluster 2, RcvInterf=2.15466e-12============
Node 81, SINR:0.00000e+00, BpsHz:0.00000e+00
Node 85, SINR:1.60218e-02, BpsHz:2.29314e-02
---------------
==========Cluster 3, RcvInterf=9.75710e-15============
Node 154, SINR:3.23005e-02, BpsHz:2.29315e-02
Node 80, SINR:3.23005e-02, BpsHz:2.29315e-02
Node 175, SINR:0.00000e+00, BpsHz:0.00000e+00
---------------
==========Cluster 4, RcvInterf=1.82493e-14============
Node 49, SINR:2.69246e-01, BpsHz:2.29315e-02
Node 146, SINR:2.69246e-01, BpsHz:2.29315e-02
Node 178, SINR:2.69246e-01, BpsHz:2.29315e-02
Node 122, SINR:0.00000e+00, BpsHz:0.00000e+00
Node 149, SINR:2.69246e-01, BpsHz:2.29315e-02
Node 130, SINR:2.69246e-01, BpsHz:2.29315e-02
Node 177, SINR:2.69246e-01, BpsHz:2.29315e-02
Node 194, SINR:2.69246e-01, BpsHz:2.29315e-02
Node 179, SINR:2.69246e-01, BpsHz:2.29315e-02
Node 132, SINR:2.69246e-01, BpsHz:2.29315e-02
Node 68, SINR:2.69246e-01, BpsHz:2.29315e-02
Node 58, SINR:2.69246e-01, BpsHz:2.29315e-02
Node 136, SINR:2.69246e-01, BpsHz:2.29315e-02
Node 86, SINR:2.69246e-01, BpsHz:2.29315e-02
Node 18, SINR:2.69246e-01, BpsHz:2.29315e-02
Node 15, SINR:2.69246e-01, BpsHz:2.29315e-02
---------------
==========Cluster 5, RcvInterf=7.82292e-15============
Node 125, SINR:2.10143e-01, BpsHz:2.29315e-02
Node 90, SINR:2.10143e-01, BpsHz:2.29315e-02
Node 110, SINR:2.10143e-01, BpsHz:2.29315e-02
Node 148, SINR:2.10143e-01, BpsHz:2.29315e-02
Node 59, SINR:0.00000e+00, BpsHz:0.00000e+00
Node 43, SINR:2.10143e-01, BpsHz:2.29315e-02
Node 162, SINR:2.10143e-01, BpsHz:2.29315e-02
Node 53, SINR:2.10143e-01, BpsHz:2.29315e-02
Node 192, SINR:2.10143e-01, BpsHz:2.29315e-02
Node 167, SINR:2.10143e-01, BpsHz:2.29315e-02
Node 41, SINR:2.10143e-01, BpsHz:2.29315e-02
Node 101, SINR:2.10143e-01, BpsHz:2.29315e-02
Node 99, SINR:2.10143e-01, BpsHz:2.29315e-02
---------------
==========Cluster 6, RcvInterf=1.11544e-14============
Node -1, SINR:3.32941e-311, BpsHz:3.32941e-311
---------------
==========Cluster 7, RcvInterf=1.41388e-14============
Node -1, SINR:3.32941e-311, BpsHz:3.32941e-311
---------------
==========Cluster 8, RcvInterf=8.90141e-15============
Node 54, SINR:4.18624e-01, BpsHz:2.29315e-02
Node 104, SINR:4.18624e-01, BpsHz:2.29315e-02
Node 87, SINR:4.18624e-01, BpsHz:2.29315e-02
Node 17, SINR:4.18624e-01, BpsHz:2.29315e-02
Node 100, SINR:4.18624e-01, BpsHz:2.29315e-02
Node 95, SINR:4.18624e-01, BpsHz:2.29315e-02
Node 79, SINR:4.18624e-01, BpsHz:2.29315e-02
Node 128, SINR:4.18624e-01, BpsHz:2.29315e-02
Node 83, SINR:4.18624e-01, BpsHz:2.29315e-02
Node 71, SINR:4.18624e-01, BpsHz:2.29315e-02
Node 7, SINR:4.18624e-01, BpsHz:2.29315e-02
Node 69, SINR:0.00000e+00, BpsHz:0.00000e+00
Node 26, SINR:4.18624e-01, BpsHz:2.29315e-02
Node 36, SINR:4.18624e-01, BpsHz:2.29315e-02
Node 5, SINR:4.18624e-01, BpsHz:2.29315e-02
Node 160, SINR:4.18624e-01, BpsHz:2.29315e-02
Node 46, SINR:4.18624e-01, BpsHz:2.29315e-02
Node 105, SINR:4.18624e-01, BpsHz:2.29315e-02
Node 9, SINR:4.18624e-01, BpsHz:2.29315e-02
Node 13, SINR:4.18624e-01, BpsHz:2.29315e-02
Node 4, SINR:4.18624e-01, BpsHz:2.29315e-02
Node 19, SINR:4.18624e-01, BpsHz:2.29315e-02
Node 88, SINR:4.18624e-01, BpsHz:2.29315e-02
---------------
==========Cluster 9, RcvInterf=9.09412e-15============
Node 174, SINR:4.18624e-01, BpsHz:2.29315e-02
Node 2, SINR:4.18624e-01, BpsHz:2.29315e-02
Node 119, SINR:4.18624e-01, BpsHz:2.29315e-02
Node 3, SINR:4.18624e-01, BpsHz:2.29315e-02
Node 181, SINR:4.18624e-01, BpsHz:2.29315e-02
Node 139, SINR:4.18624e-01, BpsHz:2.29315e-02
Node 29, SINR:0.00000e+00, BpsHz:0.00000e+00
Node 135, SINR:4.18624e-01, BpsHz:2.29315e-02
Node 145, SINR:4.18624e-01, BpsHz:2.29315e-02
Node 190, SINR:4.18624e-01, BpsHz:2.29315e-02
Node 91, SINR:4.18624e-01, BpsHz:2.29315e-02
Node 115, SINR:4.18624e-01, BpsHz:2.29315e-02
Node 180, SINR:4.18624e-01, BpsHz:2.29315e-02
Node 158, SINR:4.18624e-01, BpsHz:2.29315e-02
Node 152, SINR:4.18624e-01, BpsHz:2.29315e-02
Node 40, SINR:4.18624e-01, BpsHz:2.29315e-02
Node 73, SINR:4.18624e-01, BpsHz:2.29315e-02
Node 173, SINR:4.18624e-01, BpsHz:2.29315e-02
Node 34, SINR:4.18624e-01, BpsHz:2.29315e-02
Node 140, SINR:4.18624e-01, BpsHz:2.29315e-02
Node 16, SINR:4.18624e-01, BpsHz:2.29315e-02
Node 138, SINR:4.18624e-01, BpsHz:2.29315e-02
Node 62, SINR:4.18624e-01, BpsHz:2.29315e-02
---------------
==========Cluster 10, RcvInterf=1.91826e-14============
Node 78, SINR:3.52565e-01, BpsHz:2.29315e-02
Node 1, SINR:3.52565e-01, BpsHz:2.29315e-02
Node 188, SINR:3.52565e-01, BpsHz:2.29315e-02
Node 176, SINR:3.52565e-01, BpsHz:2.29315e-02
Node 48, SINR:3.52565e-01, BpsHz:2.29315e-02
Node 50, SINR:3.52565e-01, BpsHz:2.29315e-02
Node 150, SINR:3.52565e-01, BpsHz:2.29315e-02
Node 163, SINR:3.52565e-01, BpsHz:2.29315e-02
Node 21, SINR:3.52565e-01, BpsHz:2.29315e-02
Node 94, SINR:3.52565e-01, BpsHz:2.29315e-02
Node 112, SINR:3.52565e-01, BpsHz:2.29315e-02
Node 124, SINR:3.52565e-01, BpsHz:2.29315e-02
Node 39, SINR:3.52565e-01, BpsHz:2.29315e-02
Node 184, SINR:3.52565e-01, BpsHz:2.29315e-02
Node 191, SINR:3.52565e-01, BpsHz:2.29315e-02
Node 38, SINR:3.52565e-01, BpsHz:2.29315e-02
Node 55, SINR:0.00000e+00, BpsHz:0.00000e+00
Node 57, SINR:3.52565e-01, BpsHz:2.29315e-02
Node 84, SINR:3.52565e-01, BpsHz:2.29315e-02
Node 183, SINR:3.52565e-01, BpsHz:2.29315e-02
---------------
==========Cluster 11, RcvInterf=1.72336e-14============
Node 74, SINR:6.56443e-02, BpsHz:2.29315e-02
Node 92, SINR:6.56443e-02, BpsHz:2.29315e-02
Node 63, SINR:6.56443e-02, BpsHz:2.29315e-02
Node 126, SINR:0.00000e+00, BpsHz:0.00000e+00
Node 111, SINR:6.56443e-02, BpsHz:2.29315e-02
---------------
==========Cluster 12, RcvInterf=1.47067e-14============
Node 30, SINR:1.53792e-01, BpsHz:2.29315e-02
Node 153, SINR:0.00000e+00, BpsHz:0.00000e+00
Node 151, SINR:1.53792e-01, BpsHz:2.29315e-02
Node 103, SINR:1.53792e-01, BpsHz:2.29315e-02
Node 32, SINR:1.53792e-01, BpsHz:2.29315e-02
Node 97, SINR:1.53792e-01, BpsHz:2.29315e-02
Node 66, SINR:1.53792e-01, BpsHz:2.29315e-02
Node 28, SINR:1.53792e-01, BpsHz:2.29315e-02
Node 147, SINR:1.53792e-01, BpsHz:2.29315e-02
Node 193, SINR:1.53792e-01, BpsHz:2.29315e-02
---------------
==========Cluster 13, RcvInterf=1.69699e-14============
Node -1, SINR:3.32941e-311, BpsHz:3.32941e-311
---------------
==========Cluster 14, RcvInterf=1.58489e-14============
Node 169, SINR:2.49231e-01, BpsHz:2.29315e-02
Node 127, SINR:2.49231e-01, BpsHz:2.29315e-02
Node 44, SINR:2.49231e-01, BpsHz:2.29315e-02
Node 116, SINR:2.49231e-01, BpsHz:2.29315e-02
Node 23, SINR:2.49231e-01, BpsHz:2.29315e-02
Node 14, SINR:2.49231e-01, BpsHz:2.29315e-02
Node 170, SINR:2.49231e-01, BpsHz:2.29315e-02
Node 113, SINR:2.49231e-01, BpsHz:2.29315e-02
Node 137, SINR:0.00000e+00, BpsHz:0.00000e+00
Node 172, SINR:2.49231e-01, BpsHz:2.29315e-02
Node 106, SINR:2.49231e-01, BpsHz:2.29315e-02
Node 61, SINR:2.49231e-01, BpsHz:2.29315e-02
Node 27, SINR:2.49231e-01, BpsHz:2.29315e-02
Node 166, SINR:2.49231e-01, BpsHz:2.29315e-02
Node 51, SINR:2.49231e-01, BpsHz:2.29315e-02
---------------
