195
15
1.000000e-03
2.525175e-312
151
8000
4.989702e+00
2.467041e+00
4.989702e-06
2.185125e-06
0 0 0 0 0 0 0 0 0 0 0 0 0 0 0 0 0 0 0 0 0 0 0 0 0 0 0 0 0 0 0 1 0 0 0 0 0 0 0 0 0 1 0 0 0 0 0 0 0 0 0 0 0 1 0 0 0 0 0 1 0 0 0 0 0 0 0 0 0 0 0 0 0 0 0 0 0 0 0 0 0 0 0 0 0 0 0 0 0 0 1 0 0 0 0 0 0 0 0 0 0 1 0 0 0 0 0 0 0 0 1 0 0 0 0 0 0 1 0 0 0 0 0 0 0 1 0 0 0 0 0 0 0 0 0 0 0 0 0 0 0 0 1 0 1 0 0 0 1 0 0 0 0 0 0 0 1 1 0 0 0 0 1 0 0 0 0 0 0 0 0 0 0 0 0 0 0 0 0 0 0 0 0 0 0 0 0 0 0 0 0 0 1 0 0 
0 0 0 0 0 0 0 0 0 0 0 0 0 0 0 0 0 0 0 0 0 0 0 0 0 0 0 0 0 0 0 0 0 0 0 0 0 0 0 0 0 0 0 0 0 0 0 0 0 0 0 0 0 0 0 0 0 0 0 0 0 0 0 0 0 0 0 0 0 0 0 0 0 0 0 0 0 0 0 0 0 0 0 0 0 0 0 0 0 0 0 0 0 0 0 0 0 0 0 0 0 0 0 0 0 0 0 1 0 0 0 1 0 0 0 0 0 0 0 0 0 0 0 0 0 0 0 0 0 0 0 0 0 0 0 0 0 0 0 0 0 0 0 0 0 0 0 0 0 0 0 0 0 0 0 0 0 0 0 0 0 0 0 0 0 0 0 0 0 0 0 0 0 0 0 0 0 0 0 0 0 0 0 0 0 0 0 0 0 0 0 0 0 0 0 
0 0 0 0 0 0 0 0 0 0 0 0 0 0 0 1 0 0 1 0 0 0 0 0 0 0 0 0 0 0 0 0 0 1 0 0 0 0 0 0 0 0 0 0 0 0 0 0 0 1 0 0 0 0 0 0 0 0 1 0 0 0 0 0 0 0 0 0 0 0 0 0 0 0 0 0 0 0 0 0 0 0 0 0 0 0 1 0 0 0 0 0 0 0 0 0 0 0 0 0 0 0 0 0 0 0 0 0 0 0 0 0 0 0 0 0 0 0 0 0 0 0 0 0 0 0 0 0 0 1 0 0 1 0 1 0 1 0 0 0 0 0 0 0 0 0 1 0 0 1 0 0 0 0 0 0 0 0 0 0 0 0 0 0 0 0 0 0 0 0 0 0 0 0 0 0 0 0 1 1 0 0 0 0 0 0 0 0 0 0 0 0 0 0 1 
0 0 0 1 0 0 0 0 0 0 0 0 0 0 0 0 0 0 0 0 0 0 0 0 0 0 0 1 0 0 0 0 0 0 0 0 0 0 0 0 0 0 0 0 0 0 0 0 0 0 0 0 0 0 0 0 0 0 0 0 0 0 1 0 0 0 0 0 0 0 0 0 0 1 0 0 0 0 0 0 0 0 0 0 0 0 0 0 0 0 0 1 0 0 0 0 1 0 0 0 0 0 0 0 0 0 0 0 0 0 0 0 0 0 0 1 0 0 0 1 0 0 0 0 0 0 0 0 0 0 0 0 0 0 0 1 0 0 1 1 1 0 0 0 0 1 0 0 0 0 0 0 1 0 0 0 0 0 0 0 0 0 0 0 0 0 0 0 0 0 0 0 0 0 1 0 0 0 0 0 1 1 0 0 0 0 0 0 0 0 0 0 0 0 0 
0 0 0 0 0 0 0 0 0 0 0 0 0 0 0 0 0 0 0 0 0 0 0 0 0 0 0 0 0 0 0 0 0 0 0 0 0 0 0 0 0 0 1 0 1 0 0 0 0 0 0 0 0 0 0 0 0 0 0 0 0 1 0 0 0 0 0 0 0 0 0 0 0 0 0 0 0 0 0 0 0 0 0 0 0 0 0 0 0 0 0 0 0 0 0 0 0 0 0 0 0 0 0 0 0 0 0 0 0 0 0 0 0 0 0 0 0 0 0 0 0 0 0 0 0 0 0 0 0 0 0 0 0 0 0 0 0 0 0 0 0 0 0 0 0 0 0 0 0 0 0 0 0 0 0 0 0 0 0 0 0 0 0 0 0 0 0 0 0 0 0 0 0 1 0 0 0 0 0 0 0 0 0 0 0 0 0 0 0 0 1 0 0 0 0 
0 0 0 0 1 0 0 1 0 1 0 0 0 0 0 0 1 0 0 0 1 0 0 0 0 0 0 0 0 0 0 0 0 0 1 0 0 0 0 0 1 0 0 0 0 0 1 0 0 0 0 0 0 0 0 0 0 0 0 0 0 0 0 0 0 0 0 0 0 1 0 0 0 0 0 1 0 0 0 0 0 0 0 0 0 0 0 0 0 0 0 0 0 0 0 0 0 0 0 0 0 0 0 0 0 1 0 0 0 0 0 0 0 0 0 0 0 0 0 0 0 0 0 0 0 0 0 0 0 0 0 0 0 0 0 0 0 0 0 0 0 0 0 0 0 0 0 0 0 0 0 0 0 0 1 0 0 0 0 0 0 0 0 0 0 0 0 0 0 0 0 0 0 0 0 0 0 0 0 0 0 0 0 0 0 0 0 0 0 0 0 0 0 0 0 
0 0 0 0 0 0 0 0 0 0 0 0 1 0 0 0 0 0 0 0 0 0 1 0 1 1 0 0 1 0 1 0 1 0 0 0 0 0 0 0 0 0 0 0 0 0 0 0 0 0 0 0 0 0 0 0 0 0 0 0 0 0 0 0 0 0 1 0 0 0 1 0 0 0 0 0 1 0 0 0 0 0 1 0 0 0 0 0 0 1 0 0 0 0 0 0 0 0 0 0 0 0 0 1 0 0 0 0 0 0 0 0 0 0 0 0 0 0 0 0 0 0 0 0 0 0 0 0 0 0 0 0 0 0 0 0 0 0 0 0 0 0 0 1 0 0 0 0 0 0 0 1 0 1 0 0 0 0 0 0 0 0 0 0 1 0 0 0 0 0 0 0 0 0 0 0 0 0 0 0 0 0 0 0 0 0 0 1 0 0 0 0 0 0 0 
0 0 0 0 0 0 0 0 0 0 0 0 0 0 0 0 0 0 0 0 0 0 0 0 0 0 0 0 0 0 0 0 0 0 0 0 0 0 0 0 0 0 0 0 0 0 0 0 0 0 0 0 1 0 0 0 0 0 0 0 0 0 0 0 0 0 0 0 0 0 0 0 0 0 1 0 0 0 0 0 1 0 0 0 0 0 0 0 0 0 0 0 0 0 0 0 0 0 0 0 0 0 0 0 0 0 0 0 0 0 0 0 0 0 0 0 0 0 0 0 0 0 0 0 0 0 0 0 0 0 0 0 0 0 0 0 0 0 0 0 0 0 0 0 0 0 0 0 0 0 0 0 0 0 0 0 0 0 0 0 0 0 0 0 0 0 0 0 0 0 0 0 0 0 0 0 0 0 0 0 0 0 0 0 0 0 0 0 0 0 0 0 0 0 0 
0 0 0 0 0 0 0 0 0 0 0 0 0 0 1 0 0 0 0 0 0 0 0 0 0 0 0 0 0 0 0 0 0 0 0 1 0 0 0 0 0 0 0 0 0 0 0 0 0 0 0 0 0 0 0 0 0 0 0 0 0 0 0 0 0 0 0 0 0 0 0 0 0 0 0 0 0 0 0 0 0 0 0 0 0 0 0 0 0 0 0 0 0 0 0 0 0 0 0 0 0 0 0 0 0 0 1 0 0 1 0 0 0 1 0 0 0 0 0 0 0 0 1 0 0 0 0 0 0 0 1 0 0 0 0 0 0 1 0 0 0 0 0 0 0 0 0 0 0 0 0 0 0 0 0 0 0 0 0 0 0 0 0 0 0 1 1 0 0 0 1 0 1 0 0 0 0 1 0 0 0 0 0 0 0 0 0 0 0 0 0 0 0 0 0 
1 0 0 0 0 0 0 0 0 0 0 0 0 0 0 0 0 0 0 0 0 0 0 0 0 0 0 0 0 0 0 0 0 0 0 0 0 1 0 0 0 0 0 0 0 1 0 1 0 0 0 0 0 0 0 0 0 0 0 0 1 0 0 0 1 0 0 1 0 0 0 0 0 0 0 0 0 1 0 0 0 0 0 0 0 0 0 0 0 0 0 0 0 1 0 0 0 0 0 0 0 0 0 0 0 0 0 0 1 0 0 0 0 0 1 0 0 0 0 0 1 0 0 0 0 0 0 0 0 0 0 1 0 0 0 0 0 0 0 0 0 0 0 0 0 0 0 0 0 0 0 0 0 0 0 1 0 0 0 0 0 0 0 0 0 0 0 0 1 0 0 1 0 0 0 1 0 0 0 0 0 0 0 0 0 0 0 0 0 0 0 0 0 0 0 
0 1 0 0 0 0 0 0 0 0 0 1 0 0 0 0 0 0 0 0 0 1 0 0 0 0 0 0 0 0 0 0 0 0 0 0 0 0 0 1 0 0 0 0 0 0 0 0 1 0 1 0 0 0 0 0 0 0 0 0 0 0 0 0 0 0 0 0 0 0 0 0 0 0 0 0 0 0 1 0 0 0 0 0 0 0 0 0 0 0 0 0 0 0 1 0 0 0 0 0 0 0 0 0 0 0 0 0 0 0 0 0 1 0 0 0 0 0 0 0 0 1 0 0 1 0 0 0 0 0 0 0 0 0 0 0 0 0 0 0 0 0 0 0 0 0 0 1 0 0 1 0 0 0 0 0 0 0 0 0 0 0 0 1 0 0 0 0 0 0 0 0 0 0 0 0 1 0 0 0 0 0 0 1 1 0 1 0 1 0 0 0 0 0 0 
0 0 0 0 0 0 0 0 0 0 0 0 0 0 0 0 0 0 0 0 0 0 0 0 0 0 0 0 0 0 0 0 0 0 0 0 0 0 0 0 0 0 0 0 0 0 0 0 0 0 0 0 0 0 0 1 0 0 0 0 0 0 0 0 0 0 0 0 0 0 0 0 0 0 0 0 0 0 0 0 0 0 0 0 1 0 0 0 0 0 0 0 0 0 0 0 0 0 0 0 0 0 0 0 0 0 0 0 0 0 0 0 0 0 0 0 0 0 0 0 0 0 0 0 0 0 0 0 0 0 0 0 0 0 0 0 0 0 0 0 0 0 0 0 0 0 0 0 0 0 0 0 0 0 0 0 0 0 0 0 0 0 0 0 0 0 0 0 0 0 0 0 0 0 0 0 0 0 0 0 0 0 0 0 0 0 0 0 0 0 0 1 0 0 0 
0 0 0 0 0 0 0 0 0 0 0 0 0 0 0 0 0 0 0 0 0 0 0 0 0 0 0 0 0 0 0 0 0 0 0 0 0 0 0 0 0 0 0 0 0 0 0 0 0 0 0 0 0 0 0 0 0 0 0 0 0 0 0 0 0 0 0 0 0 0 0 0 0 0 0 0 0 0 0 0 0 0 0 0 0 0 0 0 0 0 0 0 0 0 0 0 0 0 0 0 0 0 0 0 0 0 0 0 0 0 0 0 0 0 0 0 0 0 0 0 0 0 0 0 0 0 0 0 0 0 0 0 0 0 0 0 0 0 0 0 0 0 0 0 0 0 0 0 0 0 0 0 0 0 0 0 0 0 0 0 0 0 0 0 0 0 0 1 0 0 0 0 0 0 0 0 0 0 0 0 0 0 0 0 0 0 0 0 0 0 0 0 0 0 0 
0 0 0 0 0 1 0 0 0 0 0 0 0 1 0 0 0 0 0 1 0 0 0 0 0 0 1 0 0 0 0 0 0 0 0 0 1 0 0 0 0 0 0 0 0 0 0 0 0 0 0 0 0 0 1 0 0 0 0 0 0 0 0 0 0 1 0 0 0 0 0 0 0 0 0 0 0 0 0 1 0 1 0 1 0 1 0 1 1 0 0 0 0 0 0 1 0 0 0 0 1 0 1 0 1 0 0 0 0 0 0 0 0 0 0 0 0 0 0 0 0 0 0 0 0 0 0 0 1 0 0 0 0 0 0 0 0 0 0 0 0 0 0 0 0 0 0 0 0 0 0 0 0 0 0 0 0 0 0 0 1 1 0 0 0 0 0 0 0 0 0 0 0 0 0 0 0 0 0 0 0 0 1 0 0 0 0 0 0 0 0 0 0 0 0 
0 0 0 0 0 0 0 0 0 0 1 0 0 0 0 0 0 0 0 0 0 0 0 0 0 0 0 0 0 0 0 0 0 0 0 0 0 0 0 0 0 0 0 0 0 0 0 0 0 0 0 0 0 0 0 0 0 0 0 0 0 0 0 1 0 0 0 0 0 0 0 0 0 0 0 0 0 0 0 0 0 0 0 0 0 0 0 0 0 0 0 0 1 0 0 0 0 0 0 0 0 0 0 0 0 0 0 0 0 0 0 0 0 0 0 0 0 0 0 0 0 0 0 0 0 0 1 0 0 0 0 0 0 0 0 0 0 0 0 0 0 0 0 0 0 0 0 0 0 0 0 0 0 0 0 0 0 0 0 0 0 0 0 0 0 0 0 0 0 0 0 0 0 0 0 0 0 0 0 0 0 0 0 0 0 0 0 0 0 0 0 0 0 0 0 
149 108 50 175 191 70 152 75 123 172 164 85 168 88 127 
1.065930E-05 9.810611E-05 0.000000E+00 3.587963E-06 7.170991E-06 6.807372E-05 0.000000E+00 1.207211E-06 0.000000E+00 7.350086E-05 1.009796E-06 2.736654E-05 5.795454E-04 9.457339E-05 3.012443E-04 5.994850E-05 1.348144E-05 0.000000E+00 9.806661E-05 7.757251E-05 7.155916E-06 2.845326E-05 2.361650E-04 0.000000E+00 7.820468E-05 6.857738E-07 6.489424E-05 2.466326E-04 5.216277E-05 0.000000E+00 3.746054E-06 7.633764E-06 1.984687E-05 4.462597E-05 1.440308E-05 5.351586E-05 1.705300E-04 1.608993E-04 0.000000E+00 1.897342E-04 2.654510E-05 2.234938E-05 1.161479E-07 0.000000E+00 2.188560E-04 2.393559E-04 1.230068E-05 2.839118E-06 4.399587E-07 0.000000E+00 4.160284E-06 0.000000E+00 9.776453E-08 4.609232E-04 1.437114E-04 3.575642E-07 0.000000E+00 0.000000E+00 4.683380E-06 1.068971E-07 2.369083E-04 8.735943E-07 3.598296E-04 2.455738E-08 3.756267E-04 2.443021E-04 9.462110E-06 9.036073E-07 0.000000E+00 0.000000E+00 1.276629E-05 0.000000E+00 0.000000E+00 2.446613E-05 0.000000E+00 1.059199E-05 2.706382E-04 3.571408E-06 3.033970E-06 5.338228E-05 3.837450E-06 1.497545E-07 2.005175E-04 3.157708E-05 0.000000E+00 5.483278E-05 2.694122E-05 0.000000E+00 3.922549E-06 7.619464E-06 9.565586E-07 5.350033E-05 1.128213E-08 2.728694E-07 3.039705E-06 8.360436E-06 2.240603E-04 0.000000E+00 0.000000E+00 0.000000E+00 2.821008E-05 1.029174E-06 6.930232E-05 4.015101E-07 5.471126E-07 8.687860E-08 5.596760E-05 0.000000E+00 9.994323E-04 1.483074E-04 5.833916E-06 6.449883E-09 1.534229E-05 1.393974E-04 6.995376E-04 7.979006E-05 0.000000E+00 1.028881E-04 0.000000E+00 4.793182E-08 1.519180E-07 2.743152E-05 0.000000E+00 0.000000E+00 2.580502E-04 9.022233E-07 0.000000E+00 0.000000E+00 2.774080E-06 5.360336E-05 5.662009E-07 8.743730E-04 4.517765E-05 0.000000E+00 3.892466E-06 5.015592E-06 8.269634E-05 4.013997E-05 1.801783E-04 1.125106E-06 4.912407E-05 0.000000E+00 3.333970E-05 2.683600E-04 5.707435E-09 2.772319E-06 2.830413E-09 1.091251E-04 0.000000E+00 3.990010E-06 5.793427E-06 0.000000E+00 4.051223E-05 2.391316E-07 3.137927E-05 3.453732E-06 6.707366E-04 8.180967E-05 0.000000E+00 0.000000E+00 1.590108E-05 3.852021E-04 2.554034E-05 0.000000E+00 6.120948E-05 1.611111E-04 3.141920E-05 0.000000E+00 1.011143E-05 0.000000E+00 2.096577E-04 0.000000E+00 1.089297E-04 1.602111E-08 0.000000E+00 1.956951E-05 1.255762E-04 2.398159E-07 4.017814E-07 4.414077E-05 2.219164E-05 2.887535E-07 7.068856E-05 2.908140E-04 2.356643E-05 0.000000E+00 2.308334E-04 1.664503E-05 4.842623E-05 0.000000E+00 0.000000E+00 1.753284E-07 2.308595E-06 0.000000E+00 1.153155E-05 
149 193 145 102 60 91 32 42 126 143 163 111 158 118 54 157 
112 108 
150 180 130 19 133 34 195 87 179 50 135 137 59 147 16 
146 4 181 136 153 182 140 120 74 97 175 92 63 141 139 116 28 
62 191 43 174 45 
8 70 106 47 10 5 35 17 76 21 41 155 
13 29 23 165 77 33 83 25 71 144 104 188 31 154 26 152 90 67 
75 53 81 
123 178 131 114 167 36 107 110 173 138 166 171 15 
94 172 121 68 156 78 46 115 61 65 169 38 48 132 109 176 1 
189 22 113 185 79 95 49 40 164 2 125 12 151 51 177 184 187 122 148 
85 192 56 
168 
82 88 105 161 101 129 80 55 89 14 103 86 20 66 183 84 37 96 6 27 162 
127 93 11 64 

============Find Best @ Round 3874================
==========Cluster 0, RcvInterf=2.51001e-14============
Node 148, SINR:0.00000e+00, BpsHz:0.00000e+00
Node 192, SINR:2.65210e-01, BpsHz:2.26251e-02
Node 144, SINR:2.65210e-01, BpsHz:2.26251e-02
Node 101, SINR:2.65210e-01, BpsHz:2.26251e-02
Node 59, SINR:2.65210e-01, BpsHz:2.26251e-02
Node 90, SINR:2.65210e-01, BpsHz:2.26251e-02
Node 31, SINR:2.65210e-01, BpsHz:2.26251e-02
Node 41, SINR:2.65210e-01, BpsHz:2.26251e-02
Node 125, SINR:2.65210e-01, BpsHz:2.26251e-02
Node 142, SINR:2.65210e-01, BpsHz:2.26251e-02
Node 162, SINR:2.65210e-01, BpsHz:2.26251e-02
Node 110, SINR:2.65210e-01, BpsHz:2.26251e-02
Node 157, SINR:2.65210e-01, BpsHz:2.26251e-02
Node 117, SINR:2.65210e-01, BpsHz:2.26251e-02
Node 53, SINR:2.65210e-01, BpsHz:2.26251e-02
Node 156, SINR:2.65210e-01, BpsHz:2.26251e-02
---------------
==========Cluster 1, RcvInterf=1.54438e-14============
Node 111, SINR:1.58062e-02, BpsHz:2.26252e-02
Node 107, SINR:0.00000e+00, BpsHz:0.00000e+00
---------------
==========Cluster 2, RcvInterf=1.24606e-14============
Node 149, SINR:2.45523e-01, BpsHz:2.26251e-02
Node 179, SINR:2.45523e-01, BpsHz:2.26251e-02
Node 129, SINR:2.45523e-01, BpsHz:2.26251e-02
Node 18, SINR:2.45523e-01, BpsHz:2.26251e-02
Node 132, SINR:2.45523e-01, BpsHz:2.26251e-02
Node 33, SINR:2.45523e-01, BpsHz:2.26251e-02
Node 194, SINR:2.45523e-01, BpsHz:2.26251e-02
Node 86, SINR:2.45523e-01, BpsHz:2.26251e-02
Node 178, SINR:2.45523e-01, BpsHz:2.26251e-02
Node 49, SINR:0.00000e+00, BpsHz:0.00000e+00
Node 134, SINR:2.45523e-01, BpsHz:2.26251e-02
Node 136, SINR:2.45523e-01, BpsHz:2.26251e-02
Node 58, SINR:2.45523e-01, BpsHz:2.26251e-02
Node 146, SINR:2.45523e-01, BpsHz:2.26251e-02
Node 15, SINR:2.45523e-01, BpsHz:2.26251e-02
---------------
==========Cluster 3, RcvInterf=3.51383e-14============
Node 145, SINR:2.85208e-01, BpsHz:2.26251e-02
Node 3, SINR:2.85208e-01, BpsHz:2.26251e-02
Node 180, SINR:2.85208e-01, BpsHz:2.26251e-02
Node 135, SINR:2.85208e-01, BpsHz:2.26251e-02
Node 152, SINR:2.85208e-01, BpsHz:2.26251e-02
Node 181, SINR:2.85208e-01, BpsHz:2.26251e-02
Node 139, SINR:2.85208e-01, BpsHz:2.26251e-02
Node 119, SINR:2.85208e-01, BpsHz:2.26251e-02
Node 73, SINR:2.85208e-01, BpsHz:2.26251e-02
Node 96, SINR:2.85208e-01, BpsHz:2.26251e-02
Node 174, SINR:0.00000e+00, BpsHz:0.00000e+00
Node 91, SINR:2.85208e-01, BpsHz:2.26251e-02
Node 62, SINR:2.85208e-01, BpsHz:2.26251e-02
Node 140, SINR:2.85208e-01, BpsHz:2.26251e-02
Node 138, SINR:2.85208e-01, BpsHz:2.26251e-02
Node 115, SINR:2.85208e-01, BpsHz:2.26251e-02
Node 27, SINR:2.85208e-01, BpsHz:2.26251e-02
---------------
==========Cluster 4, RcvInterf=2.41428e-14============
Node 61, SINR:6.47395e-02, BpsHz:2.26251e-02
Node 190, SINR:0.00000e+00, BpsHz:0.00000e+00
Node 42, SINR:6.47395e-02, BpsHz:2.26251e-02
Node 173, SINR:6.47395e-02, BpsHz:2.26251e-02
Node 44, SINR:6.47395e-02, BpsHz:2.26251e-02
---------------
==========Cluster 5, RcvInterf=4.27937e-14============
Node 7, SINR:1.88281e-01, BpsHz:2.26251e-02
Node 69, SINR:0.00000e+00, BpsHz:0.00000e+00
Node 105, SINR:1.88281e-01, BpsHz:2.26251e-02
Node 46, SINR:1.88281e-01, BpsHz:2.26251e-02
Node 9, SINR:1.88281e-01, BpsHz:2.26251e-02
Node 4, SINR:1.88281e-01, BpsHz:2.26251e-02
Node 34, SINR:1.88281e-01, BpsHz:2.26251e-02
Node 16, SINR:1.88281e-01, BpsHz:2.26251e-02
Node 75, SINR:1.88281e-01, BpsHz:2.26251e-02
Node 20, SINR:1.88281e-01, BpsHz:2.26251e-02
Node 40, SINR:1.88281e-01, BpsHz:2.26251e-02
Node 154, SINR:1.88281e-01, BpsHz:2.26251e-02
---------------
==========Cluster 6, RcvInterf=2.30242e-14============
Node 12, SINR:3.05522e-01, BpsHz:2.26251e-02
Node 28, SINR:3.05522e-01, BpsHz:2.26251e-02
Node 22, SINR:3.05522e-01, BpsHz:2.26251e-02
Node 164, SINR:3.05522e-01, BpsHz:2.26251e-02
Node 76, SINR:3.05522e-01, BpsHz:2.26251e-02
Node 32, SINR:3.05522e-01, BpsHz:2.26251e-02
Node 82, SINR:3.05522e-01, BpsHz:2.26251e-02
Node 24, SINR:3.05522e-01, BpsHz:2.26251e-02
Node 70, SINR:3.05522e-01, BpsHz:2.26251e-02
Node 143, SINR:3.05522e-01, BpsHz:2.26251e-02
Node 103, SINR:3.05522e-01, BpsHz:2.26251e-02
Node 187, SINR:3.05522e-01, BpsHz:2.26251e-02
Node 30, SINR:3.05522e-01, BpsHz:2.26251e-02
Node 153, SINR:3.05522e-01, BpsHz:2.26251e-02
Node 25, SINR:3.05522e-01, BpsHz:2.26251e-02
Node 151, SINR:0.00000e+00, BpsHz:0.00000e+00
Node 89, SINR:3.05522e-01, BpsHz:2.26251e-02
Node 66, SINR:3.05522e-01, BpsHz:2.26251e-02
---------------
==========Cluster 7, RcvInterf=1.76738e-14============
Node 74, SINR:0.00000e+00, BpsHz:0.00000e+00
Node 52, SINR:3.18621e-02, BpsHz:2.26251e-02
Node 80, SINR:3.18621e-02, BpsHz:2.26251e-02
---------------
==========Cluster 8, RcvInterf=1.38646e-14============
Node 122, SINR:0.00000e+00, BpsHz:0.00000e+00
Node 177, SINR:2.07063e-01, BpsHz:2.26251e-02
Node 130, SINR:2.07063e-01, BpsHz:2.26251e-02
Node 113, SINR:2.07063e-01, BpsHz:2.26251e-02
Node 166, SINR:2.07063e-01, BpsHz:2.26251e-02
Node 35, SINR:2.07063e-01, BpsHz:2.26251e-02
Node 106, SINR:2.07063e-01, BpsHz:2.26251e-02
Node 109, SINR:2.07063e-01, BpsHz:2.26251e-02
Node 172, SINR:2.07063e-01, BpsHz:2.26251e-02
Node 137, SINR:2.07063e-01, BpsHz:2.26251e-02
Node 165, SINR:2.07063e-01, BpsHz:2.26251e-02
Node 170, SINR:2.07063e-01, BpsHz:2.26251e-02
Node 14, SINR:2.07063e-01, BpsHz:2.26251e-02
---------------
==========Cluster 9, RcvInterf=2.47888e-14============
Node 93, SINR:2.85208e-01, BpsHz:2.26251e-02
Node 171, SINR:0.00000e+00, BpsHz:0.00000e+00
Node 120, SINR:2.85208e-01, BpsHz:2.26251e-02
Node 67, SINR:2.85208e-01, BpsHz:2.26251e-02
Node 155, SINR:2.85208e-01, BpsHz:2.26251e-02
Node 77, SINR:2.85208e-01, BpsHz:2.26251e-02
Node 45, SINR:2.85208e-01, BpsHz:2.26251e-02
Node 114, SINR:2.85208e-01, BpsHz:2.26251e-02
Node 60, SINR:2.85208e-01, BpsHz:2.26251e-02
Node 64, SINR:2.85208e-01, BpsHz:2.26251e-02
Node 168, SINR:2.85208e-01, BpsHz:2.26251e-02
Node 37, SINR:2.85208e-01, BpsHz:2.26251e-02
Node 47, SINR:2.85208e-01, BpsHz:2.26251e-02
Node 131, SINR:2.85208e-01, BpsHz:2.26251e-02
Node 108, SINR:2.85208e-01, BpsHz:2.26251e-02
Node 175, SINR:2.85208e-01, BpsHz:2.26251e-02
Node 0, SINR:2.85208e-01, BpsHz:2.26251e-02
---------------
==========Cluster 10, RcvInterf=2.38241e-14============
Node 188, SINR:3.26157e-01, BpsHz:2.26251e-02
Node 21, SINR:3.26157e-01, BpsHz:2.26251e-02
Node 112, SINR:3.26157e-01, BpsHz:2.26251e-02
Node 184, SINR:3.26157e-01, BpsHz:2.26251e-02
Node 78, SINR:3.26157e-01, BpsHz:2.26251e-02
Node 94, SINR:3.26157e-01, BpsHz:2.26251e-02
Node 48, SINR:3.26157e-01, BpsHz:2.26251e-02
Node 39, SINR:3.26157e-01, BpsHz:2.26251e-02
Node 163, SINR:0.00000e+00, BpsHz:0.00000e+00
Node 1, SINR:3.26157e-01, BpsHz:2.26251e-02
Node 124, SINR:3.26157e-01, BpsHz:2.26251e-02
Node 11, SINR:3.26157e-01, BpsHz:2.26251e-02
Node 150, SINR:3.26157e-01, BpsHz:2.26251e-02
Node 50, SINR:3.26157e-01, BpsHz:2.26251e-02
Node 176, SINR:3.26157e-01, BpsHz:2.26251e-02
Node 183, SINR:3.26157e-01, BpsHz:2.26251e-02
Node 186, SINR:3.26157e-01, BpsHz:2.26251e-02
Node 121, SINR:3.26157e-01, BpsHz:2.26251e-02
Node 147, SINR:3.26157e-01, BpsHz:2.26251e-02
---------------
==========Cluster 11, RcvInterf=1.04567e-14============
Node 84, SINR:0.00000e+00, BpsHz:0.00000e+00
Node 191, SINR:3.18621e-02, BpsHz:2.26251e-02
Node 55, SINR:3.18621e-02, BpsHz:2.26251e-02
---------------
==========Cluster 12, RcvInterf=2.06055e-12============
Node 167, SINR:0.00000e+00, BpsHz:-nan
---------------
==========Cluster 13, RcvInterf=2.89416e-14============
Node 81, SINR:3.68412e-01, BpsHz:2.26251e-02
Node 87, SINR:0.00000e+00, BpsHz:0.00000e+00
Node 104, SINR:3.68412e-01, BpsHz:2.26251e-02
Node 160, SINR:3.68412e-01, BpsHz:2.26251e-02
Node 100, SINR:3.68412e-01, BpsHz:2.26251e-02
Node 128, SINR:3.68412e-01, BpsHz:2.26251e-02
Node 79, SINR:3.68412e-01, BpsHz:2.26251e-02
Node 54, SINR:3.68412e-01, BpsHz:2.26251e-02
Node 88, SINR:3.68412e-01, BpsHz:2.26251e-02
Node 13, SINR:3.68412e-01, BpsHz:2.26251e-02
Node 102, SINR:3.68412e-01, BpsHz:2.26251e-02
Node 85, SINR:3.68412e-01, BpsHz:2.26251e-02
Node 19, SINR:3.68412e-01, BpsHz:2.26251e-02
Node 65, SINR:3.68412e-01, BpsHz:2.26251e-02
Node 182, SINR:3.68412e-01, BpsHz:2.26251e-02
Node 83, SINR:3.68412e-01, BpsHz:2.26251e-02
Node 36, SINR:3.68412e-01, BpsHz:2.26251e-02
Node 95, SINR:3.68412e-01, BpsHz:2.26251e-02
Node 5, SINR:3.68412e-01, BpsHz:2.26251e-02
Node 26, SINR:3.68412e-01, BpsHz:2.26251e-02
Node 161, SINR:3.68412e-01, BpsHz:2.26251e-02
---------------
==========Cluster 14, RcvInterf=2.24389e-14============
Node 126, SINR:0.00000e+00, BpsHz:0.00000e+00
Node 92, SINR:4.81719e-02, BpsHz:2.26251e-02
Node 10, SINR:4.81719e-02, BpsHz:2.26251e-02
Node 63, SINR:4.81719e-02, BpsHz:2.26251e-02
---------------
