2013-09-16_10-16  0 0 inf    10.0 5.89e-08 1.1e-07 1.0e-03 0.06 
2013-09-16_10-16  0 0 inf    10.0 4.03e-08 3.0e-07 1.0e-03 0.04 
2013-09-16_10-16  147 12 7.54e-01    90.9 4.83e-07 3.2e-09 1.0e-03 0.48 
2013-09-16_10-16  91 21 6.85e-01    144.5 8.70e-07 1.9e-07 1.0e-03 0.87 
2013-09-16_10-16  11 3 9.32e-01    28.1 2.08e-08 1.9e-07 1.0e-03 0.02 
2013-09-16_10-16  175 16 6.99e-01    112.4 4.67e-07 5.1e-07 1.0e-03 0.47 
2013-09-16_10-16  192 13 7.58e-01    99.0 1.89e-07 2.5e-07 1.0e-03 0.19 
2013-09-16_10-16  98 22 6.98e-01    154.2 6.99e-07 4.4e-07 1.0e-03 0.70 
2013-09-16_10-16  0 0 inf    10.0 6.43e-09 2.8e-08 1.0e-03 0.01 
2013-09-16_10-16  0 0 inf    10.0 1.22e-08 2.8e-07 1.0e-03 0.01 
2013-09-16_10-16  123 13 6.32e-01    82.6 3.80e-07 1.8e-14 1.0e-03 0.38 
2013-09-16_10-16  106 27 5.48e-01    148.7 4.17e-07 2.0e-14 1.0e-03 0.42 
2013-09-16_10-16  0 0 inf    10.0 1.23e-08 7.9e-14 1.0e-03 0.01 
2013-09-16_10-16  21 5 6.58e-01    33.0 1.08e-07 4.8e-14 1.0e-03 0.11 
2013-09-16_10-16  43 15 7.62e-01    114.9 3.37e-07 0.0e+00 1.0e-03 0.34 

2013-09-16_10-23  26 11 6.76e-01    74.7 1.07e-07 8.6e-08 1.0e-03 0.11 
2013-09-16_10-23  167 12 6.20e-01    74.7 8.12e-07 2.1e-08 1.0e-03 0.81 
2013-09-16_10-23  121 13 7.06e-01    92.2 1.56e-07 7.3e-08 1.0e-03 0.16 
2013-09-16_10-23  152 18 6.96e-01    125.8 3.01e-07 6.2e-07 1.0e-03 0.30 
2013-09-16_10-23  164 20 7.16e-01    143.9 8.43e-07 4.3e-07 1.0e-03 0.84 
2013-09-16_10-23  35 4 4.80e-01    19.3 4.43e-08 1.5e-11 1.0e-03 0.04 
2013-09-16_10-23  56 6 7.59e-01    45.7 8.58e-08 7.5e-09 1.0e-03 0.09 
2013-09-16_10-23  70 18 5.54e-01    100.1 3.96e-07 3.3e-07 1.0e-03 0.40 
2013-09-16_10-23  123 12 7.67e-01    92.5 4.25e-07 1.2e-07 1.0e-03 0.43 
2013-09-16_10-23  11 2 9.81e-01    19.7 1.46e-08 7.9e-10 1.0e-03 0.01 
2013-09-16_10-23  0 0 inf    10.0 1.15e-08 2.6e-07 1.0e-03 0.01 
2013-09-16_10-23  0 0 inf    10.0 6.54e-09 1.4e-11 1.0e-03 0.01 
2013-09-16_10-23  191 16 6.88e-01    110.7 2.59e-07 2.9e-08 1.0e-03 0.26 
2013-09-16_10-23  142 2 8.84e-01    17.8 1.21e-08 0.0e+00 1.0e-03 0.01 
2013-09-16_10-23  89 13 6.18e-01    80.7 8.10e-07 0.0e+00 1.0e-03 0.81 

2013-09-16_10-29  68 15 7.04e-01    106.1 1.29e-07 2.5e-07 1.0e-03 0.13 
2013-09-16_10-29  0 0 inf    10.0 3.56e-07 5.7e-07 1.0e-03 0.36 
2013-09-16_10-29  0 0 inf    10.0 5.46e-08 2.0e-07 1.0e-03 0.05 
2013-09-16_10-29  191 19 7.73e-01    147.5 3.46e-07 3.0e-07 1.0e-03 0.35 
2013-09-16_10-29  30 16 6.27e-01    100.7 2.10e-07 6.9e-10 1.0e-03 0.21 
2013-09-16_10-29  67 18 6.94e-01    125.5 5.02e-07 4.8e-07 1.0e-03 0.50 
2013-09-16_10-29  194 6 7.25e-01    43.7 5.36e-08 1.9e-07 1.0e-03 0.05 
2013-09-16_10-29  123 25 6.56e-01    164.8 7.58e-07 2.7e-10 1.0e-03 0.76 
2013-09-16_10-29  18 27 5.43e-01    147.3 9.09e-07 4.5e-08 1.0e-03 0.91 
2013-09-16_10-29  186 4 8.58e-01    34.5 1.87e-08 2.7e-16 1.0e-03 0.02 
2013-09-16_10-29  0 0 inf    10.0 9.86e-08 4.4e-16 1.0e-03 0.10 
2013-09-16_10-29  71 17 7.18e-01    122.6 8.66e-07 0.0e+00 1.0e-03 0.87 
2013-09-16_10-29  0 0 inf    10.0 1.57e-08 0.0e+00 1.0e-03 0.02 
2013-09-16_10-29  0 0 inf    10.0 1.40e-08 0.0e+00 1.0e-03 0.01 
2013-09-16_10-29  0 0 inf    10.0 6.54e-09 0.0e+00 1.0e-03 0.01 

2013-09-16_10-34  68 11 7.28e-01    80.4 9.74e-08 3.9e-07 1.0e-03 0.10 
2013-09-16_10-34  115 2 9.98e-01    20.0 7.51e-07 1.3e-07 1.0e-03 0.75 
2013-09-16_10-34  179 10 6.08e-01    61.1 5.21e-07 2.7e-07 1.0e-03 0.52 
2013-09-16_10-34  60 9 7.43e-01    67.2 1.90e-07 7.2e-09 1.0e-03 0.19 
2013-09-16_10-34  0 0 inf    10.0 1.95e-07 8.6e-09 1.0e-03 0.19 
2013-09-16_10-34  142 2 9.90e-01    19.9 1.35e-08 2.0e-07 1.0e-03 0.01 
2013-09-16_10-34  123 10 8.41e-01    84.5 3.89e-07 1.7e-08 1.0e-03 0.39 
2013-09-16_10-34  0 0 inf    10.0 3.22e-07 1.7e-07 1.0e-03 0.32 
2013-09-16_10-34  50 2 1.00e+00    20.1 1.27e-07 1.7e-07 1.0e-03 0.13 
2013-09-16_10-34  82 17 6.68e-01    114.1 1.13e-06 4.5e-07 1.0e-03 1.13 
2013-09-16_10-34  35 14 6.91e-01    97.3 2.24e-07 1.0e-07 1.0e-03 0.22 
2013-09-16_10-34  152 18 6.90e-01    124.8 2.99e-07 6.6e-07 1.0e-03 0.30 
2013-09-16_10-34  134 14 7.10e-01    99.9 5.33e-07 3.1e-07 1.0e-03 0.53 
2013-09-16_10-34  30 23 6.10e-01    141.0 2.95e-07 0.0e+00 1.0e-03 0.29 
2013-09-16_10-34  9 15 7.23e-01    109.0 1.71e-07 0.0e+00 1.0e-03 0.17 

2013-09-16_10-44  188 10 7.79e-01    78.2 4.57e-07 2.1e-08 1.0e-03 0.46 
2013-09-16_10-44  121 7 7.20e-01    50.6 8.57e-08 2.2e-09 1.0e-03 0.09 
2013-09-16_10-44  82 2 9.88e-01    19.9 1.96e-07 7.9e-08 1.0e-03 0.20 
2013-09-16_10-44  176 3 7.49e-01    22.6 2.13e-08 7.4e-11 1.0e-03 0.02 
2013-09-16_10-44  123 16 7.50e-01    120.5 5.54e-07 2.9e-07 1.0e-03 0.55 
2013-09-16_10-44  60 13 7.02e-01    91.6 2.59e-07 1.0e-07 1.0e-03 0.26 
2013-09-16_10-44  0 0 inf    10.0 1.91e-08 2.5e-07 1.0e-03 0.02 
2013-09-16_10-44  0 0 inf    10.0 2.97e-08 3.2e-07 1.0e-03 0.03 
2013-09-16_10-44  70 23 6.03e-01    139.2 5.51e-07 6.0e-07 1.0e-03 0.55 
2013-09-16_10-44  30 23 5.59e-01    129.1 2.70e-07 7.8e-10 1.0e-03 0.27 
2013-09-16_10-44  56 20 7.10e-01    142.7 2.68e-07 1.9e-08 1.0e-03 0.27 
2013-09-16_10-44  127 5 7.58e-01    38.1 1.72e-08 7.1e-08 1.0e-03 0.02 
2013-09-16_10-44  154 10 7.32e-01    73.6 2.27e-07 2.5e-14 1.0e-03 0.23 
2013-09-16_10-44  0 0 inf    10.0 6.81e-09 0.0e+00 1.0e-03 0.01 
2013-09-16_10-44  138 15 7.02e-01    105.8 1.12e-06 1.6e-14 1.0e-03 1.12 

2013-09-16_10-49  56 20 6.89e-01    138.4 2.60e-07 7.0e-07 1.0e-03 0.26 
2013-09-16_10-49  0 0 inf    10.0 9.86e-08 1.1e-07 1.0e-03 0.10 
2013-09-16_10-49  106 18 5.95e-01    107.7 3.02e-07 2.0e-08 1.0e-03 0.30 
2013-09-16_10-49  191 9 7.49e-01    67.7 1.59e-07 1.6e-07 1.0e-03 0.16 
2013-09-16_10-49  30 15 6.21e-01    93.6 1.96e-07 2.3e-07 1.0e-03 0.20 
2013-09-16_10-49  147 17 6.83e-01    116.7 6.20e-07 1.8e-08 1.0e-03 0.62 
2013-09-16_10-49  138 11 6.18e-01    68.3 7.21e-07 1.6e-07 1.0e-03 0.72 
2013-09-16_10-49  168 22 7.01e-01    154.9 8.36e-07 4.0e-10 1.0e-03 0.84 
2013-09-16_10-49  75 6 7.90e-01    47.6 3.51e-08 3.8e-10 1.0e-03 0.04 
2013-09-16_10-49  0 0 inf    10.0 3.56e-07 5.2e-07 1.0e-03 0.36 
2013-09-16_10-49  0 0 inf    10.0 1.91e-08 0.0e+00 1.0e-03 0.02 
2013-09-16_10-49  186 6 7.13e-01    43.0 2.33e-08 3.1e-15 1.0e-03 0.02 
2013-09-16_10-49  152 23 6.90e-01    159.5 3.82e-07 0.0e+00 1.0e-03 0.38 
2013-09-16_10-49  0 0 inf    10.0 4.62e-08 0.0e+00 1.0e-03 0.05 
2013-09-16_10-49  0 0 inf    10.0 1.40e-08 0.0e+00 1.0e-03 0.01 

