2013-09-16_10-15  71 6 7.98e-01    48.1 3.40e-07 1.1e-08 1.0e-03 0.34 
2013-09-16_10-15  102 10 7.15e-01    71.8 1.34e-07 1.0e-07 1.0e-03 0.13 
2013-09-16_10-15  123 23 5.90e-01    136.3 6.27e-07 5.4e-07 1.0e-03 0.63 
2013-09-16_10-15  9 15 7.05e-01    106.2 1.66e-07 3.4e-07 1.0e-03 0.17 
2013-09-16_10-15  68 2 8.73e-01    17.5 2.12e-08 2.0e-11 1.0e-03 0.02 
2013-09-16_10-15  48 20 5.39e-01    108.3 1.51e-07 5.2e-07 1.0e-03 0.15 
2013-09-16_10-15  165 11 7.84e-01    86.6 1.14e-06 3.6e-07 1.0e-03 1.14 
2013-09-16_10-15  186 5 7.86e-01    39.5 2.14e-08 4.2e-10 1.0e-03 0.02 
2013-09-16_10-15  147 9 7.67e-01    69.3 3.68e-07 6.6e-08 1.0e-03 0.37 
2013-09-16_10-15  60 15 7.38e-01    111.3 3.14e-07 8.4e-07 1.0e-03 0.31 
2013-09-16_10-15  41 27 5.72e-01    155.2 5.92e-07 5.9e-07 1.0e-03 0.59 
2013-09-16_10-15  191 12 8.66e-01    104.5 2.45e-07 4.2e-07 1.0e-03 0.24 
2013-09-16_10-15  154 15 6.70e-01    100.9 3.12e-07 1.8e-07 1.0e-03 0.31 
2013-09-16_10-15  30 9 6.62e-01    59.8 1.25e-07 4.8e-08 1.0e-03 0.13 
2013-09-16_10-15  93 7 7.50e-01    52.7 3.37e-08 1.7e-09 1.0e-03 0.03 

2013-09-16_10-28  26 1 1.00e+00    10.0 1.44e-08 6.9e-07 1.0e-03 0.01 
2013-09-16_10-28  56 19 6.97e-01    133.1 2.50e-07 2.1e-10 1.0e-03 0.25 
2013-09-16_10-28  108 1 1.00e+00    10.0 1.33e-08 2.6e-09 1.0e-03 0.01 
2013-09-16_10-28  3 3 8.67e-01    26.1 8.34e-08 4.2e-07 1.0e-03 0.08 
2013-09-16_10-28  175 5 8.27e-01    41.6 1.73e-07 9.9e-07 1.0e-03 0.17 
2013-09-16_10-28  106 27 5.47e-01    148.3 4.16e-07 2.4e-09 1.0e-03 0.42 
2013-09-16_10-28  152 21 7.00e-01    147.6 3.53e-07 2.0e-09 1.0e-03 0.35 
2013-09-16_10-28  127 7 7.64e-01    53.7 2.43e-08 7.5e-07 1.0e-03 0.02 
2013-09-16_10-28  194 3 9.28e-01    28.0 3.43e-08 1.5e-07 1.0e-03 0.03 
2013-09-16_10-28  172 22 7.00e-01    154.6 3.38e-07 2.5e-08 1.0e-03 0.34 
2013-09-16_10-28  147 20 6.89e-01    138.5 7.36e-07 4.7e-07 1.0e-03 0.74 
2013-09-16_10-28  170 5 9.24e-01    46.4 7.46e-07 7.5e-08 1.0e-03 0.75 
2013-09-16_10-28  193 20 6.96e-01    139.9 2.30e-07 7.7e-08 1.0e-03 0.23 
2013-09-16_10-28  140 18 5.27e-01    95.4 6.36e-07 1.5e-14 1.0e-03 0.64 
2013-09-16_10-28  138 14 5.88e-01    82.8 8.74e-07 0.0e+00 1.0e-03 0.87 

2013-09-16_10-38  193 6 6.76e-01    40.7 6.69e-08 2.2e-09 1.0e-03 0.07 
2013-09-16_10-38  9 5 7.37e-01    37.0 5.80e-08 1.8e-10 1.0e-03 0.06 
2013-09-16_10-38  3 23 6.21e-01    143.5 4.58e-07 3.5e-07 1.0e-03 0.46 
2013-09-16_10-38  35 6 6.04e-01    36.4 8.37e-08 2.4e-08 1.0e-03 0.08 
2013-09-16_10-38  142 8 6.72e-01    54.0 3.66e-08 6.1e-10 1.0e-03 0.04 
2013-09-16_10-38  106 8 6.98e-01    56.1 1.57e-07 2.4e-08 1.0e-03 0.16 
2013-09-16_10-38  152 10 7.27e-01    73.0 1.75e-07 4.2e-08 1.0e-03 0.17 
2013-09-16_10-38  93 4 7.44e-01    29.9 1.91e-08 8.8e-11 1.0e-03 0.02 
2013-09-16_10-38  123 22 6.07e-01    134.2 6.17e-07 2.9e-07 1.0e-03 0.62 
2013-09-16_10-38  172 23 7.03e-01    162.5 3.55e-07 7.0e-07 1.0e-03 0.35 
2013-09-16_10-38  164 19 7.02e-01    134.0 7.85e-07 1.5e-07 1.0e-03 0.78 
2013-09-16_10-38  134 17 7.19e-01    122.8 6.56e-07 9.4e-08 1.0e-03 0.66 
2013-09-16_10-38  59 10 7.68e-01    77.2 6.80e-07 3.0e-08 1.0e-03 0.68 
2013-09-16_10-38  88 21 5.90e-01    124.6 1.16e-06 1.8e-07 1.0e-03 1.16 
2013-09-16_10-38  108 4 8.83e-01    35.5 4.71e-08 6.4e-10 1.0e-03 0.05 

2013-09-16_11-08  134 22 6.66e-01    147.1 7.86e-07 3.3e-07 1.0e-03 0.79 
2013-09-16_11-08  85 5 7.37e-01    37.0 5.75e-08 1.1e-09 1.0e-03 0.06 
2013-09-16_11-08  155 8 6.89e-01    55.4 5.58e-08 1.1e-08 1.0e-03 0.06 
2013-09-16_11-08  3 12 7.08e-01    85.4 2.72e-07 7.8e-07 1.0e-03 0.27 
2013-09-16_11-08  49 17 6.88e-01    117.6 7.59e-07 3.6e-07 1.0e-03 0.76 
2013-09-16_11-08  46 10 7.60e-01    76.3 1.67e-06 1.1e-07 1.0e-03 1.67 
2013-09-16_11-08  152 13 7.18e-01    93.8 2.24e-07 2.6e-07 1.0e-03 0.22 
2013-09-16_11-08  135 11 7.67e-01    84.8 8.91e-07 6.3e-08 1.0e-03 0.89 
2013-09-16_11-08  93 6 7.33e-01    44.2 2.83e-08 1.1e-09 1.0e-03 0.03 
2013-09-16_11-08  175 11 6.92e-01    76.5 3.18e-07 2.9e-07 1.0e-03 0.32 
2013-09-16_11-08  120 17 6.58e-01    112.4 6.13e-07 2.5e-07 1.0e-03 0.61 
2013-09-16_11-08  194 5 7.13e-01    35.8 4.39e-08 4.3e-10 1.0e-03 0.04 
2013-09-16_11-08  99 6 7.94e-01    47.8 2.80e-08 9.0e-09 1.0e-03 0.03 
2013-09-16_11-08  18 27 6.17e-01    167.4 1.03e-06 3.0e-07 1.0e-03 1.03 
2013-09-16_11-08  123 16 6.04e-01    97.0 4.46e-07 4.9e-07 1.0e-03 0.45 

2013-09-16_11-15  193 14 6.35e-01    89.3 1.47e-07 0.0e+00 1.0e-03 0.15 
2013-09-16_11-15  9 6 8.24e-01    49.7 7.78e-08 0.0e+00 1.0e-03 0.08 
2013-09-16_11-15  93 4 7.79e-01    31.3 2.00e-08 0.0e+00 1.0e-03 0.02 
2013-09-16_11-15  112 3 8.43e-01    25.4 2.91e-08 0.0e+00 1.0e-03 0.03 
2013-09-16_11-15  175 18 5.72e-01    103.5 4.31e-07 0.0e+00 1.0e-03 0.43 
2013-09-16_11-15  176 8 6.74e-01    54.2 5.12e-08 0.0e+00 1.0e-03 0.05 
2013-09-16_11-15  26 28 6.76e-01    190.2 2.72e-07 0.0e+00 1.0e-03 0.27 
2013-09-16_11-15  135 1 1.00e+00    10.0 1.06e-07 0.0e+00 1.0e-03 0.11 
2013-09-16_11-15  147 26 6.46e-01    168.6 8.96e-07 0.0e+00 1.0e-03 0.90 
2013-09-16_11-15  27 23 5.99e-01    138.3 1.92e-06 0.0e+00 1.0e-03 1.92 
2013-09-16_11-15  41 24 6.57e-01    158.4 6.05e-07 0.0e+00 1.0e-03 0.60 
2013-09-16_11-15  134 14 7.24e-01    101.9 5.44e-07 0.0e+00 1.0e-03 0.54 
2013-09-16_11-15  186 2 9.42e-01    18.9 1.03e-08 0.0e+00 1.0e-03 0.01 
2013-09-16_11-15  0 0 inf    10.0 5.46e-09 2.1e-12 1.0e-03 0.01 
2013-09-16_11-15  191 15 6.85e-01    103.2 2.42e-07 5.9e-15 1.0e-03 0.24 

2013-09-16_11-22  186 1 1.00e+00    10.0 5.46e-09 3.2e-09 1.0e-03 0.01 
2013-09-16_11-22  93 7 7.22e-01    50.8 3.25e-08 1.0e-07 1.0e-03 0.03 
2013-09-16_11-22  192 11 7.35e-01    81.3 1.55e-07 5.2e-08 1.0e-03 0.15 
2013-09-16_11-22  136 19 5.18e-01    98.8 9.35e-07 4.2e-07 1.0e-03 0.94 
2013-09-16_11-22  172 19 7.22e-01    137.9 3.01e-07 3.0e-07 1.0e-03 0.30 
2013-09-16_11-22  62 15 6.47e-01    97.5 4.99e-07 5.7e-07 1.0e-03 0.50 
2013-09-16_11-22  67 26 6.88e-01    179.7 7.20e-07 1.4e-11 1.0e-03 0.72 
2013-09-16_11-22  17 5 4.81e-01    24.2 6.82e-08 5.3e-07 1.0e-03 0.07 
2013-09-16_11-22  123 21 6.44e-01    135.8 6.24e-07 3.9e-07 1.0e-03 0.62 
2013-09-16_11-22  106 19 6.37e-01    121.5 3.41e-07 1.2e-10 1.0e-03 0.34 
2013-09-16_11-22  176 5 7.13e-01    35.8 3.38e-08 4.3e-10 1.0e-03 0.03 
2013-09-16_11-22  90 6 6.11e-01    36.8 4.74e-08 3.0e-07 1.0e-03 0.05 
2013-09-16_11-22  32 22 7.03e-01    155.3 1.20e-06 4.2e-10 1.0e-03 1.20 
2013-09-16_11-22  3 5 8.26e-01    41.5 1.32e-07 1.1e-08 1.0e-03 0.13 
2013-09-16_11-22  28 5 9.24e-01    46.4 1.20e-06 0.0e+00 1.0e-03 1.20 

