2013-09-16_10-13  147 20 6.94e-01    139.4 7.41e-07 1.5e-07 1.0e-03 0.74 
2013-09-16_10-13  85 7 7.78e-01    54.7 8.50e-08 4.0e-08 1.0e-03 0.08 
2013-09-16_10-13  104 15 7.45e-01    112.3 4.52e-07 3.0e-07 1.0e-03 0.45 
2013-09-16_10-13  17 17 5.34e-01    91.2 2.58e-07 3.0e-07 1.0e-03 0.26 
2013-09-16_10-13  30 16 5.85e-01    94.1 1.97e-07 2.7e-07 1.0e-03 0.20 
2013-09-16_10-13  48 2 9.38e-01    18.8 2.63e-08 1.1e-10 1.0e-03 0.03 
2013-09-16_10-13  193 14 7.42e-01    104.3 1.71e-07 4.7e-07 1.0e-03 0.17 
2013-09-16_10-13  31 14 6.86e-01    96.5 3.87e-07 2.2e-07 1.0e-03 0.39 
2013-09-16_10-13  0 0 inf    10.0 6.43e-09 1.9e-09 1.0e-03 0.01 
2013-09-16_10-13  186 6 7.87e-01    47.4 2.57e-08 1.3e-07 1.0e-03 0.03 
2013-09-16_10-13  167 10 6.02e-01    60.4 6.57e-07 1.8e-09 1.0e-03 0.66 
2013-09-16_10-13  114 5 6.10e-01    30.6 6.53e-07 1.5e-08 1.0e-03 0.65 
2013-09-16_10-13  149 10 6.80e-01    68.3 2.11e-07 4.0e-07 1.0e-03 0.21 
2013-09-16_10-13  106 24 5.36e-01    129.2 3.62e-07 1.7e-08 1.0e-03 0.36 
2013-09-16_10-13  112 6 8.24e-01    49.7 5.68e-08 7.0e-313 1.0e-03 0.06 

2013-09-16_10-24  149 16 7.26e-01    116.7 3.60e-07 2.3e-07 1.0e-03 0.36 
2013-09-16_10-24  108 2 8.92e-01    17.9 2.38e-08 1.6e-11 1.0e-03 0.02 
2013-09-16_10-24  50 15 7.33e-01    110.4 7.00e-07 8.5e-08 1.0e-03 0.70 
2013-09-16_10-24  175 17 5.69e-01    97.2 4.04e-07 2.0e-07 1.0e-03 0.40 
2013-09-16_10-24  191 5 8.39e-01    42.2 9.88e-08 1.4e-07 1.0e-03 0.10 
2013-09-16_10-24  70 12 6.58e-01    79.4 3.14e-07 4.4e-08 1.0e-03 0.31 
2013-09-16_10-24  152 18 7.28e-01    131.6 3.15e-07 2.6e-07 1.0e-03 0.31 
2013-09-16_10-24  75 3 9.61e-01    29.0 2.14e-08 4.9e-09 1.0e-03 0.02 
2013-09-16_10-24  123 13 7.32e-01    95.6 4.40e-07 2.6e-07 1.0e-03 0.44 
2013-09-16_10-24  172 17 7.46e-01    127.4 2.78e-07 5.6e-07 1.0e-03 0.28 
2013-09-16_10-24  164 19 6.83e-01    130.4 7.64e-07 2.0e-07 1.0e-03 0.76 
2013-09-16_10-24  85 3 8.04e-01    24.2 3.76e-08 6.6e-10 1.0e-03 0.04 
2013-09-16_10-24  168 1 1.00e+00    10.0 5.42e-08 2.0e-07 1.0e-03 0.05 
2013-09-16_10-24  88 21 5.90e-01    124.6 1.16e-06 8.6e-10 1.0e-03 1.16 
2013-09-16_10-24  127 4 7.79e-01    31.3 1.41e-08 9.8e-14 1.0e-03 0.01 

2013-09-16_10-34  145 5 7.45e-01    37.4 1.24e-07 1.3e-09 1.0e-03 0.12 
2013-09-16_10-34  56 16 7.18e-01    115.4 2.16e-07 2.8e-07 1.0e-03 0.22 
2013-09-16_10-34  50 11 7.49e-01    82.7 5.24e-07 6.1e-08 1.0e-03 0.52 
2013-09-16_10-34  30 13 5.38e-01    70.3 1.47e-07 3.1e-07 1.0e-03 0.15 
2013-09-16_10-34  93 4 8.44e-01    33.9 2.17e-08 2.4e-10 1.0e-03 0.02 
2013-09-16_10-34  48 17 6.14e-01    104.9 1.46e-07 6.3e-07 1.0e-03 0.15 
2013-09-16_10-34  142 2 8.82e-01    17.7 1.20e-08 1.1e-11 1.0e-03 0.01 
2013-09-16_10-34  33 20 7.08e-01    142.3 1.26e-06 1.6e-07 1.0e-03 1.26 
2013-09-16_10-34  188 5 8.58e-01    43.1 2.52e-07 1.1e-08 1.0e-03 0.25 
2013-09-16_10-34  172 18 7.29e-01    131.9 2.88e-07 6.3e-07 1.0e-03 0.29 
2013-09-16_10-34  3 21 5.64e-01    118.9 3.79e-07 3.5e-07 1.0e-03 0.38 
2013-09-16_10-34  138 14 6.48e-01    91.1 9.63e-07 4.6e-08 1.0e-03 0.96 
2013-09-16_10-34  26 7 7.05e-01    49.5 7.10e-08 9.0e-10 1.0e-03 0.07 
2013-09-16_10-34  191 4 7.99e-01    32.1 7.53e-08 4.6e-10 1.0e-03 0.08 
2013-09-16_10-34  123 9 6.53e-01    59.1 2.72e-07 7.6e-08 1.0e-03 0.27 

2013-09-16_10-41  102 6 7.46e-01    45.0 8.40e-08 1.1e-08 1.0e-03 0.08 
2013-09-16_10-41  85 5 7.37e-01    37.0 5.75e-08 2.3e-09 1.0e-03 0.06 
2013-09-16_10-41  75 8 7.56e-01    60.8 4.49e-08 6.6e-08 1.0e-03 0.04 
2013-09-16_10-41  175 16 5.63e-01    90.5 3.76e-07 4.2e-08 1.0e-03 0.38 
2013-09-16_10-41  123 17 7.30e-01    124.7 5.74e-07 4.5e-07 1.0e-03 0.57 
2013-09-16_10-41  151 2 1.00e+00    20.1 2.33e-07 1.7e-06 1.0e-03 0.23 
2013-09-16_10-41  164 20 7.66e-01    154.0 9.02e-07 7.6e-07 1.0e-03 0.90 
2013-09-16_10-41  186 6 8.10e-01    48.9 2.65e-08 2.4e-09 1.0e-03 0.03 
2013-09-16_10-41  0 0 inf    10.0 1.15e-08 5.8e-07 1.0e-03 0.01 
2013-09-16_10-41  78 34 5.82e-01    198.7 8.88e-07 5.0e-07 1.0e-03 0.89 
2013-09-16_10-41  0 0 inf    10.0 6.43e-09 1.2e-07 1.0e-03 0.01 
2013-09-16_10-41  0 0 inf    10.0 3.10e-08 4.1e-07 1.0e-03 0.03 
2013-09-16_10-41  134 18 7.18e-01    129.9 6.94e-07 4.3e-13 1.0e-03 0.69 
2013-09-16_10-41  21 15 5.68e-01    85.6 2.81e-07 7.6e-15 1.0e-03 0.28 
2013-09-16_10-41  62 19 6.51e-01    124.3 6.37e-07 2.4e-14 1.0e-03 0.64 

2013-09-16_10-48  0 0 inf    10.0 1.22e-08 4.5e-07 1.0e-03 0.01 
2013-09-16_10-48  154 23 7.00e-01    161.8 4.99e-07 4.1e-07 1.0e-03 0.50 
2013-09-16_10-48  30 17 6.04e-01    103.2 2.16e-07 2.0e-07 1.0e-03 0.22 
2013-09-16_10-48  59 17 7.05e-01    120.5 1.06e-06 4.9e-10 1.0e-03 1.06 
2013-09-16_10-48  81 5 7.20e-01    36.1 3.81e-08 5.0e-07 1.0e-03 0.04 
2013-09-16_10-48  35 21 5.83e-01    123.0 2.83e-07 3.8e-09 1.0e-03 0.28 
2013-09-16_10-48  56 5 8.21e-01    41.2 7.73e-08 2.5e-09 1.0e-03 0.08 
2013-09-16_10-48  11 7 6.45e-01    45.3 3.36e-08 3.7e-08 1.0e-03 0.03 
2013-09-16_10-48  151 3 9.73e-01    29.3 3.40e-07 2.0e-11 1.0e-03 0.34 
2013-09-16_10-48  127 3 7.46e-01    22.5 1.02e-08 7.0e-08 1.0e-03 0.01 
2013-09-16_10-48  44 5 8.42e-01    42.3 2.04e-07 3.8e-07 1.0e-03 0.20 
2013-09-16_10-48  108 13 7.35e-01    96.0 1.27e-07 1.4e-07 1.0e-03 0.13 
2013-09-16_10-48  126 11 8.08e-01    89.3 4.86e-07 1.0e-07 1.0e-03 0.49 
2013-09-16_10-48  78 20 5.26e-01    105.7 4.72e-07 2.8e-07 1.0e-03 0.47 
2013-09-16_10-48  123 16 6.04e-01    97.1 4.47e-07 0.0e+00 1.0e-03 0.45 

2013-09-16_10-53  142 8 7.20e-01    57.9 3.92e-08 9.1e-10 1.0e-03 0.04 
2013-09-16_10-53  85 3 9.52e-01    28.7 4.45e-08 6.9e-09 1.0e-03 0.04 
2013-09-16_10-53  138 14 6.47e-01    91.0 9.61e-07 4.8e-08 1.0e-03 0.96 
2013-09-16_10-53  0 0 inf    10.0 3.10e-08 1.5e-07 1.0e-03 0.03 
2013-09-16_10-53  0 0 inf    10.0 1.06e-08 1.4e-09 1.0e-03 0.01 
2013-09-16_10-53  70 16 5.93e-01    95.4 3.77e-07 2.5e-07 1.0e-03 0.38 
2013-09-16_10-53  152 5 7.48e-01    37.6 8.99e-08 1.3e-07 1.0e-03 0.09 
2013-09-16_10-53  3 19 5.85e-01    111.7 3.56e-07 4.6e-07 1.0e-03 0.36 
2013-09-16_10-53  147 19 7.03e-01    134.2 7.13e-07 1.9e-07 1.0e-03 0.71 
2013-09-16_10-53  94 22 7.01e-01    155.0 5.04e-07 2.3e-07 1.0e-03 0.50 
2013-09-16_10-53  185 7 7.56e-01    53.2 6.33e-07 1.0e-07 1.0e-03 0.63 
2013-09-16_10-53  31 18 6.95e-01    125.6 5.03e-07 1.6e-07 1.0e-03 0.50 
2013-09-16_10-53  134 16 7.29e-01    117.1 6.26e-07 7.3e-10 1.0e-03 0.63 
2013-09-16_10-53  17 14 5.08e-01    71.4 2.02e-07 4.6e-17 1.0e-03 0.20 
2013-09-16_10-53  93 5 7.58e-01    38.1 2.44e-08 0.0e+00 1.0e-03 0.02 

