50 3 262.70 0.48 0.950000 8 -1.0 15398        250.080 38 6.862173e-07 1.414483e-06 6.862173e-01 1.827393e+00 3     2.100701e-06 2.513610e+00
50 5 262.72 0.48 0.950000 8 -1.0 12362        251.100 38 6.948305e-07 1.059170e-06 6.948305e-01 8.193970e-01 5     1.754001e-06 1.514227e+00
50 7 262.73 0.48 0.950000 8 -1.0 13267        252.720 35 6.395282e-07 1.372256e-06 6.395281e-01 7.748413e-01 5     2.011784e-06 1.414369e+00
50 9 262.73 0.48 0.950000 8 -1.0 1661        253.143 37 5.670676e-07 1.235425e-06 5.670675e-01 9.487915e-01 5     1.802492e-06 1.515859e+00
50 11 262.73 0.48 0.950000 8 -1.0 10171        250.778 35 7.293358e-07 6.924117e-07 7.293358e-01 5.648804e-01 7     1.421747e-06 1.294216e+00
50 13 262.69 0.48 0.950000 8 -1.0 14013        251.213 37 6.225608e-07 9.923964e-07 6.225608e-01 8.129883e-01 5     1.614957e-06 1.435549e+00
50 15 262.69 0.48 0.950000 8 -1.0 18184        252.552 36 5.620740e-07 1.012015e-06 5.620740e-01 7.031250e-01 6     1.574089e-06 1.265199e+00
50 17 262.73 0.48 0.950000 8 -1.0 18945        250.097 35 5.359957e-07 7.121924e-07 5.359957e-01 9.588623e-01 5     1.248188e-06 1.494858e+00
50 19 262.73 0.48 0.950000 8 -1.0 18875        250.900 38 7.237691e-07 1.162948e-06 7.237690e-01 7.910156e-01 7     1.886717e-06 1.514785e+00
50 21 262.73 0.48 0.950000 8 -1.0 19790        249.887 37 7.014383e-07 9.905204e-07 7.014383e-01 8.020020e-01 8     1.691959e-06 1.503440e+00
50 23 262.71 0.48 0.950000 8 -1.0 14082        251.027 35 8.497617e-07 8.759055e-07 8.497617e-01 5.902100e-01 8     1.725667e-06 1.439972e+00
50 3 262.70 0.48 0.950000 8 -1.0 11002        252.729 39 1.141992e-06 1.049950e-06 1.141992e+00 1.239624e+00 3     2.191941e-06 2.381616e+00
50 7 262.71 0.48 0.950000 8 -1.0 10273        249.903 35 9.319589e-07 7.256210e-07 9.319589e-01 4.490662e-01 6     1.657580e-06 1.381025e+00
50 9 262.71 0.48 0.950000 8 -1.0 10173        250.337 33 1.003380e-06 7.160248e-07 1.003380e+00 5.278015e-01 6     1.719405e-06 1.531182e+00
50 13 262.71 0.48 0.950000 8 -1.0 10255        250.955 38 6.583798e-07 1.085607e-06 6.583798e-01 7.904053e-01 8     1.743986e-06 1.448785e+00
50 17 262.73 0.48 0.950000 8 -1.0 12521        250.359 40 9.106310e-07 7.557058e-07 9.106310e-01 5.676270e-01 7     1.666337e-06 1.478258e+00
50 21 262.72 0.48 0.950000 8 -1.0 10768        251.331 36 7.873282e-07 8.722701e-07 7.873282e-01 6.457520e-01 10     1.659598e-06 1.433080e+00
50 5 262.73 0.48 0.950000 8 -1.0 6675        251.196 36 7.375452e-07 6.730406e-07 7.375452e-01 5.340576e-01 5     1.410586e-06 1.271603e+00
50 7 262.72 0.48 0.950000 8 -1.0 12938        250.592 36 1.067625e-06 6.443682e-07 1.067625e+00 5.352783e-01 7     1.711993e-06 1.602903e+00
50 9 262.73 0.48 0.950000 8 -1.0 16081        252.507 35 5.981059e-07 7.714760e-07 5.981059e-01 5.575562e-01 5     1.369582e-06 1.155662e+00
50 11 262.73 0.48 0.950000 8 -1.0 12083        250.756 36 7.102659e-07 6.733396e-07 7.102659e-01 5.694580e-01 6     1.383605e-06 1.279724e+00
50 13 262.69 0.48 0.950000 8 -1.0 19577        250.864 33 1.116175e-06 9.767737e-07 1.116175e+00 4.899597e-01 6     2.092949e-06 1.606135e+00
50 15 262.69 0.48 0.950000 8 -1.0 14457        249.581 35 7.433983e-07 1.013921e-06 7.433983e-01 9.161377e-01 5     1.757319e-06 1.659536e+00
50 17 262.70 0.48 0.950000 8 -1.0 8962        255.047 37 7.816637e-07 1.126983e-06 7.816636e-01 6.768799e-01 8     1.908646e-06 1.458543e+00
50 17 262.70 0.48 0.950000 8 -1.0 13155        252.052 38 1.139274e-06 9.155182e-07 1.139274e+00 4.322815e-01 7     2.054792e-06 1.571555e+00
50 21 262.72 0.48 0.950000 8 -1.0 14226        249.645 38 4.763756e-07 3.013666e-06 4.763756e-01 1.492920e+00 8     3.490041e-06 1.969296e+00
50 3 262.70 0.48 0.950000 8 -1.0 13557        252.023 36 9.510085e-07 9.585181e-07 9.510084e-01 1.001892e+00 3     1.909527e-06 1.952901e+00
50 9 262.70 0.48 0.950000 8 -1.0 7485        252.220 38 1.272999e-06 9.222538e-07 1.272999e+00 5.273438e-01 6     2.195253e-06 1.800342e+00
50 3 262.73 0.48 0.950000 8 -1.0 18291        250.191 34 5.069450e-07 1.375055e-06 5.069449e-01 1.330566e+00 3     1.882000e-06 1.837511e+00
50 3 262.71 0.48 0.950000 8 -1.0 15818        251.997 41 7.099771e-07 1.484561e-06 7.099771e-01 1.636963e+00 3     2.194538e-06 2.346940e+00
50 5 262.70 0.48 0.950000 8 -1.0 18900        249.795 37 6.619917e-07 1.250855e-06 6.619916e-01 1.300049e+00 4     1.912847e-06 1.962040e+00
50 5 262.70 0.48 0.950000 8 -1.0 12834        249.677 36 7.132790e-07 8.119376e-07 7.132790e-01 8.355713e-01 4     1.525217e-06 1.548850e+00
50 7 262.70 0.48 0.950000 8 -1.0 17310        249.714 38 9.689596e-07 8.132133e-07 9.689596e-01 7.205200e-01 7     1.782173e-06 1.689480e+00
50 7 262.73 0.48 0.950000 8 -1.0 1425        249.883 37 6.283442e-07 1.068739e-06 6.283442e-01 7.275391e-01 7     1.697083e-06 1.355883e+00
50 9 262.73 0.48 0.950000 8 -1.0 15226        250.254 35 7.057790e-07 8.431121e-07 7.057790e-01 7.995605e-01 8     1.548891e-06 1.505340e+00
50 9 262.69 0.48 0.950000 8 -1.0 4612        251.029 34 7.484778e-07 4.852393e-07 7.484778e-01 3.715515e-01 6     1.233717e-06 1.120029e+00
50 11 262.72 0.48 0.950000 8 -1.0 16586        249.872 35 8.621882e-07 1.170760e-06 8.621881e-01 6.372070e-01 7     2.032948e-06 1.499395e+00
50 11 262.72 0.48 0.950000 8 -1.0 19626        252.152 35 8.982863e-07 7.211035e-07 8.982863e-01 5.456543e-01 8     1.619390e-06 1.443941e+00
50 13 262.71 0.48 0.950000 8 -1.0 18138        251.758 36 1.069310e-06 9.770507e-07 1.069310e+00 5.639648e-01 7     2.046361e-06 1.633275e+00
50 15 262.72 0.48 0.950000 8 -1.0 15677        249.711 37 8.186050e-07 1.013943e-06 8.186050e-01 7.128906e-01 6     1.832548e-06 1.531496e+00
50 15 262.73 0.48 0.950000 8 -1.0 9593        250.136 37 7.444476e-07 6.558599e-07 7.444476e-01 6.146240e-01 6     1.400308e-06 1.359072e+00
50 17 262.71 0.48 0.950000 8 -1.0 17958        255.603 35 7.865694e-07 9.659164e-07 7.865694e-01 5.474854e-01 7     1.752486e-06 1.334055e+00
50 17 262.71 0.48 0.950000 8 -1.0 17314        251.422 37 9.061178e-07 9.195348e-07 9.061178e-01 5.874634e-01 7     1.825653e-06 1.493581e+00
50 19 262.73 0.48 0.950000 8 -1.0 17696        249.641 37 6.149759e-07 1.046961e-06 6.149759e-01 7.006836e-01 6     1.661936e-06 1.315659e+00
50 19 262.70 0.48 0.950000 8 -1.0 8432        250.004 36 5.085373e-07 1.268221e-06 5.085373e-01 1.345215e+00 3     1.776758e-06 1.853752e+00
50 21 262.73 0.48 0.950000 8 -1.0 15749        251.094 38 6.736504e-07 8.481395e-07 6.736504e-01 7.202148e-01 11     1.521790e-06 1.393865e+00
50 3 262.71 0.48 0.950000 8 -1.0 9842        251.343 41 1.316003e-06 1.091460e-06 1.316003e+00 1.286621e+00 3     2.407463e-06 2.602624e+00
50 7 262.73 0.48 0.950000 8 -1.0 18102        250.194 38 7.636103e-07 6.666670e-07 7.636103e-01 7.202148e-01 5     1.430277e-06 1.483825e+00
50 13 262.72 0.48 0.950000 8 -1.0 1213        250.176 40 8.402549e-07 6.871883e-07 8.402548e-01 9.265137e-01 8     1.527443e-06 1.766769e+00
50 17 262.71 0.48 0.950000 8 -1.0 7072        252.100 39 1.433438e-06 9.270708e-07 1.433438e+00 7.119751e-01 5     2.360509e-06 2.145413e+00
50 3 262.70 0.48 0.950000 8 -1.0 13307        249.930 38 8.340030e-07 1.355391e-06 8.340030e-01 1.597900e+00 3     2.189394e-06 2.431903e+00
50 3 262.71 0.48 0.950000 8 -1.0 5256        251.160 37 6.100439e-07 1.401561e-06 6.100439e-01 1.540527e+00 3     2.011605e-06 2.150571e+00
50 5 262.71 0.48 0.950000 8 -1.0 16414        252.870 38 6.160991e-07 8.848350e-07 6.160990e-01 7.772827e-01 5     1.500934e-06 1.393382e+00
50 5 262.70 0.48 0.950000 8 -1.0 15873        250.965 34 6.470475e-07 6.614787e-07 6.470475e-01 6.094360e-01 5     1.308526e-06 1.256484e+00
50 7 262.71 0.48 0.950000 8 -1.0 17402        255.738 34 8.444196e-07 7.964172e-07 8.444196e-01 5.195618e-01 7     1.640837e-06 1.363981e+00
50 7 262.69 0.48 0.950000 8 -1.0 18959        250.217 38 6.911290e-07 5.949473e-07 6.911289e-01 4.635620e-01 7     1.286076e-06 1.154691e+00
50 9 262.70 0.48 0.950000 8 -1.0 18458        251.656 34 6.428179e-07 6.999783e-07 6.428178e-01 5.883789e-01 5     1.342796e-06 1.231197e+00
50 9 262.71 0.48 0.950000 8 -1.0 13972        252.430 39 1.049375e-06 6.686061e-07 1.049375e+00 5.694580e-01 6     1.717981e-06 1.618833e+00
50 11 262.73 0.48 0.950000 8 -1.0 12218        254.458 37 6.990199e-07 9.986353e-07 6.990198e-01 7.067871e-01 6     1.697655e-06 1.405807e+00
50 11 262.73 0.48 0.950000 8 -1.0 9518        249.942 34 9.040522e-07 6.692527e-07 9.040522e-01 6.146240e-01 7     1.573305e-06 1.518676e+00
50 13 262.69 0.48 0.950000 8 -1.0 14244        250.196 36 5.424988e-07 9.604827e-07 5.424988e-01 1.013184e+00 5     1.502982e-06 1.555682e+00
50 13 262.72 0.48 0.950000 8 -1.0 14503        251.003 32 5.850395e-07 1.517971e-06 5.850394e-01 9.478760e-01 5     2.103011e-06 1.532915e+00
50 15 262.71 0.48 0.950000 8 -1.0 10776        250.462 37 9.336463e-07 5.647596e-07 9.336462e-01 5.499268e-01 7     1.498406e-06 1.483573e+00
50 15 262.72 0.48 0.950000 8 -1.0 14267        249.708 39 1.068706e-06 7.093055e-07 1.068706e+00 5.606079e-01 6     1.778012e-06 1.629314e+00
50 17 262.73 0.48 0.950000 8 -1.0 19760        250.249 34 6.013445e-07 7.890553e-07 6.013445e-01 7.156372e-01 9     1.390400e-06 1.316982e+00
50 17 262.70 0.48 0.950000 8 -1.0 18290        253.103 37 6.366049e-07 9.516529e-07 6.366048e-01 8.398438e-01 6     1.588258e-06 1.476449e+00
50 19 262.72 0.48 0.950000 8 -1.0 16544        253.482 37 1.346471e-06 5.240858e-07 1.346471e+00 4.086304e-01 11     1.870557e-06 1.755102e+00
50 21 262.71 0.48 0.950000 8 -1.0 19215        250.596 36 8.403094e-07 1.013877e-06 8.403094e-01 6.698608e-01 7     1.854187e-06 1.510170e+00
50 21 262.73 0.48 0.950000 8 -1.0 16334        253.134 39 8.867481e-07 9.238637e-07 8.867481e-01 7.717896e-01 10     1.810612e-06 1.658538e+00
50 21 262.70 0.48 0.950000 8 -1.0 16154        253.425 38 6.348196e-07 9.957745e-07 6.348195e-01 8.605957e-01 5     1.630594e-06 1.495415e+00
50 5 262.73 0.48 0.950000 8 -1.0 13205        252.384 36 6.854151e-07 9.277335e-07 6.854151e-01 7.293701e-01 5     1.613149e-06 1.414785e+00
50 5 262.70 0.48 0.950000 8 -1.0 15142        252.541 37 7.401691e-07 1.069858e-06 7.401690e-01 7.690430e-01 5     1.810027e-06 1.509212e+00
50 7 262.69 0.48 0.950000 8 -1.0 16954        250.228 35 8.365092e-07 9.995652e-07 8.365092e-01 7.989502e-01 6     1.836074e-06 1.635459e+00
50 7 262.72 0.48 0.950000 8 -1.0 13938        252.461 39 1.102956e-06 7.031982e-07 1.102956e+00 5.599976e-01 5     1.806154e-06 1.662953e+00
50 9 262.69 0.48 0.950000 8 -1.0 12587        250.333 38 1.223418e-06 8.179770e-07 1.223418e+00 5.035400e-01 8     2.041395e-06 1.726958e+00
50 9 262.72 0.48 0.950000 8 -1.0 16350        250.950 35 7.607541e-07 1.016208e-06 7.607540e-01 7.196045e-01 8     1.776962e-06 1.480359e+00
50 11 262.73 0.48 0.950000 8 -1.0 2813        250.669 36 1.012481e-06 4.885765e-07 1.012481e+00 6.533813e-01 6     1.501057e-06 1.665862e+00
50 11 262.70 0.48 0.950000 8 -1.0 18717        250.784 36 6.062575e-07 1.147596e-06 6.062575e-01 9.576416e-01 6     1.753854e-06 1.563899e+00
50 13 262.72 0.48 0.950000 8 -1.0 15358        249.950 38 8.996424e-07 7.287727e-07 8.996423e-01 7.189941e-01 5     1.628415e-06 1.618636e+00
50 13 262.70 0.48 0.950000 8 -1.0 19845        251.048 34 1.272924e-06 5.238007e-07 1.272924e+00 4.377747e-01 7     1.796725e-06 1.710698e+00
50 15 262.73 0.48 0.950000 8 -1.0 7023        250.970 34 6.535497e-07 8.089635e-07 6.535497e-01 8.941650e-01 5     1.462513e-06 1.547715e+00
50 17 262.72 0.48 0.950000 8 -1.0 12995        249.970 36 1.201197e-06 5.976551e-07 1.201197e+00 6.130981e-01 7     1.798852e-06 1.814295e+00
50 17 262.70 0.48 0.950000 8 -1.0 6287        251.199 39 8.655829e-07 1.114610e-06 8.655829e-01 7.125854e-01 5     1.980192e-06 1.578168e+00
50 19 262.71 0.48 0.950000 8 -1.0 15143        251.639 36 6.765763e-07 7.133551e-07 6.765763e-01 6.564331e-01 7     1.389931e-06 1.333009e+00
50 21 262.73 0.48 0.950000 8 -1.0 11765        256.724 36 7.015495e-07 1.331928e-06 7.015494e-01 8.105469e-01 9     2.033477e-06 1.512096e+00
50 21 262.70 0.48 0.950000 8 -1.0 16791        249.840 35 6.486714e-07 6.002666e-07 6.486713e-01 6.085205e-01 6     1.248938e-06 1.257192e+00
50 3 262.72 0.48 0.950000 8 -1.0 14777        250.395 40 7.007887e-07 1.171444e-06 7.007886e-01 1.260376e+00 3     1.872232e-06 1.961165e+00
50 3 262.72 0.48 0.950000 8 -1.0 2686        253.931 40 5.415745e-07 1.527364e-06 5.415745e-01 1.806641e+00 3     2.068938e-06 2.348215e+00
50 5 262.69 0.48 0.950000 8 -1.0 17022        249.930 34 5.472364e-07 7.503377e-07 5.472364e-01 8.166504e-01 5     1.297574e-06 1.363887e+00
50 5 262.73 0.48 0.950000 8 -1.0 16623        249.687 40 5.662814e-07 1.122300e-06 5.662814e-01 1.004028e+00 5     1.688581e-06 1.570310e+00
50 7 262.69 0.48 0.950000 8 -1.0 17923        249.729 35 9.044714e-07 6.720467e-07 9.044713e-01 6.753540e-01 6     1.576518e-06 1.579825e+00
50 9 262.72 0.48 0.950000 8 -1.0 18808        252.675 35 9.288189e-07 1.120645e-06 9.288189e-01 5.133057e-01 8     2.049464e-06 1.442125e+00
50 9 262.70 0.48 0.950000 8 -1.0 16027        250.248 36 7.269430e-07 8.868353e-07 7.269430e-01 6.863403e-01 5     1.613778e-06 1.413283e+00
50 11 262.70 0.48 0.950000 8 -1.0 19722        250.159 34 5.142602e-07 1.188513e-06 5.142602e-01 8.206177e-01 8     1.702773e-06 1.334878e+00
50 11 262.71 0.48 0.950000 8 -1.0 17886        252.359 37 9.710310e-07 7.075922e-07 9.710310e-01 4.797363e-01 7     1.678623e-06 1.450767e+00
50 13 262.70 0.48 0.950000 8 -1.0 13261        251.160 37 6.976708e-07 9.990891e-07 6.976708e-01 8.105469e-01 5     1.696760e-06 1.508218e+00
50 15 262.73 0.48 0.950000 8 -1.0 17703        250.884 36 8.050065e-07 7.582045e-07 8.050065e-01 6.835938e-01 7     1.563211e-06 1.488600e+00
50 15 262.73 0.48 0.950000 8 -1.0 6758        250.952 38 4.795532e-07 1.464718e-06 4.795532e-01 1.047974e+00 5     1.944271e-06 1.527527e+00
50 17 262.71 0.48 0.950000 8 -1.0 8301        250.266 39 9.366808e-07 9.649320e-07 9.366808e-01 9.057617e-01 6     1.901613e-06 1.842443e+00
50 19 262.69 0.48 0.950000 8 -1.0 9753        251.259 35 7.513692e-07 8.118700e-07 7.513692e-01 8.361816e-01 6     1.563239e-06 1.587551e+00
50 19 262.73 0.48 0.950000 8 -1.0 12871        250.103 39 6.475431e-07 7.895489e-07 6.475431e-01 8.093262e-01 7     1.437092e-06 1.456869e+00
50 21 262.70 0.48 0.950000 8 -1.0 18929        253.003 36 5.147463e-07 1.397281e-06 5.147463e-01 1.106567e+00 6     1.912028e-06 1.621314e+00
50 21 262.73 0.48 0.950000 8 -1.0 19852        251.597 37 4.252866e-07 1.299960e-06 4.252865e-01 9.820557e-01 10     1.725247e-06 1.407342e+00
50 23 262.72 0.48 0.950000 8 -1.0 1285        251.049 36 4.918510e-07 2.153470e-06 4.918510e-01 1.090698e+00 9     2.645321e-06 1.582549e+00
50 23 262.73 0.48 0.950000 8 -1.0 15956        253.899 38 5.951162e-07 9.659746e-07 5.951161e-01 7.849121e-01 7     1.561091e-06 1.380028e+00
50 3 262.72 0.48 0.950000 8 -1.0 12332        250.020 36 1.318602e-06 1.044754e-06 1.318602e+00 1.109009e+00 3     2.363356e-06 2.427611e+00
50 3 262.71 0.48 0.950000 8 -1.0 1793        250.689 36 6.235581e-07 1.434433e-06 6.235581e-01 1.748047e+00 3     2.057991e-06 2.371605e+00
50 3 262.73 0.48 0.950000 8 -1.0 13476        250.452 36 7.929394e-07 8.335912e-07 7.929393e-01 8.337402e-01 3     1.626531e-06 1.626680e+00
50 3 262.70 0.48 0.950000 8 -1.0 7854        251.122 33 5.946794e-07 1.242804e-06 5.946793e-01 1.492920e+00 3     1.837484e-06 2.087599e+00
50 5 262.71 0.48 0.950000 8 -1.0 14950        250.715 37 6.805360e-07 1.004953e-06 6.805360e-01 7.073975e-01 5     1.685489e-06 1.387933e+00
50 5 262.71 0.48 0.950000 8 -1.0 16795        249.772 40 1.654870e-06 7.284735e-07 1.654870e+00 5.535889e-01 5     2.383344e-06 2.208459e+00
50 7 262.73 0.48 0.950000 8 -1.0 15203        252.415 39 7.344835e-07 9.471571e-07 7.344834e-01 8.618164e-01 5     1.681641e-06 1.596300e+00
50 7 262.70 0.48 0.950000 8 -1.0 6136        250.684 37 7.722244e-07 9.702645e-07 7.722243e-01 7.260132e-01 5     1.742489e-06 1.498238e+00
50 7 262.73 0.48 0.950000 8 -1.0 9872        249.729 41 5.803947e-07 1.045100e-06 5.803947e-01 9.368896e-01 7     1.625495e-06 1.517284e+00
50 9 262.73 0.48 0.950000 8 -1.0 11854        249.938 39 6.234454e-07 1.205163e-06 6.234453e-01 8.532715e-01 6     1.828608e-06 1.476717e+00
50 9 262.73 0.48 0.950000 8 -1.0 19169        250.421 35 7.541862e-07 1.013776e-06 7.541862e-01 7.928467e-01 7     1.767962e-06 1.547033e+00
50 9 262.70 0.48 0.950000 8 -1.0 11093        250.771 36 6.320087e-07 1.015499e-06 6.320087e-01 8.416748e-01 4     1.647508e-06 1.473683e+00
50 11 262.72 0.48 0.950000 8 -1.0 13089        250.930 37 1.619790e-06 5.106623e-07 1.619790e+00 2.902222e-01 10     2.130452e-06 1.910012e+00
50 11 262.73 0.48 0.950000 8 -1.0 15547        249.970 36 6.491434e-07 1.414721e-06 6.491433e-01 8.343506e-01 6     2.063865e-06 1.483494e+00
50 13 262.73 0.48 0.950000 8 -1.0 16562        250.047 36 7.293817e-07 1.070352e-06 7.293817e-01 5.850220e-01 7     1.799734e-06 1.314404e+00
50 13 262.70 0.48 0.950000 8 -1.0 10421        250.511 35 7.910556e-07 7.813329e-07 7.910556e-01 6.958008e-01 7     1.572389e-06 1.486856e+00
50 13 262.72 0.48 0.950000 8 -1.0 17650        249.597 35 9.093291e-07 7.721420e-07 9.093291e-01 6.958008e-01 8     1.681471e-06 1.605130e+00
50 15 262.70 0.48 0.950000 8 -1.0 13359        253.297 38 7.778750e-07 9.313862e-07 7.778749e-01 8.139038e-01 5     1.709261e-06 1.591779e+00
50 15 262.73 0.48 0.950000 8 -1.0 19548        251.507 35 7.039912e-07 6.980224e-07 7.039912e-01 6.201172e-01 7     1.402014e-06 1.324108e+00
50 17 262.73 0.48 0.950000 8 -1.0 9085        251.088 38 6.258924e-07 1.115839e-06 6.258924e-01 8.837891e-01 5     1.741731e-06 1.509681e+00
50 17 262.71 0.48 0.950000 8 -1.0 12533        249.738 38 8.523082e-07 6.876401e-07 8.523081e-01 4.815674e-01 10     1.539948e-06 1.333876e+00
50 19 262.70 0.48 0.950000 8 -1.0 14895        251.739 36 5.287947e-07 1.604799e-06 5.287946e-01 9.100342e-01 6     2.133593e-06 1.438829e+00
50 19 262.71 0.48 0.950000 8 -1.0 4547        250.179 36 9.459240e-07 4.911133e-07 9.459240e-01 5.410767e-01 6     1.437037e-06 1.487001e+00
50 21 262.72 0.48 0.950000 8 -1.0 15332        251.118 37 1.053737e-06 7.657666e-07 1.053737e+00 4.194641e-01 11     1.819504e-06 1.473201e+00
50 21 262.69 0.48 0.950000 8 -1.0 2718        250.809 37 5.239169e-07 1.175491e-06 5.239169e-01 7.611084e-01 8     1.699408e-06 1.285025e+00
50 21 262.69 0.48 0.950000 8 -1.0 16445        250.758 33 4.921986e-07 6.014886e-07 4.921986e-01 6.466675e-01 6     1.093687e-06 1.138866e+00
50 21 262.72 0.48 0.950000 8 -1.0 14952        250.331 35 4.802130e-07 1.139163e-06 4.802130e-01 8.062744e-01 7     1.619376e-06 1.286487e+00
50 23 262.72 0.48 0.950000 8 -1.0 870        252.524 40 4.003751e-07 3.077016e-06 4.003751e-01 2.177734e+00 5     3.477391e-06 2.578109e+00
50 23 262.69 0.48 0.950000 8 -1.0 19443        252.776 37 4.701931e-07 1.184850e-06 4.701931e-01 8.236694e-01 8     1.655043e-06 1.293863e+00
50 23 262.71 0.48 0.950000 8 -1.0 10726        249.790 38 7.873445e-07 1.024387e-06 7.873445e-01 9.735107e-01 7     1.811731e-06 1.760855e+00
50 3 262.70 0.48 0.950000 8 -1.0 10980        249.742 35 8.027242e-07 1.744909e-06 8.027242e-01 1.591797e+00 3     2.547633e-06 2.394521e+00
50 3 262.73 0.48 0.950000 8 -1.0 1008        249.738 38 8.505423e-07 6.878573e-07 8.505423e-01 1.101074e+00 3     1.538400e-06 1.951617e+00
50 5 262.70 0.48 0.950000 8 -1.0 10458        249.678 34 6.411762e-07 9.737415e-07 6.411761e-01 7.638550e-01 5     1.614918e-06 1.405031e+00
50 5 262.72 0.48 0.950000 8 -1.0 15694        251.076 37 8.507975e-07 1.074083e-06 8.507975e-01 8.520508e-01 5     1.924880e-06 1.702848e+00
50 7 262.71 0.48 0.950000 8 -1.0 17071        250.896 35 8.679055e-07 8.169660e-07 8.679055e-01 5.780029e-01 7     1.684871e-06 1.445908e+00
50 9 262.69 0.48 0.950000 8 -1.0 9881        250.471 37 6.044342e-07 8.444882e-07 6.044341e-01 7.934570e-01 5     1.448922e-06 1.397891e+00
50 9 262.73 0.48 0.950000 8 -1.0 19331        251.048 36 8.079583e-07 5.412366e-07 8.079583e-01 4.771423e-01 8     1.349195e-06 1.285101e+00
50 11 262.72 0.48 0.950000 8 -1.0 13632        249.973 36 8.279181e-07 6.096764e-07 8.279180e-01 6.842041e-01 6     1.437595e-06 1.512122e+00
50 13 262.73 0.48 0.950000 8 -1.0 12084        249.688 33 5.041891e-07 1.123966e-06 5.041890e-01 1.156006e+00 7     1.628155e-06 1.660195e+00
50 13 262.71 0.48 0.950000 8 -1.0 7453        250.586 36 7.996481e-07 1.149965e-06 7.996481e-01 8.230591e-01 6     1.949613e-06 1.622707e+00
50 15 262.71 0.48 0.950000 8 -1.0 17654        249.631 36 9.818067e-07 1.296663e-06 9.818067e-01 7.376099e-01 6     2.278470e-06 1.719417e+00
50 17 262.69 0.48 0.950000 8 -1.0 465        253.500 36 8.014197e-07 5.943855e-07 8.014197e-01 5.923462e-01 7     1.395805e-06 1.393766e+00
50 19 262.72 0.48 0.950000 8 -1.0 19237        252.050 37 7.346325e-07 1.206793e-06 7.346325e-01 6.982422e-01 6     1.941426e-06 1.432875e+00
50 19 262.70 0.48 0.950000 8 -1.0 15453        253.158 40 1.238124e-06 9.146399e-07 1.238124e+00 5.404663e-01 8     2.152764e-06 1.778590e+00
50 21 262.70 0.48 0.950000 8 -1.0 13106        250.164 35 5.653627e-07 1.921149e-06 5.653627e-01 8.880615e-01 7     2.486512e-06 1.453424e+00
50 21 262.70 0.48 0.950000 8 -1.0 17027        251.008 39 6.512703e-07 1.491286e-06 6.512703e-01 1.242676e+00 7     2.142556e-06 1.893946e+00
50 23 262.73 0.48 0.950000 8 -1.0 17996        250.502 36 5.854413e-07 1.491283e-06 5.854413e-01 9.790039e-01 8     2.076725e-06 1.564445e+00
50 3 262.71 0.48 0.950000 8 -1.0 8801        253.069 36 1.105345e-06 8.559798e-07 1.105345e+00 8.178711e-01 3     1.961325e-06 1.923217e+00
50 3 262.73 0.48 0.950000 8 -1.0 8440        251.458 37 4.647070e-07 1.357046e-06 4.647069e-01 1.650391e+00 3     1.821753e-06 2.115098e+00
50 3 262.71 0.48 0.950000 8 -1.0 5203        252.870 36 8.090375e-07 1.374832e-06 8.090375e-01 1.441650e+00 3     2.183869e-06 2.250688e+00
50 3 262.69 0.48 0.950000 8 -1.0 12232        249.979 41 8.514205e-07 7.214535e-07 8.514204e-01 9.222412e-01 3     1.572874e-06 1.773662e+00
50 5 262.73 0.48 0.950000 8 -1.0 5245        254.143 36 7.618955e-07 8.881343e-07 7.618955e-01 8.221436e-01 5     1.650030e-06 1.584039e+00
50 5 262.70 0.48 0.950000 8 -1.0 5895        250.050 35 5.557039e-07 9.209769e-07 5.557039e-01 1.196289e+00 4     1.476681e-06 1.751993e+00
50 7 262.73 0.48 0.950000 8 -1.0 19804        251.146 36 6.972632e-07 8.691258e-07 6.972632e-01 6.503296e-01 7     1.566389e-06 1.347593e+00
50 7 262.71 0.48 0.950000 8 -1.0 10506        250.025 36 8.767352e-07 8.699278e-07 8.767351e-01 7.122803e-01 5     1.746663e-06 1.589015e+00
50 7 262.72 0.48 0.950000 8 -1.0 13521        250.712 34 1.008186e-06 7.278928e-07 1.008186e+00 6.729126e-01 6     1.736079e-06 1.681099e+00
50 7 262.72 0.48 0.950000 8 -1.0 7996        252.988 37 1.009139e-06 6.055411e-07 1.009139e+00 5.245972e-01 5     1.614680e-06 1.533737e+00
50 9 262.70 0.48 0.950000 8 -1.0 17189        249.681 37 1.319994e-06 4.799141e-07 1.319994e+00 4.226685e-01 7     1.799909e-06 1.742663e+00
50 9 262.71 0.48 0.950000 8 -1.0 13606        251.726 38 7.356667e-07 6.980290e-07 7.356666e-01 6.625366e-01 6     1.433696e-06 1.398203e+00
50 11 262.71 0.48 0.950000 8 -1.0 9287        251.683 37 9.244542e-07 6.994071e-07 9.244542e-01 4.705811e-01 7     1.623861e-06 1.395035e+00
50 11 262.72 0.48 0.950000 8 -1.0 19317        250.590 37 1.113242e-06 9.353778e-07 1.113242e+00 5.511475e-01 7     2.048620e-06 1.664390e+00
50 13 262.72 0.48 0.950000 8 -1.0 15455        251.563 38 8.573408e-07 1.009310e-06 8.573408e-01 6.890869e-01 6     1.866651e-06 1.546428e+00
50 13 262.72 0.48 0.950000 8 -1.0 15707        251.571 35 9.369379e-07 1.100563e-06 9.369379e-01 5.868530e-01 7     2.037501e-06 1.523791e+00
50 13 262.73 0.48 0.950000 8 -1.0 17257        249.952 39 8.179809e-07 7.371514e-07 8.179809e-01 6.387329e-01 6     1.555132e-06 1.456714e+00
50 13 262.73 0.48 0.950000 8 -1.0 18201        252.458 36 7.888839e-07 6.025352e-07 7.888838e-01 4.937744e-01 7     1.391419e-06 1.282658e+00
50 15 262.72 0.48 0.950000 8 -1.0 18731        255.512 37 8.813541e-07 1.121309e-06 8.813540e-01 8.447266e-01 8     2.002663e-06 1.726081e+00
50 15 262.71 0.48 0.950000 8 -1.0 15170        251.215 37 8.656862e-07 9.262941e-07 8.656862e-01 7.046509e-01 6     1.791980e-06 1.570337e+00
50 15 262.72 0.48 0.950000 8 -1.0 18943        250.511 34 1.320849e-06 4.461207e-07 1.320849e+00 4.080200e-01 8     1.766970e-06 1.728869e+00
50 17 262.71 0.48 0.950000 8 -1.0 12863        250.344 37 8.381604e-07 1.048369e-06 8.381603e-01 8.193970e-01 5     1.886529e-06 1.657557e+00
50 17 262.72 0.48 0.950000 8 -1.0 19025        254.133 37 6.934458e-07 8.862037e-07 6.934457e-01 8.303833e-01 7     1.579649e-06 1.523829e+00
50 19 262.70 0.48 0.950000 8 -1.0 17532        250.548 38 8.901409e-07 1.292376e-06 8.901408e-01 6.628418e-01 7     2.182517e-06 1.552983e+00
50 19 262.70 0.48 0.950000 8 -1.0 15213        249.609 33 6.573892e-07 5.417021e-07 6.573891e-01 4.623413e-01 10     1.199091e-06 1.119730e+00
50 19 262.71 0.48 0.950000 8 -1.0 14001        253.463 39 1.061075e-06 6.895407e-07 1.061075e+00 5.419922e-01 7     1.750616e-06 1.603067e+00
50 19 262.71 0.48 0.950000 8 -1.0 10274        250.196 35 3.134164e-07 2.370143e-06 3.134163e-01 1.621094e+00 6     2.683559e-06 1.934510e+00
50 21 262.73 0.48 0.950000 8 -1.0 14912        249.861 38 6.230438e-07 9.960795e-07 6.230438e-01 7.202148e-01 7     1.619123e-06 1.343259e+00
50 21 262.71 0.48 0.950000 8 -1.0 15310        251.792 40 1.029940e-06 2.488438e-06 1.029940e+00 1.583252e+00 7     3.518378e-06 2.613192e+00
50 21 262.72 0.48 0.950000 8 -1.0 6648        252.891 39 4.766203e-07 1.624450e-06 4.766203e-01 1.074219e+00 6     2.101070e-06 1.550839e+00
50 23 262.70 0.48 0.950000 8 -1.0 11022        252.224 41 1.136056e-06 1.537446e-06 1.136056e+00 8.477783e-01 8     2.673502e-06 1.983834e+00
50 23 262.73 0.48 0.950000 8 -1.0 15945        250.043 35 6.061759e-07 1.330754e-06 6.061758e-01 1.297607e+00 5     1.936930e-06 1.903783e+00
50 23 262.70 0.48 0.950000 8 -1.0 12948        251.947 38 4.934734e-07 1.099105e-06 4.934733e-01 9.600830e-01 6     1.592578e-06 1.453556e+00
50 23 262.73 0.48 0.950000 8 -1.0 10069        253.063 40 5.960948e-07 1.562746e-06 5.960948e-01 6.796265e-01 7     2.158841e-06 1.275721e+00
50 3 262.73 0.48 0.950000 8 -1.0 14060        250.276 37 7.256495e-07 1.175716e-06 7.256495e-01 1.176758e+00 3     1.901366e-06 1.902407e+00
50 5 262.71 0.48 0.950000 8 -1.0 268        251.955 39 7.791239e-07 8.664540e-07 7.791238e-01 8.972168e-01 5     1.645578e-06 1.676341e+00
50 5 262.73 0.48 0.950000 8 -1.0 10322        250.827 36 7.371611e-07 5.062799e-07 7.371611e-01 6.811523e-01 5     1.243441e-06 1.418313e+00
50 7 262.70 0.48 0.950000 8 -1.0 8315        249.923 37 1.092329e-06 8.177127e-07 1.092329e+00 6.741333e-01 6     1.910042e-06 1.766462e+00
50 9 262.72 0.48 0.950000 8 -1.0 17037        250.965 34 6.634092e-07 1.095625e-06 6.634091e-01 9.960938e-01 6     1.759034e-06 1.659503e+00
50 9 262.72 0.48 0.950000 8 -1.0 1756        252.613 36 5.154047e-07 1.494694e-06 5.154047e-01 9.320068e-01 7     2.010099e-06 1.447412e+00
50 11 262.71 0.48 0.950000 8 -1.0 16040        251.187 38 1.086575e-06 6.835033e-07 1.086575e+00 4.971313e-01 7     1.770078e-06 1.583706e+00
50 13 262.73 0.48 0.950000 8 -1.0 10175        249.618 36 6.767391e-07 5.285237e-07 6.767391e-01 7.290649e-01 7     1.205263e-06 1.405804e+00
50 13 262.71 0.48 0.950000 8 -1.0 13805        250.406 33 8.988343e-07 5.285267e-07 8.988343e-01 5.770874e-01 9     1.427361e-06 1.475922e+00
50 15 262.73 0.48 0.950000 8 -1.0 14711        250.133 36 5.899376e-07 1.136315e-06 5.899376e-01 1.014404e+00 6     1.726252e-06 1.604342e+00
50 17 262.73 0.48 0.950000 8 -1.0 14579        249.932 35 7.645666e-07 8.460529e-07 7.645666e-01 6.506348e-01 6     1.610620e-06 1.415201e+00
50 19 262.72 0.48 0.950000 8 -1.0 16082        250.547 35 9.562258e-07 8.273784e-07 9.562258e-01 6.347656e-01 6     1.783604e-06 1.590991e+00
50 19 262.69 0.48 0.950000 8 -1.0 664        250.134 38 4.787539e-07 1.240208e-06 4.787538e-01 1.043091e+00 8     1.718962e-06 1.521845e+00
50 19 262.73 0.48 0.950000 8 -1.0 3442        250.515 35 7.313896e-07 8.688301e-07 7.313896e-01 6.948853e-01 6     1.600220e-06 1.426275e+00
50 21 262.72 0.48 0.950000 8 -1.0 18051        250.555 37 7.557869e-07 1.213332e-06 7.557868e-01 7.019043e-01 7     1.969118e-06 1.457691e+00
50 23 262.69 0.48 0.950000 8 -1.0 19734        252.275 34 1.111838e-06 6.461563e-07 1.111838e+00 6.204224e-01 7     1.757994e-06 1.732260e+00
50 23 262.71 0.48 0.950000 8 -1.0 11499        250.691 35 4.984558e-07 1.442375e-06 4.984558e-01 8.660889e-01 7     1.940831e-06 1.364545e+00
50 3 262.72 0.48 0.950000 8 -1.0 10670        250.184 39 1.003709e-06 1.128794e-06 1.003709e+00 1.403809e+00 3     2.132503e-06 2.407518e+00
50 3 262.72 0.48 0.950000 8 -1.0 824        252.288 39 7.954232e-07 1.036991e-06 7.954232e-01 1.477051e+00 3     1.832414e-06 2.272474e+00
50 5 262.71 0.48 0.950000 8 -1.0 10201        251.052 39 9.810150e-07 1.025823e-06 9.810150e-01 8.810425e-01 5     2.006838e-06 1.862057e+00
50 7 262.69 0.48 0.950000 8 -1.0 5247        251.174 33 5.812687e-07 7.181669e-07 5.812686e-01 7.995605e-01 5     1.299436e-06 1.380829e+00
50 7 262.70 0.48 0.950000 8 -1.0 15020        249.966 36 8.055156e-07 9.454697e-07 8.055156e-01 7.171631e-01 5     1.750985e-06 1.522679e+00
50 9 262.72 0.48 0.950000 8 -1.0 13691        251.167 36 6.368728e-07 1.085069e-06 6.368728e-01 1.049805e+00 6     1.721942e-06 1.686677e+00
50 11 262.69 0.48 0.950000 8 -1.0 16685        251.181 35 1.239361e-06 5.848162e-07 1.239361e+00 4.101562e-01 5     1.824177e-06 1.649517e+00
50 11 262.71 0.48 0.950000 8 -1.0 14368        251.177 35 1.235869e-06 7.859703e-07 1.235869e+00 5.191040e-01 5     2.021839e-06 1.754973e+00
50 13 262.70 0.48 0.950000 8 -1.0 14413        252.057 35 7.602419e-07 8.122156e-07 7.602419e-01 6.408691e-01 7     1.572458e-06 1.401111e+00
50 15 262.72 0.48 0.950000 8 -1.0 13995        250.329 36 1.137370e-06 7.977522e-07 1.137370e+00 7.971191e-01 5     1.935122e-06 1.934489e+00
50 17 262.72 0.48 0.950000 8 -1.0 10559        258.404 38 8.312811e-07 1.126078e-06 8.312811e-01 8.636475e-01 6     1.957359e-06 1.694929e+00
50 17 262.72 0.48 0.950000 8 -1.0 2367        250.890 39 7.293157e-07 1.246812e-06 7.293156e-01 8.383179e-01 6     1.976127e-06 1.567633e+00
50 19 262.71 0.48 0.950000 8 -1.0 1347        251.333 41 1.439157e-06 9.483934e-07 1.439157e+00 7.202148e-01 8     2.387551e-06 2.159372e+00
50 21 262.71 0.48 0.950000 8 -1.0 2162        253.983 37 6.373481e-07 8.702948e-07 6.373481e-01 8.911133e-01 6     1.507643e-06 1.528461e+00
50 23 262.72 0.48 0.950000 8 -1.0 9996        251.150 39 5.384365e-07 1.598010e-06 5.384364e-01 1.248779e+00 6     2.136447e-06 1.787216e+00
50 23 262.70 0.48 0.950000 8 -1.0 18900        252.541 33 5.612355e-07 1.270999e-06 5.612354e-01 7.824707e-01 7     1.832234e-06 1.343706e+00
50 3 262.71 0.48 0.950000 8 -1.0 12666        249.891 37 6.894803e-07 1.632171e-06 6.894802e-01 1.782227e+00 3     2.321651e-06 2.471707e+00
50 3 262.73 0.48 0.950000 8 -1.0 11318        249.651 40 6.789459e-07 1.420688e-06 6.789459e-01 1.641846e+00 3     2.099634e-06 2.320792e+00
50 3 262.71 0.48 0.950000 8 -1.0 16516        250.484 37 9.244353e-07 1.193981e-06 9.244353e-01 1.444092e+00 3     2.118416e-06 2.368527e+00
50 3 262.71 0.48 0.950000 8 -1.0 9800        251.991 39 1.017110e-06 8.146402e-07 1.017110e+00 1.752930e+00 3     1.831751e-06 2.770040e+00
50 5 262.70 0.48 0.950000 8 -1.0 14798        250.765 37 1.291363e-06 4.825068e-07 1.291363e+00 5.072021e-01 5     1.773870e-06 1.798565e+00
50 5 262.69 0.48 0.950000 8 -1.0 15733        249.588 35 8.353861e-07 8.040092e-07 8.353861e-01 6.338501e-01 5     1.639395e-06 1.469236e+00
50 5 262.70 0.48 0.950000 8 -1.0 18064        252.784 34 6.690947e-07 9.846161e-07 6.690946e-01 8.404541e-01 4     1.653711e-06 1.509549e+00
50 7 262.71 0.48 0.950000 8 -1.0 16454        249.935 36 7.808457e-07 6.829278e-07 7.808456e-01 7.672119e-01 7     1.463774e-06 1.548058e+00
50 7 262.73 0.48 0.950000 8 -1.0 18440        250.360 37 8.664317e-07 9.018088e-07 8.664316e-01 7.397461e-01 6     1.768241e-06 1.606178e+00
50 7 262.73 0.48 0.950000 8 -1.0 17948        252.178 35 7.435196e-07 1.398953e-06 7.435196e-01 8.056641e-01 6     2.142472e-06 1.549184e+00
50 9 262.71 0.48 0.950000 8 -1.0 18919        249.611 36 8.722063e-07 7.411950e-07 8.722063e-01 5.465698e-01 8     1.613401e-06 1.418776e+00
50 9 262.70 0.48 0.950000 8 -1.0 17723        250.173 36 6.936583e-07 1.099564e-06 6.936583e-01 8.633423e-01 5     1.793222e-06 1.557001e+00
50 9 262.73 0.48 0.950000 8 -1.0 6174        250.030 38 6.172287e-07 1.170816e-06 6.172286e-01 8.758545e-01 5     1.788045e-06 1.493083e+00
50 11 262.70 0.48 0.950000 8 -1.0 16355        252.610 39 1.221261e-06 6.735916e-07 1.221261e+00 6.320190e-01 6     1.894853e-06 1.853280e+00
50 11 262.70 0.48 0.950000 8 -1.0 16522        252.314 36 6.077182e-07 1.141629e-06 6.077182e-01 9.466553e-01 5     1.749348e-06 1.554373e+00
50 11 262.73 0.48 0.950000 8 -1.0 18128        251.548 39 8.664165e-07 5.623639e-07 8.664165e-01 5.130005e-01 10     1.428780e-06 1.379417e+00
50 13 262.71 0.48 0.950000 8 -1.0 14148        250.171 35 8.224718e-07 8.508967e-07 8.224717e-01 6.332397e-01 9     1.673369e-06 1.455711e+00
50 13 262.71 0.48 0.950000 8 -1.0 2530        254.732 34 9.840538e-07 6.160267e-07 9.840538e-01 5.523682e-01 7     1.600081e-06 1.536422e+00
50 13 262.69 0.48 0.950000 8 -1.0 19174        251.243 34 7.961557e-07 4.206115e-07 7.961557e-01 3.543091e-01 8     1.216767e-06 1.150465e+00
50 13 262.73 0.48 0.950000 8 -1.0 10682        252.425 40 5.139357e-07 1.508268e-06 5.139357e-01 1.014404e+00 6     2.022204e-06 1.528340e+00
50 15 262.70 0.48 0.950000 8 -1.0 19032        250.441 33 8.444515e-07 6.421505e-07 8.444515e-01 4.653931e-01 9     1.486602e-06 1.309845e+00
50 15 262.71 0.48 0.950000 8 -1.0 5383        251.717 36 1.071014e-06 1.638957e-06 1.071014e+00 1.054688e+00 5     2.709972e-06 2.125702e+00
50 15 262.70 0.48 0.950000 8 -1.0 7353        253.404 34 8.899526e-07 6.645797e-07 8.899526e-01 7.531738e-01 5     1.554532e-06 1.643126e+00
50 17 262.72 0.48 0.950000 8 -1.0 14256        249.780 37 1.034507e-06 8.191734e-07 1.034507e+00 5.261230e-01 9     1.853680e-06 1.560630e+00
50 17 262.70 0.48 0.950000 8 -1.0 13000        250.638 35 7.569141e-07 7.831545e-07 7.569141e-01 6.100464e-01 8     1.540069e-06 1.366960e+00
50 17 262.73 0.48 0.950000 8 -1.0 15286        250.116 37 7.461505e-07 4.633139e-07 7.461505e-01 5.957031e-01 5     1.209464e-06 1.341854e+00
50 19 262.71 0.48 0.950000 8 -1.0 15413        250.005 36 7.881814e-07 9.341630e-07 7.881814e-01 6.320190e-01 6     1.722344e-06 1.420200e+00
50 19 262.72 0.48 0.950000 8 -1.0 18446        253.088 36 6.449218e-07 1.414448e-06 6.449218e-01 9.027100e-01 8     2.059369e-06 1.547632e+00
50 19 262.70 0.48 0.950000 8 -1.0 18001        250.498 38 8.485635e-07 9.329214e-07 8.485634e-01 6.521606e-01 9     1.781485e-06 1.500724e+00
50 19 262.71 0.48 0.950000 8 -1.0 15470        255.308 39 8.804354e-07 9.014676e-07 8.804354e-01 5.120850e-01 8     1.781903e-06 1.392520e+00
50 21 262.72 0.48 0.950000 8 -1.0 1074        252.533 36 3.531040e-07 2.274346e-06 3.531040e-01 1.307373e+00 6     2.627450e-06 1.660477e+00
50 21 262.73 0.48 0.950000 8 -1.0 2731        249.799 40 7.210295e-07 8.052485e-07 7.210295e-01 8.642578e-01 6     1.526278e-06 1.585287e+00
50 21 262.73 0.48 0.950000 8 -1.0 13056        250.536 39 5.386227e-07 1.303404e-06 5.386227e-01 1.073608e+00 5     1.842026e-06 1.612231e+00
50 23 262.73 0.48 0.950000 8 -1.0 18248        250.380 37 4.300658e-07 1.566792e-06 4.300658e-01 1.013184e+00 8     1.996858e-06 1.443249e+00
50 23 262.71 0.48 0.950000 8 -1.0 19894        255.823 36 5.351100e-07 1.408403e-06 5.351100e-01 1.136475e+00 7     1.943513e-06 1.671585e+00
50 23 262.71 0.48 0.950000 8 -1.0 18748        250.516 39 1.044012e-06 2.105078e-06 1.044012e+00 1.553345e+00 6     3.149090e-06 2.597357e+00
50 23 262.73 0.48 0.950000 8 -1.0 19256        249.932 37 5.576598e-07 1.123152e-06 5.576598e-01 7.458496e-01 8     1.680812e-06 1.303509e+00
50 3 262.73 0.48 0.950000 8 -1.0 12406        250.041 38 5.915181e-07 1.141184e-06 5.915181e-01 1.575928e+00 3     1.732702e-06 2.167446e+00
50 3 262.73 0.48 0.950000 8 -1.0 3619        251.999 36 5.011036e-07 1.386443e-06 5.011036e-01 1.483154e+00 3     1.887547e-06 1.984258e+00
50 5 262.72 0.48 0.950000 8 -1.0 17868        252.984 35 1.274162e-06 7.646759e-07 1.274162e+00 7.019043e-01 5     2.038838e-06 1.976066e+00
50 7 262.72 0.48 0.950000 8 -1.0 2610        253.188 37 8.682936e-07 9.279191e-07 8.682935e-01 5.990601e-01 6     1.796213e-06 1.467354e+00
50 7 262.70 0.48 0.950000 8 -1.0 13386        250.395 37 7.162233e-07 1.009571e-06 7.162233e-01 7.308960e-01 7     1.725794e-06 1.447119e+00
50 9 262.73 0.48 0.950000 8 -1.0 12697        251.423 38 1.059014e-06 4.485911e-07 1.059014e+00 5.249023e-01 6     1.507605e-06 1.583916e+00
50 9 262.72 0.48 0.950000 8 -1.0 10557        249.676 36 8.453817e-07 8.577860e-07 8.453817e-01 1.052856e+00 5     1.703168e-06 1.898238e+00
50 11 262.70 0.48 0.950000 8 -1.0 10561        249.570 36 7.161554e-07 9.664887e-07 7.161554e-01 8.020020e-01 4     1.682644e-06 1.518157e+00
50 13 262.72 0.48 0.950000 8 -1.0 15831        249.653 35 8.268372e-07 1.100402e-06 8.268372e-01 8.782959e-01 6     1.927239e-06 1.705133e+00
50 15 262.73 0.48 0.950000 8 -1.0 5528        250.750 37 6.424381e-07 8.656859e-07 6.424381e-01 5.526733e-01 6     1.508124e-06 1.195111e+00
50 15 262.73 0.48 0.950000 8 -1.0 14208        251.998 36 8.361041e-07 4.565821e-07 8.361040e-01 4.946899e-01 6     1.292686e-06 1.330794e+00
50 17 262.73 0.48 0.950000 8 -1.0 16928        250.410 37 9.482134e-07 5.680227e-07 9.482133e-01 5.044556e-01 7     1.516236e-06 1.452669e+00
50 19 262.70 0.48 0.950000 8 -1.0 17769        251.057 38 7.242502e-07 8.499805e-07 7.242502e-01 7.391357e-01 6     1.574231e-06 1.463386e+00
50 19 262.70 0.48 0.950000 8 -1.0 19390        251.896 34 7.067045e-07 9.395596e-07 7.067045e-01 6.542969e-01 8     1.646264e-06 1.361001e+00
50 21 262.70 0.48 0.950000 8 -1.0 16959        252.232 36 7.017297e-07 9.051957e-07 7.017296e-01 7.653809e-01 8     1.606925e-06 1.467111e+00
50 23 262.73 0.48 0.950000 8 -1.0 11535        250.172 41 7.263311e-07 1.013473e-06 7.263310e-01 7.171631e-01 8     1.739804e-06 1.443494e+00
50 23 262.71 0.48 0.950000 8 -1.0 11183        253.564 38 6.984933e-07 7.463543e-07 6.984932e-01 6.530762e-01 7     1.444848e-06 1.351569e+00
50 3 262.73 0.48 0.950000 8 -1.0 2786        250.063 38 8.139561e-07 8.891115e-07 8.139561e-01 1.107178e+00 3     1.703068e-06 1.921134e+00
50 3 262.72 0.48 0.950000 8 -1.0 18797        252.428 42 5.499457e-07 1.448035e-06 5.499457e-01 1.898193e+00 3     1.997981e-06 2.448139e+00
50 5 262.72 0.48 0.950000 8 -1.0 19263        253.774 37 5.994896e-07 1.257245e-06 5.994896e-01 8.627319e-01 5     1.856734e-06 1.462222e+00
50 7 262.70 0.48 0.950000 8 -1.0 18944        250.712 39 1.037866e-06 6.588175e-07 1.037866e+00 9.118652e-01 7     1.696684e-06 1.949732e+00
50 7 262.70 0.48 0.950000 8 -1.0 19081        251.733 34 1.329220e-06 5.020295e-07 1.329220e+00 3.543091e-01 6     1.831249e-06 1.683529e+00
50 9 262.70 0.48 0.950000 8 -1.0 11100        254.322 38 8.298612e-07 9.107111e-07 8.298611e-01 7.064819e-01 7     1.740572e-06 1.536343e+00
50 11 262.69 0.48 0.950000 8 -1.0 18127        251.206 37 5.961876e-07 8.269782e-07 5.961876e-01 7.214355e-01 6     1.423166e-06 1.317623e+00
50 11 262.72 0.48 0.950000 8 -1.0 19773        250.275 34 1.020901e-06 6.953074e-07 1.020901e+00 6.011963e-01 6     1.716208e-06 1.622097e+00
50 13 262.70 0.48 0.950000 8 -1.0 14130        252.653 38 1.178913e-06 8.825119e-07 1.178912e+00 5.493164e-01 9     2.061424e-06 1.728229e+00
50 15 262.73 0.48 0.950000 8 -1.0 12522        253.108 36 8.495034e-07 1.012826e-06 8.495034e-01 6.713867e-01 6     1.862329e-06 1.520890e+00
50 15 262.70 0.48 0.950000 8 -1.0 9948        250.566 36 6.254824e-07 1.148180e-06 6.254824e-01 1.083374e+00 5     1.773662e-06 1.708856e+00
50 17 262.70 0.48 0.950000 8 -1.0 11013        251.714 35 6.528272e-07 7.512583e-07 6.528272e-01 6.146240e-01 4     1.404086e-06 1.267451e+00
50 17 262.72 0.48 0.950000 8 -1.0 18359        250.483 34 7.033365e-07 1.128091e-06 7.033364e-01 6.918335e-01 9     1.831428e-06 1.395170e+00
50 19 262.73 0.48 0.950000 8 -1.0 15012        252.194 40 8.040764e-07 8.356351e-07 8.040764e-01 6.137085e-01 6     1.639711e-06 1.417785e+00
50 21 262.72 0.48 0.950000 8 -1.0 7260        249.888 39 9.260330e-07 1.230597e-06 9.260330e-01 1.278076e+00 6     2.156630e-06 2.204109e+00
50 21 262.72 0.48 0.950000 8 -1.0 8151        252.276 35 8.387236e-07 9.239372e-07 8.387235e-01 8.148193e-01 8     1.762661e-06 1.653543e+00
50 23 262.72 0.48 0.950000 8 -1.0 12233        251.608 39 1.730018e-06 1.045058e-06 1.730018e+00 1.322632e+00 5     2.775076e-06 3.052650e+00
50 3 262.69 0.48 0.950000 8 -1.0 6155        251.019 35 1.319332e-06 8.444233e-07 1.319332e+00 1.098633e+00 3     2.163756e-06 2.417965e+00
50 3 262.70 0.48 0.950000 8 -1.0 7495        251.416 37 5.098434e-07 1.430827e-06 5.098434e-01 1.496582e+00 3     1.940671e-06 2.006425e+00
50 5 262.73 0.48 0.950000 8 -1.0 15838        250.931 34 5.070886e-07 1.498644e-06 5.070885e-01 1.104126e+00 4     2.005732e-06 1.611215e+00
50 7 262.73 0.48 0.950000 8 -1.0 13885        250.132 37 7.737615e-07 6.660946e-07 7.737615e-01 6.982422e-01 7     1.439856e-06 1.472004e+00
50 7 262.73 0.48 0.950000 8 -1.0 8811        253.432 36 7.708068e-07 6.868589e-07 7.708067e-01 4.731750e-01 7     1.457666e-06 1.243982e+00
50 9 262.73 0.48 0.950000 8 -1.0 13649        252.619 35 8.575234e-07 4.741371e-07 8.575234e-01 5.603027e-01 8     1.331661e-06 1.417826e+00
50 11 262.69 0.48 0.950000 8 -1.0 18968        250.913 35 7.783786e-07 1.019336e-06 7.783786e-01 7.714844e-01 6     1.797715e-06 1.549863e+00
50 13 262.70 0.48 0.950000 8 -1.0 8054        250.643 39 1.198778e-06 6.082166e-07 1.198778e+00 5.780029e-01 8     1.806994e-06 1.776780e+00
50 13 262.73 0.48 0.950000 8 -1.0 19397        249.595 36 5.018337e-07 1.299091e-06 5.018337e-01 9.039307e-01 5     1.800924e-06 1.405764e+00
50 15 262.70 0.48 0.950000 8 -1.0 9977        250.870 39 1.505432e-06 4.900631e-07 1.505432e+00 3.970337e-01 7     1.995495e-06 1.902466e+00
50 17 262.69 0.48 0.950000 8 -1.0 7279        251.022 34 1.285316e-06 4.086774e-07 1.285316e+00 3.854370e-01 6     1.693994e-06 1.670753e+00
50 17 262.71 0.48 0.950000 8 -1.0 14150        250.105 33 8.968788e-07 5.242440e-07 8.968787e-01 5.206299e-01 7     1.421123e-06 1.417509e+00
50 19 262.73 0.48 0.950000 8 -1.0 18791        254.452 34 6.020033e-07 1.086257e-06 6.020033e-01 8.129883e-01 9     1.688260e-06 1.414992e+00
50 19 262.73 0.48 0.950000 8 -1.0 6636        249.932 38 7.111368e-07 6.823094e-07 7.111368e-01 8.367920e-01 6     1.393446e-06 1.547929e+00
50 21 262.73 0.48 0.950000 8 -1.0 3798        249.926 36 5.086585e-07 1.423341e-06 5.086584e-01 1.029053e+00 6     1.931999e-06 1.537711e+00
50 23 262.73 0.48 0.950000 8 -1.0 649        253.625 38 6.172063e-07 1.154271e-06 6.172063e-01 8.929443e-01 7     1.771477e-06 1.510151e+00
50 23 262.70 0.48 0.950000 8 -1.0 18955        249.872 40 6.259832e-07 1.423524e-06 6.259832e-01 9.729004e-01 9     2.049508e-06 1.598884e+00
50 3 262.72 0.48 0.950000 8 -1.0 2804        251.152 37 7.133901e-07 1.422885e-06 7.133900e-01 1.850586e+00 3     2.136275e-06 2.563976e+00
50 3 262.69 0.48 0.950000 8 -1.0 17777        251.083 38 5.069069e-07 1.228194e-06 5.069069e-01 1.411133e+00 3     1.735101e-06 1.918040e+00
50 5 262.72 0.48 0.950000 8 -1.0 19653        249.782 37 7.013179e-07 1.017508e-06 7.013179e-01 9.484863e-01 5     1.718826e-06 1.649804e+00
50 3 262.73 0.48 0.950000 8 -1.0 7925        251.818 39 7.946207e-07 9.542343e-07 7.946207e-01 1.256104e+00 3     1.748855e-06 2.050724e+00
50 5 262.73 0.48 0.950000 8 -1.0 5299        250.409 41 7.083885e-07 9.089060e-07 7.083885e-01 7.473755e-01 5     1.617294e-06 1.455764e+00
50 5 262.69 0.48 0.950000 8 -1.0 17273        250.631 38 6.756270e-07 5.824879e-07 6.756270e-01 5.963135e-01 5     1.258115e-06 1.271940e+00
50 7 262.70 0.48 0.950000 8 -1.0 4555        252.500 36 5.715093e-07 1.113298e-06 5.715093e-01 7.836914e-01 7     1.684808e-06 1.355201e+00
50 7 262.70 0.48 0.950000 8 -1.0 11455        250.693 36 5.921655e-07 1.064058e-06 5.921655e-01 6.924438e-01 6     1.656223e-06 1.284609e+00
50 9 262.72 0.48 0.950000 8 -1.0 635        250.642 37 6.801697e-07 9.396340e-07 6.801696e-01 7.489014e-01 8     1.619804e-06 1.429071e+00
50 9 262.73 0.48 0.950000 8 -1.0 11002        254.991 36 7.882599e-07 8.409685e-07 7.882598e-01 5.596924e-01 7     1.629228e-06 1.347952e+00
50 9 262.73 0.48 0.950000 8 -1.0 17231        252.614 41 6.754422e-07 7.779463e-07 6.754421e-01 6.915283e-01 7     1.453389e-06 1.366970e+00
50 11 262.72 0.48 0.950000 8 -1.0 14134        249.832 37 6.295240e-07 1.224448e-06 6.295239e-01 7.891846e-01 6     1.853972e-06 1.418709e+00
50 11 262.71 0.48 0.950000 8 -1.0 18086        250.486 36 1.070676e-06 4.695800e-07 1.070675e+00 4.837036e-01 7     1.540255e-06 1.554379e+00
50 11 262.70 0.48 0.950000 8 -1.0 17699        249.612 35 6.753973e-07 9.372595e-07 6.753973e-01 7.034302e-01 5     1.612657e-06 1.378827e+00
50 11 262.72 0.48 0.950000 8 -1.0 17571        250.330 35 7.977567e-07 1.533450e-06 7.977567e-01 8.502197e-01 6     2.331207e-06 1.647976e+00
50 13 262.73 0.48 0.950000 8 -1.0 16082        251.045 37 7.513199e-07 7.331044e-07 7.513198e-01 6.091309e-01 6     1.484424e-06 1.360451e+00
50 13 262.71 0.48 0.950000 8 -1.0 19094        250.234 38 1.120569e-06 1.046085e-06 1.120569e+00 8.923340e-01 7     2.166654e-06 2.012903e+00
50 15 262.71 0.48 0.950000 8 -1.0 16949        251.299 36 7.555438e-07 9.020462e-07 7.555438e-01 5.950928e-01 7     1.657590e-06 1.350637e+00
50 15 262.70 0.48 0.950000 8 -1.0 10564        249.896 36 1.147882e-06 4.844561e-07 1.147882e+00 4.138184e-01 7     1.632338e-06 1.561701e+00
50 15 262.71 0.48 0.950000 8 -1.0 13676        250.497 34 9.486747e-07 9.460319e-07 9.486747e-01 7.641602e-01 6     1.894707e-06 1.712835e+00
50 15 262.69 0.48 0.950000 8 -1.0 15296        253.725 38 7.409666e-07 5.405410e-07 7.409666e-01 4.365540e-01 7     1.281508e-06 1.177521e+00
50 17 262.71 0.48 0.950000 8 -1.0 18385        252.794 37 9.180394e-07 5.774090e-07 9.180393e-01 4.501343e-01 8     1.495448e-06 1.368174e+00
50 17 262.71 0.48 0.950000 8 -1.0 17344        250.143 37 7.635953e-07 7.803749e-07 7.635953e-01 6.408691e-01 7     1.543970e-06 1.404464e+00
50 19 262.73 0.48 0.950000 8 -1.0 6797        250.290 36 6.751215e-07 5.689207e-07 6.751214e-01 8.261108e-01 6     1.244042e-06 1.501232e+00
50 19 262.69 0.48 0.950000 8 -1.0 10523        252.918 36 5.708340e-07 9.417974e-07 5.708339e-01 7.232666e-01 7     1.512631e-06 1.294101e+00
50 19 262.72 0.48 0.950000 8 -1.0 11079        249.596 35 6.292309e-07 1.479958e-06 6.292309e-01 7.580566e-01 8     2.109189e-06 1.387288e+00
50 19 262.72 0.48 0.950000 8 -1.0 10371        250.634 33 4.719496e-07 1.716953e-06 4.719496e-01 1.079712e+00 7     2.188902e-06 1.551661e+00
50 21 262.69 0.48 0.950000 8 -1.0 12919        250.738 37 5.057273e-07 1.208881e-06 5.057273e-01 9.674072e-01 7     1.714608e-06 1.473135e+00
50 21 262.73 0.48 0.950000 8 -1.0 6699        249.963 36 6.096775e-07 1.062003e-06 6.096775e-01 7.159424e-01 6     1.671680e-06 1.325620e+00
50 23 262.72 0.48 0.950000 8 -1.0 10169        249.874 38 1.276179e-06 7.325156e-07 1.276179e+00 6.414795e-01 8     2.008695e-06 1.917659e+00
50 23 262.72 0.48 0.950000 8 -1.0 18824        249.677 38 4.552950e-07 1.595914e-06 4.552950e-01 1.215210e+00 8     2.051209e-06 1.670505e+00
50 23 262.70 0.48 0.950000 8 -1.0 19673        251.801 34 4.306101e-07 1.889267e-06 4.306101e-01 1.148682e+00 8     2.319877e-06 1.579292e+00
50 23 262.70 0.48 0.950000 8 -1.0 19963        252.616 36 7.965111e-07 1.169078e-06 7.965111e-01 5.059814e-01 10     1.965589e-06 1.302493e+00
50 3 262.72 0.48 0.950000 8 -1.0 13796        250.244 34 4.598187e-07 1.677973e-06 4.598187e-01 1.685181e+00 3     2.137791e-06 2.144999e+00
50 3 262.72 0.48 0.950000 8 -1.0 2144        253.413 40 8.937239e-07 1.058274e-06 8.937238e-01 1.765137e+00 3     1.951998e-06 2.658861e+00
50 5 262.70 0.48 0.950000 8 -1.0 14959        249.901 38 7.494778e-07 1.043845e-06 7.494778e-01 7.595825e-01 5     1.793322e-06 1.509060e+00
50 7 262.70 0.48 0.950000 8 -1.0 12285        250.822 37 1.174204e-06 7.303311e-07 1.174204e+00 5.477905e-01 7     1.904535e-06 1.721995e+00
50 7 262.73 0.48 0.950000 8 -1.0 10826        249.880 38 7.753317e-07 5.843998e-07 7.753317e-01 4.956055e-01 6     1.359731e-06 1.270937e+00
50 7 262.71 0.48 0.950000 8 -1.0 10799        252.740 36 1.060457e-06 8.143594e-07 1.060457e+00 7.171631e-01 6     1.874816e-06 1.777620e+00
50 7 262.71 0.48 0.950000 8 -1.0 16881        251.629 38 9.422754e-07 6.261212e-07 9.422754e-01 7.284546e-01 7     1.568397e-06 1.670730e+00
50 9 262.69 0.48 0.950000 8 -1.0 11113        255.659 35 9.021697e-07 1.079375e-06 9.021696e-01 6.411743e-01 6     1.981544e-06 1.543344e+00
50 9 262.71 0.48 0.950000 8 -1.0 19793        250.837 35 7.984088e-07 6.149397e-07 7.984088e-01 5.526733e-01 6     1.413348e-06 1.351082e+00
50 11 262.71 0.48 0.950000 8 -1.0 16128        250.296 34 1.027382e-06 6.927908e-07 1.027382e+00 5.252075e-01 6     1.720173e-06 1.552590e+00
50 11 262.70 0.48 0.950000 8 -1.0 18299        249.811 37 7.263899e-07 9.142082e-07 7.263899e-01 7.580566e-01 6     1.640598e-06 1.484447e+00
50 11 262.70 0.48 0.950000 8 -1.0 12877        250.288 35 6.011586e-07 1.163409e-06 6.011585e-01 1.134033e+00 5     1.764567e-06 1.735192e+00
50 11 262.73 0.48 0.950000 8 -1.0 12291        250.262 37 8.269312e-07 4.471690e-07 8.269311e-01 3.630066e-01 9     1.274100e-06 1.189938e+00
50 13 262.70 0.48 0.950000 8 -1.0 19654        252.959 35 6.202025e-07 1.058083e-06 6.202024e-01 5.908203e-01 7     1.678286e-06 1.211023e+00
50 13 262.73 0.48 0.950000 8 -1.0 10706        253.229 40 6.667514e-07 1.262595e-06 6.667513e-01 6.488037e-01 8     1.929346e-06 1.315555e+00
50 13 262.73 0.48 0.950000 8 -1.0 18987        251.456 35 8.408023e-07 5.657378e-07 8.408023e-01 5.847168e-01 7     1.406540e-06 1.425519e+00
50 15 262.70 0.48 0.950000 8 -1.0 5760        250.127 33 7.094424e-07 7.156053e-07 7.094423e-01 7.275391e-01 8     1.425048e-06 1.436981e+00
50 15 262.73 0.48 0.950000 8 -1.0 19235        251.762 36 7.202245e-07 9.483494e-07 7.202245e-01 6.311035e-01 9     1.668574e-06 1.351328e+00
50 15 262.72 0.48 0.950000 8 -1.0 17744        250.468 36 8.462396e-07 7.223149e-07 8.462396e-01 5.950928e-01 6     1.568555e-06 1.441332e+00
50 17 262.71 0.48 0.950000 8 -1.0 15773        250.520 34 1.001968e-06 7.324853e-07 1.001968e+00 5.706787e-01 8     1.734453e-06 1.572646e+00
50 17 262.70 0.48 0.950000 8 -1.0 18555        250.409 39 1.157852e-06 5.762703e-07 1.157852e+00 5.960083e-01 7     1.734122e-06 1.753860e+00
50 17 262.73 0.48 0.950000 8 -1.0 19635        250.486 37 7.122995e-07 8.050163e-07 7.122995e-01 7.006836e-01 7     1.517316e-06 1.412983e+00
50 19 262.72 0.48 0.950000 8 -1.0 8278        251.440 39 6.016563e-07 1.152054e-06 6.016563e-01 1.078491e+00 7     1.753711e-06 1.680147e+00
50 19 262.69 0.48 0.950000 8 -1.0 19224        250.257 35 6.068710e-07 4.426942e-07 6.068709e-01 4.937744e-01 7     1.049565e-06 1.100645e+00
50 21 262.71 0.48 0.950000 8 -1.0 884        250.242 40 7.662768e-07 8.608691e-07 7.662768e-01 9.033203e-01 6     1.627146e-06 1.669597e+00
50 21 262.70 0.48 0.950000 8 -1.0 9820        250.063 35 4.527775e-07 1.621068e-06 4.527774e-01 8.795166e-01 10     2.073846e-06 1.332294e+00
50 21 262.71 0.48 0.950000 8 -1.0 15754        252.102 35 6.287514e-07 1.483597e-06 6.287514e-01 1.008301e+00 8     2.112349e-06 1.637052e+00
50 3 262.70 0.48 0.950000 8 -1.0 10655        252.177 37 4.930135e-07 1.432087e-06 4.930135e-01 1.866455e+00 3     1.925101e-06 2.359469e+00
50 3 262.71 0.48 0.950000 8 -1.0 1760        251.341 37 5.903143e-07 1.213316e-06 5.903143e-01 1.541138e+00 3     1.803631e-06 2.131452e+00
50 5 262.71 0.48 0.950000 8 -1.0 8864        250.763 36 1.052030e-06 8.078359e-07 1.052030e+00 6.732178e-01 5     1.859866e-06 1.725247e+00
50 5 262.73 0.48 0.950000 8 -1.0 5041        250.602 37 7.950118e-07 9.230366e-07 7.950118e-01 9.161377e-01 4     1.718048e-06 1.711149e+00
50 5 262.70 0.48 0.950000 8 -1.0 17973        251.380 37 1.170614e-06 6.662238e-07 1.170614e+00 5.709839e-01 5     1.836838e-06 1.741598e+00
50 5 262.72 0.48 0.950000 8 -1.0 16345        249.812 33 9.972542e-07 5.993366e-07 9.972541e-01 5.752563e-01 5     1.596591e-06 1.572510e+00
50 7 262.70 0.48 0.950000 8 -1.0 17237        251.995 38 8.266615e-07 7.152113e-07 8.266615e-01 7.092285e-01 7     1.541873e-06 1.535890e+00
50 7 262.71 0.48 0.950000 8 -1.0 13211        254.260 41 9.018906e-07 1.089171e-06 9.018906e-01 7.427979e-01 7     1.991061e-06 1.644688e+00
50 9 262.71 0.48 0.950000 8 -1.0 16980        251.535 36 8.874518e-07 7.010973e-07 8.874518e-01 7.290649e-01 8     1.588549e-06 1.616517e+00
50 9 262.72 0.48 0.950000 8 -1.0 19976        250.464 37 8.796175e-07 1.156222e-06 8.796174e-01 8.950806e-01 8     2.035840e-06 1.774698e+00
50 11 262.71 0.48 0.950000 8 -1.0 18145        251.265 36 7.689446e-07 6.463933e-07 7.689446e-01 6.182861e-01 8     1.415338e-06 1.387231e+00
50 11 262.72 0.48 0.950000 8 -1.0 19227        249.971 37 6.405472e-07 1.139290e-06 6.405472e-01 1.146851e+00 4     1.779837e-06 1.787398e+00
50 11 262.73 0.48 0.950000 8 -1.0 16084        251.662 38 8.375497e-07 7.058301e-07 8.375497e-01 6.146240e-01 6     1.543380e-06 1.452174e+00
50 11 262.73 0.48 0.950000 8 -1.0 12730        251.883 39 6.360993e-07 1.312601e-06 6.360992e-01 8.599854e-01 6     1.948700e-06 1.496085e+00
50 13 262.70 0.48 0.950000 8 -1.0 15863        251.584 33 4.202670e-07 1.350117e-06 4.202670e-01 8.612061e-01 6     1.770384e-06 1.281473e+00
50 13 262.73 0.48 0.950000 8 -1.0 3317        250.183 40 7.345194e-07 1.418423e-06 7.345194e-01 9.930420e-01 6     2.152942e-06 1.727561e+00
50 13 262.72 0.48 0.950000 8 -1.0 15089        250.667 34 5.877407e-07 1.164764e-06 5.877407e-01 8.483887e-01 7     1.752505e-06 1.436129e+00
50 15 262.71 0.48 0.950000 8 -1.0 17085        250.303 38 4.928039e-07 1.592892e-06 4.928039e-01 9.869385e-01 5     2.085696e-06 1.479742e+00
50 15 262.70 0.48 0.950000 8 -1.0 933        251.196 39 6.883448e-07 1.016333e-06 6.883448e-01 8.682251e-01 5     1.704678e-06 1.556570e+00
50 15 262.73 0.48 0.950000 8 -1.0 18034        249.654 34 7.708424e-07 8.880945e-07 7.708423e-01 7.385254e-01 8     1.658937e-06 1.509368e+00
50 17 262.73 0.48 0.950000 8 -1.0 9744        250.869 35 5.592188e-07 1.041949e-06 5.592188e-01 9.393311e-01 7     1.601168e-06 1.498550e+00
50 17 262.73 0.48 0.950000 8 -1.0 19679        250.054 37 9.572307e-07 8.262886e-07 9.572307e-01 4.147339e-01 7     1.783519e-06 1.371965e+00
50 17 262.73 0.48 0.950000 8 -1.0 18266        249.939 35 9.310603e-07 7.281609e-07 9.310603e-01 5.603027e-01 12     1.659221e-06 1.491363e+00
50 19 262.71 0.48 0.950000 8 -1.0 10206        251.320 38 8.554884e-07 8.056257e-07 8.554884e-01 4.766846e-01 8     1.661114e-06 1.332173e+00
50 19 262.71 0.48 0.950000 8 -1.0 13957        252.882 39 1.301570e-06 5.743773e-07 1.301570e+00 5.056763e-01 9     1.875947e-06 1.807246e+00
50 19 262.73 0.48 0.950000 8 -1.0 16085        249.641 37 5.802627e-07 1.165191e-06 5.802627e-01 8.758545e-01 6     1.745453e-06 1.456117e+00
50 21 262.71 0.48 0.950000 8 -1.0 4377        251.422 36 6.270901e-07 1.085732e-06 6.270900e-01 8.813477e-01 7     1.712822e-06 1.508438e+00
50 21 262.70 0.48 0.950000 8 -1.0 11103        250.003 36 8.111059e-07 9.900428e-07 8.111058e-01 7.855225e-01 6     1.801149e-06 1.596628e+00
50 3 262.70 0.48 0.950000 8 -1.0 16503        250.251 37 5.411814e-07 1.673666e-06 5.411813e-01 2.136230e+00 3     2.214847e-06 2.677412e+00
50 3 262.73 0.48 0.950000 8 -1.0 2207        252.723 40 8.075136e-07 1.075464e-06 8.075136e-01 1.534424e+00 3     1.882978e-06 2.341937e+00
50 5 262.72 0.48 0.950000 8 -1.0 13166        250.196 36 8.696435e-07 1.203312e-06 8.696434e-01 1.004028e+00 5     2.072956e-06 1.873672e+00
50 5 262.71 0.48 0.950000 8 -1.0 14855        251.416 36 8.355073e-07 6.225998e-07 8.355073e-01 5.822754e-01 5     1.458107e-06 1.417783e+00
50 7 262.72 0.48 0.950000 8 -1.0 19254        249.907 35 8.894946e-07 9.463242e-07 8.894946e-01 4.917908e-01 7     1.835819e-06 1.381285e+00
50 7 262.72 0.48 0.950000 8 -1.0 17635        249.595 38 1.244425e-06 4.826853e-07 1.244425e+00 5.505371e-01 7     1.727111e-06 1.794963e+00
50 7 262.71 0.48 0.950000 8 -1.0 8498        253.040 36 8.988423e-07 9.314787e-07 8.988423e-01 7.550049e-01 4     1.830321e-06 1.653847e+00
50 7 262.72 0.48 0.950000 8 -1.0 18422        253.699 36 4.349361e-07 1.403937e-06 4.349361e-01 9.533691e-01 6     1.838873e-06 1.388305e+00
50 9 262.72 0.48 0.950000 8 -1.0 13499        250.164 36 1.329613e-06 6.798469e-07 1.329613e+00 4.492188e-01 7     2.009460e-06 1.778832e+00
50 9 262.71 0.48 0.950000 8 -1.0 1755        249.980 39 1.629968e-06 6.732107e-07 1.629968e+00 5.148315e-01 6     2.303179e-06 2.144800e+00
50 11 262.72 0.48 0.950000 8 -1.0 7851        250.354 35 9.908159e-07 8.686882e-07 9.908158e-01 6.237793e-01 6     1.859504e-06 1.614595e+00
50 11 262.72 0.48 0.950000 8 -1.0 18587        250.513 37 6.846187e-07 1.185434e-06 6.846186e-01 8.178711e-01 6     1.870052e-06 1.502490e+00
50 11 262.71 0.48 0.950000 8 -1.0 9857        251.058 39 9.333007e-07 1.309296e-06 9.333007e-01 9.301758e-01 6     2.242597e-06 1.863476e+00
50 11 262.71 0.48 0.950000 8 -1.0 14734        249.797 34 9.045001e-07 5.275383e-07 9.045000e-01 6.481934e-01 6     1.432038e-06 1.552693e+00
50 13 262.70 0.48 0.950000 8 -1.0 17145        250.427 35 9.705540e-07 8.290371e-07 9.705540e-01 5.158997e-01 8     1.799591e-06 1.486454e+00
50 13 262.71 0.48 0.950000 8 -1.0 5478        249.793 36 1.100387e-06 1.133138e-06 1.100387e+00 1.055908e+00 6     2.233525e-06 2.156295e+00
50 15 262.70 0.48 0.950000 8 -1.0 14074        253.321 37 8.650260e-07 1.113742e-06 8.650260e-01 8.032227e-01 5     1.978768e-06 1.668249e+00
50 15 262.72 0.48 0.950000 8 -1.0 10086        251.781 36 8.337790e-07 9.049008e-07 8.337789e-01 8.300781e-01 6     1.738680e-06 1.663857e+00
50 15 262.71 0.48 0.950000 8 -1.0 7103        252.979 38 1.142153e-06 6.256135e-07 1.142153e+00 5.767822e-01 6     1.767767e-06 1.718936e+00
50 15 262.71 0.48 0.950000 8 -1.0 19282        249.796 36 8.541349e-07 7.594439e-07 8.541348e-01 5.242920e-01 9     1.613579e-06 1.378427e+00
50 17 262.69 0.48 0.950000 8 -1.0 16898        250.280 36 1.018045e-06 3.629954e-07 1.018045e+00 5.029297e-01 9     1.381041e-06 1.520975e+00
50 17 262.73 0.48 0.950000 8 -1.0 15983        249.801 33 5.700908e-07 1.242688e-06 5.700907e-01 6.207275e-01 7     1.812779e-06 1.190818e+00
50 19 262.71 0.48 0.950000 8 -1.0 19939        252.479 35 6.086250e-07 1.385090e-06 6.086250e-01 9.149170e-01 8     1.993715e-06 1.523542e+00
50 19 262.70 0.48 0.950000 8 -1.0 16834        249.734 39 1.052327e-06 7.188763e-07 1.052327e+00 5.212402e-01 8     1.771204e-06 1.573568e+00
50 19 262.72 0.48 0.950000 8 -1.0 4392        249.785 36 6.690043e-07 9.814801e-07 6.690043e-01 1.059570e+00 5     1.650484e-06 1.728575e+00
50 19 262.72 0.48 0.950000 8 -1.0 17348        251.386 35 8.655870e-07 1.198364e-06 8.655870e-01 5.749512e-01 9     2.063951e-06 1.440538e+00
50 21 262.69 0.48 0.950000 8 -1.0 13117        251.854 36 7.511932e-07 1.249376e-06 7.511931e-01 8.404541e-01 6     2.000570e-06 1.591647e+00
50 21 262.70 0.48 0.950000 8 -1.0 13800        250.459 38 5.255272e-07 1.782609e-06 5.255272e-01 1.055908e+00 8     2.308136e-06 1.581435e+00
50 21 262.71 0.48 0.950000 8 -1.0 1628        251.097 34 6.868913e-07 1.238943e-06 6.868912e-01 1.228027e+00 6     1.925834e-06 1.914919e+00
50 3 262.71 0.48 0.950000 8 -1.0 4741        250.236 33 1.225961e-06 8.197540e-07 1.225961e+00 1.176758e+00 3     2.045715e-06 2.402719e+00
50 5 262.72 0.48 0.950000 8 -1.0 19658        252.078 39 6.187246e-07 1.091978e-06 6.187246e-01 1.202393e+00 5     1.710703e-06 1.821117e+00
50 5 262.72 0.48 0.950000 8 -1.0 15009        249.809 37 8.686561e-07 8.100659e-07 8.686560e-01 9.014893e-01 5     1.678722e-06 1.770145e+00
50 7 262.71 0.48 0.950000 8 -1.0 14130        251.608 40 8.712889e-07 6.332740e-07 8.712888e-01 5.221558e-01 6     1.504563e-06 1.393445e+00
50 9 262.70 0.48 0.950000 8 -1.0 16044        251.664 37 1.044947e-06 7.120106e-07 1.044947e+00 4.463196e-01 8     1.756958e-06 1.491267e+00
50 9 262.70 0.48 0.950000 8 -1.0 18255        250.176 33 7.225460e-07 8.258778e-07 7.225460e-01 8.850098e-01 8     1.548424e-06 1.607556e+00
50 11 262.69 0.48 0.950000 8 -1.0 5032        250.660 33 6.986838e-07 4.635228e-07 6.986837e-01 4.382324e-01 8     1.162207e-06 1.136916e+00
50 13 262.71 0.48 0.950000 8 -1.0 18360        252.178 38 7.103192e-07 7.053722e-07 7.103192e-01 7.305908e-01 6     1.415691e-06 1.440910e+00
50 15 262.73 0.48 0.950000 8 -1.0 17976        250.952 39 5.809726e-07 1.271202e-06 5.809726e-01 8.435059e-01 6     1.852175e-06 1.424478e+00
50 15 262.70 0.48 0.950000 8 -1.0 6464        251.644 38 8.498062e-07 9.135781e-07 8.498061e-01 8.325195e-01 4     1.763384e-06 1.682326e+00
50 17 262.70 0.48 0.950000 8 -1.0 16832        252.074 35 6.946870e-07 9.380632e-07 6.946870e-01 6.130981e-01 7     1.632750e-06 1.307785e+00
50 19 262.70 0.48 0.950000 8 -1.0 14132        250.226 35 7.531691e-07 1.269895e-06 7.531690e-01 7.421875e-01 8     2.023064e-06 1.495357e+00
50 21 262.71 0.48 0.950000 8 -1.0 13801        251.817 37 8.736651e-07 1.010192e-06 8.736651e-01 6.719971e-01 8     1.883857e-06 1.545662e+00
50 21 262.73 0.48 0.950000 8 -1.0 11867        251.419 34 5.289308e-07 9.989579e-07 5.289308e-01 7.214355e-01 7     1.527889e-06 1.250366e+00
50 23 262.69 0.48 0.950000 8 -1.0 8091        250.628 36 4.247215e-07 1.755964e-06 4.247214e-01 1.038818e+00 7     2.180685e-06 1.463540e+00
50 3 262.70 0.48 0.950000 8 -1.0 9375        250.845 36 7.285884e-07 8.595158e-07 7.285884e-01 1.337891e+00 3     1.588104e-06 2.066479e+00
50 3 262.72 0.48 0.950000 8 -1.0 12990        249.702 37 1.264966e-06 1.116164e-06 1.264965e+00 1.589355e+00 3     2.381130e-06 2.854321e+00
50 5 262.69 0.48 0.950000 8 -1.0 7528        251.218 35 1.415411e-06 5.579639e-07 1.415411e+00 3.663635e-01 5     1.973374e-06 1.781774e+00
50 5 262.73 0.48 0.950000 8 -1.0 11324        251.363 37 6.082498e-07 1.058344e-06 6.082498e-01 8.874512e-01 5     1.666594e-06 1.495701e+00
50 5 262.73 0.48 0.950000 8 -1.0 15900        250.882 36 7.885912e-07 6.661423e-07 7.885912e-01 6.298828e-01 5     1.454734e-06 1.418474e+00
50 5 262.72 0.48 0.950000 8 -1.0 9325        250.196 36 6.727289e-07 1.025302e-06 6.727288e-01 1.133423e+00 4     1.698031e-06 1.806152e+00
50 7 262.73 0.48 0.950000 8 -1.0 16249        251.163 36 8.757403e-07 5.577581e-07 8.757403e-01 5.853271e-01 7     1.433498e-06 1.461067e+00
50 7 262.72 0.48 0.950000 8 -1.0 17763        252.318 36 5.137399e-07 9.215117e-07 5.137398e-01 1.008301e+00 6     1.435252e-06 1.522041e+00
50 9 262.73 0.48 0.950000 8 -1.0 13208        250.205 40 9.900926e-07 6.994224e-07 9.900926e-01 6.286621e-01 7     1.689515e-06 1.618755e+00
50 9 262.71 0.48 0.950000 8 -1.0 14935        250.268 36 1.101169e-06 7.359409e-07 1.101169e+00 7.336426e-01 8     1.837110e-06 1.834812e+00
50 11 262.70 0.48 0.950000 8 -1.0 9400        252.124 36 1.052837e-06 7.727974e-07 1.052837e+00 6.594849e-01 6     1.825634e-06 1.712322e+00
50 11 262.71 0.48 0.950000 8 -1.0 12041        251.362 37 1.200992e-06 1.027366e-06 1.200992e+00 8.984375e-01 7     2.228358e-06 2.099429e+00
50 13 262.71 0.48 0.950000 8 -1.0 19397        251.292 38 7.936033e-07 8.516231e-07 7.936032e-01 5.606079e-01 6     1.645226e-06 1.354211e+00
50 13 262.70 0.48 0.950000 8 -1.0 6722        252.867 39 1.011125e-06 7.086797e-07 1.011125e+00 6.277466e-01 5     1.719805e-06 1.638871e+00
50 13 262.72 0.48 0.950000 8 -1.0 13951        252.854 36 7.467653e-07 2.007292e-06 7.467653e-01 9.820557e-01 6     2.754057e-06 1.728821e+00
50 15 262.72 0.48 0.950000 8 -1.0 17763        250.581 39 1.078250e-06 5.199930e-07 1.078250e+00 6.176758e-01 8     1.598243e-06 1.695926e+00
50 15 262.70 0.48 0.950000 8 -1.0 11782        249.913 36 6.906845e-07 8.891676e-07 6.906845e-01 6.341553e-01 5     1.579852e-06 1.324840e+00
50 15 262.72 0.48 0.950000 8 -1.0 19225        250.076 35 8.571051e-07 7.762968e-07 8.571050e-01 5.624390e-01 6     1.633402e-06 1.419544e+00
50 17 262.70 0.48 0.950000 8 -1.0 13399        252.195 35 7.036959e-07 9.400345e-07 7.036958e-01 7.739258e-01 6     1.643730e-06 1.477622e+00
50 17 262.70 0.48 0.950000 8 -1.0 12315        249.847 36 6.997196e-07 1.003125e-06 6.997196e-01 9.558105e-01 5     1.702845e-06 1.655530e+00
50 19 262.72 0.48 0.950000 8 -1.0 14177        251.238 39 6.814246e-07 1.022061e-06 6.814245e-01 7.934570e-01 9     1.703486e-06 1.474882e+00
50 19 262.70 0.48 0.950000 8 -1.0 18890        249.760 36 9.255183e-07 6.763698e-07 9.255182e-01 4.751587e-01 10     1.601888e-06 1.400677e+00
50 19 262.72 0.48 0.950000 8 -1.0 13624        252.327 38 8.185842e-07 9.212609e-07 8.185842e-01 8.361816e-01 7     1.739845e-06 1.654766e+00
50 21 262.71 0.48 0.950000 8 -1.0 6741        250.713 38 5.185820e-07 1.312179e-06 5.185819e-01 8.728027e-01 7     1.830761e-06 1.391385e+00
50 23 262.71 0.48 0.950000 8 -1.0 8447        251.487 36 5.380145e-07 1.822148e-06 5.380145e-01 1.506958e+00 6     2.360163e-06 2.044973e+00
50 23 262.73 0.48 0.950000 8 -1.0 13248        250.595 39 7.315228e-07 8.904775e-07 7.315228e-01 6.686401e-01 7     1.622000e-06 1.400163e+00
50 3 262.69 0.48 0.950000 8 -1.0 15208        252.884 37 1.210161e-06 7.401206e-07 1.210161e+00 7.684326e-01 3     1.950282e-06 1.978593e+00
50 3 262.73 0.48 0.950000 8 -1.0 2865        249.654 36 7.194053e-07 1.456858e-06 7.194053e-01 1.867676e+00 3     2.176263e-06 2.587081e+00
50 5 262.71 0.48 0.950000 8 -1.0 17190        253.600 34 6.874383e-07 9.821905e-07 6.874382e-01 7.745361e-01 5     1.669629e-06 1.461974e+00
50 5 262.73 0.48 0.950000 8 -1.0 18895        251.170 35 5.502494e-07 1.286301e-06 5.502493e-01 8.551025e-01 5     1.836550e-06 1.405352e+00
50 5 262.71 0.48 0.950000 8 -1.0 18990        251.005 35 8.758705e-07 1.117531e-06 8.758704e-01 7.385254e-01 5     1.993401e-06 1.614396e+00
50 5 262.71 0.48 0.950000 8 -1.0 16082        249.970 37 9.914765e-07 7.940208e-07 9.914764e-01 7.226562e-01 5     1.785497e-06 1.714133e+00
50 7 262.70 0.48 0.950000 8 -1.0 18131        251.635 33 6.281392e-07 6.391075e-07 6.281392e-01 5.841064e-01 5     1.267247e-06 1.212246e+00
50 7 262.71 0.48 0.950000 8 -1.0 19577        252.771 39 1.620859e-06 6.677006e-07 1.620859e+00 5.001831e-01 7     2.288559e-06 2.121042e+00
50 9 262.72 0.48 0.950000 8 -1.0 18602        249.993 40 1.057081e-06 5.344218e-07 1.057081e+00 7.522583e-01 7     1.591502e-06 1.809339e+00
50 9 262.70 0.48 0.950000 8 -1.0 12997        250.788 37 7.048370e-07 1.042711e-06 7.048370e-01 7.550049e-01 6     1.747548e-06 1.459842e+00
50 9 262.71 0.48 0.950000 8 -1.0 6700        253.528 37 8.526785e-07 1.133385e-06 8.526785e-01 9.643555e-01 6     1.986063e-06 1.817034e+00
50 11 262.73 0.48 0.950000 8 -1.0 19726        251.439 36 5.710130e-07 1.238020e-06 5.710130e-01 1.005249e+00 6     1.809033e-06 1.576262e+00
50 11 262.73 0.48 0.950000 8 -1.0 18849        249.628 37 5.960023e-07 9.819036e-07 5.960023e-01 6.909180e-01 7     1.577906e-06 1.286920e+00
50 13 262.73 0.48 0.950000 8 -1.0 19848        250.989 37 7.655921e-07 6.667949e-07 7.655920e-01 7.885742e-01 9     1.432387e-06 1.554166e+00
50 13 262.72 0.48 0.950000 8 -1.0 15805        251.019 36 1.169550e-06 6.128091e-07 1.169550e+00 6.677246e-01 7     1.782360e-06 1.837275e+00
50 13 262.70 0.48 0.950000 8 -1.0 19856        252.930 35 6.690412e-07 1.028463e-06 6.690412e-01 7.812500e-01 8     1.697504e-06 1.450291e+00
50 15 262.71 0.48 0.950000 8 -1.0 15922        250.122 39 7.721911e-07 1.065107e-06 7.721911e-01 8.837891e-01 7     1.837298e-06 1.655980e+00
50 15 262.70 0.48 0.950000 8 -1.0 13496        251.471 37 7.639541e-07 1.056012e-06 7.639541e-01 9.729004e-01 6     1.819966e-06 1.736854e+00
50 15 262.72 0.48 0.950000 8 -1.0 9184        252.984 40 9.765360e-07 5.803171e-07 9.765359e-01 6.060791e-01 9     1.556853e-06 1.582615e+00
50 17 262.72 0.48 0.950000 8 -1.0 3978        249.619 36 7.215210e-07 1.014380e-06 7.215210e-01 8.685303e-01 7     1.735901e-06 1.590051e+00
50 17 262.72 0.48 0.950000 8 -1.0 18896        252.698 37 8.557369e-07 1.146725e-06 8.557368e-01 9.503174e-01 6     2.002462e-06 1.806054e+00
50 19 262.73 0.48 0.950000 8 -1.0 13325        250.021 34 5.530234e-07 1.320926e-06 5.530233e-01 8.294678e-01 8     1.873950e-06 1.382491e+00
50 17 262.71 0.48 0.950000 8 -1.0 356        250.245 33 1.185820e-06 5.740624e-07 1.185820e+00 4.867554e-01 7     1.759882e-06 1.672575e+00
50 19 262.70 0.48 0.950000 8 -1.0 19393        250.655 35 5.845509e-07 1.123791e-06 5.845509e-01 9.851074e-01 5     1.708342e-06 1.569658e+00
50 19 262.71 0.48 0.950000 8 -1.0 11160        249.932 38 6.605104e-07 1.087429e-06 6.605104e-01 7.342529e-01 7     1.747939e-06 1.394763e+00
50 21 262.70 0.48 0.950000 8 -1.0 17131        250.033 39 9.236783e-07 9.282981e-07 9.236783e-01 5.331421e-01 9     1.851976e-06 1.456820e+00
50 21 262.73 0.48 0.950000 8 -1.0 5137        253.658 42 7.806499e-07 1.041238e-06 7.806499e-01 7.778931e-01 6     1.821888e-06 1.558543e+00
50 21 262.70 0.48 0.950000 8 -1.0 6876        251.692 37 5.295842e-07 1.580443e-06 5.295841e-01 1.322632e+00 6     2.110027e-06 1.852216e+00
50 23 262.70 0.48 0.950000 8 -1.0 17118        253.390 40 8.740152e-07 1.026100e-06 8.740152e-01 8.920288e-01 7     1.900115e-06 1.766044e+00
50 3 262.70 0.48 0.950000 8 -1.0 8708        250.056 35 5.747868e-07 1.166035e-06 5.747868e-01 1.557617e+00 3     1.740822e-06 2.132404e+00
50 3 262.72 0.48 0.950000 8 -1.0 15886        252.970 37 7.208609e-07 1.254952e-06 7.208609e-01 1.678467e+00 3     1.975813e-06 2.399328e+00
50 5 262.72 0.48 0.950000 8 -1.0 13279        249.982 35 9.677524e-07 9.274783e-07 9.677524e-01 6.213379e-01 5     1.895231e-06 1.589090e+00
50 5 262.70 0.48 0.950000 8 -1.0 14522        252.785 38 9.212312e-07 1.137024e-06 9.212312e-01 7.330322e-01 5     2.058255e-06 1.654263e+00
50 5 262.71 0.48 0.950000 8 -1.0 16158        249.984 34 9.195245e-07 7.613574e-07 9.195244e-01 6.497192e-01 5     1.680882e-06 1.569244e+00
50 5 262.73 0.48 0.950000 8 -1.0 16149        249.978 37 6.731997e-07 9.573840e-07 6.731997e-01 8.306885e-01 5     1.630584e-06 1.503888e+00
50 7 262.72 0.48 0.950000 8 -1.0 11488        249.969 39 1.370565e-06 5.450896e-07 1.370565e+00 5.053711e-01 7     1.915655e-06 1.875936e+00
50 7 262.72 0.48 0.950000 8 -1.0 10420        250.339 38 6.569762e-07 1.456875e-06 6.569762e-01 8.422852e-01 6     2.113852e-06 1.499261e+00
50 9 262.70 0.48 0.950000 8 -1.0 19093        250.221 37 1.273059e-06 7.009199e-07 1.273059e+00 5.950928e-01 6     1.973979e-06 1.868152e+00
50 9 262.71 0.48 0.950000 8 -1.0 16567        253.081 36 8.777360e-07 1.360223e-06 8.777360e-01 7.666016e-01 9     2.237959e-06 1.644338e+00
50 9 262.70 0.48 0.950000 8 -1.0 2134        250.742 40 8.594688e-07 9.738318e-07 8.594688e-01 9.106445e-01 6     1.833301e-06 1.770113e+00
50 9 262.72 0.48 0.950000 8 -1.0 11608        252.483 34 9.022708e-07 7.866684e-07 9.022708e-01 4.498291e-01 8     1.688939e-06 1.352100e+00
50 11 262.70 0.48 0.950000 8 -1.0 15285        250.260 34 6.303271e-07 7.578663e-07 6.303270e-01 6.723022e-01 5     1.388193e-06 1.302629e+00
50 11 262.71 0.48 0.950000 8 -1.0 11496        252.198 39 8.492384e-07 6.718942e-07 8.492384e-01 5.517578e-01 6     1.521133e-06 1.400996e+00
50 11 262.70 0.48 0.950000 8 -1.0 7940        252.638 37 1.255298e-06 6.022757e-07 1.255298e+00 4.748535e-01 7     1.857574e-06 1.730152e+00
50 13 262.71 0.48 0.950000 8 -1.0 12359        251.195 37 8.295234e-07 8.679661e-07 8.295234e-01 6.713867e-01 5     1.697489e-06 1.500910e+00
50 13 262.70 0.48 0.950000 8 -1.0 7736        251.567 36 7.499117e-07 7.931772e-07 7.499117e-01 7.543945e-01 7     1.543089e-06 1.504306e+00
50 13 262.72 0.48 0.950000 8 -1.0 9387        251.512 35 1.059362e-06 4.583166e-07 1.059362e+00 4.574585e-01 7     1.517678e-06 1.516820e+00
50 15 262.69 0.48 0.950000 8 -1.0 19637        253.911 35 1.160639e-06 3.949565e-07 1.160639e+00 3.584290e-01 11     1.555595e-06 1.519068e+00
50 15 262.71 0.48 0.950000 8 -1.0 11955        251.023 36 9.385322e-07 5.597912e-07 9.385321e-01 4.789734e-01 8     1.498323e-06 1.417506e+00
50 17 262.72 0.48 0.950000 8 -1.0 9958        249.866 36 7.747532e-07 9.313237e-07 7.747531e-01 6.842041e-01 8     1.706077e-06 1.458957e+00
50 17 262.70 0.48 0.950000 8 -1.0 15979        250.687 37 1.056052e-06 4.861111e-07 1.056052e+00 4.443359e-01 6     1.542163e-06 1.500388e+00
50 17 262.69 0.48 0.950000 8 -1.0 18387        252.186 35 6.761063e-07 5.345329e-07 6.761063e-01 5.252075e-01 5     1.210639e-06 1.201314e+00
50 17 262.72 0.48 0.950000 8 -1.0 19304        252.410 36 1.149645e-06 5.920703e-07 1.149645e+00 6.152344e-01 7     1.741716e-06 1.764879e+00
50 19 262.73 0.48 0.950000 8 -1.0 13429        252.057 38 6.644436e-07 8.967569e-07 6.644436e-01 7.412720e-01 6     1.561201e-06 1.405716e+00
50 19 262.73 0.48 0.950000 8 -1.0 18079        250.133 37 7.573623e-07 4.784434e-07 7.573623e-01 6.567383e-01 6     1.235806e-06 1.414101e+00
50 21 262.72 0.48 0.950000 8 -1.0 16316        250.890 37 7.911578e-07 8.970604e-07 7.911578e-01 7.220459e-01 9     1.688218e-06 1.513204e+00
50 21 262.70 0.48 0.950000 8 -1.0 19999        250.645 40 9.670907e-07 7.031489e-07 9.670906e-01 8.203125e-01 8     1.670240e-06 1.787403e+00
50 21 262.71 0.48 0.950000 8 -1.0 11502        251.790 39 6.442321e-07 1.521670e-06 6.442320e-01 9.625244e-01 7     2.165902e-06 1.606756e+00
50 21 262.71 0.48 0.950000 8 -1.0 18082        250.451 34 3.668639e-07 2.107175e-06 3.668639e-01 1.483154e+00 6     2.474039e-06 1.850018e+00
50 23 262.71 0.48 0.950000 8 -1.0 11749        250.654 38 7.558917e-07 1.226769e-06 7.558917e-01 6.912231e-01 9     1.982660e-06 1.447115e+00
50 23 262.70 0.48 0.950000 8 -1.0 18167        251.316 39 7.917661e-07 9.100870e-07 7.917661e-01 1.418304e+00 9     1.701853e-06 2.210071e+00
50 3 262.70 0.48 0.950000 8 -1.0 5170        249.672 38 1.150076e-06 7.049232e-07 1.150076e+00 1.115112e+00 3     1.854999e-06 2.265188e+00
50 5 262.70 0.48 0.950000 8 -1.0 9622        250.907 40 7.420363e-07 1.067418e-06 7.420363e-01 9.790039e-01 5     1.809455e-06 1.721040e+00
50 9 262.71 0.48 0.950000 8 -1.0 13227        259.180 37 7.186366e-07 1.693173e-06 7.186365e-01 1.037598e+00 6     2.411810e-06 1.756234e+00
50 11 262.70 0.48 0.950000 8 -1.0 13014        250.093 37 6.829876e-07 1.051903e-06 6.829875e-01 1.165771e+00 4     1.734891e-06 1.848759e+00
50 15 262.72 0.48 0.950000 8 -1.0 19624        251.817 37 9.789697e-07 7.203536e-07 9.789696e-01 4.624939e-01 8     1.699323e-06 1.441464e+00
50 17 262.70 0.48 0.950000 8 -1.0 5882        249.608 39 7.797340e-07 1.007526e-06 7.797340e-01 9.985352e-01 4     1.787260e-06 1.778269e+00
50 21 262.72 0.48 0.950000 8 -1.0 19918        250.656 36 4.662101e-07 1.496838e-06 4.662100e-01 1.021729e+00 8     1.963048e-06 1.487939e+00
50 23 262.70 0.48 0.950000 8 -1.0 16254        249.762 38 5.111384e-07 1.225829e-06 5.111384e-01 1.403809e+00 8     1.736967e-06 1.914947e+00
