195
11
1.000000e-03
1.931016e-312
158
3000
1.331435e+01
1.047134e+00
1.331435e-05
1.333577e-06
0 1 0 0 0 0 0 0 1 0 0 0 0 0 0 1 0 0 0 0 0 1 0 0 0 0 0 0 0 0 0 0 0 0 0 0 0 0 1 1 0 0 0 0 0 0 0 0 1 0 0 0 0 0 0 0 0 1 1 0 0 0 0 0 0 0 0 0 0 0 0 0 0 0 0 0 0 0 1 0 0 0 0 0 0 0 1 0 0 0 0 0 0 0 1 0 0 0 0 0 0 0 0 0 0 0 0 0 0 0 0 0 1 0 0 0 0 0 0 0 0 0 0 0 1 0 0 0 0 0 0 0 0 0 1 0 1 0 0 0 0 0 0 0 0 0 0 0 0 0 0 0 0 0 0 0 0 0 0 0 0 0 0 1 0 0 0 0 0 0 0 0 0 0 0 0 0 0 0 0 0 0 0 0 1 0 0 0 1 0 0 1 0 0 0 
0 0 0 0 0 0 0 0 0 0 0 0 1 0 0 0 0 0 0 0 0 0 0 0 1 0 0 0 0 0 0 0 0 0 0 0 0 0 0 0 0 0 0 0 0 0 0 0 0 0 0 0 0 0 0 0 0 0 0 0 0 0 0 0 0 0 0 0 0 0 1 0 0 0 0 0 1 0 0 0 0 0 1 0 0 0 0 0 0 0 0 0 0 0 0 0 0 0 0 0 0 0 0 0 0 0 0 0 0 0 0 0 0 0 0 0 0 1 0 0 0 0 0 1 0 0 0 0 0 0 0 0 0 0 0 0 0 0 0 0 0 0 1 1 0 0 0 0 0 0 0 0 0 0 0 0 1 0 0 1 0 0 0 0 0 0 0 0 0 0 0 0 0 0 0 0 0 0 0 0 0 0 0 0 0 0 0 1 0 0 0 0 0 0 0 
0 0 0 0 1 1 0 1 0 1 0 0 0 0 0 0 0 0 0 0 0 0 0 0 0 0 1 0 0 0 0 0 0 0 0 0 1 1 0 0 0 0 0 0 0 1 1 0 0 0 0 0 0 0 0 0 0 0 0 0 1 0 0 0 1 0 0 0 0 0 0 1 1 0 0 0 0 1 0 0 0 0 0 1 0 0 0 0 0 0 0 0 0 0 0 1 0 0 0 0 0 0 0 0 0 0 0 0 1 0 0 0 0 0 1 0 0 0 0 0 0 0 0 0 0 0 0 0 0 0 0 1 0 0 0 0 0 0 0 0 0 0 0 0 0 0 0 0 0 0 0 0 0 0 0 0 0 0 0 0 0 0 0 0 0 0 0 0 1 0 0 0 0 0 0 0 0 0 0 0 0 0 0 0 0 0 0 0 0 0 0 0 0 0 0 
0 0 0 1 0 0 0 0 0 0 0 0 0 0 0 0 0 0 0 0 0 0 0 0 0 0 0 1 0 0 0 0 0 0 0 0 0 0 0 0 0 0 0 0 0 0 0 0 0 0 0 0 0 0 0 0 1 0 0 0 0 0 1 0 0 0 0 0 0 0 0 0 0 1 0 0 0 0 0 0 0 0 0 0 0 0 0 0 0 0 0 1 0 0 0 0 1 0 0 0 0 0 0 0 0 0 0 0 0 0 0 0 0 0 0 1 0 0 0 0 0 0 0 0 0 0 0 0 0 0 0 0 0 0 0 1 0 0 1 0 0 0 0 0 0 1 0 0 0 0 0 0 1 0 0 0 0 0 0 0 0 0 0 0 0 0 0 0 0 0 0 0 0 0 0 0 0 0 0 0 1 1 0 0 0 0 0 0 0 0 0 0 0 0 0 
0 0 0 0 0 0 0 0 0 0 0 0 0 0 1 0 0 0 0 0 0 0 0 1 0 0 0 0 0 0 0 0 0 0 0 1 0 0 0 0 0 0 0 0 1 0 0 0 0 0 0 0 0 0 0 0 0 0 0 0 0 0 0 0 0 0 0 0 0 0 0 0 0 0 0 0 0 0 0 0 0 0 0 0 0 0 0 0 0 0 0 0 0 0 0 0 0 0 0 0 0 0 0 0 0 0 1 0 0 0 0 0 0 1 0 0 1 0 0 0 0 0 0 0 0 0 0 0 0 0 0 0 0 0 0 0 0 1 0 0 0 0 0 0 0 0 0 0 0 0 0 0 0 0 0 0 0 0 0 0 0 0 0 0 0 0 1 0 0 0 1 0 1 0 0 0 0 0 0 0 0 0 0 0 0 0 0 0 0 0 0 0 0 0 0 
0 0 0 0 0 0 0 0 0 0 0 0 0 0 0 0 0 0 0 0 0 0 0 0 0 1 0 0 0 0 0 1 0 0 0 0 0 0 0 0 0 1 0 1 0 0 0 0 0 0 0 0 0 0 0 0 0 0 0 1 0 0 0 0 0 0 0 0 0 0 0 0 0 0 0 0 0 0 0 0 0 0 0 0 0 0 0 0 0 1 1 0 0 0 0 0 0 0 0 0 0 1 0 0 0 0 0 0 0 0 1 0 0 0 0 0 0 0 0 0 0 0 0 0 0 1 0 0 0 0 0 0 0 0 0 0 0 0 0 0 0 0 0 0 1 0 0 0 1 0 0 1 0 0 0 0 0 0 0 0 0 0 1 0 0 0 0 1 0 0 0 1 0 0 0 0 0 0 0 0 0 0 0 0 0 0 0 0 0 0 0 0 1 1 0 
0 0 0 0 0 0 0 0 0 0 0 0 0 0 0 0 0 0 1 0 0 0 0 0 0 0 0 0 0 0 0 0 0 1 0 0 0 0 0 0 0 0 0 0 0 0 0 0 0 1 0 0 0 0 0 0 0 0 0 0 0 0 0 0 0 0 0 0 1 0 0 0 0 0 0 0 0 0 0 0 0 0 0 0 0 0 0 0 0 0 0 0 0 0 0 0 0 0 0 0 0 0 0 0 0 0 0 0 0 1 0 0 0 0 0 0 0 0 0 0 0 0 1 0 0 0 0 0 0 1 1 0 1 0 0 0 0 0 0 0 0 0 0 0 0 0 1 0 0 1 0 0 0 0 0 0 0 0 0 0 0 0 0 0 0 1 0 0 0 0 0 0 0 0 0 0 0 1 1 1 0 0 0 0 0 0 0 0 0 0 0 0 0 0 1 
0 0 1 0 0 0 0 0 0 0 0 0 0 0 0 0 0 0 0 0 0 0 0 0 0 0 0 0 0 1 0 0 0 0 0 0 0 0 0 0 0 0 1 0 0 0 0 0 0 0 0 0 1 0 0 0 0 0 0 0 0 1 0 0 0 0 0 0 0 0 0 0 0 0 0 0 0 0 0 0 0 0 0 0 0 0 0 0 0 0 0 0 0 0 0 0 0 0 0 0 0 0 0 0 0 0 0 1 0 0 0 1 0 0 0 0 0 0 0 0 0 0 0 0 0 0 0 0 0 0 0 0 0 0 0 0 0 0 0 0 0 0 0 0 0 0 0 0 0 0 0 0 0 0 0 0 0 0 0 0 0 0 0 0 0 0 0 0 0 0 0 0 0 1 1 0 0 0 0 0 0 0 0 0 0 0 0 0 0 0 1 0 0 0 0 
0 0 0 0 0 0 0 0 0 0 0 0 0 1 0 0 1 0 0 1 1 0 0 0 0 0 0 0 0 0 0 0 0 0 0 0 0 0 0 0 1 0 0 0 0 0 0 0 0 0 0 0 0 0 1 0 0 0 0 0 0 0 0 0 0 1 0 0 0 0 0 0 0 0 0 0 0 0 0 1 0 1 0 0 0 1 0 1 1 0 0 0 0 0 0 0 0 0 0 0 1 0 1 0 1 0 0 0 0 0 0 0 0 0 0 0 0 0 0 0 0 0 0 0 0 0 0 0 0 0 0 0 0 0 0 0 0 0 0 0 0 0 0 0 0 0 0 0 0 0 0 0 0 0 0 0 0 0 0 0 1 1 0 0 0 0 0 0 0 0 0 0 0 0 0 0 0 0 0 0 0 0 1 0 0 0 0 0 0 0 0 0 0 0 0 
0 0 0 0 0 0 0 0 0 0 1 0 0 0 0 0 0 0 0 0 0 0 0 0 0 0 0 0 0 0 0 0 0 0 0 0 0 0 0 0 0 0 0 0 0 0 0 1 0 0 0 0 0 0 0 0 0 0 0 0 0 0 0 0 0 0 0 1 0 0 0 0 0 0 1 0 0 0 0 0 1 0 0 0 0 0 0 0 0 0 0 0 1 0 0 0 0 0 1 0 0 0 0 0 0 0 0 0 0 0 0 0 0 0 0 0 0 0 0 0 1 0 0 0 0 0 1 0 0 0 0 0 0 0 0 0 0 0 0 0 0 1 0 0 0 0 0 0 0 0 0 0 0 0 1 1 0 0 0 0 0 0 0 0 0 0 0 0 0 0 0 0 0 0 0 1 0 0 0 0 0 0 0 0 0 1 0 0 0 0 0 0 0 0 0 
0 0 0 0 0 0 1 0 0 0 0 1 0 0 0 0 0 0 0 0 0 0 1 0 0 0 0 0 1 0 1 0 1 0 0 0 0 0 0 0 0 0 0 0 0 0 0 0 0 0 1 0 0 0 0 0 0 0 0 0 0 0 0 0 0 0 1 0 0 0 0 0 0 0 0 0 0 0 0 0 0 0 0 0 0 0 0 0 0 0 0 0 0 0 0 0 0 1 0 0 0 0 0 0 0 0 0 0 0 0 0 0 0 0 0 0 0 0 1 0 0 1 0 0 0 0 0 0 0 0 0 0 0 0 0 0 0 0 0 0 0 0 0 0 0 0 0 1 0 0 1 0 0 0 0 0 0 0 0 0 0 0 0 0 0 0 0 0 0 0 0 0 0 0 0 0 1 0 0 0 0 0 0 1 0 0 1 0 0 0 0 0 0 0 0 
185 124 38 181 114 149 150 191 89 142 122 
0.000000E+00 2.388138E-04 4.401192E-06 9.511942E-07 4.359218E-05 7.834061E-06 4.466394E-04 1.460298E-04 9.996452E-04 2.669853E-07 2.298724E-04 3.602675E-06 7.252229E-04 7.436465E-05 1.945226E-06 1.069164E-04 8.920663E-05 0.000000E+00 1.046337E-04 2.778029E-05 4.798972E-05 2.061032E-05 3.851296E-04 9.389880E-07 2.304021E-05 3.161201E-04 8.247855E-06 1.386962E-04 1.492622E-05 6.247175E-05 1.435191E-04 6.420630E-05 1.757597E-04 1.270570E-05 0.000000E+00 6.332092E-06 1.936537E-05 0.000000E+00 4.459380E-06 1.157929E-04 4.170827E-05 1.879769E-04 3.493873E-06 3.051461E-05 1.849300E-05 1.155958E-05 1.669178E-05 3.115616E-05 2.204882E-05 3.986763E-05 1.495276E-05 0.000000E+00 7.644704E-04 0.000000E+00 4.403172E-04 0.000000E+00 9.906316E-05 1.846901E-04 4.737676E-05 8.990937E-07 8.958149E-05 2.627881E-05 5.604163E-05 0.000000E+00 5.672622E-06 1.700199E-04 1.267134E-04 3.559959E-05 7.766597E-05 0.000000E+00 4.770935E-05 1.000711E-04 7.879152E-06 5.907290E-06 4.271865E-04 0.000000E+00 1.386943E-04 1.158876E-04 2.524206E-05 5.440080E-04 2.842688E-05 1.025941E-06 8.396634E-05 8.375411E-05 0.000000E+00 9.047841E-06 9.415550E-05 1.410558E-05 0.000000E+00 8.600474E-05 8.045454E-06 5.663724E-05 4.661057E-04 0.000000E+00 5.094140E-06 1.368911E-04 2.135385E-05 8.273646E-05 2.776177E-06 0.000000E+00 3.135887E-04 8.656209E-06 2.084904E-05 0.000000E+00 3.248167E-05 0.000000E+00 7.998214E-05 4.881088E-05 7.774751E-05 2.232740E-04 4.906808E-05 2.042302E-04 2.299467E-07 0.000000E+00 7.035291E-04 1.712689E-06 5.050736E-06 9.600668E-05 2.816555E-04 0.000000E+00 1.062287E-04 0.000000E+00 8.734802E-05 0.000000E+00 9.461296E-04 7.588449E-06 1.627054E-04 0.000000E+00 0.000000E+00 4.959211E-05 5.607474E-06 1.458308E-04 1.776953E-04 0.000000E+00 8.634049E-05 8.903229E-06 2.119661E-04 7.821471E-06 1.095855E-05 0.000000E+00 0.000000E+00 0.000000E+00 7.584398E-06 2.041863E-06 4.800427E-08 3.945036E-06 6.236010E-05 8.779653E-06 0.000000E+00 0.000000E+00 8.301438E-06 6.269093E-04 3.363505E-08 0.000000E+00 7.366970E-06 6.082616E-06 3.212109E-05 0.000000E+00 0.000000E+00 5.760114E-05 1.180376E-04 2.804901E-04 2.148155E-04 1.557652E-04 0.000000E+00 3.904854E-04 8.242706E-06 1.118482E-04 4.906725E-05 0.000000E+00 8.495290E-08 1.731966E-04 2.779085E-06 4.819349E-07 4.981497E-05 1.311488E-06 2.643067E-04 3.297193E-05 3.519288E-06 2.016784E-05 0.000000E+00 2.271818E-05 1.328211E-05 9.630728E-04 0.000000E+00 1.424994E-06 3.617719E-04 3.710889E-05 1.023659E-05 0.000000E+00 0.000000E+00 7.312379E-04 1.941721E-05 2.450084E-04 2.608044E-05 
2 16 22 39 40 49 58 59 79 87 95 113 137 185 189 135 125 164 192 9 
25 83 124 143 144 157 160 71 118 77 188 13 
5 6 10 27 37 38 46 47 61 65 72 73 78 84 96 109 115 132 169 8 
4 74 97 116 139 153 181 57 63 136 146 182 92 28 
15 24 36 45 114 117 138 171 173 167 107 
44 60 91 102 111 126 145 149 163 168 193 42 90 26 194 32 152 172 
34 50 69 123 130 131 147 150 178 179 180 195 19 133 110 166 
43 174 191 3 108 53 62 175 30 112 
14 20 21 41 55 66 82 86 88 89 101 103 105 161 183 17 162 80 
48 68 81 99 142 155 156 176 186 127 121 93 11 75 
7 12 29 31 51 67 98 119 122 148 151 177 184 187 33 23 

============Find Best @ Round 1417================
==========Cluster 0, RcvInterf=7.05862e-14============
Node 1, SINR:1.01781e+00, BpsHz:5.33046e-02
Node 15, SINR:1.01781e+00, BpsHz:5.33046e-02
Node 21, SINR:1.01781e+00, BpsHz:5.33046e-02
Node 38, SINR:1.01781e+00, BpsHz:5.33046e-02
Node 39, SINR:1.01781e+00, BpsHz:5.33046e-02
Node 48, SINR:1.01781e+00, BpsHz:5.33046e-02
Node 57, SINR:1.01781e+00, BpsHz:5.33046e-02
Node 58, SINR:1.01781e+00, BpsHz:5.33046e-02
Node 78, SINR:1.01781e+00, BpsHz:5.33046e-02
Node 86, SINR:1.01781e+00, BpsHz:5.33046e-02
Node 94, SINR:1.01781e+00, BpsHz:5.33046e-02
Node 112, SINR:1.01781e+00, BpsHz:5.33046e-02
Node 136, SINR:1.01781e+00, BpsHz:5.33046e-02
Node 184, SINR:0.00000e+00, BpsHz:0.00000e+00
Node 188, SINR:1.01781e+00, BpsHz:5.33046e-02
Node 134, SINR:1.01781e+00, BpsHz:5.33046e-02
Node 124, SINR:1.01781e+00, BpsHz:5.33046e-02
Node 163, SINR:1.01781e+00, BpsHz:5.33046e-02
Node 191, SINR:1.01781e+00, BpsHz:5.33046e-02
Node 8, SINR:1.01781e+00, BpsHz:5.33046e-02
---------------
==========Cluster 1, RcvInterf=1.36457e-13============
Node 24, SINR:5.01444e-01, BpsHz:5.33046e-02
Node 82, SINR:5.01444e-01, BpsHz:5.33046e-02
Node 123, SINR:0.00000e+00, BpsHz:0.00000e+00
Node 142, SINR:5.01444e-01, BpsHz:5.33046e-02
Node 143, SINR:5.01444e-01, BpsHz:5.33046e-02
Node 156, SINR:5.01444e-01, BpsHz:5.33046e-02
Node 159, SINR:5.01444e-01, BpsHz:5.33046e-02
Node 70, SINR:5.01444e-01, BpsHz:5.33046e-02
Node 117, SINR:5.01444e-01, BpsHz:5.33046e-02
Node 76, SINR:5.01444e-01, BpsHz:5.33046e-02
Node 187, SINR:5.01444e-01, BpsHz:5.33046e-02
Node 12, SINR:5.01444e-01, BpsHz:5.33046e-02
---------------
==========Cluster 2, RcvInterf=5.01501e-14============
Node 4, SINR:1.01781e+00, BpsHz:5.33046e-02
Node 5, SINR:1.01781e+00, BpsHz:5.33046e-02
Node 9, SINR:1.01781e+00, BpsHz:5.33046e-02
Node 26, SINR:1.01781e+00, BpsHz:5.33046e-02
Node 36, SINR:1.01781e+00, BpsHz:5.33046e-02
Node 37, SINR:0.00000e+00, BpsHz:0.00000e+00
Node 45, SINR:1.01781e+00, BpsHz:5.33046e-02
Node 46, SINR:1.01781e+00, BpsHz:5.33046e-02
Node 60, SINR:1.01781e+00, BpsHz:5.33046e-02
Node 64, SINR:1.01781e+00, BpsHz:5.33046e-02
Node 71, SINR:1.01781e+00, BpsHz:5.33046e-02
Node 72, SINR:1.01781e+00, BpsHz:5.33046e-02
Node 77, SINR:1.01781e+00, BpsHz:5.33046e-02
Node 83, SINR:1.01781e+00, BpsHz:5.33046e-02
Node 95, SINR:1.01781e+00, BpsHz:5.33046e-02
Node 108, SINR:1.01781e+00, BpsHz:5.33046e-02
Node 114, SINR:1.01781e+00, BpsHz:5.33046e-02
Node 131, SINR:1.01781e+00, BpsHz:5.33046e-02
Node 168, SINR:1.01781e+00, BpsHz:5.33046e-02
Node 7, SINR:1.01781e+00, BpsHz:5.33046e-02
---------------
==========Cluster 3, RcvInterf=6.68294e-14============
Node 3, SINR:6.16597e-01, BpsHz:5.33046e-02
Node 73, SINR:6.16597e-01, BpsHz:5.33046e-02
Node 96, SINR:6.16597e-01, BpsHz:5.33046e-02
Node 115, SINR:6.16597e-01, BpsHz:5.33046e-02
Node 138, SINR:6.16597e-01, BpsHz:5.33046e-02
Node 152, SINR:6.16597e-01, BpsHz:5.33046e-02
Node 180, SINR:0.00000e+00, BpsHz:0.00000e+00
Node 56, SINR:6.16597e-01, BpsHz:5.33046e-02
Node 62, SINR:6.16597e-01, BpsHz:5.33046e-02
Node 135, SINR:6.16597e-01, BpsHz:5.33046e-02
Node 145, SINR:6.16597e-01, BpsHz:5.33046e-02
Node 181, SINR:6.16597e-01, BpsHz:5.33046e-02
Node 91, SINR:6.16597e-01, BpsHz:5.33046e-02
Node 27, SINR:6.16597e-01, BpsHz:5.33046e-02
---------------
==========Cluster 4, RcvInterf=9.78045e-14============
Node 14, SINR:4.46981e-01, BpsHz:5.33046e-02
Node 23, SINR:4.46981e-01, BpsHz:5.33046e-02
Node 35, SINR:4.46981e-01, BpsHz:5.33046e-02
Node 44, SINR:4.46981e-01, BpsHz:5.33046e-02
Node 113, SINR:0.00000e+00, BpsHz:0.00000e+00
Node 116, SINR:4.46981e-01, BpsHz:5.33046e-02
Node 137, SINR:4.46981e-01, BpsHz:5.33046e-02
Node 170, SINR:4.46981e-01, BpsHz:5.33046e-02
Node 172, SINR:4.46981e-01, BpsHz:5.33046e-02
Node 166, SINR:4.46981e-01, BpsHz:5.33046e-02
Node 106, SINR:4.46981e-01, BpsHz:5.33046e-02
---------------
==========Cluster 5, RcvInterf=9.19914e-14============
Node 43, SINR:8.74074e-01, BpsHz:5.33046e-02
Node 59, SINR:8.74074e-01, BpsHz:5.33046e-02
Node 90, SINR:8.74074e-01, BpsHz:5.33046e-02
Node 101, SINR:8.74074e-01, BpsHz:5.33046e-02
Node 110, SINR:8.74074e-01, BpsHz:5.33046e-02
Node 125, SINR:8.74074e-01, BpsHz:5.33046e-02
Node 144, SINR:8.74074e-01, BpsHz:5.33046e-02
Node 148, SINR:0.00000e+00, BpsHz:0.00000e+00
Node 162, SINR:8.74074e-01, BpsHz:5.33046e-02
Node 167, SINR:8.74074e-01, BpsHz:5.33046e-02
Node 192, SINR:8.74074e-01, BpsHz:5.33046e-02
Node 41, SINR:8.74074e-01, BpsHz:5.33046e-02
Node 89, SINR:8.74074e-01, BpsHz:5.33046e-02
Node 25, SINR:8.74074e-01, BpsHz:5.33046e-02
Node 193, SINR:8.74074e-01, BpsHz:5.33046e-02
Node 31, SINR:8.74074e-01, BpsHz:5.33046e-02
Node 151, SINR:8.74074e-01, BpsHz:5.33046e-02
Node 171, SINR:8.74074e-01, BpsHz:5.33046e-02
---------------
==========Cluster 6, RcvInterf=8.29032e-14============
Node 33, SINR:7.40581e-01, BpsHz:5.33046e-02
Node 49, SINR:7.40581e-01, BpsHz:5.33046e-02
Node 68, SINR:7.40581e-01, BpsHz:5.33046e-02
Node 122, SINR:7.40581e-01, BpsHz:5.33046e-02
Node 129, SINR:7.40581e-01, BpsHz:5.33046e-02
Node 130, SINR:7.40581e-01, BpsHz:5.33046e-02
Node 146, SINR:7.40581e-01, BpsHz:5.33046e-02
Node 149, SINR:0.00000e+00, BpsHz:0.00000e+00
Node 177, SINR:7.40581e-01, BpsHz:5.33046e-02
Node 178, SINR:7.40581e-01, BpsHz:5.33046e-02
Node 179, SINR:7.40581e-01, BpsHz:5.33046e-02
Node 194, SINR:7.40581e-01, BpsHz:5.33046e-02
Node 18, SINR:7.40581e-01, BpsHz:5.33046e-02
Node 132, SINR:7.40581e-01, BpsHz:5.33046e-02
Node 109, SINR:7.40581e-01, BpsHz:5.33046e-02
Node 165, SINR:7.40581e-01, BpsHz:5.33046e-02
---------------
==========Cluster 7, RcvInterf=1.90041e-13============
Node 42, SINR:3.94494e-01, BpsHz:5.33046e-02
Node 173, SINR:3.94494e-01, BpsHz:5.33046e-02
Node 190, SINR:0.00000e+00, BpsHz:0.00000e+00
Node 2, SINR:3.94494e-01, BpsHz:5.33046e-02
Node 107, SINR:3.94494e-01, BpsHz:5.33046e-02
Node 52, SINR:3.94494e-01, BpsHz:5.33046e-02
Node 61, SINR:3.94494e-01, BpsHz:5.33046e-02
Node 174, SINR:3.94494e-01, BpsHz:5.33046e-02
Node 29, SINR:3.94494e-01, BpsHz:5.33046e-02
Node 111, SINR:3.94494e-01, BpsHz:5.33046e-02
---------------
==========Cluster 8, RcvInterf=5.31485e-14============
Node 13, SINR:8.74074e-01, BpsHz:5.33046e-02
Node 19, SINR:8.74074e-01, BpsHz:5.33046e-02
Node 20, SINR:8.74074e-01, BpsHz:5.33046e-02
Node 40, SINR:8.74074e-01, BpsHz:5.33046e-02
Node 54, SINR:8.74074e-01, BpsHz:5.33046e-02
Node 65, SINR:8.74074e-01, BpsHz:5.33046e-02
Node 81, SINR:8.74074e-01, BpsHz:5.33046e-02
Node 85, SINR:8.74074e-01, BpsHz:5.33046e-02
Node 87, SINR:8.74074e-01, BpsHz:5.33046e-02
Node 88, SINR:0.00000e+00, BpsHz:0.00000e+00
Node 100, SINR:8.74074e-01, BpsHz:5.33046e-02
Node 102, SINR:8.74074e-01, BpsHz:5.33046e-02
Node 104, SINR:8.74074e-01, BpsHz:5.33046e-02
Node 160, SINR:8.74074e-01, BpsHz:5.33046e-02
Node 182, SINR:8.74074e-01, BpsHz:5.33046e-02
Node 16, SINR:8.74074e-01, BpsHz:5.33046e-02
Node 161, SINR:8.74074e-01, BpsHz:5.33046e-02
Node 79, SINR:8.74074e-01, BpsHz:5.33046e-02
---------------
==========Cluster 9, RcvInterf=2.25297e-13============
Node 47, SINR:6.16597e-01, BpsHz:5.33046e-02
Node 67, SINR:6.16597e-01, BpsHz:5.33046e-02
Node 80, SINR:6.16597e-01, BpsHz:5.33046e-02
Node 98, SINR:6.16597e-01, BpsHz:5.33046e-02
Node 141, SINR:0.00000e+00, BpsHz:0.00000e+00
Node 154, SINR:6.16597e-01, BpsHz:5.33046e-02
Node 155, SINR:6.16597e-01, BpsHz:5.33046e-02
Node 175, SINR:6.16597e-01, BpsHz:5.33046e-02
Node 185, SINR:6.16597e-01, BpsHz:5.33046e-02
Node 126, SINR:6.16597e-01, BpsHz:5.33046e-02
Node 120, SINR:6.16597e-01, BpsHz:5.33046e-02
Node 92, SINR:6.16597e-01, BpsHz:5.33046e-02
Node 10, SINR:6.16597e-01, BpsHz:5.33046e-02
Node 74, SINR:6.16597e-01, BpsHz:5.33046e-02
---------------
==========Cluster 10, RcvInterf=2.25844e-13============
Node 6, SINR:7.40581e-01, BpsHz:5.33046e-02
Node 11, SINR:7.40581e-01, BpsHz:5.33046e-02
Node 28, SINR:7.40581e-01, BpsHz:5.33046e-02
Node 30, SINR:7.40581e-01, BpsHz:5.33046e-02
Node 50, SINR:7.40581e-01, BpsHz:5.33046e-02
Node 66, SINR:7.40581e-01, BpsHz:5.33046e-02
Node 97, SINR:7.40581e-01, BpsHz:5.33046e-02
Node 118, SINR:7.40581e-01, BpsHz:5.33046e-02
Node 121, SINR:0.00000e+00, BpsHz:0.00000e+00
Node 147, SINR:7.40581e-01, BpsHz:5.33046e-02
Node 150, SINR:7.40581e-01, BpsHz:5.33046e-02
Node 176, SINR:7.40581e-01, BpsHz:5.33046e-02
Node 183, SINR:7.40581e-01, BpsHz:5.33046e-02
Node 186, SINR:7.40581e-01, BpsHz:5.33046e-02
Node 32, SINR:7.40581e-01, BpsHz:5.33046e-02
Node 22, SINR:7.40581e-01, BpsHz:5.33046e-02
---------------
