195
11
1.000000e-03
1.931016e-312
172
3000
1.446316e+01
1.825562e+00
1.446316e-05
1.181820e-06
0 0 0 0 0 0 0 0 0 0 0 0 0 0 1 0 0 0 0 0 0 0 0 1 0 0 0 0 0 0 0 0 0 0 0 0 0 0 0 0 0 0 0 0 1 0 0 0 0 0 0 0 0 0 0 0 0 0 0 0 0 0 0 0 0 0 0 0 0 0 0 0 0 0 0 0 0 0 0 0 0 0 0 0 0 0 0 0 0 0 0 0 0 0 0 0 0 0 0 0 0 0 0 0 0 0 0 0 0 0 0 0 0 1 0 0 1 0 0 0 0 0 0 0 0 0 0 0 0 0 0 0 0 0 0 0 0 1 0 0 0 0 0 0 0 0 0 0 0 0 0 0 0 0 0 0 0 0 0 0 0 0 0 0 0 0 1 0 0 0 1 0 1 0 0 0 0 0 0 0 0 0 0 0 0 0 0 0 0 0 0 0 0 0 0 
0 0 0 0 0 0 0 0 0 0 1 0 0 0 0 0 0 0 0 0 0 0 0 0 0 1 0 0 0 0 0 0 0 0 0 0 0 0 0 0 0 0 0 0 0 0 0 1 0 0 0 0 0 0 0 0 0 0 0 0 0 0 0 1 0 0 0 1 0 0 0 0 0 0 0 0 0 0 0 0 1 0 0 0 0 0 0 0 0 1 0 0 1 0 0 0 0 0 1 0 0 0 0 0 0 0 0 0 0 0 0 0 0 0 0 0 0 0 0 0 1 0 0 0 0 0 1 0 0 0 0 0 0 0 0 0 0 0 0 0 0 1 0 0 0 0 0 0 0 0 0 0 0 0 1 1 0 0 0 0 0 0 0 0 0 0 0 0 0 0 0 1 0 0 0 1 0 0 0 0 0 0 0 0 0 1 0 0 0 0 0 0 0 1 0 
0 0 1 0 0 0 0 0 0 0 0 0 0 0 0 0 0 0 0 0 0 0 0 0 0 0 0 0 0 1 0 0 0 0 0 0 0 0 0 0 0 0 1 0 0 0 0 0 0 0 0 0 0 0 0 0 0 0 0 0 0 1 0 0 0 0 0 0 0 0 0 0 0 0 1 0 0 0 0 0 0 0 0 0 0 0 0 0 0 0 0 0 0 0 0 0 0 0 0 0 0 0 0 0 0 0 0 1 0 0 0 1 0 0 0 0 0 0 0 1 0 0 0 0 0 0 0 0 0 0 0 0 0 0 0 0 0 0 0 0 0 0 0 0 0 0 0 0 0 0 0 0 0 0 0 0 0 0 0 0 0 0 0 0 0 0 0 0 0 0 0 0 0 1 1 0 0 0 0 0 0 0 0 0 0 0 0 0 0 0 1 0 0 0 0 
1 0 0 0 0 0 0 0 0 0 0 0 0 0 0 0 0 0 0 0 0 0 0 0 0 0 0 0 0 0 0 1 0 0 0 0 0 0 0 0 0 1 0 1 0 0 0 0 0 0 0 0 0 1 0 0 0 0 0 1 0 0 0 0 0 0 0 0 0 0 0 0 0 0 0 0 0 0 0 0 0 0 0 0 0 0 0 0 0 0 1 0 0 0 0 0 0 0 0 1 0 1 0 0 0 0 0 0 0 0 1 0 0 0 1 0 0 1 0 0 0 0 0 0 0 1 0 0 0 0 0 0 0 1 0 0 0 0 0 0 0 0 1 0 1 0 0 0 1 0 0 0 0 0 0 0 0 1 0 0 0 0 1 0 0 0 0 1 0 0 0 0 0 0 0 0 0 0 0 0 0 0 0 0 0 0 0 0 0 0 0 0 0 0 0 
0 0 0 0 0 0 1 0 0 0 0 1 1 0 0 0 0 0 0 0 0 0 1 0 1 0 0 0 1 0 1 0 1 0 0 0 0 0 0 0 0 0 0 0 0 0 0 0 0 0 1 0 0 0 0 0 0 0 0 0 0 0 0 0 0 0 1 0 0 0 1 0 0 0 0 0 1 0 0 0 0 0 1 0 0 0 0 0 0 0 0 0 0 0 0 0 0 1 0 0 0 0 0 1 0 0 0 0 0 0 0 0 0 0 0 0 0 0 1 0 0 1 0 0 0 0 0 0 0 0 0 0 0 0 0 0 0 0 0 0 0 0 0 1 0 0 0 1 0 0 1 1 0 1 0 0 1 0 0 1 0 0 0 0 1 0 0 0 0 0 0 0 0 0 0 0 1 0 0 0 0 0 0 1 0 0 1 0 0 0 0 0 0 0 0 
0 0 0 0 0 0 0 0 0 0 0 0 0 0 0 0 0 0 0 0 0 0 0 0 0 0 0 0 0 0 0 0 0 0 0 0 0 0 0 0 0 0 0 0 0 0 0 0 0 1 0 0 0 0 0 0 0 0 0 0 0 0 0 0 0 0 0 0 0 0 0 0 0 0 0 0 0 0 0 0 0 0 0 0 1 0 0 0 0 0 0 0 0 0 0 0 0 0 0 0 0 0 0 0 0 0 0 0 0 0 0 0 0 0 0 0 0 0 0 0 0 0 1 0 0 0 0 0 0 0 1 0 0 0 0 0 0 0 0 0 0 0 0 0 0 0 1 0 0 1 0 0 0 0 0 0 0 0 0 0 0 0 0 0 0 0 0 0 0 0 0 0 0 0 0 0 0 1 1 0 0 0 0 0 0 0 0 0 0 0 0 0 0 0 1 
0 1 0 0 0 0 0 0 1 0 0 0 0 0 0 1 0 0 0 0 0 1 0 0 0 0 0 0 0 0 0 0 0 0 0 0 0 0 1 1 0 0 0 0 0 0 0 0 1 0 0 0 0 0 0 1 0 1 1 0 0 0 0 0 0 0 0 0 0 0 0 0 0 0 0 0 0 0 1 0 0 0 0 0 0 0 1 0 0 0 0 0 0 0 1 0 0 0 0 0 0 0 0 0 0 0 0 0 0 0 0 0 1 0 0 0 0 0 0 0 0 0 0 0 1 0 0 0 0 0 0 0 0 0 1 0 1 0 0 0 0 0 0 0 0 0 0 0 0 0 0 0 0 0 0 0 0 0 0 0 0 0 0 1 0 0 0 0 0 0 0 0 0 0 0 0 0 0 0 0 0 0 0 0 1 0 0 0 1 0 0 1 0 0 0 
0 0 0 0 0 0 0 0 0 0 0 0 0 0 0 0 0 0 1 0 0 0 0 0 0 0 0 0 0 0 0 0 0 1 0 0 0 0 0 0 0 0 0 0 0 0 0 0 0 0 0 1 0 0 0 0 0 0 0 0 0 0 0 0 0 0 0 0 1 0 0 0 0 0 0 0 0 0 0 0 0 0 0 0 0 0 0 0 0 0 0 0 0 0 0 0 0 0 0 0 0 0 0 0 0 0 0 0 0 1 0 0 0 0 0 0 0 0 0 0 0 0 0 0 0 0 0 0 0 1 0 0 0 0 0 0 0 0 0 0 0 0 0 0 0 0 0 0 0 0 0 0 0 0 0 0 0 0 0 0 0 0 0 0 0 0 0 0 0 0 0 0 0 0 0 0 0 0 0 1 0 0 0 0 0 0 0 0 0 1 0 0 0 0 0 
0 0 0 1 0 0 0 0 0 0 0 0 0 0 0 0 0 0 0 0 0 0 0 0 0 0 0 1 0 0 0 0 0 0 0 0 0 0 0 0 0 0 0 0 0 0 0 0 0 0 0 0 0 0 0 0 1 0 0 0 0 0 1 0 0 0 0 0 0 0 0 0 0 1 0 0 0 0 0 0 0 0 0 0 0 0 0 0 0 0 0 1 0 0 0 0 1 0 0 0 0 0 0 0 0 0 0 0 0 0 0 0 0 0 0 1 0 0 0 0 0 0 0 0 0 0 0 0 0 0 0 0 0 0 0 1 0 0 1 1 0 0 0 0 0 1 0 0 0 0 0 0 1 0 0 0 0 0 0 0 0 0 0 0 0 0 0 0 0 0 0 0 0 0 0 0 0 0 0 0 1 1 0 0 0 0 0 0 0 0 0 0 0 0 0 
0 0 0 0 0 0 0 0 0 0 0 0 0 1 0 0 1 0 0 1 1 0 0 0 0 0 0 0 0 0 0 0 0 0 1 0 0 0 0 0 1 0 0 0 0 0 0 0 0 0 0 0 0 0 1 0 0 0 0 0 0 0 0 0 0 1 0 0 0 0 0 0 0 0 0 1 0 0 0 1 0 1 0 0 0 1 0 1 1 0 0 0 0 0 0 0 0 0 0 0 1 0 1 0 1 0 0 0 0 0 0 0 0 0 0 0 0 0 0 0 0 0 0 0 0 0 0 0 0 0 0 0 0 0 0 0 0 0 0 0 0 0 0 0 0 0 0 0 0 0 0 0 0 0 0 0 0 0 1 0 1 1 0 0 0 0 0 0 0 0 0 0 0 0 0 0 0 0 0 0 0 0 1 0 0 0 0 0 0 0 0 0 0 0 0 
0 0 0 0 1 1 0 1 0 1 0 0 0 0 0 0 0 1 0 0 0 0 0 0 0 0 1 0 0 0 0 0 0 0 0 0 1 1 0 0 0 0 0 0 0 1 1 0 0 0 0 0 0 0 0 0 0 0 0 0 0 0 0 0 1 0 0 0 0 1 0 1 1 0 0 0 0 1 0 0 0 0 0 1 0 0 0 0 0 0 0 0 0 1 0 1 0 0 0 0 0 0 0 0 0 1 0 0 1 0 0 0 0 0 0 0 0 0 0 0 0 0 0 0 0 0 0 0 1 0 0 1 0 0 0 0 0 0 0 0 0 0 0 0 0 0 0 0 0 0 0 0 0 0 0 0 0 0 0 0 0 0 0 0 0 0 0 0 1 0 0 0 0 0 0 0 0 0 0 0 0 0 0 0 0 0 0 0 0 0 0 0 0 0 0 
114 99 191 126 29 179 185 34 153 89 47 
4.627156E-05 5.762502E-05 6.358089E-07 1.358345E-06 1.808903E-07 2.016576E-06 2.139514E-04 2.869624E-06 2.412113E-04 4.368331E-06 1.259434E-05 2.892752E-05 1.584044E-04 3.116751E-05 1.847079E-07 2.579859E-05 3.738805E-05 2.142857E-05 1.709463E-06 1.164320E-05 2.011332E-05 4.973204E-06 1.445421E-05 8.916111E-08 8.440996E-05 1.318879E-04 1.570043E-06 4.430059E-05 0.000000E+00 9.024850E-06 2.484243E-05 3.278464E-05 1.556615E-06 0.000000E+00 7.004544E-05 0.000000E+00 5.306675E-05 1.294279E-05 1.076034E-06 2.794045E-05 1.748066E-05 2.323557E-05 5.047350E-07 1.521532E-06 1.755993E-06 1.629704E-04 0.000000E+00 3.536591E-05 5.320310E-06 3.222843E-07 5.967008E-05 3.564757E-07 0.000000E+00 6.326038E-04 1.845446E-04 2.177005E-04 1.528458E-05 4.456514E-05 1.143186E-05 3.950193E-06 0.000000E+00 3.796313E-06 7.398744E-06 7.332563E-05 1.500121E-04 7.125828E-05 4.138350E-05 9.959311E-06 4.688839E-08 5.779901E-05 9.564720E-05 1.719672E-06 1.606848E-04 1.663304E-06 3.427667E-05 3.059111E-05 1.114028E-04 1.025957E-05 6.090830E-06 2.280032E-04 6.313699E-05 4.299898E-07 9.562603E-05 2.852204E-05 7.309324E-05 3.792107E-06 2.271943E-05 5.911892E-06 0.000000E+00 4.787853E-05 4.851407E-07 1.499938E-05 8.154119E-05 5.882367E-05 1.229200E-06 1.613195E-05 3.131193E-06 1.718420E-05 0.000000E+00 9.998762E-04 1.314305E-04 7.858485E-05 8.738195E-06 5.391769E-05 1.361363E-05 8.300777E-05 0.000000E+00 7.051361E-06 5.299204E-04 6.394960E-07 4.947676E-07 2.950369E-05 5.548542E-08 0.000000E+00 9.973114E-04 6.521205E-08 4.795899E-07 2.103764E-04 5.416842E-05 1.070935E-05 5.659498E-05 3.300621E-06 5.032545E-07 0.000000E+00 2.282981E-04 0.000000E+00 2.935793E-05 0.000000E+00 4.450054E-05 1.826197E-06 2.286232E-08 8.376658E-04 0.000000E+00 1.519382E-04 2.083369E-05 4.393994E-06 5.114676E-05 7.426836E-07 1.016952E-06 1.581780E-05 0.000000E+00 9.196544E-07 1.383895E-04 5.087601E-04 6.232990E-06 3.860476E-06 4.276086E-07 7.352798E-06 3.817138E-06 2.825254E-07 4.560195E-05 1.661916E-04 0.000000E+00 5.716501E-05 2.967178E-05 5.893732E-06 9.588862E-04 9.013825E-05 3.392859E-05 8.027066E-04 4.947160E-05 1.175583E-04 7.991143E-06 3.758567E-05 2.727669E-06 0.000000E+00 7.826818E-07 1.169770E-05 2.643103E-06 0.000000E+00 8.066658E-09 1.200164E-04 2.638865E-07 6.962171E-08 7.196415E-06 1.055667E-05 2.530247E-04 3.235800E-07 0.000000E+00 3.052783E-07 9.858848E-09 1.311757E-05 5.566762E-06 6.073676E-04 0.000000E+00 3.743101E-06 2.477279E-04 0.000000E+00 2.470058E-06 1.082016E-06 0.000000E+00 1.764454E-04 0.000000E+00 6.667984E-05 8.340650E-06 
15 24 45 114 117 138 171 173 167 
11 48 64 68 81 90 93 99 127 142 155 156 176 186 194 26 121 172 
3 43 62 108 174 191 30 112 175 120 75 
1 32 42 44 54 60 91 111 118 126 143 145 149 158 163 168 134 102 100 115 
7 12 13 23 25 29 31 33 51 67 71 77 83 98 104 119 122 148 151 154 160 165 177 187 184 144 152 157 
50 123 131 147 179 150 178 195 85 
2 16 22 39 40 49 59 79 87 95 113 125 137 185 189 58 164 135 56 192 9 
34 52 69 110 180 190 130 19 
4 57 63 74 92 97 116 136 139 146 153 181 182 28 140 
14 17 20 21 41 55 66 76 82 86 88 89 103 105 161 183 101 162 159 80 35 
5 6 8 10 18 27 37 38 46 47 65 72 73 78 84 94 96 109 129 132 169 70 106 

============Find Best @ Round 816================
==========Cluster 0, RcvInterf=8.60158e-15============
Node 14, SINR:1.84766e-01, BpsHz:3.05753e-02
Node 23, SINR:1.84766e-01, BpsHz:3.05753e-02
Node 44, SINR:1.84766e-01, BpsHz:3.05753e-02
Node 113, SINR:0.00000e+00, BpsHz:0.00000e+00
Node 116, SINR:1.84766e-01, BpsHz:3.05753e-02
Node 137, SINR:1.84766e-01, BpsHz:3.05753e-02
Node 170, SINR:1.84766e-01, BpsHz:3.05753e-02
Node 172, SINR:1.84766e-01, BpsHz:3.05753e-02
Node 166, SINR:1.84766e-01, BpsHz:3.05753e-02
---------------
==========Cluster 1, RcvInterf=9.65748e-14============
Node 10, SINR:4.33737e-01, BpsHz:3.05753e-02
Node 47, SINR:4.33737e-01, BpsHz:3.05753e-02
Node 63, SINR:4.33737e-01, BpsHz:3.05753e-02
Node 67, SINR:4.33737e-01, BpsHz:3.05753e-02
Node 80, SINR:4.33737e-01, BpsHz:3.05753e-02
Node 89, SINR:4.33737e-01, BpsHz:3.05753e-02
Node 92, SINR:4.33737e-01, BpsHz:3.05753e-02
Node 98, SINR:0.00000e+00, BpsHz:0.00000e+00
Node 126, SINR:4.33737e-01, BpsHz:3.05753e-02
Node 141, SINR:4.33737e-01, BpsHz:3.05753e-02
Node 154, SINR:4.33737e-01, BpsHz:3.05753e-02
Node 155, SINR:4.33737e-01, BpsHz:3.05753e-02
Node 175, SINR:4.33737e-01, BpsHz:3.05753e-02
Node 185, SINR:4.33737e-01, BpsHz:3.05753e-02
Node 193, SINR:4.33737e-01, BpsHz:3.05753e-02
Node 25, SINR:4.33737e-01, BpsHz:3.05753e-02
Node 120, SINR:4.33737e-01, BpsHz:3.05753e-02
Node 171, SINR:4.33737e-01, BpsHz:3.05753e-02
---------------
==========Cluster 2, RcvInterf=3.22246e-14============
Node 2, SINR:2.36064e-01, BpsHz:3.05753e-02
Node 42, SINR:2.36064e-01, BpsHz:3.05753e-02
Node 61, SINR:2.36064e-01, BpsHz:3.05753e-02
Node 107, SINR:2.36064e-01, BpsHz:3.05753e-02
Node 173, SINR:2.36064e-01, BpsHz:3.05753e-02
Node 190, SINR:0.00000e+00, BpsHz:0.00000e+00
Node 29, SINR:2.36064e-01, BpsHz:3.05753e-02
Node 111, SINR:2.36064e-01, BpsHz:3.05753e-02
Node 174, SINR:2.36064e-01, BpsHz:3.05753e-02
Node 119, SINR:2.36064e-01, BpsHz:3.05753e-02
Node 74, SINR:2.36064e-01, BpsHz:3.05753e-02
---------------
==========Cluster 3, RcvInterf=7.95379e-14============
Node 0, SINR:4.95814e-01, BpsHz:3.05753e-02
Node 31, SINR:4.95814e-01, BpsHz:3.05753e-02
Node 41, SINR:4.95814e-01, BpsHz:3.05753e-02
Node 43, SINR:4.95814e-01, BpsHz:3.05753e-02
Node 53, SINR:4.95814e-01, BpsHz:3.05753e-02
Node 59, SINR:4.95814e-01, BpsHz:3.05753e-02
Node 90, SINR:4.95814e-01, BpsHz:3.05753e-02
Node 110, SINR:4.95814e-01, BpsHz:3.05753e-02
Node 117, SINR:4.95814e-01, BpsHz:3.05753e-02
Node 125, SINR:0.00000e+00, BpsHz:0.00000e+00
Node 142, SINR:4.95814e-01, BpsHz:3.05753e-02
Node 144, SINR:4.95814e-01, BpsHz:3.05753e-02
Node 148, SINR:4.95814e-01, BpsHz:3.05753e-02
Node 157, SINR:4.95814e-01, BpsHz:3.05753e-02
Node 162, SINR:4.95814e-01, BpsHz:3.05753e-02
Node 167, SINR:4.95814e-01, BpsHz:3.05753e-02
Node 133, SINR:4.95814e-01, BpsHz:3.05753e-02
Node 101, SINR:4.95814e-01, BpsHz:3.05753e-02
Node 99, SINR:4.95814e-01, BpsHz:3.05753e-02
Node 114, SINR:4.95814e-01, BpsHz:3.05753e-02
---------------
==========Cluster 4, RcvInterf=3.37139e-14============
Node 6, SINR:7.72189e-01, BpsHz:3.05753e-02
Node 11, SINR:7.72189e-01, BpsHz:3.05753e-02
Node 12, SINR:7.72190e-01, BpsHz:3.05753e-02
Node 22, SINR:7.72189e-01, BpsHz:3.05753e-02
Node 24, SINR:7.72189e-01, BpsHz:3.05753e-02
Node 28, SINR:0.00000e+00, BpsHz:0.00000e+00
Node 30, SINR:7.72189e-01, BpsHz:3.05753e-02
Node 32, SINR:7.72189e-01, BpsHz:3.05753e-02
Node 50, SINR:7.72190e-01, BpsHz:3.05753e-02
Node 66, SINR:7.72189e-01, BpsHz:3.05753e-02
Node 70, SINR:7.72189e-01, BpsHz:3.05753e-02
Node 76, SINR:7.72189e-01, BpsHz:3.05753e-02
Node 82, SINR:7.72190e-01, BpsHz:3.05753e-02
Node 97, SINR:7.72190e-01, BpsHz:3.05753e-02
Node 103, SINR:7.72190e-01, BpsHz:3.05753e-02
Node 118, SINR:7.72190e-01, BpsHz:3.05753e-02
Node 121, SINR:7.72189e-01, BpsHz:3.05753e-02
Node 147, SINR:7.72189e-01, BpsHz:3.05753e-02
Node 150, SINR:7.72190e-01, BpsHz:3.05753e-02
Node 153, SINR:7.72190e-01, BpsHz:3.05753e-02
Node 159, SINR:7.72190e-01, BpsHz:3.05753e-02
Node 164, SINR:7.72189e-01, BpsHz:3.05753e-02
Node 176, SINR:7.72190e-01, BpsHz:3.05753e-02
Node 186, SINR:7.72189e-01, BpsHz:3.05753e-02
Node 183, SINR:7.72189e-01, BpsHz:3.05753e-02
Node 143, SINR:7.72190e-01, BpsHz:3.05753e-02
Node 151, SINR:7.72189e-01, BpsHz:3.05753e-02
Node 156, SINR:7.72189e-01, BpsHz:3.05753e-02
---------------
==========Cluster 5, RcvInterf=1.44682e-14============
Node 49, SINR:1.84766e-01, BpsHz:3.05753e-02
Node 122, SINR:1.84766e-01, BpsHz:3.05753e-02
Node 130, SINR:1.84766e-01, BpsHz:3.05753e-02
Node 146, SINR:1.84766e-01, BpsHz:3.05753e-02
Node 178, SINR:0.00000e+00, BpsHz:0.00000e+00
Node 149, SINR:1.84766e-01, BpsHz:3.05753e-02
Node 177, SINR:1.84766e-01, BpsHz:3.05753e-02
Node 194, SINR:1.84766e-01, BpsHz:3.05753e-02
Node 84, SINR:1.84766e-01, BpsHz:3.05753e-02
---------------
==========Cluster 6, RcvInterf=2.32163e-14============
Node 1, SINR:5.27853e-01, BpsHz:3.05753e-02
Node 15, SINR:5.27853e-01, BpsHz:3.05753e-02
Node 21, SINR:5.27853e-01, BpsHz:3.05753e-02
Node 38, SINR:5.27853e-01, BpsHz:3.05753e-02
Node 39, SINR:5.27853e-01, BpsHz:3.05753e-02
Node 48, SINR:5.27853e-01, BpsHz:3.05753e-02
Node 58, SINR:5.27853e-01, BpsHz:3.05753e-02
Node 78, SINR:5.27853e-01, BpsHz:3.05753e-02
Node 86, SINR:5.27853e-01, BpsHz:3.05753e-02
Node 94, SINR:5.27853e-01, BpsHz:3.05753e-02
Node 112, SINR:5.27853e-01, BpsHz:3.05753e-02
Node 124, SINR:5.27853e-01, BpsHz:3.05753e-02
Node 136, SINR:5.27853e-01, BpsHz:3.05753e-02
Node 184, SINR:0.00000e+00, BpsHz:0.00000e+00
Node 188, SINR:5.27853e-01, BpsHz:3.05753e-02
Node 57, SINR:5.27853e-01, BpsHz:3.05753e-02
Node 163, SINR:5.27853e-01, BpsHz:3.05753e-02
Node 134, SINR:5.27853e-01, BpsHz:3.05753e-02
Node 55, SINR:5.27853e-01, BpsHz:3.05753e-02
Node 191, SINR:5.27853e-01, BpsHz:3.05753e-02
Node 8, SINR:5.27853e-01, BpsHz:3.05753e-02
---------------
==========Cluster 7, RcvInterf=8.21305e-15============
Node 33, SINR:0.00000e+00, BpsHz:0.00000e+00
Node 51, SINR:1.59921e-01, BpsHz:3.05753e-02
Node 68, SINR:1.59921e-01, BpsHz:3.05753e-02
Node 109, SINR:1.59921e-01, BpsHz:3.05753e-02
Node 179, SINR:1.59921e-01, BpsHz:3.05753e-02
Node 189, SINR:1.59921e-01, BpsHz:3.05753e-02
Node 129, SINR:1.59921e-01, BpsHz:3.05753e-02
Node 18, SINR:1.59921e-01, BpsHz:3.05753e-02
---------------
==========Cluster 8, RcvInterf=2.63851e-14============
Node 3, SINR:3.45418e-01, BpsHz:3.05753e-02
Node 56, SINR:3.45418e-01, BpsHz:3.05753e-02
Node 62, SINR:3.45418e-01, BpsHz:3.05753e-02
Node 73, SINR:3.45418e-01, BpsHz:3.05753e-02
Node 91, SINR:3.45418e-01, BpsHz:3.05753e-02
Node 96, SINR:3.45418e-01, BpsHz:3.05753e-02
Node 115, SINR:3.45418e-01, BpsHz:3.05753e-02
Node 135, SINR:3.45418e-01, BpsHz:3.05753e-02
Node 138, SINR:3.45418e-01, BpsHz:3.05753e-02
Node 145, SINR:3.45418e-01, BpsHz:3.05753e-02
Node 152, SINR:0.00000e+00, BpsHz:0.00000e+00
Node 180, SINR:3.45418e-01, BpsHz:3.05753e-02
Node 181, SINR:3.45418e-01, BpsHz:3.05753e-02
Node 27, SINR:3.45418e-01, BpsHz:3.05753e-02
Node 139, SINR:3.45418e-01, BpsHz:3.05753e-02
---------------
==========Cluster 9, RcvInterf=3.13783e-14============
Node 13, SINR:5.27853e-01, BpsHz:3.05753e-02
Node 16, SINR:5.27853e-01, BpsHz:3.05753e-02
Node 19, SINR:5.27853e-01, BpsHz:3.05753e-02
Node 20, SINR:5.27853e-01, BpsHz:3.05753e-02
Node 40, SINR:5.27853e-01, BpsHz:3.05753e-02
Node 54, SINR:5.27853e-01, BpsHz:3.05753e-02
Node 65, SINR:5.27853e-01, BpsHz:3.05753e-02
Node 75, SINR:5.27853e-01, BpsHz:3.05753e-02
Node 81, SINR:5.27853e-01, BpsHz:3.05753e-02
Node 85, SINR:5.27853e-01, BpsHz:3.05753e-02
Node 87, SINR:5.27853e-01, BpsHz:3.05753e-02
Node 88, SINR:0.00000e+00, BpsHz:0.00000e+00
Node 102, SINR:5.27853e-01, BpsHz:3.05753e-02
Node 104, SINR:5.27853e-01, BpsHz:3.05753e-02
Node 160, SINR:5.27853e-01, BpsHz:3.05753e-02
Node 182, SINR:5.27853e-01, BpsHz:3.05753e-02
Node 100, SINR:5.27853e-01, BpsHz:3.05753e-02
Node 161, SINR:5.27853e-01, BpsHz:3.05753e-02
Node 158, SINR:5.27853e-01, BpsHz:3.05753e-02
Node 79, SINR:5.27853e-01, BpsHz:3.05753e-02
Node 34, SINR:5.27853e-01, BpsHz:3.05753e-02
---------------
==========Cluster 10, RcvInterf=7.25454e-14============
Node 4, SINR:5.94005e-01, BpsHz:3.05753e-02
Node 5, SINR:5.94005e-01, BpsHz:3.05753e-02
Node 7, SINR:5.94005e-01, BpsHz:3.05753e-02
Node 9, SINR:5.94005e-01, BpsHz:3.05753e-02
Node 17, SINR:5.94005e-01, BpsHz:3.05753e-02
Node 26, SINR:5.94005e-01, BpsHz:3.05753e-02
Node 36, SINR:5.94005e-01, BpsHz:3.05753e-02
Node 37, SINR:5.94005e-01, BpsHz:3.05753e-02
Node 45, SINR:5.94005e-01, BpsHz:3.05753e-02
Node 46, SINR:0.00000e+00, BpsHz:0.00000e+00
Node 64, SINR:5.94005e-01, BpsHz:3.05753e-02
Node 71, SINR:5.94005e-01, BpsHz:3.05753e-02
Node 72, SINR:5.94005e-01, BpsHz:3.05753e-02
Node 77, SINR:5.94005e-01, BpsHz:3.05753e-02
Node 83, SINR:5.94005e-01, BpsHz:3.05753e-02
Node 93, SINR:5.94005e-01, BpsHz:3.05753e-02
Node 95, SINR:5.94005e-01, BpsHz:3.05753e-02
Node 108, SINR:5.94005e-01, BpsHz:3.05753e-02
Node 128, SINR:5.94005e-01, BpsHz:3.05753e-02
Node 131, SINR:5.94005e-01, BpsHz:3.05753e-02
Node 168, SINR:5.94005e-01, BpsHz:3.05753e-02
Node 69, SINR:5.94005e-01, BpsHz:3.05753e-02
Node 105, SINR:5.94005e-01, BpsHz:3.05753e-02
---------------
