195
11
1.000000e-03
1.931016e-312
164
3000
1.561950e+01
1.337433e+00
1.561950e-05
7.516664e-07
0 0 0 0 0 0 0 0 0 0 1 0 0 0 0 0 0 0 0 0 0 0 0 0 0 0 0 0 0 0 0 0 0 0 0 0 0 0 0 0 0 0 0 0 0 0 0 1 0 0 0 0 0 0 0 0 0 0 0 0 0 0 0 1 0 0 0 1 0 0 0 0 0 0 1 0 0 0 0 0 1 0 0 0 0 0 0 0 0 1 0 0 1 0 0 0 0 0 1 0 0 0 0 0 0 0 0 0 0 0 0 0 0 0 0 0 0 0 0 0 1 0 0 0 0 0 1 0 0 0 0 0 0 0 0 0 0 0 0 0 0 1 0 0 0 0 0 0 0 0 0 0 0 0 1 1 0 0 0 0 0 0 0 0 0 0 0 0 0 0 0 0 0 0 0 1 0 0 0 0 0 0 0 0 0 1 0 0 0 0 0 0 1 1 0 
0 0 0 0 1 1 0 1 0 1 0 0 0 0 0 0 0 1 0 0 0 0 0 0 0 0 1 0 0 0 0 0 0 0 0 0 1 1 0 0 0 0 0 0 0 1 1 0 0 0 0 0 0 0 0 0 0 0 0 0 0 0 0 0 1 0 0 0 0 1 0 1 1 0 0 0 0 1 0 0 0 0 0 1 0 0 0 0 0 0 0 0 0 1 0 1 0 0 0 0 0 0 0 0 0 1 0 0 1 0 0 0 0 0 0 0 0 0 0 0 0 0 0 0 0 0 0 0 1 0 0 1 0 0 0 0 0 0 0 0 0 0 0 0 0 0 0 0 0 0 0 0 0 0 0 0 0 0 0 0 0 0 0 0 0 0 0 0 1 0 0 0 0 0 0 0 0 0 0 0 0 0 0 0 0 0 0 0 0 0 0 0 0 0 0 
0 0 0 1 0 0 0 0 0 0 0 0 0 0 0 0 0 0 0 0 0 0 0 0 0 0 0 1 0 0 0 0 0 0 0 0 0 0 0 0 0 0 0 0 0 0 0 0 0 0 0 0 0 0 0 0 1 0 0 0 0 0 1 0 0 0 0 0 0 0 0 0 0 1 0 0 0 0 0 0 0 0 0 0 0 0 0 0 0 0 0 1 0 0 0 0 1 0 0 0 0 0 0 0 0 0 0 0 0 0 0 0 0 0 0 1 0 0 0 0 0 0 0 0 0 0 0 0 0 0 0 0 0 0 0 1 0 0 1 0 0 0 0 0 0 1 0 0 0 0 0 0 1 0 0 0 0 0 0 0 0 0 0 0 0 0 0 0 0 0 0 0 0 0 0 0 0 0 0 0 1 0 0 0 0 0 0 0 0 0 0 0 0 0 0 
0 0 0 0 0 0 1 0 0 0 0 1 0 0 0 0 0 0 0 0 0 0 0 0 0 0 0 0 0 0 0 0 0 0 0 0 0 0 0 0 0 0 0 0 0 0 0 0 0 0 0 0 0 0 0 0 0 0 0 0 0 0 0 0 0 0 0 0 0 0 0 0 0 0 0 0 0 0 0 0 0 0 0 0 0 0 0 0 0 0 0 0 0 0 0 0 0 0 0 0 0 0 0 0 0 0 0 0 0 0 0 0 0 0 0 0 0 0 1 0 0 0 0 0 1 0 0 0 0 0 0 0 0 0 0 0 0 0 0 0 0 0 0 0 0 0 0 1 0 0 0 0 0 0 0 0 0 0 0 0 0 0 0 0 0 0 0 0 0 0 0 0 0 0 0 0 1 0 0 0 0 0 0 1 0 0 1 0 0 0 0 0 0 0 0 
0 0 1 0 0 0 0 0 0 0 0 0 0 0 0 0 0 0 0 0 0 0 0 0 0 0 0 0 0 1 0 0 0 0 0 0 0 0 0 0 0 0 1 0 0 0 0 0 0 0 0 0 0 0 0 0 0 0 0 0 0 1 0 0 0 0 0 0 0 0 0 0 0 0 0 0 0 0 0 0 0 0 0 0 0 0 0 0 0 0 0 0 0 0 0 0 0 0 0 0 0 0 0 0 0 0 0 1 0 0 0 1 0 0 0 0 0 0 0 1 0 0 0 0 0 0 0 0 0 0 0 0 0 0 0 0 0 0 0 1 0 0 0 0 0 0 0 0 0 0 0 0 0 0 0 0 0 0 0 0 0 0 0 0 0 0 0 0 0 0 0 0 0 1 1 0 0 0 0 0 0 1 0 0 0 0 0 0 0 0 1 0 0 0 0 
0 0 0 0 0 0 0 0 1 0 0 0 0 0 0 1 0 0 0 0 0 1 0 0 0 0 0 0 0 0 0 0 0 0 0 0 0 0 1 1 0 0 0 0 0 0 0 0 1 0 0 0 0 0 0 1 0 1 1 0 0 0 0 0 0 0 0 0 0 0 0 0 0 0 0 0 0 0 1 0 0 0 0 0 1 0 1 0 0 0 0 0 0 0 1 0 0 0 0 0 0 0 0 0 0 0 0 0 0 0 0 0 1 0 0 0 0 0 0 0 0 0 0 0 0 0 0 0 0 0 0 0 0 0 1 0 0 0 0 0 0 0 0 0 0 0 0 0 0 0 0 0 0 0 0 0 0 0 0 0 0 0 0 1 0 0 0 0 0 0 0 0 0 0 0 0 0 0 0 0 0 0 0 0 1 0 0 0 1 0 0 1 0 0 0 
1 0 0 0 0 0 0 0 0 0 0 0 0 0 0 0 0 0 0 0 0 0 0 0 0 0 0 0 0 0 0 0 0 0 0 0 0 0 0 0 0 1 0 1 0 0 0 0 0 0 0 0 0 1 0 0 0 0 0 0 1 0 0 0 0 0 0 0 0 0 0 0 0 0 0 0 0 0 0 0 0 0 0 0 0 0 0 0 0 0 1 0 0 0 0 0 0 0 0 1 0 0 0 0 0 0 0 0 0 0 1 0 0 0 1 0 0 1 0 0 0 0 0 0 0 1 0 0 0 0 0 0 0 0 0 0 0 0 0 0 0 0 0 0 1 0 0 0 1 0 0 0 0 0 0 0 0 1 0 0 0 0 1 0 0 0 0 1 0 0 0 0 0 0 0 0 0 0 0 0 0 0 0 0 0 0 0 0 0 0 0 0 0 0 0 
0 0 0 0 0 0 0 0 0 0 0 0 1 0 0 0 0 0 0 0 0 0 1 0 1 0 0 0 1 0 0 0 1 0 0 0 0 0 0 0 0 0 0 0 0 0 0 0 0 0 0 0 0 0 0 0 0 0 0 0 0 0 0 0 0 0 0 0 0 0 1 0 0 0 0 0 1 0 0 0 0 0 1 0 0 0 0 0 0 0 0 0 0 0 0 0 0 1 0 0 0 0 0 1 0 0 0 0 0 0 0 0 0 0 0 0 0 0 0 0 0 0 0 1 0 0 0 0 0 0 0 0 0 1 0 0 0 0 0 0 0 0 1 1 0 0 0 0 0 0 0 1 0 1 0 0 1 0 0 1 0 0 0 0 1 0 0 0 0 0 0 0 0 0 0 0 0 0 0 0 0 0 0 0 0 0 0 1 0 0 0 0 0 0 0 
0 0 0 0 0 0 0 0 0 0 0 0 0 0 0 0 0 0 1 0 0 0 0 0 0 0 0 0 0 0 0 0 0 1 0 0 0 0 0 0 0 0 0 0 0 0 0 0 0 1 0 1 0 0 0 0 0 0 0 0 0 0 0 0 0 0 0 0 1 0 0 0 0 0 0 0 0 0 0 0 0 0 0 0 0 0 0 0 0 0 0 0 0 0 0 0 0 0 0 0 0 0 0 0 0 0 0 0 0 0 0 0 0 0 0 0 0 0 0 0 0 0 1 0 0 0 0 0 0 1 1 0 1 0 0 0 0 0 0 0 0 0 0 0 0 0 1 0 0 1 0 0 0 0 0 0 0 0 0 0 0 0 0 0 0 1 0 0 0 0 0 0 0 0 0 0 0 1 1 1 0 0 0 0 0 0 0 0 0 0 0 0 0 0 1 
0 0 0 0 0 0 0 0 0 0 0 0 0 1 0 0 0 0 0 1 1 0 0 0 0 0 0 0 0 0 0 0 0 0 0 0 0 0 0 0 1 0 0 0 0 0 0 0 0 0 0 0 0 0 1 0 0 0 0 0 0 0 0 0 0 1 0 0 0 0 0 0 0 0 0 1 0 0 0 1 0 1 0 0 0 1 0 1 1 0 0 0 0 0 0 0 0 0 0 0 1 0 1 0 1 0 0 0 0 0 0 0 0 0 0 0 0 0 0 0 0 0 0 0 0 0 0 0 0 0 0 0 0 0 0 0 0 0 0 0 0 0 0 0 0 0 0 0 0 0 0 0 0 0 0 0 0 0 0 0 1 1 0 0 0 0 0 0 0 0 0 0 0 0 0 0 0 0 0 0 0 0 1 0 0 0 0 0 0 0 0 0 0 0 0 
0 0 0 0 0 0 0 0 0 0 0 0 0 0 1 0 0 0 0 0 0 0 0 1 0 0 0 0 0 0 0 0 0 0 0 1 0 0 0 0 0 0 0 0 1 0 0 0 0 0 0 0 0 0 0 0 0 0 0 0 0 0 0 0 0 0 0 0 0 0 0 0 0 0 0 0 0 0 0 0 0 0 0 0 0 0 0 0 0 0 0 0 0 0 0 0 0 0 0 0 0 0 0 0 0 0 0 0 0 0 0 0 0 1 0 0 1 0 0 0 0 0 0 0 0 0 0 1 0 0 0 0 0 0 0 0 0 1 0 0 0 0 0 0 0 0 0 0 0 0 0 0 0 0 0 0 0 0 0 0 0 0 0 0 0 0 1 0 0 1 1 0 1 0 0 0 0 0 0 0 0 0 0 0 0 0 0 0 0 0 0 0 0 0 0 
99 47 153 177 3 95 163 25 150 89 114 
2.684126E-05 0.000000E+00 0.000000E+00 2.416098E-06 2.158382E-07 2.406177E-06 1.525401E-06 3.424034E-06 1.146786E-04 5.212290E-06 1.638447E-05 2.670907E-06 5.432531E-05 4.470289E-05 8.704414E-07 2.173763E-04 0.000000E+00 2.556856E-05 4.006386E-05 1.669959E-05 2.884810E-05 3.064589E-05 3.185898E-05 4.201742E-07 0.000000E+00 0.000000E+00 1.873375E-06 7.879778E-05 6.575147E-05 5.804964E-06 0.000000E+00 0.000000E+00 1.246549E-05 4.864965E-06 0.000000E+00 2.833457E-06 6.331922E-05 1.544333E-05 1.057194E-05 2.107194E-04 2.507213E-05 2.418895E-05 1.879148E-05 1.065799E-05 8.275168E-06 1.944563E-04 0.000000E+00 4.600887E-05 1.170578E-07 1.526516E-05 0.000000E+00 6.597954E-05 0.000000E+00 8.740515E-05 2.646883E-04 8.904542E-05 2.718680E-05 1.300807E-05 3.819952E-05 0.000000E+00 1.100865E-04 2.647527E-05 1.316020E-05 9.539213E-05 1.789944E-04 1.022042E-04 0.000000E+00 1.295645E-05 2.973800E-05 6.896575E-05 3.118656E-06 2.051912E-06 1.917291E-04 2.958531E-06 1.908982E-04 4.387616E-05 3.685311E-06 1.224172E-05 6.966888E-06 3.270200E-04 8.213733E-05 6.167251E-07 9.978820E-07 3.403249E-05 1.746873E-04 5.438937E-06 1.652211E-04 8.479298E-06 0.000000E+00 6.228701E-05 2.005254E-05 2.667951E-05 1.060801E-04 7.018838E-05 0.000000E+00 1.924864E-05 5.569476E-06 2.558920E-04 0.000000E+00 1.750122E-04 1.885079E-04 0.000000E+00 1.253301E-05 4.679691E-05 1.952574E-05 9.904484E-05 0.000000E+00 1.037277E-04 6.323007E-04 0.000000E+00 1.038228E-06 2.701391E-04 2.732355E-06 0.000000E+00 1.822837E-04 1.159932E-07 2.260081E-06 1.716778E-04 2.126125E-05 1.375070E-06 7.362659E-05 0.000000E+00 3.344522E-05 9.253360E-06 2.505382E-05 7.370887E-06 3.819286E-05 1.303631E-05 5.309803E-05 1.898863E-05 2.147080E-06 9.995025E-04 6.803884E-05 4.541841E-05 8.047852E-05 7.815631E-06 0.000000E+00 3.499918E-06 1.808860E-06 2.031331E-05 0.000000E+00 1.196414E-06 7.048237E-05 4.671510E-06 1.220829E-04 6.866657E-06 2.387744E-05 7.598787E-06 9.966930E-05 0.000000E+00 0.000000E+00 1.940854E-04 0.000000E+00 1.878587E-04 3.860115E-05 7.667382E-06 3.292290E-05 2.550726E-05 0.000000E+00 3.027183E-05 7.095606E-05 1.686113E-04 0.000000E+00 8.701424E-06 6.047584E-06 1.495153E-04 3.688410E-06 1.563358E-05 3.153749E-06 4.475527E-05 3.801435E-08 0.000000E+00 1.243573E-06 3.870923E-06 4.814718E-07 1.373357E-05 0.000000E+00 1.262483E-05 1.347522E-06 7.722189E-06 1.753601E-08 9.187263E-06 7.984287E-06 2.239957E-07 2.206241E-06 4.869544E-06 8.182359E-08 2.264216E-05 3.385510E-05 0.000000E+00 1.479490E-06 6.843067E-05 1.138642E-04 8.674635E-05 9.986099E-06 
11 48 64 68 90 93 99 127 142 155 156 176 186 194 193 121 81 75 
5 6 8 10 18 27 37 38 47 65 72 73 78 84 96 109 129 169 94 46 70 106 132 
4 57 63 74 97 116 139 153 181 92 28 146 136 
7 12 125 148 177 184 187 119 
3 30 120 174 175 191 43 62 182 108 140 112 
9 22 39 40 49 56 58 59 79 95 113 164 185 189 192 16 85 87 135 
1 42 44 54 91 100 111 115 126 158 163 168 118 61 149 145 
13 23 25 33 71 77 83 104 124 134 144 157 160 165 188 143 29 154 152 98 
19 34 50 69 130 131 133 150 178 179 180 195 147 123 52 166 
14 20 21 41 55 66 76 82 86 88 89 103 105 161 183 101 162 80 
24 36 45 114 117 138 171 173 15 167 128 170 

============Find Best @ Round 2681================
==========Cluster 0, RcvInterf=8.37762e-14============
Node 10, SINR:6.35222e-01, BpsHz:4.17345e-02
Node 47, SINR:6.35222e-01, BpsHz:4.17345e-02
Node 63, SINR:6.35222e-01, BpsHz:4.17345e-02
Node 67, SINR:6.35222e-01, BpsHz:4.17345e-02
Node 89, SINR:6.35222e-01, BpsHz:4.17345e-02
Node 92, SINR:6.35222e-01, BpsHz:4.17345e-02
Node 98, SINR:0.00000e+00, BpsHz:0.00000e+00
Node 126, SINR:6.35222e-01, BpsHz:4.17345e-02
Node 141, SINR:6.35222e-01, BpsHz:4.17345e-02
Node 154, SINR:6.35222e-01, BpsHz:4.17345e-02
Node 155, SINR:6.35222e-01, BpsHz:4.17345e-02
Node 175, SINR:6.35222e-01, BpsHz:4.17345e-02
Node 185, SINR:6.35222e-01, BpsHz:4.17345e-02
Node 193, SINR:6.35222e-01, BpsHz:4.17345e-02
Node 192, SINR:6.35222e-01, BpsHz:4.17345e-02
Node 120, SINR:6.35222e-01, BpsHz:4.17345e-02
Node 80, SINR:6.35222e-01, BpsHz:4.17345e-02
Node 74, SINR:6.35222e-01, BpsHz:4.17345e-02
---------------
==========Cluster 1, RcvInterf=5.41315e-14============
Node 4, SINR:8.89702e-01, BpsHz:4.17345e-02
Node 5, SINR:8.89702e-01, BpsHz:4.17345e-02
Node 7, SINR:8.89702e-01, BpsHz:4.17345e-02
Node 9, SINR:8.89702e-01, BpsHz:4.17345e-02
Node 17, SINR:8.89702e-01, BpsHz:4.17345e-02
Node 26, SINR:8.89702e-01, BpsHz:4.17345e-02
Node 36, SINR:8.89702e-01, BpsHz:4.17345e-02
Node 37, SINR:8.89702e-01, BpsHz:4.17345e-02
Node 46, SINR:0.00000e+00, BpsHz:0.00000e+00
Node 64, SINR:8.89702e-01, BpsHz:4.17345e-02
Node 71, SINR:8.89702e-01, BpsHz:4.17345e-02
Node 72, SINR:8.89702e-01, BpsHz:4.17345e-02
Node 77, SINR:8.89702e-01, BpsHz:4.17345e-02
Node 83, SINR:8.89702e-01, BpsHz:4.17345e-02
Node 95, SINR:8.89702e-01, BpsHz:4.17345e-02
Node 108, SINR:8.89702e-01, BpsHz:4.17345e-02
Node 128, SINR:8.89702e-01, BpsHz:4.17345e-02
Node 168, SINR:8.89702e-01, BpsHz:4.17345e-02
Node 93, SINR:8.89702e-01, BpsHz:4.17345e-02
Node 45, SINR:8.89702e-01, BpsHz:4.17345e-02
Node 69, SINR:8.89702e-01, BpsHz:4.17345e-02
Node 105, SINR:8.89702e-01, BpsHz:4.17345e-02
Node 131, SINR:8.89702e-01, BpsHz:4.17345e-02
---------------
==========Cluster 2, RcvInterf=4.77092e-14============
Node 3, SINR:4.15012e-01, BpsHz:4.17345e-02
Node 56, SINR:4.15012e-01, BpsHz:4.17345e-02
Node 62, SINR:4.15012e-01, BpsHz:4.17345e-02
Node 73, SINR:4.15012e-01, BpsHz:4.17345e-02
Node 96, SINR:4.15012e-01, BpsHz:4.17345e-02
Node 115, SINR:4.15012e-01, BpsHz:4.17345e-02
Node 138, SINR:4.15012e-01, BpsHz:4.17345e-02
Node 152, SINR:0.00000e+00, BpsHz:0.00000e+00
Node 180, SINR:4.15012e-01, BpsHz:4.17345e-02
Node 91, SINR:4.15012e-01, BpsHz:4.17345e-02
Node 27, SINR:4.15012e-01, BpsHz:4.17345e-02
Node 145, SINR:4.15012e-01, BpsHz:4.17345e-02
Node 135, SINR:4.15012e-01, BpsHz:4.17345e-02
---------------
==========Cluster 3, RcvInterf=3.15547e-14============
Node 6, SINR:2.24456e-01, BpsHz:4.17345e-02
Node 11, SINR:2.24456e-01, BpsHz:4.17345e-02
Node 124, SINR:2.24456e-01, BpsHz:4.17345e-02
Node 147, SINR:2.24456e-01, BpsHz:4.17345e-02
Node 176, SINR:0.00000e+00, BpsHz:0.00000e+00
Node 183, SINR:2.24456e-01, BpsHz:4.17345e-02
Node 186, SINR:2.24456e-01, BpsHz:4.17345e-02
Node 118, SINR:2.24456e-01, BpsHz:4.17345e-02
---------------
==========Cluster 4, RcvInterf=5.56357e-14============
Node 2, SINR:0.00000e+00, BpsHz:0.00000e+00
Node 29, SINR:3.74664e-01, BpsHz:4.17345e-02
Node 119, SINR:3.74664e-01, BpsHz:4.17345e-02
Node 173, SINR:3.74664e-01, BpsHz:4.17345e-02
Node 174, SINR:3.74664e-01, BpsHz:4.17345e-02
Node 190, SINR:3.74664e-01, BpsHz:4.17345e-02
Node 42, SINR:3.74664e-01, BpsHz:4.17345e-02
Node 61, SINR:3.74664e-01, BpsHz:4.17345e-02
Node 181, SINR:3.74664e-01, BpsHz:4.17345e-02
Node 107, SINR:3.74664e-01, BpsHz:4.17345e-02
Node 139, SINR:3.74664e-01, BpsHz:4.17345e-02
Node 111, SINR:3.74664e-01, BpsHz:4.17345e-02
---------------
==========Cluster 5, RcvInterf=3.91550e-14============
Node 8, SINR:6.83217e-01, BpsHz:4.17345e-02
Node 21, SINR:6.83217e-01, BpsHz:4.17345e-02
Node 38, SINR:6.83217e-01, BpsHz:4.17345e-02
Node 39, SINR:6.83217e-01, BpsHz:4.17345e-02
Node 48, SINR:6.83217e-01, BpsHz:4.17345e-02
Node 55, SINR:6.83217e-01, BpsHz:4.17345e-02
Node 57, SINR:6.83217e-01, BpsHz:4.17345e-02
Node 58, SINR:6.83217e-01, BpsHz:4.17345e-02
Node 78, SINR:6.83217e-01, BpsHz:4.17345e-02
Node 94, SINR:0.00000e+00, BpsHz:0.00000e+00
Node 112, SINR:6.83217e-01, BpsHz:4.17345e-02
Node 163, SINR:6.83217e-01, BpsHz:4.17345e-02
Node 184, SINR:6.83217e-01, BpsHz:4.17345e-02
Node 188, SINR:6.83217e-01, BpsHz:4.17345e-02
Node 191, SINR:6.83217e-01, BpsHz:4.17345e-02
Node 15, SINR:6.83217e-01, BpsHz:4.17345e-02
Node 84, SINR:6.83217e-01, BpsHz:4.17345e-02
Node 86, SINR:6.83217e-01, BpsHz:4.17345e-02
Node 134, SINR:6.83217e-01, BpsHz:4.17345e-02
---------------
==========Cluster 6, RcvInterf=6.41040e-14============
Node 0, SINR:5.43299e-01, BpsHz:4.17345e-02
Node 41, SINR:5.43299e-01, BpsHz:4.17345e-02
Node 43, SINR:5.43299e-01, BpsHz:4.17345e-02
Node 53, SINR:5.43299e-01, BpsHz:4.17345e-02
Node 90, SINR:5.43299e-01, BpsHz:4.17345e-02
Node 99, SINR:5.43299e-01, BpsHz:4.17345e-02
Node 110, SINR:5.43299e-01, BpsHz:4.17345e-02
Node 114, SINR:5.43299e-01, BpsHz:4.17345e-02
Node 125, SINR:5.43299e-01, BpsHz:4.17345e-02
Node 157, SINR:5.43299e-01, BpsHz:4.17345e-02
Node 162, SINR:0.00000e+00, BpsHz:0.00000e+00
Node 167, SINR:5.43299e-01, BpsHz:4.17345e-02
Node 117, SINR:5.43299e-01, BpsHz:4.17345e-02
Node 60, SINR:5.43299e-01, BpsHz:4.17345e-02
Node 148, SINR:5.43299e-01, BpsHz:4.17345e-02
Node 144, SINR:5.43299e-01, BpsHz:4.17345e-02
---------------
==========Cluster 7, RcvInterf=2.44584e-14============
Node 12, SINR:7.32620e-01, BpsHz:4.17345e-02
Node 22, SINR:7.32620e-01, BpsHz:4.17345e-02
Node 24, SINR:0.00000e+00, BpsHz:0.00000e+00
Node 32, SINR:7.32620e-01, BpsHz:4.17345e-02
Node 70, SINR:7.32620e-01, BpsHz:4.17345e-02
Node 76, SINR:7.32620e-01, BpsHz:4.17345e-02
Node 82, SINR:7.32620e-01, BpsHz:4.17345e-02
Node 103, SINR:7.32620e-01, BpsHz:4.17345e-02
Node 123, SINR:7.32620e-01, BpsHz:4.17345e-02
Node 133, SINR:7.32620e-01, BpsHz:4.17345e-02
Node 143, SINR:7.32620e-01, BpsHz:4.17345e-02
Node 156, SINR:7.32620e-01, BpsHz:4.17345e-02
Node 159, SINR:7.32620e-01, BpsHz:4.17345e-02
Node 164, SINR:7.32620e-01, BpsHz:4.17345e-02
Node 187, SINR:7.32620e-01, BpsHz:4.17345e-02
Node 142, SINR:7.32620e-01, BpsHz:4.17345e-02
Node 28, SINR:7.32620e-01, BpsHz:4.17345e-02
Node 153, SINR:7.32620e-01, BpsHz:4.17345e-02
Node 151, SINR:7.32620e-01, BpsHz:4.17345e-02
Node 97, SINR:7.32620e-01, BpsHz:4.17345e-02
---------------
==========Cluster 8, RcvInterf=3.46647e-14============
Node 18, SINR:5.43299e-01, BpsHz:4.17345e-02
Node 33, SINR:5.43299e-01, BpsHz:4.17345e-02
Node 49, SINR:5.43299e-01, BpsHz:4.17345e-02
Node 68, SINR:5.43299e-01, BpsHz:4.17345e-02
Node 129, SINR:5.43299e-01, BpsHz:4.17345e-02
Node 130, SINR:5.43299e-01, BpsHz:4.17345e-02
Node 132, SINR:5.43299e-01, BpsHz:4.17345e-02
Node 149, SINR:0.00000e+00, BpsHz:0.00000e+00
Node 177, SINR:5.43299e-01, BpsHz:4.17345e-02
Node 178, SINR:5.43299e-01, BpsHz:4.17345e-02
Node 179, SINR:5.43299e-01, BpsHz:4.17345e-02
Node 194, SINR:5.43299e-01, BpsHz:4.17345e-02
Node 146, SINR:5.43299e-01, BpsHz:4.17345e-02
Node 122, SINR:5.43299e-01, BpsHz:4.17345e-02
Node 51, SINR:5.43299e-01, BpsHz:4.17345e-02
Node 165, SINR:5.43299e-01, BpsHz:4.17345e-02
---------------
==========Cluster 9, RcvInterf=4.08515e-14============
Node 13, SINR:6.35222e-01, BpsHz:4.17345e-02
Node 19, SINR:6.35222e-01, BpsHz:4.17345e-02
Node 20, SINR:6.35222e-01, BpsHz:4.17345e-02
Node 40, SINR:6.35222e-01, BpsHz:4.17345e-02
Node 54, SINR:6.35222e-01, BpsHz:4.17345e-02
Node 65, SINR:6.35222e-01, BpsHz:4.17345e-02
Node 75, SINR:6.35222e-01, BpsHz:4.17345e-02
Node 81, SINR:6.35222e-01, BpsHz:4.17345e-02
Node 85, SINR:6.35222e-01, BpsHz:4.17345e-02
Node 87, SINR:6.35222e-01, BpsHz:4.17345e-02
Node 88, SINR:0.00000e+00, BpsHz:0.00000e+00
Node 102, SINR:6.35222e-01, BpsHz:4.17345e-02
Node 104, SINR:6.35222e-01, BpsHz:4.17345e-02
Node 160, SINR:6.35222e-01, BpsHz:4.17345e-02
Node 182, SINR:6.35222e-01, BpsHz:4.17345e-02
Node 100, SINR:6.35222e-01, BpsHz:4.17345e-02
Node 161, SINR:6.35222e-01, BpsHz:4.17345e-02
Node 79, SINR:6.35222e-01, BpsHz:4.17345e-02
---------------
==========Cluster 10, RcvInterf=4.38218e-14============
Node 23, SINR:3.74664e-01, BpsHz:4.17345e-02
Node 35, SINR:3.74664e-01, BpsHz:4.17345e-02
Node 44, SINR:3.74664e-01, BpsHz:4.17345e-02
Node 113, SINR:0.00000e+00, BpsHz:0.00000e+00
Node 116, SINR:3.74664e-01, BpsHz:4.17345e-02
Node 137, SINR:3.74664e-01, BpsHz:4.17345e-02
Node 170, SINR:3.74664e-01, BpsHz:4.17345e-02
Node 172, SINR:3.74664e-01, BpsHz:4.17345e-02
Node 14, SINR:3.74664e-01, BpsHz:4.17345e-02
Node 166, SINR:3.74664e-01, BpsHz:4.17345e-02
Node 127, SINR:3.74664e-01, BpsHz:4.17345e-02
Node 169, SINR:3.74664e-01, BpsHz:4.17345e-02
---------------
195
11
1.000000e-03
1.931016e-312
153
3000
1.421015e+01
1.243591e+00
1.421015e-05
1.189706e-06
0 0 0 0 0 0 0 0 0 0 0 0 0 0 0 1 0 0 0 0 0 0 0 0 0 0 0 0 0 0 0 0 0 0 0 0 0 0 1 0 0 0 0 0 0 0 0 0 0 1 0 0 0 0 0 0 0 1 1 0 0 0 0 0 0 0 0 0 0 0 0 0 0 0 0 0 0 0 0 0 0 0 0 0 0 0 1 0 0 0 0 0 0 0 0 0 0 0 0 0 0 0 0 0 0 0 0 0 0 0 0 0 0 0 0 0 0 0 0 0 0 0 0 0 0 0 0 0 0 0 0 0 1 0 1 0 1 0 0 0 0 0 0 0 0 0 1 0 0 0 0 0 0 0 0 0 0 0 0 0 0 0 0 0 0 0 0 0 0 0 0 0 0 0 0 0 0 0 0 0 0 0 0 0 0 0 0 0 0 0 0 0 0 0 1 
0 0 1 0 0 0 0 0 0 0 0 0 0 0 0 0 0 0 0 0 0 0 0 0 0 0 0 0 0 1 0 0 0 0 0 0 0 0 0 0 0 0 1 0 0 0 0 0 0 0 0 0 0 0 0 0 0 0 0 0 0 1 0 0 0 0 0 0 0 0 0 0 0 0 1 0 0 0 0 0 0 0 0 0 0 0 0 0 0 0 0 0 0 0 0 0 0 0 0 0 0 0 0 0 0 0 0 1 0 0 0 1 0 0 0 0 0 0 0 0 0 0 0 0 0 0 0 0 0 0 0 0 0 0 0 0 0 0 0 0 0 0 0 0 0 0 0 0 0 0 0 0 0 0 0 0 0 0 0 0 0 0 0 0 0 0 0 0 0 0 0 0 0 1 1 0 0 0 0 0 0 0 0 0 0 0 0 0 0 0 1 0 0 0 0 
1 0 0 0 0 0 0 0 0 1 0 0 0 0 0 0 0 0 0 0 0 0 0 0 0 0 0 0 0 0 0 0 0 0 0 0 1 1 0 0 0 0 0 0 0 1 0 0 0 0 0 0 0 1 0 0 0 0 0 0 1 0 0 0 1 0 0 0 0 0 0 0 1 0 0 0 0 0 0 0 0 0 0 0 0 0 0 0 0 0 0 0 0 0 0 0 0 0 0 1 0 0 0 0 0 0 0 0 1 0 0 0 0 0 1 0 0 0 0 0 0 0 0 0 0 0 0 0 0 0 0 1 0 0 0 0 0 0 0 0 0 0 0 0 0 0 0 0 0 0 0 0 0 0 0 0 0 0 0 0 0 0 0 0 0 0 0 0 0 0 0 0 0 0 0 0 0 0 0 0 0 0 0 0 0 0 0 0 0 0 0 0 0 0 0 
0 0 0 0 0 0 0 0 0 0 0 0 0 0 0 0 0 0 1 0 0 0 0 0 0 0 0 0 0 0 0 0 0 1 0 0 0 0 0 0 0 0 0 0 0 0 0 0 0 0 0 1 0 0 0 0 0 0 0 0 0 0 0 0 0 0 0 0 1 0 0 0 0 0 0 0 0 0 0 0 0 0 0 0 0 0 0 0 0 0 0 0 0 0 0 0 0 0 0 0 0 0 0 0 0 0 1 0 0 1 0 0 0 0 0 0 0 0 0 0 0 0 0 0 0 0 0 0 0 1 1 0 0 0 0 0 0 0 0 0 0 0 0 0 0 0 0 0 0 1 0 0 0 0 0 0 0 0 0 0 0 0 0 0 0 1 0 0 0 0 0 0 0 0 0 0 0 1 0 1 0 0 0 0 0 0 0 0 0 1 0 0 0 0 0 
0 0 0 1 0 0 0 0 0 0 0 0 0 0 0 0 0 0 0 0 0 0 0 0 0 0 0 0 0 0 0 0 0 0 0 0 0 0 0 0 0 0 0 0 0 0 0 0 0 0 0 0 0 0 0 0 1 0 0 0 0 0 1 0 0 0 0 0 0 0 0 0 0 1 0 0 0 0 0 0 0 0 0 0 0 0 0 0 0 0 0 1 0 0 0 0 0 0 0 0 0 0 0 0 0 0 0 0 0 0 0 0 0 0 0 1 0 0 0 0 0 0 0 0 0 0 0 0 0 0 0 0 0 0 0 1 0 0 1 1 1 0 0 0 0 0 0 0 0 0 0 0 1 0 0 0 0 0 1 0 0 1 0 0 0 0 0 0 0 0 0 0 0 0 0 0 0 0 0 0 1 1 0 0 0 0 0 0 0 0 0 0 0 0 0 
0 0 0 0 0 0 0 1 0 0 0 0 0 1 0 0 1 1 0 1 1 0 0 0 0 0 0 0 0 0 0 0 0 0 1 0 0 0 0 0 1 0 0 0 0 0 0 0 0 0 0 0 0 0 1 0 0 0 0 0 0 0 0 0 0 0 0 0 0 1 0 1 0 0 0 0 0 0 0 1 0 1 0 1 0 0 0 1 1 0 0 0 0 0 0 1 0 0 0 0 1 0 0 0 1 1 0 0 0 0 0 0 0 0 0 0 0 0 0 0 0 0 0 0 0 0 0 0 1 0 0 0 0 0 0 0 0 0 0 0 0 0 0 0 0 0 0 0 0 0 0 0 0 0 0 0 0 0 0 0 1 0 0 0 0 0 0 0 0 0 0 0 0 0 0 0 0 0 0 0 0 0 0 0 0 0 0 0 0 0 0 0 0 0 0 
0 1 0 0 0 0 0 0 0 0 0 0 0 0 0 0 0 0 0 0 0 1 0 0 0 0 0 0 0 0 0 0 0 0 0 0 0 0 0 1 0 0 0 0 0 0 0 0 0 0 0 0 0 0 0 0 0 0 0 0 0 0 0 0 0 0 0 0 0 0 0 0 0 0 0 0 0 0 1 0 0 0 0 0 0 0 0 0 0 0 0 0 0 0 0 0 0 0 0 0 0 0 0 0 0 0 0 0 0 0 0 0 1 0 0 0 0 0 0 0 0 0 0 0 0 0 0 0 0 0 0 0 0 0 0 0 0 0 0 0 0 0 0 0 0 0 0 0 0 0 0 0 0 0 0 0 0 0 0 0 0 0 0 0 0 0 0 0 0 0 0 0 0 0 0 0 0 0 0 0 0 0 0 0 0 0 0 0 1 0 0 0 0 0 0 
0 0 0 0 0 0 1 0 0 0 0 1 1 0 0 0 0 0 0 0 0 0 1 0 0 0 0 0 1 0 1 0 1 0 0 0 0 0 0 0 0 0 0 0 0 0 0 0 0 0 1 0 0 0 0 0 0 0 0 0 0 0 0 0 0 0 1 0 0 0 0 0 0 0 0 0 0 0 0 0 0 0 0 0 0 0 0 0 0 0 0 0 0 0 0 0 0 1 0 0 0 0 0 0 0 0 0 0 0 0 0 0 0 0 0 0 0 0 1 0 0 1 0 0 0 0 0 0 0 0 0 0 0 0 0 0 0 0 0 0 0 0 0 0 0 0 0 1 0 0 1 0 0 0 0 0 0 0 0 0 0 0 0 1 1 0 0 0 0 0 0 0 0 0 0 0 1 0 0 0 0 0 0 1 0 0 1 0 0 0 0 0 0 0 0 
0 0 0 0 0 0 0 0 0 0 0 0 0 0 1 0 0 0 0 0 0 0 0 1 0 0 0 1 0 0 0 0 0 0 0 0 0 0 0 0 0 0 0 0 1 0 0 0 0 0 0 0 0 0 0 0 0 0 0 0 0 0 0 0 0 0 0 0 0 0 0 0 0 0 0 0 0 0 0 0 0 0 0 0 0 0 0 0 0 0 0 0 0 0 0 0 0 0 0 0 0 0 0 0 0 0 0 0 0 0 0 0 0 1 0 0 1 0 0 0 0 0 0 0 0 0 0 1 0 0 0 0 0 0 0 0 0 1 0 0 0 0 0 0 0 0 0 0 0 0 0 0 0 0 0 0 0 0 0 0 0 0 0 0 0 0 1 0 0 1 1 0 0 0 0 0 0 0 0 0 0 0 0 0 0 0 0 0 0 0 0 0 0 0 0 
0 0 0 0 0 0 0 0 0 0 0 0 0 0 0 0 0 0 0 0 0 0 0 0 1 0 0 0 0 0 0 1 0 0 0 0 0 0 0 0 0 1 0 0 0 0 0 0 0 0 0 0 0 0 0 0 0 0 0 0 0 0 0 0 0 0 0 0 0 0 1 0 0 0 0 0 0 0 0 0 0 0 1 0 0 0 0 0 0 0 1 0 0 0 0 0 0 0 0 0 0 0 0 0 0 0 0 0 0 0 1 0 0 0 0 0 0 1 0 0 0 0 0 1 0 1 0 0 0 0 0 0 0 1 0 0 0 0 0 0 0 0 1 1 1 0 0 0 1 0 0 0 0 0 0 0 1 1 0 1 0 0 1 0 0 0 0 0 0 0 0 0 0 0 0 0 0 0 0 0 0 0 0 0 0 0 0 1 0 0 0 0 0 0 0 
0 0 0 0 0 0 0 0 1 0 1 0 0 0 0 0 0 0 0 0 0 0 0 0 0 1 0 0 0 0 0 0 0 0 0 0 0 0 0 0 0 0 0 0 0 0 0 1 0 0 0 0 1 0 0 1 0 0 0 0 0 0 0 1 0 0 0 1 0 0 0 0 0 0 0 0 0 0 0 0 0 0 0 0 1 0 0 0 0 1 0 0 1 0 0 0 0 0 1 0 0 1 0 0 0 0 0 0 0 0 0 0 0 0 0 0 0 0 0 0 1 0 0 0 0 0 1 0 0 0 0 0 0 0 0 0 0 0 0 0 0 1 0 0 0 0 0 0 0 0 0 1 0 0 0 1 0 0 0 0 0 0 0 0 0 0 0 0 0 0 0 1 0 0 0 1 0 0 0 0 0 0 0 0 0 1 0 0 0 0 0 1 1 1 0 
135 191 46 34 74 88 22 122 24 143 11 
1.252935E-04 1.602475E-06 2.201416E-06 1.526412E-05 0.000000E+00 0.000000E+00 1.565452E-04 5.201579E-05 3.144624E-04 4.694716E-05 0.000000E+00 1.262722E-06 7.511364E-04 5.171984E-04 4.678723E-06 1.777176E-05 2.634145E-04 1.319064E-05 9.209964E-06 4.242248E-04 1.315722E-04 0.000000E+00 1.349863E-04 0.000000E+00 1.302704E-04 1.405225E-05 0.000000E+00 5.153324E-05 5.231577E-06 3.124751E-05 5.030282E-05 9.669689E-07 6.160302E-05 0.000000E+00 3.903616E-04 0.000000E+00 1.850291E-04 1.076423E-05 2.080281E-06 3.532479E-06 2.504509E-04 1.711404E-05 1.747587E-06 0.000000E+00 1.194819E-05 0.000000E+00 0.000000E+00 7.729112E-04 0.000000E+00 2.098114E-05 5.240877E-06 1.920562E-06 4.737986E-04 2.236106E-04 7.859220E-04 3.165431E-04 3.067052E-04 1.122032E-04 4.782567E-08 0.000000E+00 2.054574E-06 1.314430E-05 1.517793E-04 3.829199E-05 9.580124E-07 0.000000E+00 4.441251E-05 2.407884E-04 2.526176E-07 4.196036E-05 7.459510E-05 6.096467E-05 9.525566E-06 0.000000E+00 1.186790E-04 0.000000E+00 0.000000E+00 0.000000E+00 9.014718E-07 2.919344E-04 0.000000E+00 8.189702E-07 3.845875E-04 1.726872E-04 6.353176E-04 0.000000E+00 3.339272E-06 0.000000E+00 2.145145E-05 1.312085E-05 4.429965E-05 1.703375E-06 6.477470E-05 0.000000E+00 0.000000E+00 4.572115E-05 0.000000E+00 2.899877E-05 2.573347E-05 2.800407E-04 1.542739E-04 1.126756E-04 0.000000E+00 0.000000E+00 2.992023E-06 1.659293E-04 1.329197E-05 2.441453E-05 4.512231E-05 3.445372E-06 3.697411E-04 1.021531E-04 8.276962E-07 2.849955E-07 8.449185E-05 7.036175E-06 6.205499E-06 1.452013E-05 9.871903E-05 0.000000E+00 8.078539E-04 0.000000E+00 0.000000E+00 5.629886E-06 0.000000E+00 1.645202E-04 5.263548E-05 2.700385E-06 1.517076E-05 9.838886E-06 2.276765E-05 1.538723E-05 7.908276E-05 1.212388E-05 0.000000E+00 8.492852E-07 3.852664E-05 1.215853E-06 6.690864E-05 1.105731E-05 3.480063E-06 1.555919E-04 0.000000E+00 5.849756E-05 1.006385E-04 0.000000E+00 3.599007E-05 3.077231E-06 1.676879E-04 3.840111E-06 2.909618E-06 1.544745E-04 7.484269E-06 0.000000E+00 0.000000E+00 2.884650E-04 2.039682E-04 9.641023E-05 9.983624E-06 3.134897E-04 8.695907E-05 1.643542E-04 3.943615E-04 1.272811E-04 8.971955E-05 1.296206E-05 2.296816E-06 0.000000E+00 0.000000E+00 5.915953E-06 1.008268E-06 9.991225E-04 0.000000E+00 2.410572E-07 2.491676E-05 4.532915E-04 9.263837E-05 4.952628E-05 0.000000E+00 1.644729E-06 7.791124E-06 1.781554E-05 0.000000E+00 3.375529E-04 0.000000E+00 1.689859E-04 1.267995E-04 1.578133E-05 5.510519E-08 5.829509E-06 0.000000E+00 4.072473E-04 6.406953E-05 4.844992E-06 3.793089E-05 
16 39 50 59 87 135 137 147 133 195 58 
3 43 174 191 108 112 175 62 30 75 
1 10 37 38 46 54 61 65 73 100 109 115 132 
19 34 52 69 110 130 150 166 180 190 107 131 178 
4 57 63 74 92 116 136 139 140 141 153 159 181 182 162 
8 18 55 70 72 80 82 88 89 96 101 105 106 129 161 84 21 14 17 35 41 20 
2 22 79 113 189 40 
12 23 29 31 33 51 67 98 119 122 148 151 165 187 7 177 13 184 164 
15 24 45 114 117 128 138 167 171 170 28 
25 32 42 71 91 118 124 126 134 143 144 157 158 160 188 149 145 83 111 163 
9 11 26 56 64 68 90 93 99 102 127 142 152 156 176 186 193 194 192 53 121 48 85 172 

============Find Best @ Round 1216================
==========Cluster 0, RcvInterf=9.24621e-14============
Node 15, SINR:3.64940e-01, BpsHz:4.48838e-02
Node 38, SINR:3.64940e-01, BpsHz:4.48838e-02
Node 49, SINR:3.64940e-01, BpsHz:4.48838e-02
Node 58, SINR:3.64940e-01, BpsHz:4.48838e-02
Node 86, SINR:3.64940e-01, BpsHz:4.48838e-02
Node 134, SINR:0.00000e+00, BpsHz:0.00000e+00
Node 136, SINR:3.64940e-01, BpsHz:4.48838e-02
Node 146, SINR:3.64940e-01, BpsHz:4.48838e-02
Node 132, SINR:3.64940e-01, BpsHz:4.48838e-02
Node 194, SINR:3.64940e-01, BpsHz:4.48838e-02
Node 57, SINR:3.64940e-01, BpsHz:4.48838e-02
---------------
==========Cluster 1, RcvInterf=1.09041e-13============
Node 2, SINR:3.23129e-01, BpsHz:4.48838e-02
Node 42, SINR:3.23129e-01, BpsHz:4.48838e-02
Node 173, SINR:3.23129e-01, BpsHz:4.48838e-02
Node 190, SINR:0.00000e+00, BpsHz:0.00000e+00
Node 107, SINR:3.23129e-01, BpsHz:4.48838e-02
Node 111, SINR:3.23129e-01, BpsHz:4.48838e-02
Node 174, SINR:3.23129e-01, BpsHz:4.48838e-02
Node 61, SINR:3.23129e-01, BpsHz:4.48838e-02
Node 29, SINR:3.23129e-01, BpsHz:4.48838e-02
Node 74, SINR:3.23129e-01, BpsHz:4.48838e-02
---------------
==========Cluster 2, RcvInterf=1.24721e-13============
Node 0, SINR:4.52568e-01, BpsHz:4.48838e-02
Node 9, SINR:4.52568e-01, BpsHz:4.48838e-02
Node 36, SINR:4.52568e-01, BpsHz:4.48838e-02
Node 37, SINR:4.52568e-01, BpsHz:4.48838e-02
Node 45, SINR:0.00000e+00, BpsHz:0.00000e+00
Node 53, SINR:4.52568e-01, BpsHz:4.48838e-02
Node 60, SINR:4.52568e-01, BpsHz:4.48838e-02
Node 64, SINR:4.52568e-01, BpsHz:4.48838e-02
Node 72, SINR:4.52568e-01, BpsHz:4.48838e-02
Node 99, SINR:4.52568e-01, BpsHz:4.48838e-02
Node 108, SINR:4.52568e-01, BpsHz:4.48838e-02
Node 114, SINR:4.52568e-01, BpsHz:4.48838e-02
Node 131, SINR:4.52568e-01, BpsHz:4.48838e-02
---------------
==========Cluster 3, RcvInterf=3.19044e-14============
Node 18, SINR:4.52568e-01, BpsHz:4.48838e-02
Node 33, SINR:0.00000e+00, BpsHz:0.00000e+00
Node 51, SINR:4.52568e-01, BpsHz:4.48838e-02
Node 68, SINR:4.52568e-01, BpsHz:4.48838e-02
Node 109, SINR:4.52568e-01, BpsHz:4.48838e-02
Node 129, SINR:4.52568e-01, BpsHz:4.48838e-02
Node 149, SINR:4.52568e-01, BpsHz:4.48838e-02
Node 165, SINR:4.52568e-01, BpsHz:4.48838e-02
Node 179, SINR:4.52568e-01, BpsHz:4.48838e-02
Node 189, SINR:4.52568e-01, BpsHz:4.48838e-02
Node 106, SINR:4.52568e-01, BpsHz:4.48838e-02
Node 130, SINR:4.52568e-01, BpsHz:4.48838e-02
Node 177, SINR:4.52568e-01, BpsHz:4.48838e-02
---------------
==========Cluster 4, RcvInterf=1.08389e-13============
Node 3, SINR:5.45821e-01, BpsHz:4.48838e-02
Node 56, SINR:5.45821e-01, BpsHz:4.48838e-02
Node 62, SINR:5.45821e-01, BpsHz:4.48838e-02
Node 73, SINR:0.00000e+00, BpsHz:0.00000e+00
Node 91, SINR:5.45821e-01, BpsHz:4.48838e-02
Node 115, SINR:5.45821e-01, BpsHz:4.48838e-02
Node 135, SINR:5.45821e-01, BpsHz:4.48838e-02
Node 138, SINR:5.45821e-01, BpsHz:4.48838e-02
Node 139, SINR:5.45821e-01, BpsHz:4.48838e-02
Node 140, SINR:5.45821e-01, BpsHz:4.48838e-02
Node 152, SINR:5.45821e-01, BpsHz:4.48838e-02
Node 158, SINR:5.45821e-01, BpsHz:4.48838e-02
Node 180, SINR:5.45821e-01, BpsHz:4.48838e-02
Node 181, SINR:5.45821e-01, BpsHz:4.48838e-02
Node 161, SINR:5.45821e-01, BpsHz:4.48838e-02
---------------
==========Cluster 5, RcvInterf=8.45839e-14============
Node 7, SINR:9.21935e-01, BpsHz:4.48838e-02
Node 17, SINR:9.21935e-01, BpsHz:4.48838e-02
Node 54, SINR:9.21935e-01, BpsHz:4.48838e-02
Node 69, SINR:9.21935e-01, BpsHz:4.48838e-02
Node 71, SINR:9.21935e-01, BpsHz:4.48838e-02
Node 79, SINR:9.21935e-01, BpsHz:4.48838e-02
Node 81, SINR:9.21935e-01, BpsHz:4.48838e-02
Node 87, SINR:0.00000e+00, BpsHz:0.00000e+00
Node 88, SINR:9.21935e-01, BpsHz:4.48838e-02
Node 95, SINR:9.21935e-01, BpsHz:4.48838e-02
Node 100, SINR:9.21935e-01, BpsHz:4.48838e-02
Node 104, SINR:9.21935e-01, BpsHz:4.48838e-02
Node 105, SINR:9.21935e-01, BpsHz:4.48838e-02
Node 128, SINR:9.21935e-01, BpsHz:4.48838e-02
Node 160, SINR:9.21935e-01, BpsHz:4.48838e-02
Node 83, SINR:9.21935e-01, BpsHz:4.48838e-02
Node 20, SINR:9.21935e-01, BpsHz:4.48838e-02
Node 13, SINR:9.21935e-01, BpsHz:4.48838e-02
Node 16, SINR:9.21935e-01, BpsHz:4.48838e-02
Node 34, SINR:9.21935e-01, BpsHz:4.48838e-02
Node 40, SINR:9.21935e-01, BpsHz:4.48838e-02
Node 19, SINR:9.21935e-01, BpsHz:4.48838e-02
---------------
==========Cluster 6, RcvInterf=9.54271e-14============
Node 1, SINR:1.68307e-01, BpsHz:4.48838e-02
Node 21, SINR:0.00000e+00, BpsHz:0.00000e+00
Node 78, SINR:1.68307e-01, BpsHz:4.48838e-02
Node 112, SINR:1.68307e-01, BpsHz:4.48838e-02
Node 188, SINR:1.68307e-01, BpsHz:4.48838e-02
Node 39, SINR:1.68307e-01, BpsHz:4.48838e-02
---------------
==========Cluster 7, RcvInterf=6.63176e-14============
Node 11, SINR:7.50671e-01, BpsHz:4.48838e-02
Node 22, SINR:7.50671e-01, BpsHz:4.48838e-02
Node 28, SINR:7.50671e-01, BpsHz:4.48838e-02
Node 30, SINR:7.50671e-01, BpsHz:4.48838e-02
Node 32, SINR:7.50671e-01, BpsHz:4.48838e-02
Node 50, SINR:7.50671e-01, BpsHz:4.48838e-02
Node 66, SINR:7.50671e-01, BpsHz:4.48838e-02
Node 97, SINR:7.50671e-01, BpsHz:4.48838e-02
Node 118, SINR:7.50671e-01, BpsHz:4.48838e-02
Node 121, SINR:0.00000e+00, BpsHz:0.00000e+00
Node 147, SINR:7.50671e-01, BpsHz:4.48838e-02
Node 150, SINR:7.50671e-01, BpsHz:4.48838e-02
Node 164, SINR:7.50671e-01, BpsHz:4.48838e-02
Node 186, SINR:7.50671e-01, BpsHz:4.48838e-02
Node 6, SINR:7.50671e-01, BpsHz:4.48838e-02
Node 176, SINR:7.50671e-01, BpsHz:4.48838e-02
Node 12, SINR:7.50671e-01, BpsHz:4.48838e-02
Node 183, SINR:7.50671e-01, BpsHz:4.48838e-02
Node 163, SINR:7.50671e-01, BpsHz:4.48838e-02
---------------
==========Cluster 8, RcvInterf=2.50497e-14============
Node 14, SINR:3.64940e-01, BpsHz:4.48838e-02
Node 23, SINR:0.00000e+00, BpsHz:0.00000e+00
Node 44, SINR:3.64940e-01, BpsHz:4.48838e-02
Node 113, SINR:3.64940e-01, BpsHz:4.48838e-02
Node 116, SINR:3.64940e-01, BpsHz:4.48838e-02
Node 127, SINR:3.64940e-01, BpsHz:4.48838e-02
Node 137, SINR:3.64940e-01, BpsHz:4.48838e-02
Node 166, SINR:3.64940e-01, BpsHz:4.48838e-02
Node 170, SINR:3.64940e-01, BpsHz:4.48838e-02
Node 169, SINR:3.64940e-01, BpsHz:4.48838e-02
Node 27, SINR:3.64940e-01, BpsHz:4.48838e-02
---------------
==========Cluster 9, RcvInterf=5.33308e-14============
Node 24, SINR:8.05992e-01, BpsHz:4.48838e-02
Node 31, SINR:8.05993e-01, BpsHz:4.48838e-02
Node 41, SINR:8.05992e-01, BpsHz:4.48838e-02
Node 70, SINR:8.05993e-01, BpsHz:4.48838e-02
Node 90, SINR:8.05993e-01, BpsHz:4.48838e-02
Node 117, SINR:8.05992e-01, BpsHz:4.48838e-02
Node 123, SINR:8.05992e-01, BpsHz:4.48838e-02
Node 125, SINR:8.05992e-01, BpsHz:4.48838e-02
Node 133, SINR:8.05992e-01, BpsHz:4.48838e-02
Node 142, SINR:0.00000e+00, BpsHz:0.00000e+00
Node 143, SINR:8.05992e-01, BpsHz:4.48838e-02
Node 156, SINR:8.05992e-01, BpsHz:4.48838e-02
Node 157, SINR:8.05993e-01, BpsHz:4.48838e-02
Node 159, SINR:8.05992e-01, BpsHz:4.48838e-02
Node 187, SINR:8.05993e-01, BpsHz:4.48838e-02
Node 148, SINR:8.05992e-01, BpsHz:4.48838e-02
Node 144, SINR:8.05992e-01, BpsHz:4.48838e-02
Node 82, SINR:8.05992e-01, BpsHz:4.48838e-02
Node 110, SINR:8.05993e-01, BpsHz:4.48838e-02
Node 162, SINR:8.05992e-01, BpsHz:4.48838e-02
---------------
==========Cluster 10, RcvInterf=7.91378e-14============
Node 8, SINR:1.04532e+00, BpsHz:4.48838e-02
Node 10, SINR:0.00000e+00, BpsHz:0.00000e+00
Node 25, SINR:1.04532e+00, BpsHz:4.48838e-02
Node 55, SINR:1.04532e+00, BpsHz:4.48838e-02
Node 63, SINR:1.04532e+00, BpsHz:4.48838e-02
Node 67, SINR:1.04532e+00, BpsHz:4.48838e-02
Node 89, SINR:1.04532e+00, BpsHz:4.48838e-02
Node 92, SINR:1.04532e+00, BpsHz:4.48838e-02
Node 98, SINR:1.04532e+00, BpsHz:4.48838e-02
Node 101, SINR:1.04532e+00, BpsHz:4.48838e-02
Node 126, SINR:1.04532e+00, BpsHz:4.48838e-02
Node 141, SINR:1.04532e+00, BpsHz:4.48838e-02
Node 151, SINR:1.04532e+00, BpsHz:4.48838e-02
Node 155, SINR:1.04532e+00, BpsHz:4.48838e-02
Node 175, SINR:1.04532e+00, BpsHz:4.48838e-02
Node 185, SINR:1.04532e+00, BpsHz:4.48838e-02
Node 192, SINR:1.04532e+00, BpsHz:4.48838e-02
Node 193, SINR:1.04532e+00, BpsHz:4.48838e-02
Node 191, SINR:1.04532e+00, BpsHz:4.48838e-02
Node 52, SINR:1.04532e+00, BpsHz:4.48838e-02
Node 120, SINR:1.04532e+00, BpsHz:4.48838e-02
Node 47, SINR:1.04532e+00, BpsHz:4.48838e-02
Node 84, SINR:1.04532e+00, BpsHz:4.48838e-02
Node 171, SINR:1.04532e+00, BpsHz:4.48838e-02
---------------
