195
11
1.000000e-03
1.931016e-312
170
3000
1.568015e+01
1.316223e+00
1.568015e-05
1.371027e-06
0 0 0 0 1 1 0 1 0 0 0 0 0 0 0 0 0 1 0 0 0 0 0 0 0 0 1 0 0 0 0 0 0 0 0 0 1 0 0 0 0 0 0 0 0 0 1 0 0 0 0 0 0 0 1 0 0 0 0 0 0 0 0 0 0 0 0 0 0 1 0 1 0 0 0 0 0 0 0 1 0 1 0 1 0 0 0 1 1 0 0 0 0 0 0 1 0 0 0 0 1 0 0 0 1 0 0 0 0 0 0 0 0 0 0 0 0 0 0 0 0 0 0 0 0 0 0 0 1 0 0 0 0 0 0 0 0 0 0 0 0 0 0 0 0 0 0 0 0 0 0 0 0 0 0 0 0 0 0 0 1 0 0 0 0 0 0 0 0 0 0 0 0 0 0 0 0 0 0 0 0 0 0 0 0 0 0 0 0 0 0 0 0 0 0 
0 0 0 0 0 0 1 0 0 0 0 1 0 0 0 0 0 0 0 0 0 0 0 0 0 0 0 0 0 0 0 0 0 0 0 0 0 0 0 0 0 0 0 0 0 0 0 0 0 0 0 0 0 0 0 0 0 0 0 0 0 0 0 0 0 0 0 0 0 0 0 0 0 0 0 0 0 0 0 0 0 0 0 0 0 0 0 0 0 0 0 0 0 0 0 0 0 0 0 0 0 0 0 0 0 0 0 0 0 0 0 0 0 0 0 0 0 0 0 0 0 0 0 0 1 0 0 0 0 0 0 0 0 0 0 0 0 0 0 0 0 0 0 0 0 0 0 0 0 0 1 0 0 0 0 0 0 0 0 0 0 0 0 0 0 0 0 0 0 0 0 0 0 0 0 0 1 0 0 0 0 0 0 1 0 0 1 0 0 0 0 0 0 0 0 
0 0 0 0 0 0 0 0 0 0 0 0 0 0 0 0 1 0 0 0 1 0 0 0 0 0 0 0 0 1 0 0 0 0 1 0 0 0 0 0 1 0 0 0 0 0 0 1 0 0 0 0 0 0 0 0 0 0 0 0 0 0 0 0 0 0 0 1 0 0 0 0 0 0 0 1 0 0 0 0 1 0 0 0 0 0 0 0 0 0 0 0 0 1 0 0 0 0 1 0 0 0 0 0 0 1 0 0 0 0 0 0 0 0 0 0 0 0 0 0 1 0 0 0 0 0 0 0 0 0 0 0 0 0 0 0 0 0 0 0 0 1 0 0 0 0 0 0 0 0 0 0 0 0 1 1 0 0 0 0 0 0 0 0 0 0 0 0 0 0 0 1 0 0 0 1 0 0 0 0 0 0 0 0 0 1 0 0 0 0 0 0 0 0 0 
0 0 0 0 0 0 0 0 1 0 1 0 0 0 0 0 0 0 0 0 0 0 0 0 0 0 0 0 0 0 0 0 0 0 0 0 0 0 0 0 0 0 0 0 0 0 0 0 0 0 0 0 1 0 0 1 0 0 0 0 0 0 0 1 0 0 0 0 0 0 0 0 0 0 1 0 0 0 0 0 0 0 0 0 1 0 0 0 0 0 0 0 1 0 0 0 0 0 0 0 0 0 0 0 0 0 0 1 0 0 0 1 0 0 0 0 0 0 0 0 0 0 0 0 0 0 1 0 0 0 0 0 0 0 0 0 0 0 0 0 0 0 0 0 0 0 0 0 0 0 0 0 0 0 0 0 0 0 0 0 0 0 0 0 0 0 0 0 0 0 0 0 0 0 0 0 0 0 0 0 0 0 0 0 0 0 0 0 0 0 0 1 0 0 0 
1 0 0 0 0 0 0 0 0 0 0 0 0 0 0 0 0 0 0 0 0 0 0 0 0 0 0 0 0 0 0 0 0 0 0 0 0 1 0 0 0 0 0 0 0 1 0 0 0 0 0 0 0 1 0 0 0 0 0 0 1 0 0 0 1 0 0 0 0 0 0 0 1 0 0 0 0 0 0 0 0 0 0 0 0 0 0 0 0 0 0 0 0 0 0 0 0 0 0 1 0 0 0 0 0 0 0 0 1 0 0 0 0 0 1 0 0 0 0 0 0 0 0 0 0 0 0 0 0 0 0 1 0 0 0 0 0 0 0 0 0 0 0 0 0 0 0 0 0 0 0 0 0 0 0 0 0 0 0 0 0 0 0 0 0 0 0 0 0 0 0 0 0 0 0 0 0 0 0 0 0 0 0 0 0 0 0 0 0 0 0 0 0 0 0 
0 0 0 0 0 0 0 0 0 0 0 0 0 0 0 0 0 0 0 0 0 0 0 0 0 1 0 0 0 0 0 1 0 0 0 0 0 0 0 0 0 1 0 1 0 0 0 0 0 0 0 0 0 0 0 0 0 0 0 1 0 0 0 0 0 0 0 0 0 0 0 0 0 0 0 0 0 0 0 0 0 0 0 0 0 0 0 0 0 1 1 0 0 0 0 0 0 0 0 0 0 1 0 0 0 0 0 0 0 0 1 0 0 0 0 0 0 1 0 0 0 0 0 0 0 1 0 0 0 0 0 0 0 1 0 0 0 0 0 0 0 0 1 0 1 0 0 0 1 0 0 0 0 0 0 0 0 1 0 0 0 0 1 0 0 0 0 0 0 0 0 0 0 0 0 0 0 0 0 0 0 0 0 0 0 0 0 1 0 0 0 0 1 0 0 
0 0 0 0 0 0 0 0 0 0 0 0 0 0 0 1 0 0 0 0 0 1 0 0 0 0 0 0 0 0 0 0 0 0 0 0 0 0 1 1 0 0 0 0 0 0 0 0 1 0 0 0 0 0 0 0 0 0 1 0 0 0 0 0 0 0 0 0 0 0 0 0 0 0 0 0 0 0 1 0 0 0 0 0 0 0 1 0 0 0 0 0 0 0 1 0 0 0 0 0 0 0 0 0 0 0 0 0 0 0 0 0 1 0 0 0 0 0 0 0 0 0 0 0 0 0 0 0 0 0 0 0 0 0 1 0 1 0 0 0 0 0 0 0 0 0 0 0 0 0 0 0 0 0 0 0 0 0 0 0 0 0 0 1 0 0 0 0 0 0 0 0 0 0 0 0 0 0 0 0 0 0 0 0 1 0 0 0 1 0 0 0 0 0 0 
0 0 0 0 0 0 0 0 0 0 0 0 1 0 0 0 0 0 0 0 0 0 1 0 1 0 0 0 1 0 1 0 1 0 0 0 0 0 0 0 0 0 0 0 0 0 0 0 0 0 0 0 0 0 0 0 0 0 0 0 0 0 0 0 0 0 1 0 0 0 1 0 0 0 0 0 1 0 0 0 0 0 1 0 0 0 0 0 0 0 0 0 0 0 0 0 0 1 0 0 0 0 0 1 0 0 0 0 0 0 0 0 0 0 0 0 0 0 0 0 0 1 0 0 0 0 0 0 0 0 0 0 0 0 0 0 0 0 0 0 0 0 0 1 0 0 0 0 0 0 0 1 0 1 0 0 1 0 0 1 0 0 0 0 1 0 0 0 0 0 0 0 0 0 0 0 0 0 0 0 0 0 0 0 0 0 0 0 0 0 0 0 0 0 0 
0 0 1 1 0 0 0 0 0 0 0 0 0 0 0 0 0 0 0 1 0 0 0 0 0 0 0 0 0 0 0 0 0 0 0 0 0 0 0 0 0 0 0 0 0 0 0 0 0 0 0 0 0 0 0 0 1 0 0 0 0 0 1 0 0 1 0 0 0 0 0 0 0 1 0 0 0 0 0 0 0 0 0 0 0 1 0 0 0 0 0 1 0 0 0 0 1 0 0 0 0 0 1 0 0 0 0 0 0 0 0 0 0 0 0 1 0 0 0 1 0 0 0 0 0 0 0 0 0 0 0 0 0 0 0 1 0 0 1 1 1 0 0 0 0 1 0 0 0 0 0 0 1 0 0 0 0 0 1 0 0 1 0 0 0 0 0 0 0 0 0 0 0 0 1 0 0 0 0 0 1 1 1 0 0 0 0 0 0 0 0 0 0 0 0 
0 0 0 0 0 0 0 0 0 0 0 0 0 0 1 0 0 0 0 0 0 0 0 1 0 0 0 1 0 0 0 0 0 0 0 1 0 0 0 0 0 0 1 0 1 0 0 0 0 0 0 0 0 0 0 0 0 0 0 0 0 1 0 0 0 0 0 0 0 0 0 0 0 0 0 0 0 0 0 0 0 0 0 0 0 0 0 0 0 0 0 0 0 0 0 0 0 0 0 0 0 0 0 0 0 0 0 0 0 0 0 0 0 1 0 0 1 0 0 0 0 0 0 0 0 0 0 1 0 0 0 0 0 0 0 0 0 1 0 0 0 0 0 0 0 0 0 0 0 0 0 0 0 0 0 0 0 0 0 0 0 0 0 0 0 0 1 0 0 1 1 0 1 1 0 0 0 0 0 0 0 0 0 0 0 0 0 0 0 0 0 0 0 0 0 
0 0 0 0 0 0 0 0 0 0 0 0 0 0 0 0 0 0 1 0 0 0 0 0 0 0 0 0 0 0 0 0 0 1 0 0 0 0 0 0 0 0 0 0 0 0 0 0 0 1 0 1 0 0 0 0 0 0 0 0 0 0 0 0 0 0 0 0 1 0 0 0 0 0 0 0 0 0 0 0 0 0 0 0 0 0 0 0 0 0 0 0 0 0 0 0 0 0 0 0 0 0 0 0 0 0 0 0 0 1 0 0 0 0 0 0 0 0 0 0 0 0 1 0 0 0 0 0 0 1 1 0 1 0 0 0 0 0 0 0 0 0 0 0 0 0 1 0 0 1 0 0 0 0 0 0 0 0 0 0 0 0 0 0 0 1 0 0 0 0 0 0 0 0 0 0 0 1 1 1 0 0 0 0 0 0 0 0 0 1 0 0 0 0 1 
129 177 176 93 46 145 185 33 74 24 150 
8.840737E-05 0.000000E+00 9.995524E-04 4.172297E-05 1.491967E-04 3.814332E-05 1.551143E-06 1.637785E-05 3.382996E-05 0.000000E+00 3.415793E-05 2.715980E-06 1.880691E-04 0.000000E+00 1.409202E-05 2.646430E-05 2.541610E-04 1.808545E-05 3.672244E-05 9.736804E-04 3.166761E-04 5.101533E-06 2.741718E-05 0.000000E+00 1.932105E-05 2.164094E-04 3.665533E-05 1.552148E-04 1.879379E-06 4.197515E-04 2.879642E-05 2.644008E-05 0.000000E+00 4.459216E-06 1.396520E-04 3.208967E-05 1.228084E-04 7.595268E-06 1.103800E-06 2.866143E-05 6.276391E-04 1.216874E-04 2.816275E-04 5.056756E-05 3.598718E-05 0.000000E+00 7.837424E-05 3.700501E-06 5.457596E-06 1.399201E-05 0.000000E+00 6.047669E-05 3.777198E-06 1.577802E-04 9.246662E-04 9.044383E-05 8.383486E-04 0.000000E+00 1.172685E-05 4.205359E-06 1.449712E-06 7.450895E-05 4.148740E-04 9.008570E-09 6.759759E-07 9.330327E-04 6.884307E-05 2.551112E-05 2.725778E-05 1.169561E-04 1.490672E-05 9.200531E-06 6.721263E-06 0.000000E+00 7.457128E-06 2.669182E-04 6.732073E-05 0.000000E+00 6.247998E-06 9.571832E-05 6.389173E-06 7.612372E-05 4.510364E-05 4.949112E-06 2.508174E-05 5.405315E-04 2.330568E-05 1.519471E-05 3.201415E-04 6.724567E-05 5.089598E-06 4.656010E-06 0.000000E+00 3.388059E-04 1.260918E-06 1.957615E-07 4.687574E-04 2.670945E-05 2.121376E-05 1.975974E-04 5.958514E-05 6.083216E-06 8.724817E-04 1.111773E-05 1.076815E-05 9.979913E-05 0.000000E+00 9.683274E-05 3.183841E-05 7.836064E-05 6.266296E-05 2.850474E-05 5.691716E-08 8.583884E-07 5.961766E-05 1.923270E-05 1.869057E-05 5.518902E-04 0.000000E+00 1.885732E-04 3.398903E-05 4.692436E-05 3.065581E-05 0.000000E+00 2.547662E-05 1.017512E-05 3.101146E-07 8.133388E-06 0.000000E+00 1.740493E-05 1.968009E-06 1.085726E-05 6.236424E-05 3.895761E-05 2.137128E-05 2.321438E-06 5.246655E-05 3.662072E-06 1.828883E-04 3.022407E-05 9.512413E-06 8.730371E-07 1.381945E-04 2.343343E-04 0.000000E+00 1.284943E-04 2.188601E-05 0.000000E+00 3.941920E-08 0.000000E+00 9.729622E-06 7.634380E-05 2.045752E-05 3.282634E-05 3.518646E-07 2.456847E-06 5.866113E-04 5.074599E-04 2.728926E-05 5.154356E-04 9.057562E-05 4.492461E-04 2.160664E-04 3.855552E-05 5.441463E-07 1.370454E-04 6.917863E-06 0.000000E+00 0.000000E+00 1.781848E-05 3.036840E-06 1.601379E-04 2.739180E-05 3.314772E-04 3.044105E-04 0.000000E+00 0.000000E+00 1.157189E-05 1.235135E-06 7.078141E-06 2.129628E-05 4.869703E-05 3.396175E-04 2.277757E-07 0.000000E+00 8.390017E-06 8.320439E-08 8.454848E-05 2.533795E-06 9.245172E-05 0.000000E+00 8.294620E-05 1.474751E-05 0.000000E+00 9.153236E-06 
5 6 8 18 27 37 47 55 72 80 82 84 88 89 96 101 105 129 161 70 
7 12 125 151 177 184 187 
17 21 30 35 41 48 68 76 81 94 99 106 121 142 155 156 172 176 186 
9 11 53 56 64 75 85 93 108 112 127 192 
1 38 46 54 61 65 73 100 109 115 132 
32 42 44 60 90 91 102 111 118 126 134 143 145 149 158 163 193 26 188 
16 22 39 40 49 59 79 87 95 113 135 137 185 189 164 
13 23 25 29 31 33 67 71 77 83 98 104 144 152 154 157 160 165 122 
4 20 57 63 66 74 86 92 97 103 116 120 136 139 140 141 146 153 159 162 175 181 182 183 3 
15 24 28 36 43 45 62 114 117 128 138 167 170 171 173 174 
19 34 50 52 69 110 123 130 131 133 147 150 166 178 179 180 190 195 

============Find Best @ Round 51================
==========Cluster 0, RcvInterf=1.08632e-13============
Node 4, SINR:7.48034e-01, BpsHz:4.24070e-02
Node 5, SINR:7.48034e-01, BpsHz:4.24070e-02
Node 7, SINR:7.48034e-01, BpsHz:4.24070e-02
Node 17, SINR:7.48034e-01, BpsHz:4.24070e-02
Node 26, SINR:7.48034e-01, BpsHz:4.24070e-02
Node 36, SINR:7.48034e-01, BpsHz:4.24070e-02
Node 46, SINR:7.48034e-01, BpsHz:4.24070e-02
Node 54, SINR:7.48034e-01, BpsHz:4.24070e-02
Node 71, SINR:7.48034e-01, BpsHz:4.24070e-02
Node 79, SINR:7.48034e-01, BpsHz:4.24070e-02
Node 81, SINR:7.48034e-01, BpsHz:4.24070e-02
Node 83, SINR:7.48034e-01, BpsHz:4.24070e-02
Node 87, SINR:7.48034e-01, BpsHz:4.24070e-02
Node 88, SINR:7.48034e-01, BpsHz:4.24070e-02
Node 95, SINR:7.48034e-01, BpsHz:4.24070e-02
Node 100, SINR:7.48034e-01, BpsHz:4.24070e-02
Node 104, SINR:7.48034e-01, BpsHz:4.24070e-02
Node 128, SINR:0.00000e+00, BpsHz:0.00000e+00
Node 160, SINR:7.48034e-01, BpsHz:4.24070e-02
Node 69, SINR:7.48034e-01, BpsHz:4.24070e-02
---------------
==========Cluster 1, RcvInterf=4.06422e-14============
Node 6, SINR:1.92874e-01, BpsHz:4.24070e-02
Node 11, SINR:1.92874e-01, BpsHz:4.24070e-02
Node 124, SINR:1.92874e-01, BpsHz:4.24070e-02
Node 150, SINR:1.92874e-01, BpsHz:4.24070e-02
Node 176, SINR:0.00000e+00, BpsHz:0.00000e+00
Node 183, SINR:1.92874e-01, BpsHz:4.24070e-02
Node 186, SINR:1.92874e-01, BpsHz:4.24070e-02
---------------
==========Cluster 2, RcvInterf=1.25194e-13============
Node 16, SINR:6.97399e-01, BpsHz:4.24070e-02
Node 20, SINR:6.97399e-01, BpsHz:4.24070e-02
Node 29, SINR:6.97399e-01, BpsHz:4.24070e-02
Node 34, SINR:6.97399e-01, BpsHz:4.24070e-02
Node 40, SINR:6.97399e-01, BpsHz:4.24070e-02
Node 47, SINR:6.97399e-01, BpsHz:4.24070e-02
Node 67, SINR:6.97399e-01, BpsHz:4.24070e-02
Node 75, SINR:6.97399e-01, BpsHz:4.24070e-02
Node 80, SINR:6.97399e-01, BpsHz:4.24070e-02
Node 93, SINR:6.97399e-01, BpsHz:4.24070e-02
Node 98, SINR:6.97399e-01, BpsHz:4.24070e-02
Node 105, SINR:6.97399e-01, BpsHz:4.24070e-02
Node 120, SINR:6.97399e-01, BpsHz:4.24070e-02
Node 141, SINR:6.97399e-01, BpsHz:4.24070e-02
Node 154, SINR:6.97399e-01, BpsHz:4.24070e-02
Node 155, SINR:6.97399e-01, BpsHz:4.24070e-02
Node 171, SINR:6.97399e-01, BpsHz:4.24070e-02
Node 175, SINR:0.00000e+00, BpsHz:0.00000e+00
Node 185, SINR:6.97399e-01, BpsHz:4.24070e-02
---------------
==========Cluster 3, RcvInterf=1.22270e-13============
Node 8, SINR:3.81731e-01, BpsHz:4.24070e-02
Node 10, SINR:3.81731e-01, BpsHz:4.24070e-02
Node 52, SINR:3.81731e-01, BpsHz:4.24070e-02
Node 55, SINR:3.81731e-01, BpsHz:4.24070e-02
Node 63, SINR:3.81731e-01, BpsHz:4.24070e-02
Node 74, SINR:3.81731e-01, BpsHz:4.24070e-02
Node 84, SINR:3.81731e-01, BpsHz:4.24070e-02
Node 92, SINR:0.00000e+00, BpsHz:0.00000e+00
Node 107, SINR:3.81731e-01, BpsHz:4.24070e-02
Node 111, SINR:3.81731e-01, BpsHz:4.24070e-02
Node 126, SINR:3.81731e-01, BpsHz:4.24070e-02
Node 191, SINR:3.81731e-01, BpsHz:4.24070e-02
---------------
==========Cluster 4, RcvInterf=1.15376e-13============
Node 0, SINR:3.41707e-01, BpsHz:4.24070e-02
Node 37, SINR:3.41707e-01, BpsHz:4.24070e-02
Node 45, SINR:0.00000e+00, BpsHz:0.00000e+00
Node 53, SINR:3.41707e-01, BpsHz:4.24070e-02
Node 60, SINR:3.41707e-01, BpsHz:4.24070e-02
Node 64, SINR:3.41707e-01, BpsHz:4.24070e-02
Node 72, SINR:3.41707e-01, BpsHz:4.24070e-02
Node 99, SINR:3.41707e-01, BpsHz:4.24070e-02
Node 108, SINR:3.41707e-01, BpsHz:4.24070e-02
Node 114, SINR:3.41707e-01, BpsHz:4.24070e-02
Node 131, SINR:3.41707e-01, BpsHz:4.24070e-02
---------------
==========Cluster 5, RcvInterf=9.52019e-14============
Node 31, SINR:6.97399e-01, BpsHz:4.24070e-02
Node 41, SINR:6.97399e-01, BpsHz:4.24070e-02
Node 43, SINR:6.97399e-01, BpsHz:4.24070e-02
Node 59, SINR:6.97399e-01, BpsHz:4.24070e-02
Node 89, SINR:6.97399e-01, BpsHz:4.24070e-02
Node 90, SINR:6.97399e-01, BpsHz:4.24070e-02
Node 101, SINR:6.97399e-01, BpsHz:4.24070e-02
Node 110, SINR:6.97399e-01, BpsHz:4.24070e-02
Node 117, SINR:6.97399e-01, BpsHz:4.24070e-02
Node 125, SINR:6.97399e-01, BpsHz:4.24070e-02
Node 133, SINR:6.97399e-01, BpsHz:4.24070e-02
Node 142, SINR:6.97399e-01, BpsHz:4.24070e-02
Node 144, SINR:0.00000e+00, BpsHz:0.00000e+00
Node 148, SINR:6.97399e-01, BpsHz:4.24070e-02
Node 157, SINR:6.97399e-01, BpsHz:4.24070e-02
Node 162, SINR:6.97399e-01, BpsHz:4.24070e-02
Node 192, SINR:6.97399e-01, BpsHz:4.24070e-02
Node 25, SINR:6.97399e-01, BpsHz:4.24070e-02
Node 187, SINR:6.97399e-01, BpsHz:4.24070e-02
---------------
==========Cluster 6, RcvInterf=2.58364e-14============
Node 15, SINR:5.09110e-01, BpsHz:4.24070e-02
Node 21, SINR:5.09110e-01, BpsHz:4.24070e-02
Node 38, SINR:5.09110e-01, BpsHz:4.24070e-02
Node 39, SINR:5.09110e-01, BpsHz:4.24070e-02
Node 48, SINR:5.09110e-01, BpsHz:4.24070e-02
Node 58, SINR:5.09110e-01, BpsHz:4.24070e-02
Node 78, SINR:5.09110e-01, BpsHz:4.24070e-02
Node 86, SINR:5.09110e-01, BpsHz:4.24070e-02
Node 94, SINR:5.09110e-01, BpsHz:4.24070e-02
Node 112, SINR:5.09110e-01, BpsHz:4.24070e-02
Node 134, SINR:5.09110e-01, BpsHz:4.24070e-02
Node 136, SINR:5.09110e-01, BpsHz:4.24070e-02
Node 184, SINR:0.00000e+00, BpsHz:0.00000e+00
Node 188, SINR:5.09110e-01, BpsHz:4.24070e-02
Node 163, SINR:5.09110e-01, BpsHz:4.24070e-02
---------------
==========Cluster 7, RcvInterf=5.11326e-14============
Node 12, SINR:6.97399e-01, BpsHz:4.24070e-02
Node 22, SINR:6.97399e-01, BpsHz:4.24070e-02
Node 24, SINR:6.97399e-01, BpsHz:4.24070e-02
Node 28, SINR:6.97399e-01, BpsHz:4.24070e-02
Node 30, SINR:6.97399e-01, BpsHz:4.24070e-02
Node 32, SINR:0.00000e+00, BpsHz:0.00000e+00
Node 66, SINR:6.97399e-01, BpsHz:4.24070e-02
Node 70, SINR:6.97399e-01, BpsHz:4.24070e-02
Node 76, SINR:6.97399e-01, BpsHz:4.24070e-02
Node 82, SINR:6.97399e-01, BpsHz:4.24070e-02
Node 97, SINR:6.97399e-01, BpsHz:4.24070e-02
Node 103, SINR:6.97399e-01, BpsHz:4.24070e-02
Node 143, SINR:6.97399e-01, BpsHz:4.24070e-02
Node 151, SINR:6.97399e-01, BpsHz:4.24070e-02
Node 153, SINR:6.97399e-01, BpsHz:4.24070e-02
Node 156, SINR:6.97399e-01, BpsHz:4.24070e-02
Node 159, SINR:6.97399e-01, BpsHz:4.24070e-02
Node 164, SINR:6.97399e-01, BpsHz:4.24070e-02
Node 121, SINR:6.97399e-01, BpsHz:4.24070e-02
---------------
==========Cluster 8, RcvInterf=1.66006e-13============
Node 3, SINR:1.02478e+00, BpsHz:4.24070e-02
Node 19, SINR:1.02478e+00, BpsHz:4.24070e-02
Node 56, SINR:1.02478e+00, BpsHz:4.24070e-02
Node 62, SINR:1.02478e+00, BpsHz:4.24070e-02
Node 65, SINR:1.02478e+00, BpsHz:4.24070e-02
Node 73, SINR:0.00000e+00, BpsHz:0.00000e+00
Node 85, SINR:1.02478e+00, BpsHz:4.24070e-02
Node 91, SINR:1.02478e+00, BpsHz:4.24070e-02
Node 96, SINR:1.02478e+00, BpsHz:4.24070e-02
Node 102, SINR:1.02478e+00, BpsHz:4.24070e-02
Node 115, SINR:1.02478e+00, BpsHz:4.24070e-02
Node 119, SINR:1.02478e+00, BpsHz:4.24070e-02
Node 135, SINR:1.02478e+00, BpsHz:4.24070e-02
Node 138, SINR:1.02478e+00, BpsHz:4.24070e-02
Node 139, SINR:1.02478e+00, BpsHz:4.24070e-02
Node 140, SINR:1.02478e+00, BpsHz:4.24070e-02
Node 145, SINR:1.02478e+00, BpsHz:4.24070e-02
Node 152, SINR:1.02478e+00, BpsHz:4.24070e-02
Node 158, SINR:1.02478e+00, BpsHz:4.24070e-02
Node 161, SINR:1.02478e+00, BpsHz:4.24070e-02
Node 174, SINR:1.02478e+00, BpsHz:4.24070e-02
Node 180, SINR:1.02478e+00, BpsHz:4.24070e-02
Node 181, SINR:1.02478e+00, BpsHz:4.24070e-02
Node 182, SINR:1.02478e+00, BpsHz:4.24070e-02
Node 2, SINR:1.02478e+00, BpsHz:4.24070e-02
---------------
==========Cluster 9, RcvInterf=6.73942e-14============
Node 14, SINR:5.54128e-01, BpsHz:4.24070e-02
Node 23, SINR:0.00000e+00, BpsHz:0.00000e+00
Node 27, SINR:5.54128e-01, BpsHz:4.24070e-02
Node 35, SINR:5.54128e-01, BpsHz:4.24070e-02
Node 42, SINR:5.54128e-01, BpsHz:4.24070e-02
Node 44, SINR:5.54128e-01, BpsHz:4.24070e-02
Node 61, SINR:5.54128e-01, BpsHz:4.24070e-02
Node 113, SINR:5.54128e-01, BpsHz:4.24070e-02
Node 116, SINR:5.54128e-01, BpsHz:4.24070e-02
Node 127, SINR:5.54128e-01, BpsHz:4.24070e-02
Node 137, SINR:5.54128e-01, BpsHz:4.24070e-02
Node 166, SINR:5.54128e-01, BpsHz:4.24070e-02
Node 169, SINR:5.54128e-01, BpsHz:4.24070e-02
Node 170, SINR:5.54128e-01, BpsHz:4.24070e-02
Node 172, SINR:5.54128e-01, BpsHz:4.24070e-02
Node 173, SINR:5.54128e-01, BpsHz:4.24070e-02
---------------
==========Cluster 10, RcvInterf=2.24582e-14============
Node 18, SINR:6.48232e-01, BpsHz:4.24070e-02
Node 33, SINR:6.48232e-01, BpsHz:4.24070e-02
Node 49, SINR:6.48232e-01, BpsHz:4.24070e-02
Node 51, SINR:6.48232e-01, BpsHz:4.24070e-02
Node 68, SINR:6.48232e-01, BpsHz:4.24070e-02
Node 109, SINR:6.48232e-01, BpsHz:4.24070e-02
Node 122, SINR:6.48232e-01, BpsHz:4.24070e-02
Node 129, SINR:6.48232e-01, BpsHz:4.24070e-02
Node 130, SINR:6.48232e-01, BpsHz:4.24070e-02
Node 132, SINR:6.48232e-01, BpsHz:4.24070e-02
Node 146, SINR:6.48232e-01, BpsHz:4.24070e-02
Node 149, SINR:0.00000e+00, BpsHz:0.00000e+00
Node 165, SINR:6.48232e-01, BpsHz:4.24070e-02
Node 177, SINR:6.48232e-01, BpsHz:4.24070e-02
Node 178, SINR:6.48232e-01, BpsHz:4.24070e-02
Node 179, SINR:6.48232e-01, BpsHz:4.24070e-02
Node 189, SINR:6.48232e-01, BpsHz:4.24070e-02
Node 194, SINR:6.48232e-01, BpsHz:4.24070e-02
---------------
