195
11
1.000000e-03
1.931016e-312
163
3000
1.489327e+01
1.153564e+00
1.489327e-05
9.237738e-07
0 0 0 0 0 0 0 0 0 0 0 0 0 0 0 0 0 0 0 0 0 0 0 0 0 0 0 0 0 0 0 1 0 0 0 0 0 0 0 0 0 1 0 1 0 0 0 0 0 0 0 0 0 0 0 0 0 0 0 1 0 0 0 0 0 0 0 0 0 0 0 0 0 0 0 0 0 0 0 0 0 0 0 0 0 0 0 0 0 0 1 0 0 0 0 0 0 0 0 0 0 0 0 0 0 0 0 0 0 0 1 0 0 0 0 0 0 1 0 0 0 0 0 0 0 1 0 0 0 0 0 0 0 1 0 0 0 0 0 0 0 0 1 0 1 0 0 0 1 0 0 0 0 0 0 0 0 1 0 0 0 0 1 0 0 0 0 0 0 0 0 0 0 0 0 0 0 0 0 0 0 0 0 0 0 0 0 0 0 0 0 0 0 0 0 
0 0 1 1 0 0 0 0 0 0 0 0 0 0 0 0 1 0 0 0 0 0 0 0 0 0 0 0 0 1 0 0 0 0 1 0 0 0 0 0 1 0 1 0 0 0 0 0 0 0 0 0 0 0 0 0 0 0 0 0 0 0 0 0 0 0 0 0 0 0 0 0 0 0 0 1 0 0 0 0 0 0 0 0 0 0 0 0 0 0 0 0 0 0 0 0 0 0 0 0 0 0 0 0 0 0 0 0 0 0 0 0 0 0 0 0 0 0 0 1 0 0 0 0 0 0 0 0 0 0 0 0 0 0 0 0 0 0 0 1 0 0 0 0 0 1 0 0 0 0 0 0 0 0 0 0 0 0 0 0 0 0 0 0 0 0 0 0 0 0 0 0 0 1 1 0 0 0 0 0 0 1 0 0 0 0 0 0 0 0 1 0 0 0 0 
0 0 0 0 0 0 0 0 0 0 0 0 1 0 0 0 0 0 0 0 0 0 1 0 1 0 0 0 0 0 0 0 0 0 0 0 0 0 0 0 0 0 0 0 0 0 0 0 0 0 0 0 0 0 0 0 0 0 0 0 0 0 0 0 0 0 0 0 0 0 0 0 0 0 0 0 1 0 0 0 0 0 1 0 0 0 0 0 0 0 0 0 0 0 0 0 0 0 0 0 0 0 0 0 0 0 0 0 0 0 0 0 0 0 0 0 0 0 0 0 0 0 0 0 0 0 0 0 0 0 0 0 0 0 0 0 0 0 0 0 0 0 0 1 0 0 0 0 0 0 0 0 0 0 0 0 1 0 0 1 0 0 0 0 1 0 0 0 0 0 0 0 0 0 0 0 0 0 0 0 0 0 0 0 0 0 0 0 0 0 0 0 0 0 0 
0 0 0 0 1 1 0 1 0 0 0 0 0 0 0 0 0 1 0 0 0 0 0 0 0 0 1 0 0 0 0 0 0 0 0 0 1 0 0 0 0 0 0 0 0 0 1 0 0 0 0 0 0 0 0 0 0 0 0 0 0 0 0 0 0 0 0 0 0 1 0 1 0 0 0 0 0 0 0 1 0 1 0 1 0 0 0 1 0 0 0 0 0 0 0 1 0 0 0 0 1 0 0 0 1 0 0 0 0 0 0 0 0 0 0 0 0 0 0 0 0 0 0 0 0 0 0 0 1 0 0 0 0 0 0 0 0 0 0 0 0 0 0 0 0 0 0 0 0 0 0 0 0 0 0 0 0 0 0 0 1 0 0 0 0 0 0 0 0 0 0 0 0 0 0 0 0 0 0 0 0 0 0 0 0 0 0 0 0 0 0 0 0 0 0 
0 0 0 0 0 0 0 0 0 0 0 0 0 1 0 0 0 0 0 1 0 0 0 0 0 0 0 0 0 0 0 0 0 0 0 0 0 0 0 0 0 0 0 0 0 0 0 0 0 0 0 0 0 0 0 0 1 0 0 0 0 0 1 0 0 1 0 0 0 0 0 0 0 1 0 0 0 0 0 0 0 0 0 0 0 1 0 0 0 0 0 1 0 0 0 0 1 0 0 0 0 0 1 0 0 0 0 0 0 0 0 0 0 0 0 1 0 0 0 0 0 0 0 0 0 0 0 0 0 0 0 0 0 0 0 1 0 0 1 0 1 0 0 0 0 0 0 0 0 0 0 0 0 0 0 0 0 0 1 0 0 1 0 0 0 0 0 0 0 0 0 0 0 0 0 0 0 0 0 0 0 0 1 0 0 0 0 0 0 0 0 0 0 0 0 
1 0 0 0 0 0 0 0 0 0 0 0 0 0 0 0 0 0 0 0 0 0 0 0 0 0 0 0 0 0 0 0 0 0 0 0 0 1 0 0 0 0 0 0 0 1 0 0 0 0 0 0 0 1 0 0 0 0 0 0 1 0 0 0 1 0 0 0 0 0 0 0 1 0 0 0 0 0 0 0 0 0 0 0 0 0 0 0 0 0 0 0 0 0 0 0 0 0 0 1 0 0 0 0 0 0 0 0 1 0 0 0 0 0 1 0 0 0 0 0 0 0 0 0 0 0 0 0 0 0 0 1 0 0 0 0 0 0 0 0 0 0 0 0 0 0 0 0 0 0 0 0 0 0 0 0 0 0 0 0 0 0 0 0 0 0 0 0 0 0 0 0 0 0 0 0 0 0 0 0 0 0 0 0 0 0 0 0 0 0 0 0 0 0 0 
0 1 0 0 0 0 0 0 1 0 0 0 0 0 0 1 0 0 0 0 0 1 0 0 0 0 0 0 0 0 0 0 0 0 0 0 0 0 1 1 0 0 0 0 0 0 0 0 1 0 0 0 0 0 0 1 0 1 1 0 0 0 0 0 0 0 0 0 0 0 0 0 0 0 0 0 0 0 1 0 0 0 0 0 1 0 1 0 0 0 0 0 0 0 1 0 0 0 0 0 0 0 0 0 0 0 0 0 0 0 0 0 1 0 0 0 0 0 0 0 0 0 0 0 1 0 0 0 0 0 0 0 0 0 1 0 1 0 0 0 0 0 0 0 0 0 0 0 0 0 0 0 0 0 0 0 0 0 0 0 0 0 0 1 0 0 0 0 0 0 0 0 0 0 0 0 0 0 0 0 0 0 0 0 1 0 0 0 1 0 0 1 0 0 0 
0 0 0 0 0 0 1 0 0 0 0 1 0 0 0 0 0 0 0 0 0 0 0 0 0 0 0 0 1 0 1 0 0 0 0 0 0 0 0 0 0 0 0 0 0 0 0 0 0 0 1 0 0 0 0 0 0 0 0 0 0 0 0 0 0 0 1 0 0 0 0 0 0 0 0 0 0 0 0 0 0 0 0 0 0 0 0 0 0 0 0 0 0 0 0 0 0 1 0 0 0 0 0 1 0 0 0 0 0 0 0 0 0 0 0 0 0 0 1 0 0 1 0 0 0 0 0 0 0 0 0 0 0 0 0 0 0 0 0 0 0 0 0 0 0 0 0 1 0 0 1 0 0 1 0 0 0 0 0 0 0 0 0 0 0 0 0 0 0 0 0 0 0 0 0 0 1 0 0 0 0 0 0 1 0 0 1 0 0 0 0 0 0 0 0 
0 0 0 0 0 0 0 0 0 0 0 0 0 0 0 0 0 0 1 0 0 0 0 0 0 0 0 0 0 0 0 0 0 1 0 0 0 0 0 0 0 0 0 0 0 0 0 0 0 1 0 1 0 0 0 0 0 0 0 0 0 0 0 0 0 0 0 0 1 0 0 0 0 0 0 0 0 0 0 0 0 0 0 0 0 0 0 0 0 0 0 0 0 0 0 0 0 0 0 0 0 0 0 0 0 0 1 0 0 1 0 0 0 0 0 0 0 0 0 0 0 0 1 0 0 0 0 0 0 1 1 0 1 0 0 0 0 0 0 0 0 0 0 0 0 0 1 0 0 1 0 0 0 0 0 0 0 0 0 0 0 0 0 0 0 0 0 0 0 0 0 0 0 0 0 0 0 1 1 1 0 0 0 0 0 0 0 0 0 0 0 0 0 0 1 
0 0 0 0 0 0 0 0 0 0 0 0 0 0 1 0 0 0 0 0 0 0 0 1 0 0 0 1 0 0 0 0 0 0 0 1 0 0 0 0 0 0 0 0 1 0 0 0 0 0 0 0 0 0 0 0 0 0 0 0 0 0 0 0 0 0 0 0 0 0 0 0 0 0 0 0 0 0 0 0 0 0 0 0 0 0 0 0 0 0 0 0 0 0 0 0 0 0 0 0 0 0 0 0 0 0 0 0 0 0 0 0 0 1 0 0 1 0 0 0 0 0 0 0 0 0 0 1 0 0 0 0 0 0 0 0 0 1 0 0 0 0 0 0 0 0 0 0 0 0 0 0 0 0 0 0 0 0 0 0 0 0 0 0 0 0 1 0 0 1 1 0 1 0 0 0 0 0 0 0 0 0 0 0 0 0 0 0 0 0 0 0 0 0 0 
0 0 0 0 0 0 0 0 0 0 1 0 0 0 0 0 0 0 0 0 0 0 0 0 0 1 0 0 0 0 0 0 0 0 0 0 0 0 0 0 0 0 0 0 0 0 0 1 0 0 0 0 1 0 0 0 0 0 0 0 0 0 0 1 0 0 0 1 0 0 0 0 0 0 1 0 0 0 0 0 1 0 0 0 0 0 0 0 0 1 0 0 1 0 0 0 0 0 1 0 0 0 0 0 0 0 0 0 0 0 0 1 0 0 0 0 0 0 0 0 1 0 0 0 0 0 1 0 0 0 0 0 0 0 0 0 0 0 0 0 0 1 0 0 0 0 0 0 0 0 0 0 0 0 1 1 0 0 0 0 0 0 0 0 0 0 0 0 0 0 0 1 0 0 0 1 0 0 0 0 0 0 0 0 0 1 0 0 0 0 0 0 1 1 0 
91 175 83 96 92 46 185 122 150 24 99 
3.601675E-05 1.406732E-04 1.138130E-06 1.543941E-05 3.324690E-05 4.030412E-06 1.327338E-04 3.868403E-06 5.888409E-04 0.000000E+00 2.522774E-05 1.070655E-06 6.471850E-06 2.208281E-04 1.741456E-05 6.297910E-05 1.815390E-04 8.846550E-06 7.785506E-05 6.115896E-05 0.000000E+00 1.214050E-05 8.029695E-06 0.000000E+00 9.129645E-07 2.641848E-04 3.803397E-06 1.918106E-04 4.435824E-06 1.238483E-05 4.265147E-05 6.758047E-06 0.000000E+00 9.453960E-06 1.878055E-04 3.965561E-05 2.422727E-05 3.094276E-06 2.626797E-06 6.820777E-05 1.183317E-04 9.260161E-06 1.954430E-04 2.569823E-05 4.447206E-05 0.000000E+00 1.298498E-05 7.084148E-05 1.298785E-05 2.966439E-05 4.443709E-06 1.282163E-04 7.417814E-04 6.427891E-05 0.000000E+00 5.314468E-04 4.508366E-04 1.087917E-04 2.790727E-05 1.996841E-05 5.906060E-07 0.000000E+00 2.374183E-04 1.468787E-04 2.753894E-07 6.270225E-05 3.765711E-05 1.994951E-05 5.778908E-05 5.689509E-05 0.000000E+00 1.374735E-06 2.738211E-06 1.229655E-06 2.939328E-04 2.199829E-04 1.143720E-08 0.000000E+00 1.486883E-05 7.429402E-05 1.264698E-04 8.104584E-05 0.000000E+00 4.546763E-07 6.697116E-04 2.796967E-05 5.546228E-05 2.092900E-05 0.000000E+00 9.590552E-05 0.000000E+00 0.000000E+00 1.633352E-04 0.000000E+00 3.000702E-06 0.000000E+00 3.556770E-04 2.458789E-05 0.000000E+00 8.050025E-05 5.587192E-05 0.000000E+00 5.267643E-05 2.565560E-04 2.012934E-05 0.000000E+00 1.490439E-04 0.000000E+00 1.297082E-05 1.661320E-04 1.114589E-05 9.995505E-04 1.354501E-07 1.060775E-06 2.428795E-05 3.390682E-05 2.309734E-05 1.329415E-04 8.370329E-05 2.062560E-07 1.133655E-04 0.000000E+00 6.499323E-05 0.000000E+00 5.573175E-04 7.306514E-07 5.880690E-05 1.005104E-05 8.946920E-08 3.690011E-05 4.172365E-06 4.423198E-06 1.322181E-04 7.731720E-05 5.085885E-05 5.926498E-06 1.248586E-04 4.525497E-06 1.561932E-04 4.841459E-06 5.579770E-09 1.842161E-06 5.612116E-05 6.641494E-06 4.695512E-06 1.192960E-05 4.640041E-05 2.609166E-06 6.095059E-06 0.000000E+00 2.467048E-06 0.000000E+00 0.000000E+00 1.473581E-04 5.943556E-05 1.180574E-05 1.744059E-05 8.202279E-05 1.325960E-06 1.059213E-05 9.429596E-05 2.631352E-05 3.274169E-05 9.175349E-05 6.377373E-06 0.000000E+00 8.548923E-06 0.000000E+00 0.000000E+00 2.201963E-05 3.752851E-06 2.404049E-04 3.385010E-05 6.586580E-05 0.000000E+00 2.114607E-05 7.854753E-05 2.453350E-05 2.618604E-06 1.500633E-05 0.000000E+00 1.242539E-06 1.413329E-05 2.862091E-04 0.000000E+00 7.497810E-06 1.075125E-04 0.000000E+00 6.029864E-06 0.000000E+00 3.958428E-05 4.307356E-04 1.753207E-04 1.335664E-04 1.940573E-05 
32 42 44 60 91 111 126 145 149 158 163 118 143 134 
3 4 30 41 120 140 146 174 175 182 191 35 17 43 76 
25 77 83 144 160 13 157 23 165 
5 6 8 18 27 37 47 70 72 80 82 84 88 96 101 105 129 161 
14 20 63 66 74 86 92 103 116 141 159 162 183 139 136 57 97 
38 46 61 65 73 109 115 132 100 54 1 
2 16 22 39 40 49 58 59 79 87 95 113 125 135 137 164 185 189 192 85 9 56 
7 12 29 31 51 67 98 122 148 151 177 187 184 104 119 154 
34 50 52 69 130 131 147 150 178 179 180 195 19 123 133 110 107 
15 24 45 114 117 128 138 167 171 173 170 36 28 
11 48 64 68 93 99 121 127 142 155 156 176 186 194 75 90 26 81 53 193 112 172 

============Find Best @ Round 1350================
==========Cluster 0, RcvInterf=1.15269e-13============
Node 31, SINR:5.46521e-01, BpsHz:4.83866e-02
Node 41, SINR:5.46521e-01, BpsHz:4.83866e-02
Node 43, SINR:5.46521e-01, BpsHz:4.83866e-02
Node 59, SINR:5.46521e-01, BpsHz:4.83866e-02
Node 90, SINR:0.00000e+00, BpsHz:0.00000e+00
Node 110, SINR:5.46521e-01, BpsHz:4.83866e-02
Node 125, SINR:5.46521e-01, BpsHz:4.83866e-02
Node 144, SINR:5.46521e-01, BpsHz:4.83866e-02
Node 148, SINR:5.46521e-01, BpsHz:4.83866e-02
Node 157, SINR:5.46521e-01, BpsHz:4.83866e-02
Node 162, SINR:5.46521e-01, BpsHz:4.83866e-02
Node 117, SINR:5.46521e-01, BpsHz:4.83866e-02
Node 142, SINR:5.46521e-01, BpsHz:4.83866e-02
Node 133, SINR:5.46521e-01, BpsHz:4.83866e-02
---------------
==========Cluster 1, RcvInterf=9.08253e-14============
Node 2, SINR:5.99269e-01, BpsHz:4.83866e-02
Node 3, SINR:5.99269e-01, BpsHz:4.83866e-02
Node 29, SINR:5.99269e-01, BpsHz:4.83866e-02
Node 40, SINR:5.99269e-01, BpsHz:4.83866e-02
Node 119, SINR:5.99269e-01, BpsHz:4.83866e-02
Node 139, SINR:5.99269e-01, BpsHz:4.83866e-02
Node 145, SINR:5.99269e-01, BpsHz:4.83866e-02
Node 173, SINR:5.99269e-01, BpsHz:4.83866e-02
Node 174, SINR:0.00000e+00, BpsHz:0.00000e+00
Node 181, SINR:5.99269e-01, BpsHz:4.83866e-02
Node 190, SINR:5.99269e-01, BpsHz:4.83866e-02
Node 34, SINR:5.99269e-01, BpsHz:4.83866e-02
Node 16, SINR:5.99269e-01, BpsHz:4.83866e-02
Node 42, SINR:5.99269e-01, BpsHz:4.83866e-02
Node 75, SINR:5.99269e-01, BpsHz:4.83866e-02
---------------
==========Cluster 2, RcvInterf=7.44723e-14============
Node 24, SINR:3.07756e-01, BpsHz:4.83866e-02
Node 76, SINR:3.07756e-01, BpsHz:4.83866e-02
Node 82, SINR:0.00000e+00, BpsHz:0.00000e+00
Node 143, SINR:3.07756e-01, BpsHz:4.83866e-02
Node 159, SINR:3.07756e-01, BpsHz:4.83866e-02
Node 12, SINR:3.07756e-01, BpsHz:4.83866e-02
Node 156, SINR:3.07756e-01, BpsHz:4.83866e-02
Node 22, SINR:3.07756e-01, BpsHz:4.83866e-02
Node 164, SINR:3.07756e-01, BpsHz:4.83866e-02
---------------
==========Cluster 3, RcvInterf=3.83294e-14============
Node 4, SINR:7.68557e-01, BpsHz:4.83866e-02
Node 5, SINR:7.68557e-01, BpsHz:4.83866e-02
Node 7, SINR:7.68557e-01, BpsHz:4.83866e-02
Node 17, SINR:7.68557e-01, BpsHz:4.83866e-02
Node 26, SINR:7.68557e-01, BpsHz:4.83866e-02
Node 36, SINR:7.68557e-01, BpsHz:4.83866e-02
Node 46, SINR:7.68557e-01, BpsHz:4.83866e-02
Node 69, SINR:7.68557e-01, BpsHz:4.83866e-02
Node 71, SINR:7.68557e-01, BpsHz:4.83866e-02
Node 79, SINR:7.68557e-01, BpsHz:4.83866e-02
Node 81, SINR:7.68557e-01, BpsHz:4.83866e-02
Node 83, SINR:7.68557e-01, BpsHz:4.83866e-02
Node 87, SINR:7.68557e-01, BpsHz:4.83866e-02
Node 95, SINR:0.00000e+00, BpsHz:0.00000e+00
Node 100, SINR:7.68557e-01, BpsHz:4.83866e-02
Node 104, SINR:7.68557e-01, BpsHz:4.83866e-02
Node 128, SINR:7.68557e-01, BpsHz:4.83866e-02
Node 160, SINR:7.68557e-01, BpsHz:4.83866e-02
---------------
==========Cluster 4, RcvInterf=5.21192e-14============
Node 13, SINR:7.10225e-01, BpsHz:4.83866e-02
Node 19, SINR:7.10225e-01, BpsHz:4.83866e-02
Node 62, SINR:7.10225e-01, BpsHz:4.83866e-02
Node 65, SINR:7.10225e-01, BpsHz:4.83866e-02
Node 73, SINR:7.10225e-01, BpsHz:4.83866e-02
Node 85, SINR:7.10225e-01, BpsHz:4.83866e-02
Node 91, SINR:0.00000e+00, BpsHz:0.00000e+00
Node 102, SINR:7.10225e-01, BpsHz:4.83866e-02
Node 115, SINR:7.10225e-01, BpsHz:4.83866e-02
Node 140, SINR:7.10225e-01, BpsHz:4.83866e-02
Node 158, SINR:7.10225e-01, BpsHz:4.83866e-02
Node 161, SINR:7.10225e-01, BpsHz:4.83866e-02
Node 182, SINR:7.10225e-01, BpsHz:4.83866e-02
Node 138, SINR:7.10225e-01, BpsHz:4.83866e-02
Node 135, SINR:7.10225e-01, BpsHz:4.83866e-02
Node 56, SINR:7.10225e-01, BpsHz:4.83866e-02
Node 96, SINR:7.10225e-01, BpsHz:4.83866e-02
---------------
==========Cluster 5, RcvInterf=2.85945e-14============
Node 37, SINR:3.98486e-01, BpsHz:4.83866e-02
Node 45, SINR:0.00000e+00, BpsHz:0.00000e+00
Node 60, SINR:3.98486e-01, BpsHz:4.83866e-02
Node 64, SINR:3.98486e-01, BpsHz:4.83866e-02
Node 72, SINR:3.98486e-01, BpsHz:4.83866e-02
Node 108, SINR:3.98486e-01, BpsHz:4.83866e-02
Node 114, SINR:3.98486e-01, BpsHz:4.83866e-02
Node 131, SINR:3.98486e-01, BpsHz:4.83866e-02
Node 99, SINR:3.98486e-01, BpsHz:4.83866e-02
Node 53, SINR:3.98486e-01, BpsHz:4.83866e-02
Node 0, SINR:3.98486e-01, BpsHz:4.83866e-02
---------------
==========Cluster 6, RcvInterf=3.39436e-14============
Node 1, SINR:1.02247e+00, BpsHz:4.83866e-02
Node 15, SINR:1.02247e+00, BpsHz:4.83866e-02
Node 21, SINR:1.02247e+00, BpsHz:4.83866e-02
Node 38, SINR:1.02247e+00, BpsHz:4.83866e-02
Node 39, SINR:1.02247e+00, BpsHz:4.83866e-02
Node 48, SINR:1.02247e+00, BpsHz:4.83866e-02
Node 57, SINR:1.02247e+00, BpsHz:4.83866e-02
Node 58, SINR:1.02247e+00, BpsHz:4.83866e-02
Node 78, SINR:1.02247e+00, BpsHz:4.83866e-02
Node 86, SINR:1.02247e+00, BpsHz:4.83866e-02
Node 94, SINR:1.02247e+00, BpsHz:4.83866e-02
Node 112, SINR:1.02247e+00, BpsHz:4.83866e-02
Node 124, SINR:1.02247e+00, BpsHz:4.83866e-02
Node 134, SINR:1.02247e+00, BpsHz:4.83866e-02
Node 136, SINR:1.02247e+00, BpsHz:4.83866e-02
Node 163, SINR:1.02247e+00, BpsHz:4.83866e-02
Node 184, SINR:0.00000e+00, BpsHz:0.00000e+00
Node 188, SINR:1.02247e+00, BpsHz:4.83866e-02
Node 191, SINR:1.02247e+00, BpsHz:4.83866e-02
Node 84, SINR:1.02247e+00, BpsHz:4.83866e-02
Node 8, SINR:1.02247e+00, BpsHz:4.83866e-02
Node 55, SINR:1.02247e+00, BpsHz:4.83866e-02
---------------
==========Cluster 7, RcvInterf=6.40831e-14============
Node 6, SINR:6.53817e-01, BpsHz:4.83866e-02
Node 11, SINR:6.53817e-01, BpsHz:4.83866e-02
Node 28, SINR:6.53817e-01, BpsHz:4.83866e-02
Node 30, SINR:6.53817e-01, BpsHz:4.83866e-02
Node 50, SINR:6.53817e-01, BpsHz:4.83866e-02
Node 66, SINR:6.53817e-01, BpsHz:4.83866e-02
Node 97, SINR:6.53817e-01, BpsHz:4.83866e-02
Node 121, SINR:0.00000e+00, BpsHz:0.00000e+00
Node 147, SINR:6.53817e-01, BpsHz:4.83866e-02
Node 150, SINR:6.53817e-01, BpsHz:4.83866e-02
Node 176, SINR:6.53817e-01, BpsHz:4.83866e-02
Node 186, SINR:6.53817e-01, BpsHz:4.83866e-02
Node 183, SINR:6.53817e-01, BpsHz:4.83866e-02
Node 103, SINR:6.53817e-01, BpsHz:4.83866e-02
Node 118, SINR:6.53817e-01, BpsHz:4.83866e-02
Node 153, SINR:6.53817e-01, BpsHz:4.83866e-02
---------------
==========Cluster 8, RcvInterf=6.02883e-14============
Node 33, SINR:7.10225e-01, BpsHz:4.83866e-02
Node 49, SINR:7.10225e-01, BpsHz:4.83866e-02
Node 51, SINR:7.10225e-01, BpsHz:4.83866e-02
Node 68, SINR:7.10225e-01, BpsHz:4.83866e-02
Node 129, SINR:7.10225e-01, BpsHz:4.83866e-02
Node 130, SINR:7.10225e-01, BpsHz:4.83866e-02
Node 146, SINR:7.10225e-01, BpsHz:4.83866e-02
Node 149, SINR:0.00000e+00, BpsHz:0.00000e+00
Node 177, SINR:7.10225e-01, BpsHz:4.83866e-02
Node 178, SINR:7.10225e-01, BpsHz:4.83866e-02
Node 179, SINR:7.10225e-01, BpsHz:4.83866e-02
Node 194, SINR:7.10225e-01, BpsHz:4.83866e-02
Node 18, SINR:7.10225e-01, BpsHz:4.83866e-02
Node 122, SINR:7.10225e-01, BpsHz:4.83866e-02
Node 132, SINR:7.10225e-01, BpsHz:4.83866e-02
Node 109, SINR:7.10225e-01, BpsHz:4.83866e-02
Node 106, SINR:7.10225e-01, BpsHz:4.83866e-02
---------------
==========Cluster 9, RcvInterf=1.00011e-13============
Node 14, SINR:4.95512e-01, BpsHz:4.83866e-02
Node 23, SINR:0.00000e+00, BpsHz:0.00000e+00
Node 44, SINR:4.95512e-01, BpsHz:4.83866e-02
Node 113, SINR:4.95512e-01, BpsHz:4.83866e-02
Node 116, SINR:4.95512e-01, BpsHz:4.83866e-02
Node 127, SINR:4.95512e-01, BpsHz:4.83866e-02
Node 137, SINR:4.95512e-01, BpsHz:4.83866e-02
Node 166, SINR:4.95512e-01, BpsHz:4.83866e-02
Node 170, SINR:4.95512e-01, BpsHz:4.83866e-02
Node 172, SINR:4.95512e-01, BpsHz:4.83866e-02
Node 169, SINR:4.95512e-01, BpsHz:4.83866e-02
Node 35, SINR:4.95512e-01, BpsHz:4.83866e-02
Node 27, SINR:4.95512e-01, BpsHz:4.83866e-02
---------------
==========Cluster 10, RcvInterf=7.93570e-14============
Node 10, SINR:1.02247e+00, BpsHz:4.83866e-02
Node 47, SINR:1.02247e+00, BpsHz:4.83866e-02
Node 63, SINR:1.02247e+00, BpsHz:4.83866e-02
Node 67, SINR:1.02247e+00, BpsHz:4.83866e-02
Node 92, SINR:1.02247e+00, BpsHz:4.83866e-02
Node 98, SINR:0.00000e+00, BpsHz:0.00000e+00
Node 120, SINR:1.02247e+00, BpsHz:4.83866e-02
Node 126, SINR:1.02247e+00, BpsHz:4.83866e-02
Node 141, SINR:1.02247e+00, BpsHz:4.83866e-02
Node 154, SINR:1.02247e+00, BpsHz:4.83866e-02
Node 155, SINR:1.02247e+00, BpsHz:4.83866e-02
Node 175, SINR:1.02247e+00, BpsHz:4.83866e-02
Node 185, SINR:1.02247e+00, BpsHz:4.83866e-02
Node 193, SINR:1.02247e+00, BpsHz:4.83866e-02
Node 74, SINR:1.02247e+00, BpsHz:4.83866e-02
Node 89, SINR:1.02247e+00, BpsHz:4.83866e-02
Node 25, SINR:1.02247e+00, BpsHz:4.83866e-02
Node 80, SINR:1.02247e+00, BpsHz:4.83866e-02
Node 52, SINR:1.02247e+00, BpsHz:4.83866e-02
Node 192, SINR:1.02247e+00, BpsHz:4.83866e-02
Node 111, SINR:1.02247e+00, BpsHz:4.83866e-02
Node 171, SINR:1.02247e+00, BpsHz:4.83866e-02
---------------
