195
11
1.000000e-03
1.931016e-312
161
3000
1.451740e+01
9.133911e-01
1.451740e-05
1.100586e-06
0 0 0 0 0 0 0 0 1 0 0 0 0 0 0 0 0 0 0 0 0 0 0 0 0 0 0 0 0 0 0 0 0 0 0 0 0 0 0 0 0 0 0 0 0 0 0 0 0 0 0 0 1 0 0 1 0 0 0 0 0 0 0 1 0 0 0 0 0 0 0 0 0 0 1 0 0 0 0 0 0 0 0 0 1 0 0 0 0 0 0 0 1 0 0 0 0 0 0 0 0 0 0 0 0 0 0 1 0 0 0 1 0 0 0 0 0 0 0 0 0 0 0 0 0 0 1 0 0 0 0 0 0 0 0 0 0 0 0 0 0 0 0 0 0 0 0 0 0 0 0 0 0 0 0 0 0 0 0 0 0 0 0 0 0 0 0 0 0 0 0 0 0 0 0 0 0 0 0 0 0 0 0 0 0 0 0 0 0 0 0 0 0 0 0 
1 0 0 0 0 0 0 0 0 0 0 0 0 0 0 0 0 0 0 0 0 0 0 0 0 0 0 0 0 0 0 0 0 0 0 0 0 0 0 0 0 0 0 0 0 1 0 0 0 0 0 0 0 1 0 0 0 0 0 0 1 0 0 0 1 0 0 0 0 0 0 0 1 0 0 0 0 0 0 0 0 0 0 0 0 0 0 0 0 0 0 0 0 0 0 0 0 0 0 1 0 0 0 0 0 0 0 0 1 0 0 0 0 0 1 0 0 0 0 0 0 0 0 0 0 0 0 0 0 0 0 1 0 0 0 0 0 0 0 0 0 0 0 0 0 0 0 0 0 0 0 0 0 0 0 0 0 0 0 0 0 0 1 0 0 0 0 0 0 0 0 0 0 0 0 0 0 0 0 0 0 0 0 0 0 0 0 0 0 0 0 0 0 0 0 
0 0 0 0 0 0 0 0 0 0 1 0 0 0 0 0 0 0 0 0 0 0 0 0 0 0 0 0 0 0 0 0 0 0 0 0 0 0 0 0 0 0 0 1 0 0 0 1 0 0 0 0 0 0 0 0 0 0 0 1 0 0 0 0 0 0 0 1 0 0 0 0 0 0 0 0 0 0 0 0 0 0 0 0 0 0 0 0 0 1 0 0 0 1 0 0 0 0 1 0 0 1 0 0 0 0 0 0 0 0 0 0 0 0 0 0 0 0 0 0 1 0 0 0 0 1 0 0 0 0 0 0 0 0 0 0 0 0 0 0 0 1 0 0 1 0 0 0 1 0 0 0 0 0 1 1 0 0 0 0 0 0 0 0 0 0 0 0 0 0 0 1 0 0 0 1 0 0 0 0 0 0 0 0 0 1 0 0 0 0 0 0 1 1 0 
0 0 0 0 0 0 1 0 0 0 0 1 0 0 0 0 0 0 0 0 0 0 0 0 0 0 0 0 1 0 1 0 0 0 0 0 0 0 0 0 0 0 0 0 0 0 0 0 0 0 1 0 0 0 0 0 0 0 0 0 0 0 0 0 0 0 1 0 0 0 0 0 0 0 0 0 0 0 0 0 0 0 0 0 0 0 0 0 0 0 0 0 0 0 0 0 0 1 0 0 0 0 0 0 0 0 0 0 0 0 0 0 0 0 0 0 0 0 1 0 0 1 0 0 0 0 0 0 0 0 0 0 0 0 0 0 0 0 0 0 0 0 0 0 0 0 0 1 0 0 1 0 0 0 0 0 0 0 0 0 0 0 0 0 0 0 0 0 0 0 0 0 0 0 0 0 1 0 0 0 0 0 0 1 0 0 1 0 0 0 0 0 0 0 0 
0 0 0 0 0 0 0 0 0 0 0 0 1 0 0 0 0 0 0 0 0 0 1 0 1 0 0 0 0 0 0 1 1 0 0 0 0 0 0 0 0 0 0 0 0 0 0 0 0 0 0 0 0 0 0 0 0 0 0 0 0 0 0 0 0 0 0 0 0 0 1 0 0 0 0 0 1 0 0 0 0 0 1 0 0 0 0 0 0 0 0 0 0 0 0 0 0 0 0 0 0 0 0 1 0 0 0 0 0 0 0 0 0 0 0 0 0 1 0 0 0 0 0 1 0 0 0 0 0 0 0 0 0 1 0 0 0 0 0 0 0 0 1 1 0 0 0 0 0 0 0 1 0 0 0 0 1 0 0 1 0 0 0 0 1 0 0 0 0 0 0 0 0 0 0 0 0 0 0 0 0 0 0 0 0 0 0 1 0 0 0 0 0 0 0 
0 0 0 0 0 0 0 0 0 0 0 0 0 1 0 0 0 0 0 1 0 0 0 0 0 0 0 0 0 0 0 0 0 0 0 0 0 0 0 0 0 0 0 0 0 0 0 0 0 0 0 0 0 0 0 0 1 0 0 0 0 0 1 0 0 1 0 0 0 0 0 0 0 1 0 0 0 0 0 0 0 0 0 0 0 1 0 0 0 0 0 1 0 0 0 0 1 0 0 0 0 0 1 0 0 0 0 0 0 0 0 0 0 0 0 1 0 0 0 0 0 0 0 0 0 0 0 0 0 0 0 0 0 0 0 1 0 0 1 1 1 0 0 0 0 0 0 0 0 0 0 0 1 0 0 0 0 0 1 0 0 1 0 0 0 0 0 0 0 0 0 0 0 0 0 0 0 0 0 0 1 0 1 0 0 0 0 0 0 0 0 0 0 0 0 
0 0 0 0 0 0 0 0 0 0 0 0 0 0 1 0 0 0 0 0 0 0 0 1 0 0 0 1 0 0 0 0 0 0 0 1 0 0 0 0 0 0 0 0 1 0 0 0 0 0 0 0 0 0 0 0 0 0 0 0 0 1 0 0 0 0 0 0 0 0 0 0 0 0 0 0 0 0 0 0 0 0 0 0 0 0 0 0 0 0 0 0 0 0 0 0 0 0 0 0 0 0 0 0 0 0 0 0 0 0 0 0 0 1 0 0 1 0 0 0 0 0 0 0 0 0 0 1 0 0 0 0 0 0 0 0 0 1 0 0 0 0 0 0 0 0 0 0 0 0 0 0 0 0 0 0 0 0 0 0 0 0 0 0 0 0 1 0 0 1 1 0 1 0 0 0 0 0 0 0 0 0 0 0 0 0 0 0 0 0 0 0 0 0 0 
0 1 0 0 0 0 0 0 0 0 0 0 0 0 0 1 0 0 0 0 0 1 0 0 0 0 0 0 0 0 0 0 0 0 0 0 0 0 1 1 0 0 0 0 0 0 0 0 1 0 0 0 0 0 0 0 0 1 1 0 0 0 0 0 0 0 0 0 0 0 0 0 0 0 0 0 0 0 1 0 0 0 0 0 0 0 1 0 0 0 0 0 0 0 1 0 0 0 0 0 0 0 0 0 0 0 0 0 0 0 0 0 1 0 0 0 0 0 0 0 0 0 0 0 1 0 0 0 0 0 0 0 0 0 1 0 1 0 0 0 0 0 0 0 0 0 0 0 0 0 0 0 0 0 0 0 0 0 0 0 0 0 0 0 0 0 0 0 0 0 0 0 0 0 0 0 0 0 0 0 0 0 0 0 1 0 0 0 1 0 0 0 0 0 0 
0 0 1 0 0 0 0 0 0 0 0 0 0 0 0 0 1 0 0 0 0 0 0 0 0 0 0 0 0 1 0 0 0 0 1 0 0 0 0 0 1 0 1 0 0 0 0 0 0 0 0 0 0 0 0 0 0 0 0 0 0 0 0 0 0 0 0 0 0 0 0 0 0 0 0 1 0 0 0 0 1 0 0 0 0 0 0 0 0 0 0 0 0 0 0 0 0 0 0 0 0 0 0 0 0 0 0 0 0 0 0 0 0 0 0 0 0 0 0 0 0 0 0 0 0 0 0 0 0 0 0 0 0 0 0 0 0 0 0 0 0 0 0 0 0 0 0 0 0 0 0 0 0 0 0 0 0 0 0 0 0 0 0 0 0 0 0 0 0 0 0 0 0 1 1 0 0 0 0 0 0 0 0 0 0 0 0 0 0 0 1 0 0 0 0 
0 0 0 0 0 1 0 1 0 1 0 0 0 0 0 0 0 1 0 0 0 0 0 0 0 0 1 0 0 0 0 0 0 0 0 0 1 0 0 0 0 0 0 0 0 0 1 0 0 0 0 0 0 0 1 0 0 0 0 0 0 0 0 0 0 0 0 0 0 0 0 1 0 0 0 0 0 0 0 1 0 1 0 1 0 0 0 1 0 0 0 0 0 0 0 1 0 0 0 0 1 0 0 0 1 0 0 0 0 0 0 0 0 0 0 0 0 0 0 0 0 0 0 0 0 0 0 0 1 0 0 0 0 0 0 0 0 0 0 0 0 0 0 0 0 0 0 0 0 0 0 0 0 0 0 0 0 0 0 0 1 0 0 0 0 0 0 0 0 0 0 0 0 0 0 0 0 0 0 0 0 0 0 0 0 0 0 0 0 0 0 0 0 0 0 
0 0 0 0 0 0 0 0 0 0 0 0 0 0 0 0 0 0 1 0 0 0 0 0 0 0 0 0 0 0 0 0 0 1 0 0 0 0 0 0 0 0 0 0 0 0 0 0 0 1 0 1 0 0 0 0 0 0 0 0 0 0 0 0 0 0 0 0 1 0 0 0 0 0 0 0 0 0 0 0 0 0 0 0 0 0 0 0 0 0 0 0 0 0 0 0 0 0 0 0 0 0 0 0 0 0 0 0 0 0 0 0 0 0 0 0 0 0 0 0 0 0 1 0 0 0 0 0 0 1 1 0 1 0 0 0 0 0 0 0 0 0 0 0 0 0 1 0 0 1 0 0 0 0 0 0 0 0 0 0 0 0 0 0 0 1 0 0 0 0 0 0 0 0 0 0 0 1 1 1 0 0 0 0 0 0 0 0 0 1 0 0 0 0 1 
53 61 68 122 25 92 24 185 30 96 150 
7.903525E-05 2.186189E-04 1.765173E-05 0.000000E+00 0.000000E+00 5.910988E-06 2.809610E-04 5.673386E-06 9.191786E-05 4.105147E-05 2.839470E-04 2.266283E-06 1.408136E-04 3.769491E-04 2.710077E-05 9.787521E-05 3.307165E-05 1.297432E-05 8.719673E-05 1.043971E-04 0.000000E+00 1.886744E-05 8.257991E-05 0.000000E+00 0.000000E+00 0.000000E+00 5.578048E-06 2.984983E-04 9.389425E-06 0.000000E+00 9.028149E-05 4.143426E-04 3.231111E-05 1.058832E-05 2.253198E-05 6.171259E-05 3.553163E-05 0.000000E+00 4.082280E-06 1.060010E-04 4.104649E-05 0.000000E+00 3.687837E-04 3.709435E-04 6.920801E-05 1.969806E-06 1.904372E-05 7.766949E-06 2.018430E-05 3.322377E-05 9.406116E-06 1.436007E-04 0.000000E+00 4.192550E-05 9.994103E-04 3.137623E-04 7.695689E-04 1.690721E-04 4.337043E-05 1.162080E-04 0.000000E+00 1.432904E-04 4.052682E-04 1.622857E-05 2.367202E-05 1.070315E-04 7.970979E-05 0.000000E+00 6.472308E-05 0.000000E+00 8.083697E-06 2.016182E-06 8.036901E-05 2.098997E-06 9.330004E-06 4.681813E-05 9.552493E-06 0.000000E+00 2.310751E-05 1.089593E-04 4.797383E-05 1.188615E-04 2.586555E-06 6.668266E-07 1.474506E-05 4.774366E-05 8.619340E-05 3.069441E-05 0.000000E+00 1.961303E-04 0.000000E+00 0.000000E+00 7.651933E-06 8.129732E-05 4.663364E-06 0.000000E+00 6.071336E-04 5.204583E-05 2.399682E-05 6.537779E-05 8.194156E-05 2.019258E-04 8.991759E-05 1.212997E-04 2.952163E-05 0.000000E+00 0.000000E+00 4.557326E-05 1.686415E-04 0.000000E+00 0.000000E+00 4.057898E-06 2.105017E-07 1.650792E-06 1.355848E-05 5.787826E-05 3.594438E-05 9.894674E-04 1.771770E-04 0.000000E+00 2.532881E-06 0.000000E+00 7.279163E-05 2.398513E-05 8.661218E-04 7.329202E-04 2.621619E-05 1.564156E-05 1.312152E-07 4.132768E-05 4.672999E-06 3.147943E-05 1.480827E-04 1.177266E-04 7.903925E-05 1.011641E-05 1.940416E-04 7.042639E-06 2.666187E-04 3.368770E-05 9.524555E-09 2.841495E-05 1.826935E-04 1.210877E-05 4.474848E-04 0.000000E+00 5.196790E-05 5.522891E-06 2.860809E-04 0.000000E+00 5.222066E-06 5.030782E-04 8.316731E-05 0.000000E+00 1.154224E-04 7.795244E-07 8.533763E-05 0.000000E+00 2.263386E-06 7.846595E-05 1.382941E-04 4.491665E-05 1.528286E-04 0.000000E+00 1.567561E-05 3.254117E-04 1.330395E-05 0.000000E+00 0.000000E+00 3.426724E-05 5.840237E-06 8.865991E-06 5.267798E-05 1.829127E-04 1.593151E-05 3.058884E-05 1.662636E-04 2.747722E-05 2.932805E-06 1.680691E-05 9.204823E-05 0.000000E+00 2.412524E-05 6.058264E-04 0.000000E+00 1.435848E-04 2.275746E-04 5.868951E-05 9.370955E-06 2.195248E-04 6.385770E-05 0.000000E+00 1.768162E-04 4.264592E-04 2.173418E-05 
53 93 112 75 64 85 127 108 9 56 
46 54 61 65 73 100 109 115 132 163 1 
48 60 68 90 94 99 102 121 142 145 149 156 172 176 186 193 194 155 44 126 11 
12 29 51 122 148 151 177 187 7 98 67 119 31 184 
13 25 32 71 77 83 104 124 134 143 144 157 160 165 188 33 118 23 152 
20 63 66 74 86 92 103 116 136 139 141 153 159 162 181 183 57 14 97 140 
15 24 45 114 117 128 138 167 170 171 173 36 28 62 
16 22 39 40 49 59 79 87 95 113 137 185 189 2 135 125 58 
3 17 30 35 76 175 41 191 174 43 81 
6 8 18 27 37 47 72 80 84 88 96 101 105 129 161 10 82 55 
19 34 52 69 130 131 150 178 179 180 195 50 190 133 147 123 166 

============Find Best @ Round 2448================
==========Cluster 0, RcvInterf=2.15743e-13============
Node 52, SINR:0.00000e+00, BpsHz:0.00000e+00
Node 92, SINR:4.64073e-01, BpsHz:6.11097e-02
Node 111, SINR:4.64073e-01, BpsHz:6.11097e-02
Node 74, SINR:4.64073e-01, BpsHz:6.11097e-02
Node 63, SINR:4.64073e-01, BpsHz:6.11097e-02
Node 84, SINR:4.64073e-01, BpsHz:6.11097e-02
Node 126, SINR:4.64073e-01, BpsHz:6.11097e-02
Node 107, SINR:4.64073e-01, BpsHz:6.11097e-02
Node 8, SINR:4.64073e-01, BpsHz:6.11097e-02
Node 55, SINR:4.64073e-01, BpsHz:6.11097e-02
---------------
==========Cluster 1, RcvInterf=9.94131e-14============
Node 45, SINR:5.27421e-01, BpsHz:6.11097e-02
Node 53, SINR:5.27421e-01, BpsHz:6.11097e-02
Node 60, SINR:0.00000e+00, BpsHz:0.00000e+00
Node 64, SINR:5.27421e-01, BpsHz:6.11097e-02
Node 72, SINR:5.27421e-01, BpsHz:6.11097e-02
Node 99, SINR:5.27421e-01, BpsHz:6.11097e-02
Node 108, SINR:5.27421e-01, BpsHz:6.11097e-02
Node 114, SINR:5.27421e-01, BpsHz:6.11097e-02
Node 131, SINR:5.27421e-01, BpsHz:6.11097e-02
Node 162, SINR:5.27421e-01, BpsHz:6.11097e-02
Node 0, SINR:5.27421e-01, BpsHz:6.11097e-02
---------------
==========Cluster 2, RcvInterf=7.18266e-14============
Node 47, SINR:1.33301e+00, BpsHz:6.11097e-02
Node 59, SINR:1.33301e+00, BpsHz:6.11097e-02
Node 67, SINR:0.00000e+00, BpsHz:0.00000e+00
Node 89, SINR:1.33301e+00, BpsHz:6.11097e-02
Node 93, SINR:1.33301e+00, BpsHz:6.11097e-02
Node 98, SINR:1.33301e+00, BpsHz:6.11097e-02
Node 101, SINR:1.33301e+00, BpsHz:6.11097e-02
Node 120, SINR:1.33301e+00, BpsHz:6.11097e-02
Node 141, SINR:1.33301e+00, BpsHz:6.11097e-02
Node 144, SINR:1.33301e+00, BpsHz:6.11097e-02
Node 148, SINR:1.33301e+00, BpsHz:6.11097e-02
Node 155, SINR:1.33301e+00, BpsHz:6.11097e-02
Node 171, SINR:1.33301e+00, BpsHz:6.11097e-02
Node 175, SINR:1.33301e+00, BpsHz:6.11097e-02
Node 185, SINR:1.33301e+00, BpsHz:6.11097e-02
Node 192, SINR:1.33301e+00, BpsHz:6.11097e-02
Node 193, SINR:1.33301e+00, BpsHz:6.11097e-02
Node 154, SINR:1.33301e+00, BpsHz:6.11097e-02
Node 43, SINR:1.33301e+00, BpsHz:6.11097e-02
Node 125, SINR:1.33301e+00, BpsHz:6.11097e-02
Node 10, SINR:1.33301e+00, BpsHz:6.11097e-02
---------------
==========Cluster 3, RcvInterf=1.36685e-13============
Node 11, SINR:7.34388e-01, BpsHz:6.11097e-02
Node 28, SINR:7.34388e-01, BpsHz:6.11097e-02
Node 50, SINR:7.34388e-01, BpsHz:6.11097e-02
Node 121, SINR:0.00000e+00, BpsHz:0.00000e+00
Node 147, SINR:7.34388e-01, BpsHz:6.11097e-02
Node 150, SINR:7.34388e-01, BpsHz:6.11097e-02
Node 176, SINR:7.34388e-01, BpsHz:6.11097e-02
Node 186, SINR:7.34388e-01, BpsHz:6.11097e-02
Node 6, SINR:7.34388e-01, BpsHz:6.11097e-02
Node 97, SINR:7.34388e-01, BpsHz:6.11097e-02
Node 66, SINR:7.34388e-01, BpsHz:6.11097e-02
Node 118, SINR:7.34388e-01, BpsHz:6.11097e-02
Node 30, SINR:7.34388e-01, BpsHz:6.11097e-02
Node 183, SINR:7.34388e-01, BpsHz:6.11097e-02
---------------
==========Cluster 4, RcvInterf=5.25092e-14============
Node 12, SINR:1.14351e+00, BpsHz:6.11097e-02
Node 24, SINR:0.00000e+00, BpsHz:0.00000e+00
Node 31, SINR:1.14351e+00, BpsHz:6.11097e-02
Node 70, SINR:1.14351e+00, BpsHz:6.11097e-02
Node 76, SINR:1.14351e+00, BpsHz:6.11097e-02
Node 82, SINR:1.14351e+00, BpsHz:6.11097e-02
Node 103, SINR:1.14351e+00, BpsHz:6.11097e-02
Node 123, SINR:1.14351e+00, BpsHz:6.11097e-02
Node 133, SINR:1.14351e+00, BpsHz:6.11097e-02
Node 142, SINR:1.14351e+00, BpsHz:6.11097e-02
Node 143, SINR:1.14351e+00, BpsHz:6.11097e-02
Node 156, SINR:1.14351e+00, BpsHz:6.11097e-02
Node 159, SINR:1.14351e+00, BpsHz:6.11097e-02
Node 164, SINR:1.14351e+00, BpsHz:6.11097e-02
Node 187, SINR:1.14351e+00, BpsHz:6.11097e-02
Node 32, SINR:1.14351e+00, BpsHz:6.11097e-02
Node 117, SINR:1.14351e+00, BpsHz:6.11097e-02
Node 22, SINR:1.14351e+00, BpsHz:6.11097e-02
Node 151, SINR:1.14351e+00, BpsHz:6.11097e-02
---------------
==========Cluster 5, RcvInterf=5.07627e-14============
Node 19, SINR:1.23626e+00, BpsHz:6.11097e-02
Node 62, SINR:1.23626e+00, BpsHz:6.11097e-02
Node 65, SINR:1.23626e+00, BpsHz:6.11097e-02
Node 73, SINR:1.23626e+00, BpsHz:6.11097e-02
Node 85, SINR:1.23626e+00, BpsHz:6.11097e-02
Node 91, SINR:0.00000e+00, BpsHz:0.00000e+00
Node 102, SINR:1.23626e+00, BpsHz:6.11097e-02
Node 115, SINR:1.23626e+00, BpsHz:6.11097e-02
Node 135, SINR:1.23626e+00, BpsHz:6.11097e-02
Node 138, SINR:1.23626e+00, BpsHz:6.11097e-02
Node 140, SINR:1.23626e+00, BpsHz:6.11097e-02
Node 152, SINR:1.23626e+00, BpsHz:6.11097e-02
Node 158, SINR:1.23626e+00, BpsHz:6.11097e-02
Node 161, SINR:1.23626e+00, BpsHz:6.11097e-02
Node 180, SINR:1.23626e+00, BpsHz:6.11097e-02
Node 182, SINR:1.23626e+00, BpsHz:6.11097e-02
Node 56, SINR:1.23626e+00, BpsHz:6.11097e-02
Node 13, SINR:1.23626e+00, BpsHz:6.11097e-02
Node 96, SINR:1.23626e+00, BpsHz:6.11097e-02
Node 139, SINR:1.23626e+00, BpsHz:6.11097e-02
---------------
==========Cluster 6, RcvInterf=1.05914e-13============
Node 14, SINR:7.34388e-01, BpsHz:6.11097e-02
Node 23, SINR:0.00000e+00, BpsHz:0.00000e+00
Node 44, SINR:7.34388e-01, BpsHz:6.11097e-02
Node 113, SINR:7.34388e-01, BpsHz:6.11097e-02
Node 116, SINR:7.34388e-01, BpsHz:6.11097e-02
Node 127, SINR:7.34388e-01, BpsHz:6.11097e-02
Node 137, SINR:7.34388e-01, BpsHz:6.11097e-02
Node 166, SINR:7.34388e-01, BpsHz:6.11097e-02
Node 169, SINR:7.34388e-01, BpsHz:6.11097e-02
Node 170, SINR:7.34388e-01, BpsHz:6.11097e-02
Node 172, SINR:7.34388e-01, BpsHz:6.11097e-02
Node 35, SINR:7.34388e-01, BpsHz:6.11097e-02
Node 27, SINR:7.34388e-01, BpsHz:6.11097e-02
Node 61, SINR:7.34388e-01, BpsHz:6.11097e-02
---------------
==========Cluster 7, RcvInterf=6.71445e-14============
Node 15, SINR:9.69399e-01, BpsHz:6.11097e-02
Node 21, SINR:9.69399e-01, BpsHz:6.11097e-02
Node 38, SINR:9.69399e-01, BpsHz:6.11097e-02
Node 39, SINR:9.69399e-01, BpsHz:6.11097e-02
Node 48, SINR:9.69399e-01, BpsHz:6.11097e-02
Node 58, SINR:9.69399e-01, BpsHz:6.11097e-02
Node 78, SINR:9.69399e-01, BpsHz:6.11097e-02
Node 86, SINR:9.69399e-01, BpsHz:6.11097e-02
Node 94, SINR:9.69399e-01, BpsHz:6.11097e-02
Node 112, SINR:9.69399e-01, BpsHz:6.11097e-02
Node 136, SINR:9.69399e-01, BpsHz:6.11097e-02
Node 184, SINR:0.00000e+00, BpsHz:0.00000e+00
Node 188, SINR:9.69399e-01, BpsHz:6.11097e-02
Node 1, SINR:9.69399e-01, BpsHz:6.11097e-02
Node 134, SINR:9.69399e-01, BpsHz:6.11097e-02
Node 124, SINR:9.69399e-01, BpsHz:6.11097e-02
Node 57, SINR:9.69399e-01, BpsHz:6.11097e-02
---------------
==========Cluster 8, RcvInterf=1.41060e-13============
Node 2, SINR:5.27421e-01, BpsHz:6.11097e-02
Node 16, SINR:5.27421e-01, BpsHz:6.11097e-02
Node 29, SINR:0.00000e+00, BpsHz:0.00000e+00
Node 34, SINR:5.27421e-01, BpsHz:6.11097e-02
Node 75, SINR:5.27421e-01, BpsHz:6.11097e-02
Node 174, SINR:5.27421e-01, BpsHz:6.11097e-02
Node 40, SINR:5.27421e-01, BpsHz:6.11097e-02
Node 190, SINR:5.27421e-01, BpsHz:6.11097e-02
Node 173, SINR:5.27421e-01, BpsHz:6.11097e-02
Node 42, SINR:5.27421e-01, BpsHz:6.11097e-02
Node 80, SINR:5.27421e-01, BpsHz:6.11097e-02
---------------
==========Cluster 9, RcvInterf=4.22046e-14============
Node 5, SINR:1.05461e+00, BpsHz:6.11097e-02
Node 7, SINR:1.05461e+00, BpsHz:6.11097e-02
Node 17, SINR:1.05461e+00, BpsHz:6.11097e-02
Node 26, SINR:1.05461e+00, BpsHz:6.11097e-02
Node 36, SINR:1.05461e+00, BpsHz:6.11097e-02
Node 46, SINR:1.05461e+00, BpsHz:6.11097e-02
Node 71, SINR:1.05461e+00, BpsHz:6.11097e-02
Node 79, SINR:1.05461e+00, BpsHz:6.11097e-02
Node 83, SINR:1.05461e+00, BpsHz:6.11097e-02
Node 87, SINR:1.05461e+00, BpsHz:6.11097e-02
Node 95, SINR:0.00000e+00, BpsHz:0.00000e+00
Node 100, SINR:1.05461e+00, BpsHz:6.11097e-02
Node 104, SINR:1.05461e+00, BpsHz:6.11097e-02
Node 128, SINR:1.05461e+00, BpsHz:6.11097e-02
Node 160, SINR:1.05461e+00, BpsHz:6.11097e-02
Node 9, SINR:1.05461e+00, BpsHz:6.11097e-02
Node 81, SINR:1.05461e+00, BpsHz:6.11097e-02
Node 54, SINR:1.05461e+00, BpsHz:6.11097e-02
---------------
==========Cluster 10, RcvInterf=4.62396e-14============
Node 18, SINR:9.69399e-01, BpsHz:6.11097e-02
Node 33, SINR:9.69399e-01, BpsHz:6.11097e-02
Node 51, SINR:9.69399e-01, BpsHz:6.11097e-02
Node 68, SINR:9.69399e-01, BpsHz:6.11097e-02
Node 129, SINR:9.69399e-01, BpsHz:6.11097e-02
Node 130, SINR:9.69399e-01, BpsHz:6.11097e-02
Node 149, SINR:0.00000e+00, BpsHz:0.00000e+00
Node 177, SINR:9.69399e-01, BpsHz:6.11097e-02
Node 178, SINR:9.69399e-01, BpsHz:6.11097e-02
Node 179, SINR:9.69399e-01, BpsHz:6.11097e-02
Node 194, SINR:9.69399e-01, BpsHz:6.11097e-02
Node 49, SINR:9.69399e-01, BpsHz:6.11097e-02
Node 189, SINR:9.69399e-01, BpsHz:6.11097e-02
Node 132, SINR:9.69399e-01, BpsHz:6.11097e-02
Node 146, SINR:9.69399e-01, BpsHz:6.11097e-02
Node 122, SINR:9.69399e-01, BpsHz:6.11097e-02
Node 165, SINR:9.69399e-01, BpsHz:6.11097e-02
---------------
