195
11
1.000000e-03
1.931016e-312
159
3000
1.634520e+01
1.291199e+00
1.634520e-05
9.696760e-07
0 0 0 0 0 0 0 0 1 0 1 0 0 0 0 0 0 0 0 0 0 0 0 0 0 1 0 0 0 0 1 0 0 0 0 0 0 0 0 0 0 0 0 0 0 0 0 0 0 0 0 0 1 0 0 1 0 1 0 0 0 0 0 1 0 0 1 0 0 0 0 0 0 0 0 0 0 0 0 0 0 0 0 0 1 0 0 0 0 0 0 0 1 0 0 0 0 1 0 0 0 0 0 0 0 0 0 0 0 0 0 0 0 0 0 0 0 0 0 0 0 0 0 0 0 0 0 0 0 0 0 0 0 0 0 0 0 0 0 0 0 0 0 0 0 0 0 0 0 0 0 1 0 1 0 0 0 0 0 0 0 0 0 1 0 0 0 0 0 0 0 0 0 0 0 0 0 0 0 0 0 0 0 0 0 0 0 0 0 0 0 1 0 0 0 
0 0 0 0 0 0 0 0 0 0 0 0 0 0 0 0 0 0 0 0 0 0 0 0 0 0 0 0 0 0 0 1 0 0 0 0 0 0 0 0 0 1 0 1 0 0 0 0 0 0 0 0 0 0 0 0 0 0 0 1 0 0 0 0 0 0 0 0 0 0 0 0 0 0 0 0 0 0 0 0 0 0 0 0 0 0 0 0 0 0 1 0 0 0 0 0 0 0 0 0 0 1 0 0 0 0 0 0 0 0 1 0 0 0 0 0 0 1 0 0 0 0 0 0 0 1 0 0 0 0 0 0 0 1 0 0 0 0 0 0 0 0 1 0 1 0 0 0 1 0 0 0 0 0 0 0 0 1 0 0 0 0 1 0 0 0 0 0 0 0 0 0 0 0 0 0 0 0 0 0 0 0 0 0 0 0 0 1 0 0 0 0 1 0 0 
0 0 0 0 0 0 0 0 0 0 0 0 1 0 0 0 0 0 0 0 0 0 1 0 1 0 0 0 1 0 0 0 1 0 0 0 0 0 0 0 0 0 0 0 0 0 0 0 0 0 0 0 0 0 0 0 0 0 0 0 0 0 0 0 0 0 0 0 0 0 1 0 0 0 0 0 1 0 0 0 0 0 1 0 0 0 0 0 0 0 0 0 0 0 0 0 0 0 0 0 0 0 0 0 0 0 0 0 0 0 0 0 0 0 0 0 0 0 0 0 0 0 0 1 0 0 0 0 0 0 0 0 0 0 0 0 0 0 0 0 0 0 0 1 0 0 0 0 0 0 0 0 0 0 0 0 1 0 0 1 0 0 0 0 1 0 0 0 0 0 0 0 0 0 0 0 0 0 0 0 0 0 0 0 0 0 0 0 0 0 0 0 0 0 0 
0 0 0 0 0 0 0 0 0 0 0 0 0 0 0 0 0 0 1 0 0 0 0 0 0 0 0 0 0 0 0 0 0 1 0 0 0 0 0 0 0 0 0 0 0 0 0 0 0 1 0 1 0 0 0 0 0 0 0 0 0 0 0 0 0 0 0 0 1 0 0 0 0 0 0 0 0 0 0 0 0 0 0 0 0 0 0 0 0 0 0 0 0 0 0 0 0 0 0 0 0 0 0 0 0 0 0 0 0 0 0 0 0 0 0 0 0 0 0 0 0 0 1 0 0 0 0 0 0 1 1 0 1 0 0 0 0 0 0 0 0 0 0 0 0 0 1 0 0 1 0 0 0 0 0 0 0 0 0 0 0 0 0 0 0 1 0 0 0 0 0 0 0 0 0 0 0 1 1 1 0 0 0 0 0 0 0 0 0 0 0 0 0 0 1 
0 0 0 0 0 0 0 0 0 0 0 0 0 0 0 0 1 0 0 0 1 0 0 0 0 0 0 0 0 1 0 0 0 0 1 0 0 0 0 0 1 0 0 0 0 0 0 1 0 0 0 0 0 0 0 0 0 0 0 0 0 0 0 0 0 0 0 1 0 0 0 0 0 0 1 1 0 0 0 0 1 0 0 0 0 0 0 0 0 0 0 0 0 1 0 0 0 0 1 0 0 0 0 0 0 1 0 1 0 0 0 0 0 0 0 0 0 0 0 0 1 0 0 0 0 0 1 0 0 0 0 0 0 0 0 0 0 0 0 0 0 1 0 0 0 0 0 0 0 0 0 0 0 0 1 1 0 0 0 0 0 0 0 0 0 0 0 0 0 0 0 1 0 0 0 1 0 0 0 0 0 0 0 0 0 1 0 0 0 0 1 0 0 0 0 
0 0 0 0 0 0 0 0 0 0 0 0 0 0 1 0 0 0 0 0 0 0 0 1 0 0 0 1 0 0 0 0 0 0 0 1 0 0 0 0 0 0 1 0 1 0 0 0 0 0 0 0 0 0 0 0 0 0 0 0 0 1 0 0 0 0 0 0 0 0 0 0 0 0 0 0 0 0 0 0 0 0 0 0 0 0 0 0 0 0 0 0 0 0 0 0 0 0 0 0 0 0 0 0 0 0 0 0 0 0 0 0 0 1 0 0 1 0 0 0 0 0 0 0 0 0 0 1 0 0 0 0 0 0 0 0 0 1 0 0 0 0 0 0 0 0 0 0 0 0 0 0 0 0 0 0 0 0 0 0 0 0 0 0 0 0 1 0 0 1 1 0 1 0 0 0 0 0 0 0 0 0 0 0 0 0 0 0 0 0 0 0 0 0 0 
0 0 0 0 0 0 0 1 0 0 0 0 0 0 0 0 0 1 0 0 0 0 0 0 0 0 1 0 0 0 0 0 0 0 0 0 1 0 0 0 0 0 0 0 0 0 1 0 0 0 0 0 0 0 1 0 0 0 0 0 0 0 0 0 0 0 0 0 0 0 0 1 0 0 0 0 0 0 0 1 0 1 0 1 0 0 0 1 0 0 0 0 0 0 0 1 0 0 0 0 1 0 0 0 1 0 0 0 0 0 0 0 0 0 0 0 0 0 0 0 0 0 0 0 0 0 0 0 1 0 0 0 0 0 0 0 0 0 0 0 0 0 0 0 0 0 0 0 0 0 0 0 0 0 0 0 0 0 0 0 1 0 0 0 0 0 0 0 0 0 0 0 0 0 0 0 0 0 0 0 0 0 0 0 0 0 0 0 0 0 0 0 0 0 0 
1 0 0 0 0 0 0 0 0 1 0 0 0 0 0 0 0 0 0 0 0 0 0 0 0 0 0 0 0 0 0 0 0 0 0 0 0 1 0 0 0 0 0 0 0 1 0 0 0 0 0 0 0 1 0 0 0 0 0 0 1 0 0 0 1 0 0 0 0 0 0 0 1 0 0 0 0 0 0 0 0 0 0 0 0 0 0 0 0 0 0 0 0 0 0 0 0 0 0 1 0 0 0 0 0 0 0 0 1 0 0 0 0 0 1 0 0 0 0 0 0 0 0 0 0 0 0 0 0 0 0 1 0 0 0 0 0 0 0 0 0 0 0 0 0 0 0 0 0 0 0 0 0 0 0 0 0 0 0 0 0 0 0 0 0 0 0 0 1 0 0 0 0 0 0 0 0 0 0 0 0 0 0 0 0 0 0 0 0 0 0 0 0 0 0 
0 0 0 0 0 0 0 0 0 0 0 0 0 0 0 1 0 0 0 0 0 1 0 0 0 0 0 0 0 0 0 0 0 0 0 0 0 0 1 1 0 0 0 0 0 0 0 0 0 0 0 0 0 0 0 0 0 0 1 0 0 0 0 0 0 0 0 0 0 0 0 0 0 0 0 0 0 0 1 0 0 0 0 0 0 0 0 0 0 0 0 0 0 0 1 0 0 0 0 0 0 0 0 0 0 0 0 0 0 0 0 0 1 0 0 0 0 0 0 0 0 0 0 0 0 0 0 0 0 0 0 0 0 0 1 0 0 0 0 0 0 0 0 0 0 0 0 0 0 0 0 0 0 0 0 0 0 0 0 0 0 0 0 0 0 0 0 0 0 0 0 0 0 0 0 0 0 0 0 0 0 0 0 0 1 0 0 0 1 0 0 0 0 0 0 
0 0 0 0 0 0 1 0 0 0 0 1 0 0 0 0 0 0 0 0 0 0 0 0 0 0 0 0 0 0 0 0 0 0 0 0 0 0 0 0 0 0 0 0 0 0 0 0 0 0 0 0 0 0 0 0 0 0 0 0 0 0 0 0 0 0 0 0 0 0 0 0 0 0 0 0 0 0 0 0 0 0 0 0 0 0 0 0 0 0 0 0 0 0 0 0 0 0 0 0 0 0 0 0 0 0 0 0 0 0 0 0 0 0 0 0 0 0 0 0 0 0 0 0 1 0 0 0 0 0 0 0 0 0 0 0 0 0 0 0 0 0 0 0 0 0 0 1 0 0 1 0 0 0 0 0 0 0 0 0 0 0 0 0 0 0 0 0 0 0 0 0 0 0 0 0 1 0 0 0 0 0 0 1 0 0 1 0 0 0 0 0 0 0 0 
0 0 0 1 0 0 0 0 0 0 0 0 0 0 0 0 0 0 0 0 0 0 0 0 0 0 0 0 0 0 0 0 0 0 0 0 0 0 0 0 0 0 0 0 0 0 0 0 0 0 0 0 0 0 0 0 1 0 0 0 0 0 1 0 0 1 0 0 0 0 0 0 0 1 0 0 0 0 0 0 0 0 0 0 0 1 0 0 0 0 0 1 0 0 0 0 1 0 0 0 0 0 0 0 0 0 0 0 0 0 0 0 0 0 0 1 0 0 0 1 0 0 0 0 0 0 0 0 0 0 0 0 0 0 0 1 0 0 1 1 1 0 0 0 0 1 0 0 0 0 0 0 1 0 0 0 0 0 1 0 0 1 0 0 0 0 0 0 0 0 0 0 0 0 1 0 0 0 0 0 1 1 1 0 0 0 0 0 0 0 0 0 0 0 0 
56 91 83 150 155 24 129 46 185 177 74 
9.535336E-05 0.000000E+00 0.000000E+00 1.852632E-05 0.000000E+00 0.000000E+00 1.402778E-06 1.091998E-05 6.152542E-07 3.572867E-05 2.019232E-04 2.456200E-06 7.466706E-06 0.000000E+00 1.650667E-05 2.923682E-05 9.582906E-05 1.205853E-05 4.900386E-05 0.000000E+00 1.374659E-04 5.635993E-06 9.264025E-06 0.000000E+00 1.053306E-06 2.217361E-04 2.444006E-05 1.818108E-04 7.862547E-05 1.491462E-04 1.063246E-04 7.237596E-06 3.071606E-05 5.950552E-06 4.387101E-05 3.758821E-05 8.188286E-05 8.192013E-06 1.219439E-06 3.166413E-05 2.753635E-04 9.917259E-06 3.298841E-04 2.752177E-05 4.215356E-05 0.000000E+00 5.225627E-05 1.465544E-05 0.000000E+00 1.867149E-05 0.000000E+00 8.070246E-05 1.873556E-04 1.701767E-04 6.165241E-04 0.000000E+00 3.722534E-04 1.656608E-05 1.295541E-05 2.138537E-05 1.563613E-06 8.727600E-05 1.842172E-04 7.719741E-05 7.290860E-07 4.142961E-04 5.608591E-05 8.380305E-05 3.637385E-05 0.000000E+00 3.563292E-05 6.134483E-06 7.249339E-06 0.000000E+00 4.061932E-04 1.054747E-04 1.319533E-08 0.000000E+00 6.902567E-06 6.382049E-05 3.029492E-07 5.075573E-05 0.000000E+00 3.299836E-06 2.554377E-05 2.400132E-04 0.000000E+00 1.013112E-05 0.000000E+00 0.000000E+00 0.000000E+00 2.067417E-06 1.094073E-04 5.277379E-04 1.393018E-06 1.305246E-07 2.081432E-04 1.243547E-04 5.190838E-05 2.131222E-04 3.972858E-05 1.060094E-04 0.000000E+00 0.000000E+00 7.179696E-06 9.093518E-05 0.000000E+00 9.999333E-04 3.433989E-05 0.000000E+00 1.193680E-05 0.000000E+00 6.288007E-08 1.005473E-06 6.430170E-05 8.539929E-06 2.189318E-05 1.423750E-04 0.000000E+00 8.373251E-05 8.764820E-05 0.000000E+00 4.090831E-05 3.559538E-05 2.303981E-05 7.824983E-07 3.106861E-04 9.527038E-06 0.000000E+00 2.322582E-05 2.626188E-06 1.171030E-05 8.322129E-05 8.280360E-05 2.361023E-05 1.030792E-06 0.000000E+00 4.289565E-06 8.120819E-05 1.342045E-05 4.223813E-06 4.269337E-06 6.010350E-05 7.662427E-06 5.028704E-06 5.705555E-05 2.920554E-05 6.987941E-06 6.527563E-06 0.000000E+00 8.798997E-06 2.205481E-04 9.083788E-06 1.321048E-04 0.000000E+00 1.720829E-05 2.012157E-05 8.784310E-05 1.211730E-05 1.222036E-05 6.039157E-05 1.994795E-04 3.506503E-05 5.792335E-05 7.357707E-06 1.828788E-04 8.103233E-06 0.000000E+00 1.496607E-04 2.087166E-05 3.557200E-06 3.163389E-04 3.208537E-05 0.000000E+00 1.351679E-04 3.063223E-07 0.000000E+00 1.544198E-05 1.648213E-06 9.445348E-06 9.456223E-06 2.162303E-05 1.508009E-04 2.059893E-07 0.000000E+00 7.860219E-06 7.524601E-08 1.575160E-04 2.799248E-06 0.000000E+00 9.888965E-04 1.804117E-08 1.704583E-04 0.000000E+00 1.221444E-05 
9 31 53 56 64 67 85 93 98 154 192 58 152 26 11 164 
32 42 44 60 91 111 126 145 149 158 163 118 143 193 188 102 134 
25 77 83 144 157 160 165 13 23 71 124 33 29 
19 34 50 52 69 130 131 147 150 178 179 180 195 123 133 166 
17 21 30 35 48 68 75 76 81 99 106 121 142 155 156 176 186 41 172 127 108 191 94 
15 24 45 114 117 128 138 167 170 171 173 36 62 28 43 
8 18 27 72 80 82 84 88 96 101 105 129 161 55 47 37 
10 38 46 54 61 65 73 100 109 115 132 1 169 
16 22 39 40 59 79 95 113 185 189 135 
7 12 148 177 184 187 151 125 
4 57 63 66 74 92 97 116 120 136 139 140 141 146 153 159 162 181 182 183 175 86 

============Find Best @ Round 2017================
==========Cluster 0, RcvInterf=9.61437e-14============
Node 8, SINR:5.67465e-01, BpsHz:4.32289e-02
Node 30, SINR:5.67465e-01, BpsHz:4.32289e-02
Node 52, SINR:5.67465e-01, BpsHz:4.32289e-02
Node 55, SINR:0.00000e+00, BpsHz:0.00000e+00
Node 63, SINR:5.67465e-01, BpsHz:4.32289e-02
Node 66, SINR:5.67465e-01, BpsHz:4.32289e-02
Node 84, SINR:5.67465e-01, BpsHz:4.32289e-02
Node 92, SINR:5.67465e-01, BpsHz:4.32289e-02
Node 97, SINR:5.67465e-01, BpsHz:4.32289e-02
Node 153, SINR:5.67465e-01, BpsHz:4.32289e-02
Node 191, SINR:5.67465e-01, BpsHz:4.32289e-02
Node 57, SINR:5.67465e-01, BpsHz:4.32289e-02
Node 151, SINR:5.67465e-01, BpsHz:4.32289e-02
Node 25, SINR:5.67465e-01, BpsHz:4.32289e-02
Node 10, SINR:5.67465e-01, BpsHz:4.32289e-02
Node 163, SINR:5.67465e-01, BpsHz:4.32289e-02
---------------
==========Cluster 1, RcvInterf=1.08804e-13============
Node 31, SINR:6.15143e-01, BpsHz:4.32289e-02
Node 41, SINR:6.15143e-01, BpsHz:4.32289e-02
Node 43, SINR:6.15143e-01, BpsHz:4.32289e-02
Node 59, SINR:6.15143e-01, BpsHz:4.32289e-02
Node 90, SINR:0.00000e+00, BpsHz:0.00000e+00
Node 110, SINR:6.15143e-01, BpsHz:4.32289e-02
Node 125, SINR:6.15143e-01, BpsHz:4.32289e-02
Node 144, SINR:6.15143e-01, BpsHz:4.32289e-02
Node 148, SINR:6.15143e-01, BpsHz:4.32289e-02
Node 157, SINR:6.15143e-01, BpsHz:4.32289e-02
Node 162, SINR:6.15143e-01, BpsHz:4.32289e-02
Node 117, SINR:6.15143e-01, BpsHz:4.32289e-02
Node 142, SINR:6.15143e-01, BpsHz:4.32289e-02
Node 192, SINR:6.15143e-01, BpsHz:4.32289e-02
Node 187, SINR:6.15143e-01, BpsHz:4.32289e-02
Node 101, SINR:6.15143e-01, BpsHz:4.32289e-02
Node 133, SINR:6.15143e-01, BpsHz:4.32289e-02
---------------
==========Cluster 2, RcvInterf=5.78789e-14============
Node 24, SINR:4.32710e-01, BpsHz:4.32289e-02
Node 76, SINR:4.32710e-01, BpsHz:4.32289e-02
Node 82, SINR:0.00000e+00, BpsHz:0.00000e+00
Node 143, SINR:4.32710e-01, BpsHz:4.32289e-02
Node 156, SINR:4.32710e-01, BpsHz:4.32289e-02
Node 159, SINR:4.32710e-01, BpsHz:4.32289e-02
Node 164, SINR:4.32710e-01, BpsHz:4.32289e-02
Node 12, SINR:4.32710e-01, BpsHz:4.32289e-02
Node 22, SINR:4.32710e-01, BpsHz:4.32289e-02
Node 70, SINR:4.32710e-01, BpsHz:4.32289e-02
Node 123, SINR:4.32710e-01, BpsHz:4.32289e-02
Node 32, SINR:4.32710e-01, BpsHz:4.32289e-02
Node 28, SINR:4.32710e-01, BpsHz:4.32289e-02
---------------
==========Cluster 3, RcvInterf=4.36732e-14============
Node 18, SINR:5.67465e-01, BpsHz:4.32289e-02
Node 33, SINR:5.67465e-01, BpsHz:4.32289e-02
Node 49, SINR:5.67465e-01, BpsHz:4.32289e-02
Node 51, SINR:5.67465e-01, BpsHz:4.32289e-02
Node 68, SINR:5.67465e-01, BpsHz:4.32289e-02
Node 129, SINR:5.67465e-01, BpsHz:4.32289e-02
Node 130, SINR:5.67465e-01, BpsHz:4.32289e-02
Node 146, SINR:5.67465e-01, BpsHz:4.32289e-02
Node 149, SINR:0.00000e+00, BpsHz:0.00000e+00
Node 177, SINR:5.67465e-01, BpsHz:4.32289e-02
Node 178, SINR:5.67465e-01, BpsHz:4.32289e-02
Node 179, SINR:5.67465e-01, BpsHz:4.32289e-02
Node 194, SINR:5.67465e-01, BpsHz:4.32289e-02
Node 122, SINR:5.67465e-01, BpsHz:4.32289e-02
Node 132, SINR:5.67465e-01, BpsHz:4.32289e-02
Node 165, SINR:5.67465e-01, BpsHz:4.32289e-02
---------------
==========Cluster 4, RcvInterf=7.51551e-14============
Node 16, SINR:9.33260e-01, BpsHz:4.32289e-02
Node 20, SINR:9.33260e-01, BpsHz:4.32289e-02
Node 29, SINR:9.33260e-01, BpsHz:4.32289e-02
Node 34, SINR:9.33260e-01, BpsHz:4.32289e-02
Node 47, SINR:9.33260e-01, BpsHz:4.32289e-02
Node 67, SINR:9.33260e-01, BpsHz:4.32289e-02
Node 74, SINR:9.33260e-01, BpsHz:4.32289e-02
Node 75, SINR:9.33260e-01, BpsHz:4.32289e-02
Node 80, SINR:9.33260e-01, BpsHz:4.32289e-02
Node 98, SINR:9.33260e-01, BpsHz:4.32289e-02
Node 105, SINR:9.33260e-01, BpsHz:4.32289e-02
Node 120, SINR:9.33260e-01, BpsHz:4.32289e-02
Node 141, SINR:9.33260e-01, BpsHz:4.32289e-02
Node 154, SINR:0.00000e+00, BpsHz:0.00000e+00
Node 155, SINR:9.33260e-01, BpsHz:4.32289e-02
Node 175, SINR:9.33260e-01, BpsHz:4.32289e-02
Node 185, SINR:9.33260e-01, BpsHz:4.32289e-02
Node 40, SINR:9.33260e-01, BpsHz:4.32289e-02
Node 171, SINR:9.33260e-01, BpsHz:4.32289e-02
Node 126, SINR:9.33260e-01, BpsHz:4.32289e-02
Node 107, SINR:9.33260e-01, BpsHz:4.32289e-02
Node 190, SINR:9.33260e-01, BpsHz:4.32289e-02
Node 93, SINR:9.33260e-01, BpsHz:4.32289e-02
---------------
==========Cluster 5, RcvInterf=8.83469e-14============
Node 14, SINR:5.21194e-01, BpsHz:4.32289e-02
Node 23, SINR:0.00000e+00, BpsHz:0.00000e+00
Node 44, SINR:5.21194e-01, BpsHz:4.32289e-02
Node 113, SINR:5.21194e-01, BpsHz:4.32289e-02
Node 116, SINR:5.21194e-01, BpsHz:4.32289e-02
Node 127, SINR:5.21194e-01, BpsHz:4.32289e-02
Node 137, SINR:5.21194e-01, BpsHz:4.32289e-02
Node 166, SINR:5.21194e-01, BpsHz:4.32289e-02
Node 169, SINR:5.21194e-01, BpsHz:4.32289e-02
Node 170, SINR:5.21194e-01, BpsHz:4.32289e-02
Node 172, SINR:5.21194e-01, BpsHz:4.32289e-02
Node 35, SINR:5.21194e-01, BpsHz:4.32289e-02
Node 61, SINR:5.21194e-01, BpsHz:4.32289e-02
Node 27, SINR:5.21194e-01, BpsHz:4.32289e-02
Node 42, SINR:5.21194e-01, BpsHz:4.32289e-02
---------------
==========Cluster 6, RcvInterf=9.32988e-14============
Node 7, SINR:5.67465e-01, BpsHz:4.32289e-02
Node 17, SINR:5.67465e-01, BpsHz:4.32289e-02
Node 26, SINR:5.67465e-01, BpsHz:4.32289e-02
Node 71, SINR:5.67465e-01, BpsHz:4.32289e-02
Node 79, SINR:5.67465e-01, BpsHz:4.32289e-02
Node 81, SINR:5.67465e-01, BpsHz:4.32289e-02
Node 83, SINR:5.67465e-01, BpsHz:4.32289e-02
Node 87, SINR:5.67465e-01, BpsHz:4.32289e-02
Node 95, SINR:5.67465e-01, BpsHz:4.32289e-02
Node 100, SINR:5.67465e-01, BpsHz:4.32289e-02
Node 104, SINR:5.67465e-01, BpsHz:4.32289e-02
Node 128, SINR:0.00000e+00, BpsHz:0.00000e+00
Node 160, SINR:5.67465e-01, BpsHz:4.32289e-02
Node 54, SINR:5.67465e-01, BpsHz:4.32289e-02
Node 46, SINR:5.67465e-01, BpsHz:4.32289e-02
Node 36, SINR:5.67465e-01, BpsHz:4.32289e-02
---------------
==========Cluster 7, RcvInterf=9.56011e-14============
Node 9, SINR:4.32710e-01, BpsHz:4.32289e-02
Node 37, SINR:4.32710e-01, BpsHz:4.32289e-02
Node 45, SINR:0.00000e+00, BpsHz:0.00000e+00
Node 53, SINR:4.32710e-01, BpsHz:4.32289e-02
Node 60, SINR:4.32710e-01, BpsHz:4.32289e-02
Node 64, SINR:4.32710e-01, BpsHz:4.32289e-02
Node 72, SINR:4.32710e-01, BpsHz:4.32289e-02
Node 99, SINR:4.32710e-01, BpsHz:4.32289e-02
Node 108, SINR:4.32710e-01, BpsHz:4.32289e-02
Node 114, SINR:4.32710e-01, BpsHz:4.32289e-02
Node 131, SINR:4.32710e-01, BpsHz:4.32289e-02
Node 0, SINR:4.32710e-01, BpsHz:4.32289e-02
Node 168, SINR:4.32710e-01, BpsHz:4.32289e-02
---------------
==========Cluster 8, RcvInterf=5.25712e-14============
Node 15, SINR:3.49373e-01, BpsHz:4.32289e-02
Node 21, SINR:3.49373e-01, BpsHz:4.32289e-02
Node 38, SINR:3.49373e-01, BpsHz:4.32289e-02
Node 39, SINR:3.49373e-01, BpsHz:4.32289e-02
Node 58, SINR:3.49373e-01, BpsHz:4.32289e-02
Node 78, SINR:3.49373e-01, BpsHz:4.32289e-02
Node 94, SINR:3.49373e-01, BpsHz:4.32289e-02
Node 112, SINR:3.49373e-01, BpsHz:4.32289e-02
Node 184, SINR:0.00000e+00, BpsHz:0.00000e+00
Node 188, SINR:3.49373e-01, BpsHz:4.32289e-02
Node 134, SINR:3.49373e-01, BpsHz:4.32289e-02
---------------
==========Cluster 9, RcvInterf=2.58311e-14============
Node 6, SINR:2.33367e-01, BpsHz:4.32289e-02
Node 11, SINR:2.33367e-01, BpsHz:4.32289e-02
Node 147, SINR:2.33367e-01, BpsHz:4.32289e-02
Node 176, SINR:0.00000e+00, BpsHz:0.00000e+00
Node 183, SINR:2.33367e-01, BpsHz:4.32289e-02
Node 186, SINR:2.33367e-01, BpsHz:4.32289e-02
Node 150, SINR:2.33367e-01, BpsHz:4.32289e-02
Node 124, SINR:2.33367e-01, BpsHz:4.32289e-02
---------------
==========Cluster 10, RcvInterf=7.75605e-14============
Node 3, SINR:8.76191e-01, BpsHz:4.32289e-02
Node 56, SINR:8.76191e-01, BpsHz:4.32289e-02
Node 62, SINR:8.76191e-01, BpsHz:4.32289e-02
Node 65, SINR:8.76191e-01, BpsHz:4.32289e-02
Node 73, SINR:0.00000e+00, BpsHz:0.00000e+00
Node 91, SINR:8.76191e-01, BpsHz:4.32289e-02
Node 96, SINR:8.76191e-01, BpsHz:4.32289e-02
Node 115, SINR:8.76191e-01, BpsHz:4.32289e-02
Node 119, SINR:8.76191e-01, BpsHz:4.32289e-02
Node 135, SINR:8.76191e-01, BpsHz:4.32289e-02
Node 138, SINR:8.76191e-01, BpsHz:4.32289e-02
Node 139, SINR:8.76191e-01, BpsHz:4.32289e-02
Node 140, SINR:8.76191e-01, BpsHz:4.32289e-02
Node 145, SINR:8.76191e-01, BpsHz:4.32289e-02
Node 152, SINR:8.76191e-01, BpsHz:4.32289e-02
Node 158, SINR:8.76191e-01, BpsHz:4.32289e-02
Node 161, SINR:8.76191e-01, BpsHz:4.32289e-02
Node 180, SINR:8.76191e-01, BpsHz:4.32289e-02
Node 181, SINR:8.76191e-01, BpsHz:4.32289e-02
Node 182, SINR:8.76191e-01, BpsHz:4.32289e-02
Node 174, SINR:8.76191e-01, BpsHz:4.32289e-02
Node 85, SINR:8.76191e-01, BpsHz:4.32289e-02
---------------
