195
11
1.000000e-03
1.931016e-312
169
3000
1.581189e+01
1.486511e+00
1.581189e-05
8.353627e-07
0 0 0 0 0 0 0 0 0 0 0 0 0 0 1 0 0 0 0 0 0 0 0 1 0 0 0 0 0 0 0 0 0 0 0 1 0 0 0 0 0 0 0 0 1 0 0 0 0 0 0 1 0 0 0 0 0 0 0 0 0 0 0 0 0 0 0 0 0 0 0 0 0 0 0 0 0 0 0 0 0 0 0 0 0 0 0 0 0 0 0 0 0 0 0 0 0 0 0 0 0 0 0 0 0 0 1 0 0 1 0 0 0 1 0 0 1 0 0 0 0 0 0 0 0 0 0 1 0 0 0 0 0 0 0 0 0 1 0 0 0 0 0 0 0 0 0 0 0 0 0 0 0 0 0 0 0 0 0 0 0 0 0 0 0 1 1 0 0 0 1 0 1 0 0 0 0 0 0 0 0 0 0 0 0 0 0 0 0 1 0 0 0 0 0 
0 0 1 1 0 0 0 0 0 0 0 0 0 0 0 0 0 0 0 0 0 0 0 0 0 0 0 0 0 1 0 0 0 0 0 0 0 0 0 0 0 0 1 0 0 0 0 0 0 0 0 0 0 0 0 0 0 0 0 0 0 1 0 0 0 0 0 0 0 0 0 0 0 0 0 0 0 0 0 0 0 0 0 0 0 0 0 0 0 0 0 0 0 0 0 0 0 0 0 0 0 0 0 0 0 0 0 0 0 0 0 0 0 0 0 0 0 0 0 1 0 0 0 0 0 0 0 0 0 0 0 0 0 0 0 0 0 0 0 0 0 0 0 0 0 1 0 0 0 0 0 0 0 0 0 0 0 0 0 0 0 0 0 0 0 0 0 0 0 1 0 0 0 1 1 0 0 0 0 0 0 1 0 0 0 0 0 0 0 0 1 0 0 0 0 
0 0 0 0 0 0 0 0 1 0 0 0 0 0 0 0 0 0 0 0 0 0 0 0 0 0 0 0 0 0 0 0 0 0 0 0 0 0 0 0 0 0 0 0 0 0 0 0 0 0 0 0 1 0 0 0 0 1 0 0 0 0 0 1 0 0 0 0 0 0 0 0 0 0 1 0 0 0 0 0 0 0 0 0 1 0 0 0 0 0 0 0 1 0 0 0 0 0 0 0 0 0 0 0 0 0 0 1 0 0 0 1 0 0 0 0 0 0 0 0 0 0 1 0 0 0 1 0 0 0 0 0 0 0 0 0 0 0 0 0 0 0 0 0 0 0 0 0 0 0 0 0 0 0 0 0 0 0 0 0 0 0 0 0 0 0 0 0 0 0 0 0 0 0 0 0 0 0 0 0 0 0 0 0 0 0 0 0 0 0 0 1 0 0 0 
0 0 0 0 0 0 0 0 0 0 0 0 1 0 0 0 0 0 0 0 0 0 1 0 1 0 0 0 0 0 0 0 1 0 0 0 0 0 0 0 0 0 0 0 0 0 0 0 0 0 0 0 0 0 0 0 0 0 0 0 0 0 0 0 0 0 0 0 0 0 1 0 0 0 0 0 1 0 0 0 0 0 1 0 0 0 0 0 0 0 0 0 0 0 0 0 0 0 0 0 0 0 0 0 0 0 0 0 0 0 0 0 0 0 0 0 0 0 0 0 0 0 0 1 0 0 0 0 0 0 0 0 0 1 0 0 0 0 0 0 0 0 1 1 0 0 0 0 0 0 0 0 0 0 0 0 1 0 0 1 0 0 0 0 1 0 0 0 0 0 0 0 0 0 0 0 0 0 0 0 0 0 0 0 0 0 0 1 0 0 0 0 0 0 0 
0 0 0 0 0 0 0 0 0 0 1 0 0 0 0 0 0 0 0 0 0 0 0 0 0 1 0 0 0 0 0 0 0 0 0 0 0 0 0 0 0 0 0 0 0 0 0 0 0 0 0 0 0 0 0 0 0 0 0 0 0 0 0 0 0 0 0 0 0 0 0 0 0 0 0 0 0 0 0 0 0 0 0 0 0 0 0 0 0 1 0 0 0 0 0 0 0 0 0 0 0 1 0 1 0 0 0 0 0 0 0 0 0 0 0 0 0 0 0 0 0 0 0 0 0 0 0 0 0 0 0 0 0 0 0 0 0 0 0 0 0 0 0 0 1 0 0 0 1 0 0 1 0 1 0 0 0 0 0 0 0 0 0 0 0 0 0 0 0 0 0 0 0 0 0 0 0 0 0 0 0 0 0 0 0 0 0 0 0 0 0 0 1 1 0 
0 0 0 0 0 0 0 0 0 0 0 0 0 0 0 1 0 0 1 0 0 0 0 0 0 0 0 0 0 0 0 0 0 1 0 0 0 0 0 0 0 0 0 0 0 0 0 0 0 1 0 0 0 0 0 0 0 0 1 0 0 0 0 0 0 0 0 0 0 0 0 0 0 0 0 0 0 0 0 0 0 0 0 0 0 0 1 0 0 0 0 0 0 0 0 0 0 0 0 0 0 0 0 0 0 0 0 0 0 0 0 0 0 0 0 0 0 0 0 0 0 0 0 0 0 0 0 0 0 1 1 0 1 0 1 0 1 0 0 0 0 0 0 0 0 0 0 0 0 1 0 0 0 0 0 0 0 0 0 0 0 0 0 0 0 0 0 0 0 0 0 0 0 0 0 0 0 0 1 1 0 0 0 0 0 0 0 0 0 0 0 0 0 0 1 
1 0 0 0 0 0 0 0 0 0 0 0 0 0 0 0 0 0 0 0 0 0 0 0 0 0 0 0 0 0 0 0 0 0 0 0 0 1 0 0 0 1 0 1 0 1 0 0 0 0 0 0 0 1 0 0 0 0 0 1 1 0 0 0 1 0 0 0 0 0 0 0 1 0 0 0 0 1 0 0 0 0 0 0 0 0 0 0 0 0 1 0 0 1 0 0 0 0 0 1 0 0 0 0 0 0 0 0 1 0 1 0 0 0 1 0 0 0 0 0 0 0 0 0 0 1 0 0 0 0 0 1 0 0 0 0 0 0 0 0 0 0 0 0 0 0 0 0 0 0 0 0 0 0 0 0 0 1 0 0 0 0 1 0 0 0 0 1 1 0 0 1 0 0 0 0 0 0 0 0 0 0 0 0 0 0 0 0 0 0 0 0 0 0 0 
0 1 0 0 0 0 1 0 0 0 0 1 0 0 0 0 0 0 0 0 0 1 0 0 0 0 0 0 1 0 0 0 0 0 0 0 0 0 0 1 0 0 0 0 0 0 0 0 1 0 1 0 0 0 0 0 0 0 0 0 0 0 0 0 0 0 1 0 0 0 0 0 0 0 0 0 0 0 1 0 0 0 0 0 0 0 0 0 0 0 0 0 0 0 1 0 0 1 0 0 0 0 0 0 0 0 0 0 0 0 0 0 1 0 0 0 0 0 1 0 0 1 0 0 1 0 0 0 0 0 0 0 0 0 0 0 0 0 0 0 0 0 0 0 0 0 0 1 0 0 1 0 0 0 0 0 0 0 0 0 0 0 0 1 0 0 0 0 0 0 0 0 0 0 0 0 1 0 0 0 0 0 0 1 0 0 1 0 1 0 0 0 0 0 0 
0 0 0 0 0 0 0 0 0 0 0 0 0 0 0 0 0 0 0 0 1 0 0 0 0 0 0 0 0 0 0 0 0 0 1 0 0 0 0 0 0 0 0 0 0 0 0 1 0 0 0 0 0 0 0 0 0 0 0 0 0 0 0 0 0 0 0 1 0 0 0 0 0 0 0 1 0 0 0 0 1 0 0 0 0 0 0 0 0 0 0 0 0 0 0 0 0 0 1 0 0 0 0 0 0 1 0 0 0 0 0 0 0 0 0 0 0 0 0 0 1 0 0 0 0 0 0 0 0 0 0 0 0 0 0 0 0 0 0 0 0 1 0 0 0 0 0 0 0 0 0 0 0 0 1 1 0 0 0 0 0 0 0 0 0 0 0 0 0 0 0 0 0 0 0 1 0 0 0 0 0 0 0 0 0 1 0 0 0 0 0 0 0 0 0 
0 0 0 0 0 0 0 0 0 0 0 0 0 1 0 0 0 0 0 1 0 0 0 0 0 0 0 0 0 0 0 0 0 0 0 0 0 0 0 0 1 0 0 0 0 0 0 0 0 0 0 0 0 0 0 0 1 0 0 0 0 0 1 0 0 1 0 0 0 0 0 0 0 1 0 0 0 0 0 0 0 0 0 0 0 1 0 0 0 0 0 1 0 0 0 0 1 0 0 0 0 0 1 0 0 0 0 0 0 0 0 0 0 0 0 1 0 0 0 0 0 0 0 0 0 0 0 0 0 0 0 0 0 0 0 1 0 0 1 1 1 0 0 0 0 0 0 0 0 0 0 0 1 0 0 0 0 0 1 0 0 1 0 0 0 0 0 0 0 0 0 0 0 0 0 0 0 0 0 0 1 0 1 0 0 0 0 0 0 0 0 0 0 0 0 
0 0 0 0 0 1 0 1 0 0 0 0 0 0 0 0 0 1 0 0 0 0 0 0 0 0 1 0 0 0 0 0 0 0 0 0 1 0 0 0 0 0 0 0 0 0 1 0 0 0 0 0 0 0 1 0 0 0 0 0 0 0 0 0 0 0 0 0 0 0 0 1 0 0 0 0 0 0 0 1 0 1 0 1 0 0 0 1 0 0 0 0 0 0 0 1 0 0 0 0 1 0 0 0 1 0 0 0 0 0 0 0 0 0 0 0 0 0 0 0 0 0 0 0 0 0 0 0 1 0 0 0 0 0 0 0 0 0 0 0 0 0 0 0 0 0 0 0 0 0 0 0 0 0 0 0 0 0 0 0 1 0 0 0 0 0 0 0 0 0 0 0 0 0 0 0 0 0 0 0 0 0 0 0 0 0 0 0 0 0 0 0 0 0 0 
173 3 53 25 26 195 1 51 176 92 129 
0.000000E+00 9.740838E-05 0.000000E+00 2.034559E-05 0.000000E+00 1.743391E-05 9.037617E-05 7.485716E-06 9.303734E-06 0.000000E+00 2.601236E-06 5.460287E-07 5.022703E-05 1.720496E-04 3.026686E-06 3.415691E-05 0.000000E+00 8.266199E-06 1.282805E-05 4.764961E-05 9.572600E-05 6.472859E-05 2.945555E-05 1.457174E-05 0.000000E+00 0.000000E+00 1.675381E-05 0.000000E+00 3.221155E-05 5.212001E-06 0.000000E+00 0.000000E+00 1.152510E-05 3.389642E-05 4.221453E-05 1.392364E-07 5.613120E-05 1.255969E-04 0.000000E+00 3.560841E-04 1.469447E-04 4.018599E-04 1.687198E-05 4.425655E-06 2.634972E-05 8.808838E-05 3.582199E-05 1.118601E-06 3.325288E-05 3.042137E-05 0.000000E+00 9.323270E-05 0.000000E+00 3.412882E-04 4.226310E-04 0.000000E+00 3.512517E-04 3.070591E-05 4.114981E-05 5.857499E-05 5.795747E-05 2.377088E-05 1.849752E-04 1.642622E-06 2.391382E-04 4.885201E-05 1.911249E-05 7.711593E-06 0.000000E+00 0.000000E+00 2.883386E-06 4.205226E-06 4.357757E-04 9.580380E-07 9.443635E-07 8.068501E-05 3.407293E-06 2.171195E-05 1.378417E-05 4.374934E-05 1.931342E-06 3.479336E-05 9.226022E-07 2.262058E-06 1.492465E-06 2.179147E-05 1.649118E-05 6.944945E-06 0.000000E+00 5.779211E-07 1.514040E-04 0.000000E+00 7.745127E-07 1.586865E-05 7.475306E-05 8.947541E-08 2.771119E-04 2.253744E-05 6.412574E-06 5.448470E-04 2.723419E-05 5.841146E-06 4.104078E-05 1.335879E-05 4.921726E-06 3.016765E-05 3.716842E-06 4.612830E-06 9.993832E-04 7.777441E-05 1.035981E-05 4.107320E-07 9.434739E-05 1.351501E-06 3.498389E-04 2.641718E-05 8.398202E-06 0.000000E+00 1.284712E-04 1.234610E-06 1.027433E-05 1.784933E-06 4.416426E-05 8.555291E-06 1.967321E-04 4.344945E-05 2.653548E-06 9.040754E-05 0.000000E+00 2.677154E-06 5.378603E-05 6.210477E-04 7.335604E-07 4.199207E-05 1.856436E-05 4.617399E-06 3.411578E-05 1.498770E-05 1.216919E-04 1.537596E-05 4.347260E-09 2.639048E-07 6.516521E-05 4.319093E-06 5.152437E-05 1.124513E-05 0.000000E+00 1.456154E-05 6.180401E-05 6.885879E-06 3.454274E-10 1.028419E-06 3.795977E-05 9.145749E-06 1.063629E-07 7.426647E-07 3.043921E-05 5.112499E-04 1.033070E-06 2.798814E-05 4.139879E-05 2.050115E-05 2.732513E-05 6.574384E-06 5.591357E-06 2.681878E-05 1.026323E-05 2.525629E-07 2.534576E-05 1.943529E-04 1.770706E-06 3.966424E-05 0.000000E+00 3.475518E-06 4.322907E-07 0.000000E+00 2.063560E-05 0.000000E+00 2.743100E-05 5.475455E-06 4.201326E-05 8.248806E-06 1.101140E-05 8.601393E-05 0.000000E+00 2.536165E-06 4.870351E-05 2.093405E-05 1.337193E-04 4.100565E-05 1.328364E-06 2.384375E-05 3.221225E-06 1.644734E-08 0.000000E+00 
15 24 36 45 107 114 117 128 138 166 167 171 173 190 110 52 
3 30 43 62 120 174 175 191 170 4 146 182 
53 64 75 85 93 112 127 108 58 9 192 123 
13 23 25 33 71 77 83 124 143 144 157 160 165 188 134 
11 26 90 152 193 194 102 154 104 145 149 
16 19 50 59 87 130 133 135 137 150 179 180 195 34 131 
1 38 44 46 54 60 61 65 78 91 100 111 115 126 132 158 163 168 169 172 94 42 73 109 
2 7 12 22 49 51 79 95 113 119 122 125 148 151 164 177 184 187 189 67 98 40 29 
48 68 81 99 121 142 155 156 176 186 35 106 76 21 
20 63 66 74 86 92 103 116 136 141 153 159 162 183 139 181 57 14 97 140 41 
6 8 18 27 37 47 72 80 82 84 88 96 101 105 129 161 55 

============Find Best @ Round 956================
==========Cluster 0, RcvInterf=3.47088e-14============
Node 14, SINR:4.77579e-01, BpsHz:3.75490e-02
Node 23, SINR:4.77579e-01, BpsHz:3.75490e-02
Node 35, SINR:4.77579e-01, BpsHz:3.75490e-02
Node 44, SINR:4.77579e-01, BpsHz:3.75490e-02
Node 106, SINR:4.77579e-01, BpsHz:3.75490e-02
Node 113, SINR:4.77579e-01, BpsHz:3.75490e-02
Node 116, SINR:4.77579e-01, BpsHz:3.75490e-02
Node 127, SINR:4.77579e-01, BpsHz:3.75490e-02
Node 137, SINR:4.77579e-01, BpsHz:3.75490e-02
Node 165, SINR:4.77579e-01, BpsHz:3.75490e-02
Node 166, SINR:4.77579e-01, BpsHz:3.75490e-02
Node 170, SINR:4.77579e-01, BpsHz:3.75490e-02
Node 172, SINR:0.00000e+00, BpsHz:0.00000e+00
Node 189, SINR:4.77579e-01, BpsHz:3.75490e-02
Node 109, SINR:4.77579e-01, BpsHz:3.75490e-02
Node 51, SINR:4.77579e-01, BpsHz:3.75490e-02
---------------
==========Cluster 1, RcvInterf=5.67253e-14============
Node 2, SINR:0.00000e+00, BpsHz:0.00000e+00
Node 29, SINR:3.31488e-01, BpsHz:3.75491e-02
Node 42, SINR:3.31488e-01, BpsHz:3.75491e-02
Node 61, SINR:3.31488e-01, BpsHz:3.75491e-02
Node 119, SINR:3.31488e-01, BpsHz:3.75491e-02
Node 173, SINR:3.31488e-01, BpsHz:3.75491e-02
Node 174, SINR:3.31488e-01, BpsHz:3.75491e-02
Node 190, SINR:3.31488e-01, BpsHz:3.75491e-02
Node 169, SINR:3.31488e-01, BpsHz:3.75491e-02
Node 3, SINR:3.31488e-01, BpsHz:3.75491e-02
Node 145, SINR:3.31488e-01, BpsHz:3.75491e-02
Node 181, SINR:3.31488e-01, BpsHz:3.75491e-02
---------------
==========Cluster 2, RcvInterf=1.51219e-14============
Node 52, SINR:0.00000e+00, BpsHz:0.00000e+00
Node 63, SINR:3.31488e-01, BpsHz:3.75491e-02
Node 74, SINR:3.31488e-01, BpsHz:3.75491e-02
Node 84, SINR:3.31488e-01, BpsHz:3.75491e-02
Node 92, SINR:3.31488e-01, BpsHz:3.75491e-02
Node 111, SINR:3.31488e-01, BpsHz:3.75491e-02
Node 126, SINR:3.31488e-01, BpsHz:3.75491e-02
Node 107, SINR:3.31488e-01, BpsHz:3.75491e-02
Node 57, SINR:3.31488e-01, BpsHz:3.75491e-02
Node 8, SINR:3.31488e-01, BpsHz:3.75491e-02
Node 191, SINR:3.31488e-01, BpsHz:3.75491e-02
Node 122, SINR:3.31488e-01, BpsHz:3.75491e-02
---------------
==========Cluster 3, RcvInterf=4.74187e-14============
Node 12, SINR:4.39619e-01, BpsHz:3.75490e-02
Node 22, SINR:4.39619e-01, BpsHz:3.75490e-02
Node 24, SINR:0.00000e+00, BpsHz:0.00000e+00
Node 32, SINR:4.39619e-01, BpsHz:3.75490e-02
Node 70, SINR:4.39619e-01, BpsHz:3.75490e-02
Node 76, SINR:4.39619e-01, BpsHz:3.75490e-02
Node 82, SINR:4.39619e-01, BpsHz:3.75490e-02
Node 123, SINR:4.39619e-01, BpsHz:3.75490e-02
Node 142, SINR:4.39619e-01, BpsHz:3.75490e-02
Node 143, SINR:4.39619e-01, BpsHz:3.75490e-02
Node 156, SINR:4.39619e-01, BpsHz:3.75490e-02
Node 159, SINR:4.39619e-01, BpsHz:3.75490e-02
Node 164, SINR:4.39619e-01, BpsHz:3.75490e-02
Node 187, SINR:4.39619e-01, BpsHz:3.75490e-02
Node 133, SINR:4.39619e-01, BpsHz:3.75490e-02
---------------
==========Cluster 4, RcvInterf=4.52274e-14============
Node 10, SINR:2.97281e-01, BpsHz:3.75491e-02
Node 25, SINR:0.00000e+00, BpsHz:0.00000e+00
Node 89, SINR:2.97281e-01, BpsHz:3.75491e-02
Node 151, SINR:2.97281e-01, BpsHz:3.75491e-02
Node 192, SINR:2.97281e-01, BpsHz:3.75491e-02
Node 193, SINR:2.97281e-01, BpsHz:3.75491e-02
Node 101, SINR:2.97281e-01, BpsHz:3.75491e-02
Node 153, SINR:2.97281e-01, BpsHz:3.75491e-02
Node 103, SINR:2.97281e-01, BpsHz:3.75491e-02
Node 144, SINR:2.97281e-01, BpsHz:3.75491e-02
Node 148, SINR:2.97281e-01, BpsHz:3.75491e-02
---------------
==========Cluster 5, RcvInterf=2.68793e-14============
Node 15, SINR:4.39619e-01, BpsHz:3.75490e-02
Node 18, SINR:4.39619e-01, BpsHz:3.75490e-02
Node 49, SINR:4.39619e-01, BpsHz:3.75490e-02
Node 58, SINR:4.39619e-01, BpsHz:3.75490e-02
Node 86, SINR:4.39619e-01, BpsHz:3.75490e-02
Node 129, SINR:4.39619e-01, BpsHz:3.75490e-02
Node 132, SINR:4.39619e-01, BpsHz:3.75490e-02
Node 134, SINR:4.39619e-01, BpsHz:3.75490e-02
Node 136, SINR:4.39619e-01, BpsHz:3.75490e-02
Node 149, SINR:4.39619e-01, BpsHz:3.75490e-02
Node 178, SINR:4.39619e-01, BpsHz:3.75490e-02
Node 179, SINR:4.39619e-01, BpsHz:3.75490e-02
Node 194, SINR:0.00000e+00, BpsHz:0.00000e+00
Node 33, SINR:4.39619e-01, BpsHz:3.75490e-02
Node 130, SINR:4.39619e-01, BpsHz:3.75490e-02
---------------
==========Cluster 6, RcvInterf=3.74059e-14============
Node 0, SINR:0.00000e+00, BpsHz:0.00000e+00
Node 37, SINR:8.19608e-01, BpsHz:3.75490e-02
Node 43, SINR:8.19608e-01, BpsHz:3.75490e-02
Node 45, SINR:8.19608e-01, BpsHz:3.75490e-02
Node 53, SINR:8.19608e-01, BpsHz:3.75490e-02
Node 59, SINR:8.19608e-01, BpsHz:3.75490e-02
Node 60, SINR:8.19608e-01, BpsHz:3.75490e-02
Node 64, SINR:8.19608e-01, BpsHz:3.75490e-02
Node 77, SINR:8.19608e-01, BpsHz:3.75490e-02
Node 90, SINR:8.19608e-01, BpsHz:3.75490e-02
Node 99, SINR:8.19608e-01, BpsHz:3.75490e-02
Node 110, SINR:8.19608e-01, BpsHz:3.75490e-02
Node 114, SINR:8.19608e-01, BpsHz:3.75490e-02
Node 125, SINR:8.19608e-01, BpsHz:3.75490e-02
Node 131, SINR:8.19608e-01, BpsHz:3.75490e-02
Node 157, SINR:8.19608e-01, BpsHz:3.75490e-02
Node 162, SINR:8.19608e-01, BpsHz:3.75490e-02
Node 167, SINR:8.19608e-01, BpsHz:3.75490e-02
Node 168, SINR:8.19608e-01, BpsHz:3.75490e-02
Node 171, SINR:8.19608e-01, BpsHz:3.75490e-02
Node 93, SINR:8.19608e-01, BpsHz:3.75490e-02
Node 41, SINR:8.19608e-01, BpsHz:3.75490e-02
Node 72, SINR:8.19608e-01, BpsHz:3.75490e-02
Node 108, SINR:8.19608e-01, BpsHz:3.75490e-02
---------------
==========Cluster 7, RcvInterf=9.89234e-15============
Node 1, SINR:7.72861e-01, BpsHz:3.75490e-02
Node 6, SINR:7.72861e-01, BpsHz:3.75490e-02
Node 11, SINR:7.72861e-01, BpsHz:3.75490e-02
Node 21, SINR:7.72860e-01, BpsHz:3.75490e-02
Node 48, SINR:7.72860e-01, BpsHz:3.75490e-02
Node 50, SINR:0.00000e+00, BpsHz:0.00000e+00
Node 78, SINR:7.72861e-01, BpsHz:3.75490e-02
Node 94, SINR:7.72861e-01, BpsHz:3.75490e-02
Node 112, SINR:7.72861e-01, BpsHz:3.75490e-02
Node 118, SINR:7.72861e-01, BpsHz:3.75490e-02
Node 121, SINR:7.72861e-01, BpsHz:3.75490e-02
Node 124, SINR:7.72861e-01, BpsHz:3.75490e-02
Node 147, SINR:7.72861e-01, BpsHz:3.75490e-02
Node 150, SINR:7.72861e-01, BpsHz:3.75490e-02
Node 163, SINR:7.72861e-01, BpsHz:3.75490e-02
Node 176, SINR:7.72861e-01, BpsHz:3.75490e-02
Node 183, SINR:7.72861e-01, BpsHz:3.75490e-02
Node 186, SINR:7.72861e-01, BpsHz:3.75490e-02
Node 188, SINR:7.72861e-01, BpsHz:3.75490e-02
Node 66, SINR:7.72861e-01, BpsHz:3.75490e-02
Node 97, SINR:7.72861e-01, BpsHz:3.75490e-02
Node 39, SINR:7.72861e-01, BpsHz:3.75490e-02
Node 28, SINR:7.72860e-01, BpsHz:3.75490e-02
---------------
==========Cluster 8, RcvInterf=5.69741e-14============
Node 47, SINR:4.02633e-01, BpsHz:3.75490e-02
Node 67, SINR:4.02633e-01, BpsHz:3.75490e-02
Node 80, SINR:4.02633e-01, BpsHz:3.75490e-02
Node 98, SINR:4.02633e-01, BpsHz:3.75490e-02
Node 120, SINR:4.02633e-01, BpsHz:3.75490e-02
Node 141, SINR:4.02633e-01, BpsHz:3.75490e-02
Node 154, SINR:4.02633e-01, BpsHz:3.75490e-02
Node 155, SINR:4.02633e-01, BpsHz:3.75490e-02
Node 175, SINR:0.00000e+00, BpsHz:0.00000e+00
Node 185, SINR:4.02633e-01, BpsHz:3.75490e-02
Node 34, SINR:4.02633e-01, BpsHz:3.75490e-02
Node 105, SINR:4.02633e-01, BpsHz:3.75490e-02
Node 75, SINR:4.02633e-01, BpsHz:3.75490e-02
Node 20, SINR:4.02633e-01, BpsHz:3.75490e-02
---------------
==========Cluster 9, RcvInterf=3.88135e-14============
Node 19, SINR:6.82937e-01, BpsHz:3.75490e-02
Node 62, SINR:6.82937e-01, BpsHz:3.75490e-02
Node 65, SINR:6.82937e-01, BpsHz:3.75490e-02
Node 73, SINR:6.82937e-01, BpsHz:3.75490e-02
Node 85, SINR:6.82937e-01, BpsHz:3.75490e-02
Node 91, SINR:0.00000e+00, BpsHz:0.00000e+00
Node 102, SINR:6.82937e-01, BpsHz:3.75490e-02
Node 115, SINR:6.82937e-01, BpsHz:3.75490e-02
Node 135, SINR:6.82937e-01, BpsHz:3.75490e-02
Node 140, SINR:6.82937e-01, BpsHz:3.75490e-02
Node 152, SINR:6.82937e-01, BpsHz:3.75490e-02
Node 158, SINR:6.82937e-01, BpsHz:3.75490e-02
Node 161, SINR:6.82937e-01, BpsHz:3.75490e-02
Node 182, SINR:6.82937e-01, BpsHz:3.75490e-02
Node 138, SINR:6.82937e-01, BpsHz:3.75490e-02
Node 180, SINR:6.82937e-01, BpsHz:3.75490e-02
Node 56, SINR:6.82937e-01, BpsHz:3.75490e-02
Node 13, SINR:6.82937e-01, BpsHz:3.75490e-02
Node 96, SINR:6.82937e-01, BpsHz:3.75490e-02
Node 139, SINR:6.82937e-01, BpsHz:3.75490e-02
Node 40, SINR:6.82937e-01, BpsHz:3.75490e-02
---------------
==========Cluster 10, RcvInterf=6.58178e-14============
Node 5, SINR:5.16541e-01, BpsHz:3.75490e-02
Node 7, SINR:5.16541e-01, BpsHz:3.75490e-02
Node 17, SINR:5.16541e-01, BpsHz:3.75490e-02
Node 26, SINR:5.16541e-01, BpsHz:3.75490e-02
Node 36, SINR:5.16541e-01, BpsHz:3.75490e-02
Node 46, SINR:5.16541e-01, BpsHz:3.75490e-02
Node 71, SINR:5.16541e-01, BpsHz:3.75490e-02
Node 79, SINR:5.16541e-01, BpsHz:3.75490e-02
Node 81, SINR:5.16541e-01, BpsHz:3.75490e-02
Node 83, SINR:5.16541e-01, BpsHz:3.75490e-02
Node 87, SINR:5.16541e-01, BpsHz:3.75490e-02
Node 95, SINR:5.16541e-01, BpsHz:3.75490e-02
Node 100, SINR:5.16541e-01, BpsHz:3.75490e-02
Node 104, SINR:5.16541e-01, BpsHz:3.75490e-02
Node 128, SINR:0.00000e+00, BpsHz:0.00000e+00
Node 160, SINR:5.16541e-01, BpsHz:3.75490e-02
Node 54, SINR:5.16541e-01, BpsHz:3.75490e-02
---------------
