195
11
1.000000e-03
1.931016e-312
163
3000
1.534564e+01
1.906433e+00
1.534564e-05
1.263229e-06
0 0 0 0 0 0 0 0 0 0 0 0 0 0 0 1 0 0 0 0 0 0 0 0 0 0 0 0 0 0 0 0 0 0 0 0 0 0 1 0 0 0 0 0 0 0 0 0 0 1 0 0 0 0 0 0 0 0 1 0 0 0 0 0 0 0 0 0 0 0 0 0 0 0 0 0 0 0 0 0 0 0 0 0 0 0 1 0 0 0 0 0 0 0 0 0 0 0 0 0 0 0 0 0 0 0 0 1 0 0 0 1 0 0 0 0 0 0 0 0 0 0 1 0 0 0 0 0 0 0 1 0 0 0 1 0 0 0 0 0 0 0 0 0 0 0 1 0 0 0 0 0 0 0 0 0 0 0 0 0 0 0 0 0 0 0 0 0 0 0 0 0 0 0 0 0 0 1 1 0 0 0 0 0 0 0 0 0 0 0 0 0 0 0 0 
1 0 0 0 1 1 0 0 0 1 0 0 0 0 0 0 0 0 0 0 0 0 0 0 0 0 1 0 0 0 0 0 0 0 0 0 1 1 0 0 0 0 0 0 0 1 1 0 0 0 0 0 0 1 0 0 0 0 0 0 1 0 0 0 1 0 0 0 0 0 0 1 1 0 0 0 0 0 0 0 0 0 0 1 0 0 0 0 0 0 0 0 0 0 0 0 0 0 0 1 0 0 0 0 0 0 0 0 1 0 0 0 0 0 1 0 0 0 0 0 0 0 0 0 0 0 0 0 0 0 0 1 0 0 0 0 0 0 0 0 0 0 0 0 0 0 0 0 0 0 0 0 0 0 0 0 0 0 0 0 0 0 0 0 0 0 0 0 1 0 0 0 0 0 0 0 0 0 0 0 0 0 0 0 0 0 0 0 0 0 0 0 0 0 0 
0 0 0 0 0 0 0 0 0 0 0 0 0 0 0 0 0 0 1 0 0 0 0 0 0 0 0 0 0 0 0 0 0 1 0 0 0 0 0 0 0 0 0 0 0 0 0 0 0 0 0 1 0 0 0 0 0 0 0 0 0 0 0 0 0 0 0 0 1 0 0 0 0 0 0 0 0 0 0 0 0 0 0 0 0 0 0 0 0 0 0 0 0 0 0 0 0 0 0 0 0 0 0 0 0 0 0 0 0 1 0 0 0 0 0 0 0 0 0 0 0 0 0 0 0 0 0 0 0 1 0 0 1 0 0 0 1 0 0 0 0 0 0 0 0 0 0 0 0 1 0 0 0 0 0 0 0 0 0 0 0 0 0 0 0 1 0 0 0 0 0 0 0 0 0 0 0 0 0 1 0 0 0 0 0 0 0 0 0 1 0 0 0 0 1 
0 0 0 0 0 0 0 0 0 0 0 0 1 0 0 0 0 0 0 0 0 0 0 0 1 1 0 0 0 0 0 1 1 0 0 0 0 0 0 0 0 1 0 0 0 0 0 0 0 0 0 0 0 0 0 0 0 0 0 1 0 0 0 0 0 0 0 0 0 0 1 0 0 0 0 0 1 0 0 0 0 0 1 0 0 0 0 0 0 0 1 0 0 0 0 0 0 0 0 0 0 1 0 1 0 0 0 0 0 0 1 0 0 0 0 0 0 1 0 0 0 0 0 1 0 1 0 0 0 0 0 0 0 1 0 0 0 0 0 0 0 0 1 1 1 0 0 0 1 0 0 1 0 1 0 0 1 1 0 1 0 0 0 0 1 0 0 0 0 0 0 0 0 0 0 0 0 0 0 0 0 0 0 0 0 0 0 1 0 0 0 0 1 0 0 
0 0 0 0 0 0 0 0 1 0 0 0 0 0 0 0 0 0 0 0 0 0 0 0 0 0 0 0 0 0 0 0 0 0 0 0 0 0 0 0 0 0 0 0 0 0 0 0 0 0 0 0 1 0 0 1 0 1 0 0 0 0 0 1 0 0 0 0 0 0 0 0 0 0 0 0 0 0 0 0 0 0 0 0 1 0 0 0 0 0 0 0 1 0 1 0 0 0 0 0 0 0 0 0 0 0 0 0 0 0 0 0 0 0 0 0 0 0 0 0 0 0 0 0 0 0 0 0 0 0 0 0 0 0 0 0 0 0 0 0 0 0 0 0 0 0 0 0 0 0 0 0 0 0 0 0 0 0 0 0 0 0 0 0 0 0 0 0 0 0 0 0 0 0 0 0 0 0 0 0 0 0 0 0 0 0 0 0 0 0 0 1 0 0 0 
0 0 1 1 0 0 0 0 0 0 0 0 0 0 0 0 0 0 0 0 0 0 0 0 0 0 0 0 0 1 0 0 0 0 0 0 0 0 0 0 0 0 0 0 0 0 0 0 0 0 0 0 0 0 0 0 0 0 0 0 0 0 0 0 0 0 0 0 0 0 0 0 0 1 0 0 0 0 0 0 0 0 0 0 0 0 0 0 0 0 0 0 0 0 0 0 0 0 0 0 0 0 0 0 0 0 0 0 0 0 0 0 0 0 0 0 0 0 0 1 0 0 0 0 0 0 0 0 0 0 0 0 0 0 0 1 0 0 0 1 1 0 0 0 0 1 0 0 0 0 0 0 0 0 0 0 0 0 1 0 0 0 0 0 0 0 0 0 0 0 0 0 0 0 1 0 0 0 0 0 0 1 0 0 0 0 0 0 0 0 1 0 0 0 0 
0 1 0 0 0 0 1 0 0 0 0 1 0 0 0 0 0 0 0 0 0 1 1 0 0 0 0 0 1 0 0 0 0 0 0 0 0 0 0 1 0 0 0 0 0 0 0 0 0 0 1 0 0 0 0 0 0 0 0 0 0 0 0 0 0 0 1 0 0 0 0 0 0 0 0 0 0 0 1 0 0 0 0 0 0 0 0 0 0 0 0 0 0 0 0 0 0 1 0 0 0 0 0 0 0 0 0 0 0 0 0 0 1 0 0 0 0 0 1 0 0 1 0 0 1 0 0 0 0 0 0 0 0 0 0 0 0 0 0 0 0 0 0 0 0 0 0 1 0 0 1 0 0 0 0 0 0 0 0 0 0 0 0 1 0 0 0 0 0 0 0 0 0 0 0 0 1 0 0 0 0 0 0 1 1 0 1 0 1 0 0 0 0 0 0 
0 0 0 0 0 0 0 0 0 0 0 0 0 0 1 0 0 0 0 0 0 0 0 1 0 0 0 0 0 0 0 0 0 0 0 1 0 0 0 0 0 0 0 0 1 0 0 0 0 0 0 0 0 0 0 0 0 0 0 0 0 1 0 0 0 0 0 0 0 0 0 0 0 0 0 0 0 0 0 0 0 0 0 0 0 0 0 0 0 0 0 0 0 0 0 0 0 0 0 0 0 0 0 0 0 0 1 0 0 0 0 0 0 1 0 0 1 0 0 0 0 0 0 0 0 0 0 1 0 0 0 0 0 0 0 0 0 1 0 0 0 0 0 0 0 0 0 0 0 0 0 0 0 0 0 0 0 0 0 0 0 0 0 0 0 0 1 0 0 1 1 0 1 0 0 0 0 0 0 0 0 0 0 0 0 0 0 0 0 0 0 0 0 0 0 
0 0 0 0 0 0 0 0 0 0 0 0 0 0 0 0 0 0 0 0 0 0 0 0 0 0 0 0 0 0 0 0 0 0 0 0 0 0 0 0 0 0 0 0 0 0 0 0 0 0 0 0 0 0 0 0 1 0 0 0 0 0 1 0 0 0 0 0 0 0 0 0 0 0 0 0 0 0 0 0 0 0 0 0 0 0 0 0 0 0 0 0 0 0 0 0 1 0 0 0 0 0 0 0 0 0 0 0 0 0 0 0 0 0 0 1 0 0 0 0 0 0 0 0 0 0 0 0 0 0 0 0 0 0 0 0 0 0 1 0 0 0 0 0 0 0 0 0 0 0 0 0 0 0 0 0 0 0 0 0 0 0 0 0 0 0 0 0 0 0 0 0 0 0 0 0 0 0 0 0 0 0 0 0 0 0 0 0 0 0 0 0 0 0 0 
0 0 0 0 0 0 0 0 0 0 0 0 0 0 0 0 0 0 0 0 0 0 0 0 0 0 0 0 0 0 0 0 0 0 1 0 0 0 0 0 0 0 0 0 0 0 0 1 0 0 0 0 0 0 0 0 0 0 0 0 0 0 0 0 0 0 0 1 0 0 0 0 0 0 1 0 0 0 0 0 1 0 0 0 0 0 0 0 0 0 0 0 0 1 0 0 0 0 1 0 0 0 0 0 0 1 0 0 0 0 0 0 0 0 0 0 0 0 0 0 1 0 0 0 0 0 1 0 0 0 0 0 0 0 0 0 0 0 0 0 0 1 0 0 0 0 0 0 0 0 0 0 0 0 1 1 0 0 0 0 0 0 0 0 0 0 0 0 0 0 0 1 0 0 0 1 0 0 0 0 0 0 0 0 0 1 0 0 0 0 0 0 0 0 0 
0 0 0 0 0 0 0 0 0 0 0 0 0 1 0 0 0 0 0 1 1 0 0 0 0 0 0 0 0 0 0 0 0 0 0 0 0 0 0 0 1 0 0 0 0 0 0 0 0 0 0 0 0 0 1 0 0 0 0 0 0 0 0 0 0 1 0 0 0 0 0 0 0 0 0 0 0 0 0 1 0 1 0 0 0 1 0 1 1 0 0 0 0 0 0 0 0 0 0 0 1 0 1 0 1 0 0 0 0 0 0 0 0 0 0 0 0 0 0 0 0 0 0 0 0 0 0 0 1 0 0 0 0 0 0 0 0 0 0 0 0 0 0 0 0 0 0 0 0 0 0 0 0 0 0 0 0 0 0 0 1 1 0 0 0 0 0 0 0 0 0 0 0 0 0 0 0 0 0 0 0 0 1 0 0 0 0 0 0 0 0 0 0 0 0 
147 38 180 188 192 182 51 114 139 176 89 
1.148165E-04 1.639298E-04 4.891629E-06 8.557481E-07 2.608945E-05 4.688602E-06 1.520951E-04 0.000000E+00 5.086433E-08 1.597879E-07 0.000000E+00 9.189183E-07 9.995557E-04 2.421571E-05 3.866755E-07 2.297050E-04 0.000000E+00 0.000000E+00 1.398182E-07 9.046224E-06 1.562712E-05 1.089325E-04 3.875611E-04 1.866537E-07 3.284220E-05 1.327857E-04 4.936253E-06 0.000000E+00 5.420921E-05 1.175620E-05 0.000000E+00 1.261644E-05 1.000427E-04 9.025371E-07 3.806615E-05 1.258704E-06 1.158997E-05 0.000000E+00 7.145044E-05 5.992583E-04 1.358166E-05 1.609964E-04 0.000000E+00 0.000000E+00 3.676071E-06 6.918287E-06 9.989849E-06 1.008677E-06 0.000000E+00 7.703589E-09 0.000000E+00 9.299953E-06 5.108062E-05 7.564620E-04 1.433826E-04 6.551452E-09 1.154584E-07 2.485892E-06 1.911458E-05 2.674724E-04 5.361356E-05 4.800536E-05 2.946190E-08 2.702213E-05 3.395003E-06 5.536437E-05 3.216463E-05 6.953783E-06 3.158265E-06 0.000000E+00 1.633097E-06 5.989148E-05 4.715588E-06 3.793474E-06 1.558318E-04 0.000000E+00 2.791200E-04 0.000000E+00 2.319755E-05 1.771479E-04 1.741552E-06 3.340821E-07 1.743737E-04 5.012593E-05 4.548376E-06 2.946291E-06 1.103688E-04 4.593265E-06 0.000000E+00 0.000000E+00 9.111170E-05 0.000000E+00 3.643651E-05 9.235123E-05 4.121943E-05 0.000000E+00 1.918037E-08 3.792853E-05 5.782417E-06 9.094489E-04 1.021154E-04 7.082693E-05 6.789171E-06 2.077382E-05 1.057716E-05 2.720310E-05 1.589899E-05 2.029737E-04 4.653105E-05 1.406543E-05 5.708365E-04 1.239176E-04 1.587784E-04 0.000000E+00 4.210546E-04 6.285615E-08 1.003994E-06 2.279162E-04 2.162058E-04 1.992752E-07 9.264681E-06 3.003886E-06 1.470414E-06 2.161749E-05 3.310828E-04 2.389439E-04 8.888681E-05 5.791109E-06 6.844184E-05 5.566467E-08 6.180640E-06 8.727818E-05 9.899794E-06 2.485724E-08 1.817280E-05 2.282192E-07 1.557710E-04 1.554766E-06 0.000000E+00 1.328200E-08 1.125595E-05 2.379712E-07 1.238490E-05 8.493866E-05 4.832010E-05 1.636889E-06 0.000000E+00 2.450579E-05 9.264241E-05 3.344840E-06 5.813240E-10 5.991822E-05 0.000000E+00 1.378153E-04 9.591074E-08 6.696838E-07 3.392894E-04 5.469589E-04 4.708763E-06 4.126751E-04 3.843713E-05 9.133732E-05 0.000000E+00 1.106411E-05 1.623124E-04 4.249464E-05 1.638499E-06 0.000000E+00 2.936623E-05 1.988160E-05 1.688709E-08 4.365015E-05 5.524313E-07 0.000000E+00 2.798699E-07 0.000000E+00 3.472791E-05 1.036217E-05 1.450910E-06 0.000000E+00 0.000000E+00 0.000000E+00 4.325115E-06 1.447539E-04 2.796678E-04 2.286939E-06 8.196373E-05 0.000000E+00 2.250378E-04 2.447115E-05 4.163271E-05 0.000000E+00 9.174339E-05 0.000000E+00 3.439470E-06 
50 59 123 131 135 147 178 179 39 87 16 112 108 
1 5 6 10 27 37 38 46 47 54 61 65 73 84 100 109 115 132 169 72 
19 34 52 69 110 130 133 180 190 195 150 166 137 
25 32 33 42 71 77 83 91 102 104 118 124 126 134 143 144 145 149 152 157 158 160 165 188 193 13 60 26 111 154 
56 58 85 192 9 64 93 95 53 
3 4 120 136 140 146 159 175 182 74 30 191 141 
2 7 12 22 29 51 79 119 122 125 148 151 177 184 187 189 40 164 67 98 23 185 113 
15 24 36 45 114 117 138 167 171 173 128 170 107 62 
63 97 139 57 116 
48 68 81 99 142 155 156 176 186 121 172 106 94 127 75 35 
14 20 55 66 82 86 88 89 101 103 105 161 183 41 80 21 162 129 

============Find Best @ Round 1802================
==========Cluster 0, RcvInterf=5.58189e-14============
Node 49, SINR:2.75744e-01, BpsHz:2.92783e-02
Node 58, SINR:2.75744e-01, BpsHz:2.92783e-02
Node 122, SINR:2.75744e-01, BpsHz:2.92783e-02
Node 130, SINR:2.75744e-01, BpsHz:2.92783e-02
Node 134, SINR:2.75744e-01, BpsHz:2.92783e-02
Node 146, SINR:0.00000e+00, BpsHz:0.00000e+00
Node 177, SINR:2.75744e-01, BpsHz:2.92783e-02
Node 178, SINR:2.75744e-01, BpsHz:2.92783e-02
Node 38, SINR:2.75744e-01, BpsHz:2.92783e-02
Node 86, SINR:2.75744e-01, BpsHz:2.92783e-02
Node 15, SINR:2.75744e-01, BpsHz:2.92783e-02
Node 111, SINR:2.75744e-01, BpsHz:2.92783e-02
Node 107, SINR:2.75744e-01, BpsHz:2.92783e-02
---------------
==========Cluster 1, RcvInterf=7.02361e-14============
Node 0, SINR:4.70480e-01, BpsHz:2.92783e-02
Node 4, SINR:4.70480e-01, BpsHz:2.92783e-02
Node 5, SINR:4.70480e-01, BpsHz:2.92783e-02
Node 9, SINR:4.70480e-01, BpsHz:2.92783e-02
Node 26, SINR:4.70480e-01, BpsHz:2.92783e-02
Node 36, SINR:4.70480e-01, BpsHz:2.92783e-02
Node 37, SINR:0.00000e+00, BpsHz:0.00000e+00
Node 45, SINR:4.70480e-01, BpsHz:2.92783e-02
Node 46, SINR:4.70480e-01, BpsHz:2.92783e-02
Node 53, SINR:4.70480e-01, BpsHz:2.92783e-02
Node 60, SINR:4.70480e-01, BpsHz:2.92783e-02
Node 64, SINR:4.70480e-01, BpsHz:2.92783e-02
Node 72, SINR:4.70480e-01, BpsHz:2.92783e-02
Node 83, SINR:4.70480e-01, BpsHz:2.92783e-02
Node 99, SINR:4.70480e-01, BpsHz:2.92783e-02
Node 108, SINR:4.70480e-01, BpsHz:2.92783e-02
Node 114, SINR:4.70480e-01, BpsHz:2.92783e-02
Node 131, SINR:4.70480e-01, BpsHz:2.92783e-02
Node 168, SINR:4.70480e-01, BpsHz:2.92783e-02
Node 71, SINR:4.70480e-01, BpsHz:2.92783e-02
---------------
==========Cluster 2, RcvInterf=2.69455e-14============
Node 18, SINR:2.75744e-01, BpsHz:2.92783e-02
Node 33, SINR:2.75744e-01, BpsHz:2.92783e-02
Node 51, SINR:2.75744e-01, BpsHz:2.92783e-02
Node 68, SINR:2.75744e-01, BpsHz:2.92783e-02
Node 109, SINR:2.75744e-01, BpsHz:2.92783e-02
Node 129, SINR:2.75744e-01, BpsHz:2.92783e-02
Node 132, SINR:2.75744e-01, BpsHz:2.92783e-02
Node 179, SINR:0.00000e+00, BpsHz:0.00000e+00
Node 189, SINR:2.75744e-01, BpsHz:2.92783e-02
Node 194, SINR:2.75744e-01, BpsHz:2.92783e-02
Node 149, SINR:2.75744e-01, BpsHz:2.92783e-02
Node 165, SINR:2.75744e-01, BpsHz:2.92783e-02
Node 136, SINR:2.75744e-01, BpsHz:2.92783e-02
---------------
==========Cluster 3, RcvInterf=3.83042e-14============
Node 24, SINR:8.01339e-01, BpsHz:2.92783e-02
Node 31, SINR:8.01339e-01, BpsHz:2.92783e-02
Node 32, SINR:8.01340e-01, BpsHz:2.92783e-02
Node 41, SINR:8.01339e-01, BpsHz:2.92783e-02
Node 70, SINR:8.01339e-01, BpsHz:2.92783e-02
Node 76, SINR:8.01340e-01, BpsHz:2.92783e-02
Node 82, SINR:8.01340e-01, BpsHz:2.92783e-02
Node 90, SINR:8.01340e-01, BpsHz:2.92783e-02
Node 101, SINR:8.01340e-01, BpsHz:2.92783e-02
Node 103, SINR:8.01340e-01, BpsHz:2.92783e-02
Node 117, SINR:8.01340e-01, BpsHz:2.92783e-02
Node 123, SINR:8.01340e-01, BpsHz:2.92783e-02
Node 125, SINR:8.01339e-01, BpsHz:2.92783e-02
Node 133, SINR:8.01340e-01, BpsHz:2.92783e-02
Node 142, SINR:8.01340e-01, BpsHz:2.92783e-02
Node 143, SINR:8.01339e-01, BpsHz:2.92783e-02
Node 144, SINR:8.01340e-01, BpsHz:2.92783e-02
Node 148, SINR:8.01339e-01, BpsHz:2.92783e-02
Node 151, SINR:8.01339e-01, BpsHz:2.92783e-02
Node 156, SINR:8.01340e-01, BpsHz:2.92783e-02
Node 157, SINR:8.01339e-01, BpsHz:2.92783e-02
Node 159, SINR:8.01340e-01, BpsHz:2.92783e-02
Node 164, SINR:8.01340e-01, BpsHz:2.92783e-02
Node 187, SINR:0.00000e+00, BpsHz:0.00000e+00
Node 192, SINR:8.01340e-01, BpsHz:2.92783e-02
Node 12, SINR:8.01339e-01, BpsHz:2.92783e-02
Node 59, SINR:8.01340e-01, BpsHz:2.92783e-02
Node 25, SINR:8.01340e-01, BpsHz:2.92783e-02
Node 110, SINR:8.01340e-01, BpsHz:2.92783e-02
Node 153, SINR:8.01340e-01, BpsHz:2.92783e-02
---------------
==========Cluster 4, RcvInterf=1.15436e-13============
Node 55, SINR:1.76276e-01, BpsHz:2.92783e-02
Node 57, SINR:1.76276e-01, BpsHz:2.92783e-02
Node 84, SINR:1.76276e-01, BpsHz:2.92783e-02
Node 191, SINR:0.00000e+00, BpsHz:0.00000e+00
Node 8, SINR:1.76276e-01, BpsHz:2.92783e-02
Node 63, SINR:1.76276e-01, BpsHz:2.92783e-02
Node 92, SINR:1.76276e-01, BpsHz:2.92783e-02
Node 94, SINR:1.76276e-01, BpsHz:2.92783e-02
Node 52, SINR:1.76276e-01, BpsHz:2.92783e-02
---------------
==========Cluster 5, RcvInterf=3.52710e-14============
Node 2, SINR:2.75744e-01, BpsHz:2.92783e-02
Node 3, SINR:2.75744e-01, BpsHz:2.92783e-02
Node 119, SINR:2.75744e-01, BpsHz:2.92783e-02
Node 135, SINR:2.75744e-01, BpsHz:2.92783e-02
Node 139, SINR:2.75744e-01, BpsHz:2.92783e-02
Node 145, SINR:2.75744e-01, BpsHz:2.92783e-02
Node 158, SINR:2.75744e-01, BpsHz:2.92783e-02
Node 174, SINR:2.75744e-01, BpsHz:2.92783e-02
Node 181, SINR:0.00000e+00, BpsHz:0.00000e+00
Node 73, SINR:2.75744e-01, BpsHz:2.92783e-02
Node 29, SINR:2.75744e-01, BpsHz:2.92783e-02
Node 190, SINR:2.75744e-01, BpsHz:2.92783e-02
Node 140, SINR:2.75744e-01, BpsHz:2.92783e-02
---------------
==========Cluster 6, RcvInterf=4.64618e-14============
Node 1, SINR:5.62788e-01, BpsHz:2.92783e-02
Node 6, SINR:5.62788e-01, BpsHz:2.92783e-02
Node 11, SINR:5.62788e-01, BpsHz:2.92783e-02
Node 21, SINR:5.62788e-01, BpsHz:2.92783e-02
Node 28, SINR:5.62788e-01, BpsHz:2.92783e-02
Node 50, SINR:0.00000e+00, BpsHz:0.00000e+00
Node 78, SINR:5.62788e-01, BpsHz:2.92783e-02
Node 118, SINR:5.62788e-01, BpsHz:2.92783e-02
Node 121, SINR:5.62788e-01, BpsHz:2.92783e-02
Node 124, SINR:5.62788e-01, BpsHz:2.92783e-02
Node 147, SINR:5.62788e-01, BpsHz:2.92783e-02
Node 150, SINR:5.62788e-01, BpsHz:2.92783e-02
Node 176, SINR:5.62788e-01, BpsHz:2.92783e-02
Node 183, SINR:5.62788e-01, BpsHz:2.92783e-02
Node 186, SINR:5.62788e-01, BpsHz:2.92783e-02
Node 188, SINR:5.62788e-01, BpsHz:2.92783e-02
Node 39, SINR:5.62788e-01, BpsHz:2.92783e-02
Node 163, SINR:5.62788e-01, BpsHz:2.92783e-02
Node 66, SINR:5.62788e-01, BpsHz:2.92783e-02
Node 97, SINR:5.62788e-01, BpsHz:2.92783e-02
Node 22, SINR:5.62788e-01, BpsHz:2.92783e-02
Node 184, SINR:5.62788e-01, BpsHz:2.92783e-02
Node 112, SINR:5.62788e-01, BpsHz:2.92783e-02
---------------
==========Cluster 7, RcvInterf=1.60823e-14============
Node 14, SINR:3.01899e-01, BpsHz:2.92783e-02
Node 23, SINR:3.01899e-01, BpsHz:2.92783e-02
Node 35, SINR:3.01899e-01, BpsHz:2.92783e-02
Node 44, SINR:3.01899e-01, BpsHz:2.92783e-02
Node 113, SINR:0.00000e+00, BpsHz:0.00000e+00
Node 116, SINR:3.01899e-01, BpsHz:2.92783e-02
Node 137, SINR:3.01899e-01, BpsHz:2.92783e-02
Node 166, SINR:3.01899e-01, BpsHz:2.92783e-02
Node 170, SINR:3.01899e-01, BpsHz:2.92783e-02
Node 172, SINR:3.01899e-01, BpsHz:2.92783e-02
Node 127, SINR:3.01899e-01, BpsHz:2.92783e-02
Node 169, SINR:3.01899e-01, BpsHz:2.92783e-02
Node 106, SINR:3.01899e-01, BpsHz:2.92783e-02
Node 61, SINR:3.01899e-01, BpsHz:2.92783e-02
---------------
==========Cluster 8, RcvInterf=1.63430e-14============
Node 62, SINR:8.45624e-02, BpsHz:2.92783e-02
Node 96, SINR:8.45624e-02, BpsHz:2.92783e-02
Node 138, SINR:0.00000e+00, BpsHz:0.00000e+00
Node 56, SINR:8.45624e-02, BpsHz:2.92783e-02
Node 115, SINR:8.45624e-02, BpsHz:2.92783e-02
---------------
==========Cluster 9, RcvInterf=5.84993e-14============
Node 47, SINR:3.55828e-01, BpsHz:2.92783e-02
Node 67, SINR:3.55828e-01, BpsHz:2.92783e-02
Node 80, SINR:3.55828e-01, BpsHz:2.92783e-02
Node 98, SINR:3.55828e-01, BpsHz:2.92783e-02
Node 141, SINR:3.55828e-01, BpsHz:2.92783e-02
Node 154, SINR:3.55828e-01, BpsHz:2.92783e-02
Node 155, SINR:3.55828e-01, BpsHz:2.92783e-02
Node 175, SINR:0.00000e+00, BpsHz:0.00000e+00
Node 185, SINR:3.55828e-01, BpsHz:2.92783e-02
Node 120, SINR:3.55828e-01, BpsHz:2.92783e-02
Node 171, SINR:3.55828e-01, BpsHz:2.92783e-02
Node 105, SINR:3.55828e-01, BpsHz:2.92783e-02
Node 93, SINR:3.55828e-01, BpsHz:2.92783e-02
Node 126, SINR:3.55828e-01, BpsHz:2.92783e-02
Node 74, SINR:3.55828e-01, BpsHz:2.92783e-02
Node 34, SINR:3.55828e-01, BpsHz:2.92783e-02
---------------
==========Cluster 10, RcvInterf=3.11538e-14============
Node 13, SINR:4.11991e-01, BpsHz:2.92783e-02
Node 19, SINR:4.11991e-01, BpsHz:2.92783e-02
Node 54, SINR:4.11991e-01, BpsHz:2.92783e-02
Node 65, SINR:4.11991e-01, BpsHz:2.92783e-02
Node 81, SINR:4.11991e-01, BpsHz:2.92783e-02
Node 85, SINR:4.11991e-01, BpsHz:2.92783e-02
Node 87, SINR:4.11991e-01, BpsHz:2.92783e-02
Node 88, SINR:0.00000e+00, BpsHz:0.00000e+00
Node 100, SINR:4.11991e-01, BpsHz:2.92783e-02
Node 102, SINR:4.11991e-01, BpsHz:2.92783e-02
Node 104, SINR:4.11991e-01, BpsHz:2.92783e-02
Node 160, SINR:4.11991e-01, BpsHz:2.92783e-02
Node 182, SINR:4.11991e-01, BpsHz:2.92783e-02
Node 40, SINR:4.11991e-01, BpsHz:2.92783e-02
Node 79, SINR:4.11991e-01, BpsHz:2.92783e-02
Node 20, SINR:4.11991e-01, BpsHz:2.92783e-02
Node 161, SINR:4.11991e-01, BpsHz:2.92783e-02
Node 128, SINR:4.11991e-01, BpsHz:2.92783e-02
---------------
