195
11
1.000000e-03
1.931016e-312
172
3000
1.631650e+01
1.602478e+00
1.631650e-05
1.425455e-06
0 0 1 1 0 0 0 0 0 0 0 0 0 0 0 0 0 0 0 0 0 0 0 0 0 0 0 1 0 0 0 0 0 0 0 0 0 0 0 0 0 0 1 0 0 0 0 0 0 0 0 0 0 0 0 0 1 0 0 0 0 1 1 0 0 0 0 0 0 0 0 0 0 1 0 0 0 0 0 0 0 0 0 0 0 0 0 0 0 0 0 0 0 0 0 0 1 0 0 0 0 0 0 0 0 0 0 0 0 0 0 0 0 0 0 1 0 0 0 1 0 0 0 0 0 0 0 1 0 0 0 0 0 0 0 1 0 0 1 1 0 0 0 0 0 1 0 0 0 0 0 0 1 0 0 0 0 0 0 0 0 0 0 0 0 0 0 0 0 1 0 0 0 1 1 0 0 0 0 0 1 1 0 0 0 0 0 0 0 0 1 0 0 0 0 
0 0 0 0 0 0 0 0 1 0 0 0 0 0 0 0 0 0 0 0 0 0 0 0 0 0 0 0 0 0 0 0 0 0 0 0 0 0 0 0 0 0 0 0 0 0 0 0 0 1 0 0 1 0 0 1 0 1 1 0 0 0 0 1 0 0 0 0 0 0 0 0 0 0 1 0 0 0 0 0 0 0 0 0 1 0 0 0 0 0 0 0 1 0 0 0 0 0 0 0 0 0 0 0 0 0 0 1 0 0 0 1 0 0 0 0 0 0 0 0 0 0 1 0 0 0 1 0 0 0 0 0 0 0 1 0 0 0 0 0 0 0 0 0 0 0 1 0 0 0 0 0 0 0 0 0 0 0 0 0 0 0 0 0 0 0 0 0 0 0 0 0 0 0 0 0 0 0 0 0 0 0 0 0 0 0 0 0 0 0 0 1 0 0 0 
1 0 0 0 0 0 0 0 0 0 0 0 0 0 0 0 0 0 0 0 0 0 0 0 0 0 0 0 0 0 0 1 0 0 0 0 0 0 0 0 0 1 0 1 0 0 0 0 0 0 0 0 0 1 0 0 0 0 0 0 0 0 0 0 0 0 0 0 0 0 0 0 0 0 0 0 0 0 0 0 0 0 0 0 0 0 0 0 0 0 1 0 0 0 0 0 0 0 0 1 0 0 0 0 0 0 0 0 0 0 1 0 0 0 0 0 0 1 0 0 0 0 0 0 0 1 0 0 0 0 0 0 0 0 0 0 0 0 0 0 0 0 1 0 0 0 0 0 0 0 0 0 0 0 0 0 0 1 0 0 0 0 1 0 0 0 0 1 0 0 0 0 0 0 0 0 0 0 0 0 0 0 0 0 0 0 0 0 0 0 0 0 0 0 0 
0 0 0 0 0 0 0 0 0 0 0 0 0 1 0 0 0 0 0 1 0 0 0 0 0 0 0 0 0 0 0 0 0 0 0 0 0 0 0 0 0 0 0 0 0 0 0 0 0 0 0 0 0 0 1 0 0 0 0 0 0 0 0 0 0 1 0 0 0 0 0 0 0 0 0 0 0 0 0 0 0 0 0 0 0 1 0 0 1 0 0 0 0 0 0 0 0 0 0 0 0 0 1 0 0 0 0 0 0 0 0 0 0 0 0 0 0 0 0 0 0 0 0 0 0 0 0 0 0 0 0 0 0 0 0 0 0 0 0 0 1 0 0 0 0 0 0 0 0 0 0 0 0 0 0 0 0 0 1 0 0 1 0 0 0 0 0 0 0 0 0 0 0 0 0 0 0 0 0 0 0 0 1 0 0 0 0 0 0 0 0 0 0 0 0 
0 1 0 0 0 0 0 0 0 0 0 1 0 0 0 1 0 0 0 0 0 1 0 0 0 0 0 0 0 0 0 0 0 0 0 0 0 0 1 1 0 0 0 0 0 0 0 0 1 0 1 0 0 0 0 0 0 0 0 0 0 0 0 0 0 0 0 0 0 0 0 0 0 0 0 0 0 0 1 0 0 0 0 0 0 0 1 0 0 0 0 0 0 0 1 0 0 0 0 0 0 0 0 0 0 0 0 0 0 0 0 0 1 0 0 0 0 0 0 0 0 0 0 0 1 0 0 0 0 0 0 0 0 0 0 0 1 0 0 0 0 0 0 0 0 0 0 0 0 0 1 0 0 0 0 0 0 0 0 0 0 0 0 1 0 0 0 0 0 0 0 0 0 0 0 0 1 0 0 0 0 0 0 1 1 0 1 0 1 0 0 0 0 0 0 
0 0 0 0 0 0 0 0 0 0 1 0 0 0 0 0 0 0 0 0 0 0 0 0 0 1 0 0 0 0 0 0 0 0 0 0 0 0 0 0 0 0 0 0 0 0 0 0 0 0 0 0 0 0 0 0 0 0 0 1 0 0 0 0 0 0 0 1 0 0 0 0 0 0 0 0 0 0 0 0 0 0 0 0 0 0 0 0 0 1 0 0 0 0 0 0 0 0 0 0 0 1 0 0 0 0 0 0 0 0 0 0 0 0 0 0 0 0 0 0 0 0 0 0 0 0 0 0 0 0 0 0 0 1 0 0 0 0 0 0 0 0 0 0 1 0 0 0 1 0 0 1 0 0 0 0 0 0 0 0 0 0 0 0 0 0 0 0 0 0 0 0 0 0 0 0 0 0 0 0 0 0 0 0 0 0 0 0 0 0 0 0 1 1 0 
0 0 0 0 0 0 0 0 0 0 0 0 0 0 1 0 0 0 1 0 0 0 0 1 0 0 0 0 0 0 0 0 0 1 0 1 0 0 0 0 0 0 0 0 1 0 0 0 0 0 0 1 0 0 0 0 0 0 0 0 0 0 0 0 0 0 0 0 1 0 0 0 0 0 0 0 0 0 0 0 0 0 0 0 0 0 0 0 0 0 0 0 0 0 0 0 0 0 0 0 0 0 0 0 0 0 1 0 0 1 0 0 0 1 0 0 1 0 0 0 0 0 0 0 0 0 0 0 0 1 1 0 0 0 0 0 0 1 0 0 0 0 0 0 0 0 0 0 0 1 0 0 0 0 0 0 0 0 0 0 0 0 0 0 0 1 1 0 0 0 1 0 1 0 0 0 0 1 1 1 0 0 0 0 0 0 0 0 0 1 0 0 0 0 0 
0 0 0 0 0 0 0 0 0 0 0 0 0 0 0 0 1 0 0 0 1 0 0 0 0 0 0 0 0 1 0 0 0 0 1 0 0 0 0 0 1 0 0 0 0 0 0 1 0 0 0 0 0 0 0 0 0 0 0 0 0 0 0 0 0 0 0 0 0 0 0 0 0 0 0 1 0 0 0 0 1 0 0 0 0 0 0 0 0 0 0 0 0 0 0 0 0 0 1 0 0 0 0 0 0 1 0 0 0 0 0 0 0 0 0 0 0 0 0 0 1 0 0 0 0 0 0 0 0 0 0 0 0 0 0 0 0 0 0 0 0 1 0 0 0 0 0 0 0 0 0 0 0 0 1 1 0 0 0 0 0 0 0 0 0 0 0 0 0 0 0 0 0 0 0 1 0 0 0 0 0 0 0 0 0 1 0 0 0 0 0 0 0 0 0 
0 0 0 0 0 0 1 0 0 0 0 0 1 0 0 0 0 0 0 0 0 0 1 0 1 0 0 0 1 0 1 0 1 0 0 0 0 0 0 0 0 0 0 0 0 0 0 0 0 0 0 0 0 0 0 0 0 0 0 0 0 0 0 0 0 0 1 0 0 0 1 0 0 0 0 0 1 0 0 0 0 0 1 0 0 0 0 0 0 0 0 0 0 0 0 0 0 1 0 0 0 0 0 1 0 0 0 0 0 0 0 0 0 0 0 0 0 0 1 0 0 1 0 1 0 0 0 0 0 0 0 0 0 0 0 0 0 0 0 0 0 0 0 1 0 0 0 1 0 0 0 0 0 1 0 0 1 0 0 1 0 0 0 0 1 0 0 0 0 0 0 0 0 0 0 0 0 0 0 0 0 0 0 0 0 0 0 0 0 0 0 0 0 0 0 
0 0 0 0 1 1 0 1 0 0 0 0 0 0 0 0 0 1 0 0 0 0 0 0 0 0 1 0 0 0 0 0 0 0 0 0 1 0 0 0 0 0 0 0 0 0 1 0 0 0 0 0 0 0 0 0 0 0 0 0 0 0 0 0 0 0 0 0 0 1 0 1 0 0 0 0 0 0 0 1 0 0 0 1 0 0 0 1 0 0 0 0 0 0 0 1 0 0 0 0 1 0 0 0 1 0 0 0 0 0 0 0 0 0 0 0 0 0 0 0 0 0 0 0 0 0 0 0 1 0 0 0 0 0 0 0 0 0 0 0 0 0 0 0 0 0 0 0 0 0 0 0 0 0 0 0 0 0 0 0 0 0 0 0 0 0 0 0 1 0 0 0 0 0 0 0 0 0 0 0 0 0 0 0 0 0 0 0 0 0 0 0 0 0 0 
0 0 0 0 0 0 0 0 0 0 0 0 0 0 0 0 0 0 0 0 0 0 0 0 0 0 0 0 0 0 0 0 0 0 0 0 0 1 0 0 0 0 0 0 0 1 0 0 0 0 0 0 0 0 0 0 0 0 0 0 0 0 0 0 1 0 0 0 0 0 0 0 1 0 0 0 0 0 0 0 0 0 0 0 0 0 0 0 0 0 0 0 0 0 0 0 0 0 0 0 0 0 0 0 0 0 0 0 1 0 0 0 0 0 0 0 0 0 0 0 0 0 0 0 0 0 0 0 0 0 0 1 0 0 0 0 0 0 0 0 0 0 0 0 0 0 0 0 0 0 0 0 0 0 0 0 0 0 0 0 0 0 0 0 0 0 0 0 0 0 0 0 0 0 0 0 0 0 0 0 0 0 0 0 0 0 0 0 0 0 0 0 0 0 0 
146 85 163 103 79 193 107 81 33 96 65 
1.100952E-05 4.478993E-05 1.769948E-05 5.250550E-08 1.634952E-05 1.981998E-06 9.751162E-04 1.902329E-06 1.676590E-06 0.000000E+00 1.760815E-05 1.704387E-04 2.373841E-04 3.982176E-07 1.389074E-04 6.839128E-04 2.395496E-05 4.350386E-06 5.000845E-04 1.165003E-10 4.222549E-05 3.112745E-06 3.460645E-05 2.704481E-04 2.438737E-05 4.782437E-06 1.870361E-06 1.133704E-04 2.372186E-06 2.140697E-05 3.634736E-05 5.464820E-05 0.000000E+00 3.379973E-05 9.357576E-06 3.763528E-06 1.191402E-05 4.524317E-07 1.483620E-04 1.247311E-04 7.202182E-05 9.921615E-06 1.952302E-04 4.371602E-06 4.543150E-04 8.205394E-08 6.385501E-06 2.591215E-05 6.636537E-06 1.689614E-04 4.215063E-05 1.997792E-05 5.520303E-06 3.585110E-05 3.967603E-05 1.601531E-05 3.409772E-04 6.358105E-06 2.235006E-04 1.240234E-05 0.000000E+00 9.467494E-05 2.489175E-04 2.001608E-05 0.000000E+00 5.882662E-07 8.689495E-05 4.120809E-05 2.559176E-05 2.797877E-05 1.881552E-05 6.760409E-07 1.962376E-08 2.656759E-05 8.052007E-05 2.860222E-05 8.497342E-05 0.000000E+00 0.000000E+00 3.653488E-05 0.000000E+00 0.000000E+00 5.693061E-05 2.235919E-07 0.000000E+00 2.827920E-08 7.035583E-04 1.029206E-05 4.073557E-06 1.397763E-07 8.224979E-06 0.000000E+00 1.902284E-05 0.000000E+00 1.176076E-05 0.000000E+00 9.935085E-05 3.371314E-05 4.755957E-05 7.178500E-05 2.747561E-05 4.182366E-09 0.000000E+00 1.403299E-05 9.898821E-06 7.035770E-05 0.000000E+00 1.736131E-04 5.784686E-07 1.671876E-05 4.258516E-07 5.035911E-05 4.033391E-06 8.874110E-05 0.000000E+00 3.769058E-05 2.350851E-04 7.041732E-05 2.714118E-04 8.887708E-07 1.018748E-04 5.922876E-05 1.947010E-04 3.379954E-04 2.430283E-04 3.023327E-06 6.767842E-05 5.064648E-04 4.399744E-08 5.608163E-04 1.222419E-04 8.003224E-07 0.000000E+00 3.684747E-05 3.465443E-04 9.933061E-06 9.994014E-04 1.361384E-04 8.742409E-05 1.250114E-05 9.378981E-06 7.093504E-06 1.255031E-04 2.957809E-04 5.212951E-06 0.000000E+00 1.183497E-04 1.015642E-04 5.636110E-06 1.539459E-04 5.897990E-05 2.924031E-05 9.817265E-06 4.143400E-05 1.304458E-07 2.938622E-05 7.404311E-04 1.046235E-05 1.250538E-05 6.505919E-04 0.000000E+00 2.461805E-06 0.000000E+00 1.466111E-05 6.868311E-07 5.139770E-06 8.574811E-05 6.412449E-06 5.028533E-05 9.347136E-05 1.142387E-04 0.000000E+00 8.479912E-06 7.767477E-05 7.131907E-06 2.395012E-06 3.127369E-04 1.208306E-04 2.642772E-04 2.595415E-04 2.940592E-06 4.344633E-06 1.306147E-07 6.670386E-04 1.845455E-05 4.792769E-06 7.164222E-04 0.000000E+00 1.266632E-05 6.368003E-06 9.619029E-05 7.852967E-06 0.000000E+00 2.356403E-06 0.000000E+00 
3 4 28 57 62 63 74 97 116 120 136 139 140 146 153 170 174 175 181 182 191 43 128 
9 53 56 58 64 85 93 112 192 147 50 127 123 75 59 108 135 
1 42 44 91 111 118 126 158 163 168 54 100 32 143 
14 20 66 86 89 103 141 162 183 55 159 
2 22 39 40 49 51 79 95 113 125 151 164 177 185 189 184 16 137 87 12 187 
11 26 90 102 145 149 193 194 60 68 134 152 
15 19 24 34 36 45 52 69 107 110 114 117 130 131 138 150 166 167 171 173 178 180 190 179 
17 30 35 48 76 81 142 155 176 186 156 21 41 106 99 121 
23 25 29 31 33 71 77 83 98 104 119 122 144 148 154 160 165 13 157 67 124 7 
6 8 18 27 47 72 80 84 88 96 101 105 129 70 5 37 169 
46 65 73 109 132 38 

============Find Best @ Round 1266================
==========Cluster 0, RcvInterf=3.76257e-14============
Node 2, SINR:7.00900e-01, BpsHz:3.48317e-02
Node 3, SINR:7.00900e-01, BpsHz:3.48317e-02
Node 27, SINR:7.00900e-01, BpsHz:3.48317e-02
Node 56, SINR:7.00900e-01, BpsHz:3.48317e-02
Node 61, SINR:7.00900e-01, BpsHz:3.48317e-02
Node 62, SINR:7.00900e-01, BpsHz:3.48317e-02
Node 73, SINR:7.00900e-01, BpsHz:3.48317e-02
Node 96, SINR:7.00900e-01, BpsHz:3.48317e-02
Node 115, SINR:7.00900e-01, BpsHz:3.48317e-02
Node 119, SINR:7.00900e-01, BpsHz:3.48317e-02
Node 135, SINR:7.00900e-01, BpsHz:3.48317e-02
Node 138, SINR:7.00900e-01, BpsHz:3.48317e-02
Node 139, SINR:7.00900e-01, BpsHz:3.48317e-02
Node 145, SINR:0.00000e+00, BpsHz:0.00000e+00
Node 152, SINR:7.00900e-01, BpsHz:3.48317e-02
Node 169, SINR:7.00900e-01, BpsHz:3.48317e-02
Node 173, SINR:7.00900e-01, BpsHz:3.48317e-02
Node 174, SINR:7.00900e-01, BpsHz:3.48317e-02
Node 180, SINR:7.00900e-01, BpsHz:3.48317e-02
Node 181, SINR:7.00900e-01, BpsHz:3.48317e-02
Node 190, SINR:7.00900e-01, BpsHz:3.48317e-02
Node 42, SINR:7.00900e-01, BpsHz:3.48317e-02
Node 127, SINR:7.00900e-01, BpsHz:3.48317e-02
---------------
==========Cluster 1, RcvInterf=6.81273e-14============
Node 8, SINR:4.71521e-01, BpsHz:3.48317e-02
Node 52, SINR:4.71521e-01, BpsHz:3.48317e-02
Node 55, SINR:4.71521e-01, BpsHz:3.48317e-02
Node 57, SINR:4.71521e-01, BpsHz:3.48317e-02
Node 63, SINR:4.71521e-01, BpsHz:3.48317e-02
Node 84, SINR:0.00000e+00, BpsHz:0.00000e+00
Node 92, SINR:4.71521e-01, BpsHz:3.48317e-02
Node 111, SINR:4.71521e-01, BpsHz:3.48317e-02
Node 191, SINR:4.71521e-01, BpsHz:3.48317e-02
Node 146, SINR:4.71521e-01, BpsHz:3.48317e-02
Node 49, SINR:4.71521e-01, BpsHz:3.48317e-02
Node 126, SINR:4.71521e-01, BpsHz:3.48317e-02
Node 122, SINR:4.71521e-01, BpsHz:3.48317e-02
Node 74, SINR:4.71521e-01, BpsHz:3.48317e-02
Node 58, SINR:4.71521e-01, BpsHz:3.48317e-02
Node 107, SINR:4.71521e-01, BpsHz:3.48317e-02
Node 134, SINR:4.71521e-01, BpsHz:3.48317e-02
---------------
==========Cluster 2, RcvInterf=3.16236e-14============
Node 0, SINR:3.68706e-01, BpsHz:3.48317e-02
Node 41, SINR:3.68706e-01, BpsHz:3.48317e-02
Node 43, SINR:3.68706e-01, BpsHz:3.48317e-02
Node 90, SINR:3.68706e-01, BpsHz:3.48317e-02
Node 110, SINR:3.68706e-01, BpsHz:3.48317e-02
Node 117, SINR:3.68706e-01, BpsHz:3.48317e-02
Node 125, SINR:3.68706e-01, BpsHz:3.48317e-02
Node 157, SINR:3.68706e-01, BpsHz:3.48317e-02
Node 162, SINR:0.00000e+00, BpsHz:0.00000e+00
Node 167, SINR:3.68706e-01, BpsHz:3.48317e-02
Node 53, SINR:3.68706e-01, BpsHz:3.48317e-02
Node 99, SINR:3.68706e-01, BpsHz:3.48317e-02
Node 31, SINR:3.68706e-01, BpsHz:3.48317e-02
Node 142, SINR:3.68706e-01, BpsHz:3.48317e-02
---------------
==========Cluster 3, RcvInterf=2.64959e-14============
Node 13, SINR:2.73075e-01, BpsHz:3.48317e-02
Node 19, SINR:2.73075e-01, BpsHz:3.48317e-02
Node 65, SINR:2.73075e-01, BpsHz:3.48317e-02
Node 85, SINR:2.73075e-01, BpsHz:3.48317e-02
Node 88, SINR:2.73075e-01, BpsHz:3.48317e-02
Node 102, SINR:0.00000e+00, BpsHz:0.00000e+00
Node 140, SINR:2.73075e-01, BpsHz:3.48317e-02
Node 161, SINR:2.73075e-01, BpsHz:3.48317e-02
Node 182, SINR:2.73075e-01, BpsHz:3.48317e-02
Node 54, SINR:2.73075e-01, BpsHz:3.48317e-02
Node 158, SINR:2.73075e-01, BpsHz:3.48317e-02
---------------
==========Cluster 4, RcvInterf=8.81974e-14============
Node 1, SINR:6.20720e-01, BpsHz:3.48317e-02
Node 21, SINR:6.20720e-01, BpsHz:3.48317e-02
Node 38, SINR:6.20720e-01, BpsHz:3.48317e-02
Node 39, SINR:6.20720e-01, BpsHz:3.48317e-02
Node 48, SINR:6.20720e-01, BpsHz:3.48317e-02
Node 50, SINR:6.20720e-01, BpsHz:3.48317e-02
Node 78, SINR:0.00000e+00, BpsHz:0.00000e+00
Node 94, SINR:6.20720e-01, BpsHz:3.48317e-02
Node 112, SINR:6.20720e-01, BpsHz:3.48317e-02
Node 124, SINR:6.20720e-01, BpsHz:3.48317e-02
Node 150, SINR:6.20720e-01, BpsHz:3.48317e-02
Node 163, SINR:6.20720e-01, BpsHz:3.48317e-02
Node 176, SINR:6.20720e-01, BpsHz:3.48317e-02
Node 184, SINR:6.20720e-01, BpsHz:3.48317e-02
Node 188, SINR:6.20720e-01, BpsHz:3.48317e-02
Node 183, SINR:6.20720e-01, BpsHz:3.48317e-02
Node 15, SINR:6.20720e-01, BpsHz:3.48317e-02
Node 136, SINR:6.20720e-01, BpsHz:3.48317e-02
Node 86, SINR:6.20720e-01, BpsHz:3.48317e-02
Node 11, SINR:6.20720e-01, BpsHz:3.48317e-02
Node 186, SINR:6.20720e-01, BpsHz:3.48317e-02
---------------
==========Cluster 5, RcvInterf=7.37406e-14============
Node 10, SINR:3.04185e-01, BpsHz:3.48317e-02
Node 25, SINR:3.04185e-01, BpsHz:3.48317e-02
Node 89, SINR:3.04185e-01, BpsHz:3.48317e-02
Node 101, SINR:3.04185e-01, BpsHz:3.48317e-02
Node 144, SINR:3.04185e-01, BpsHz:3.48317e-02
Node 148, SINR:3.04185e-01, BpsHz:3.48317e-02
Node 192, SINR:0.00000e+00, BpsHz:0.00000e+00
Node 193, SINR:3.04185e-01, BpsHz:3.48317e-02
Node 59, SINR:3.04185e-01, BpsHz:3.48317e-02
Node 67, SINR:3.04185e-01, BpsHz:3.48317e-02
Node 133, SINR:3.04185e-01, BpsHz:3.48317e-02
Node 151, SINR:3.04185e-01, BpsHz:3.48317e-02
---------------
==========Cluster 6, RcvInterf=5.93518e-14============
Node 14, SINR:7.42465e-01, BpsHz:3.48317e-02
Node 18, SINR:7.42465e-01, BpsHz:3.48317e-02
Node 23, SINR:7.42465e-01, BpsHz:3.48317e-02
Node 33, SINR:7.42465e-01, BpsHz:3.48317e-02
Node 35, SINR:7.42465e-01, BpsHz:3.48317e-02
Node 44, SINR:7.42465e-01, BpsHz:3.48317e-02
Node 51, SINR:7.42465e-01, BpsHz:3.48317e-02
Node 68, SINR:7.42465e-01, BpsHz:3.48317e-02
Node 106, SINR:0.00000e+00, BpsHz:0.00000e+00
Node 109, SINR:7.42465e-01, BpsHz:3.48317e-02
Node 113, SINR:7.42465e-01, BpsHz:3.48317e-02
Node 116, SINR:7.42465e-01, BpsHz:3.48317e-02
Node 129, SINR:7.42465e-01, BpsHz:3.48317e-02
Node 130, SINR:7.42465e-01, BpsHz:3.48317e-02
Node 137, SINR:7.42465e-01, BpsHz:3.48317e-02
Node 149, SINR:7.42465e-01, BpsHz:3.48317e-02
Node 165, SINR:7.42465e-01, BpsHz:3.48317e-02
Node 166, SINR:7.42465e-01, BpsHz:3.48317e-02
Node 170, SINR:7.42465e-01, BpsHz:3.48317e-02
Node 172, SINR:7.42465e-01, BpsHz:3.48317e-02
Node 177, SINR:7.42465e-01, BpsHz:3.48317e-02
Node 179, SINR:7.42465e-01, BpsHz:3.48317e-02
Node 189, SINR:7.42465e-01, BpsHz:3.48317e-02
Node 178, SINR:7.42465e-01, BpsHz:3.48317e-02
---------------
==========Cluster 7, RcvInterf=6.77761e-14============
Node 16, SINR:4.36418e-01, BpsHz:3.48317e-02
Node 29, SINR:4.36418e-01, BpsHz:3.48317e-02
Node 34, SINR:4.36418e-01, BpsHz:3.48317e-02
Node 47, SINR:4.36418e-01, BpsHz:3.48317e-02
Node 75, SINR:4.36418e-01, BpsHz:3.48317e-02
Node 80, SINR:0.00000e+00, BpsHz:0.00000e+00
Node 141, SINR:4.36418e-01, BpsHz:3.48317e-02
Node 154, SINR:4.36418e-01, BpsHz:3.48317e-02
Node 175, SINR:4.36418e-01, BpsHz:3.48317e-02
Node 185, SINR:4.36418e-01, BpsHz:3.48317e-02
Node 155, SINR:4.36418e-01, BpsHz:3.48317e-02
Node 20, SINR:4.36418e-01, BpsHz:3.48317e-02
Node 40, SINR:4.36418e-01, BpsHz:3.48317e-02
Node 105, SINR:4.36418e-01, BpsHz:3.48317e-02
Node 98, SINR:4.36418e-01, BpsHz:3.48317e-02
Node 120, SINR:4.36418e-01, BpsHz:3.48317e-02
---------------
==========Cluster 8, RcvInterf=7.41596e-14============
Node 22, SINR:6.60326e-01, BpsHz:3.48317e-02
Node 24, SINR:6.60326e-01, BpsHz:3.48317e-02
Node 28, SINR:6.60326e-01, BpsHz:3.48317e-02
Node 30, SINR:6.60326e-01, BpsHz:3.48317e-02
Node 32, SINR:0.00000e+00, BpsHz:0.00000e+00
Node 70, SINR:6.60326e-01, BpsHz:3.48317e-02
Node 76, SINR:6.60326e-01, BpsHz:3.48317e-02
Node 82, SINR:6.60326e-01, BpsHz:3.48317e-02
Node 97, SINR:6.60326e-01, BpsHz:3.48317e-02
Node 103, SINR:6.60326e-01, BpsHz:3.48317e-02
Node 118, SINR:6.60326e-01, BpsHz:3.48317e-02
Node 121, SINR:6.60326e-01, BpsHz:3.48317e-02
Node 143, SINR:6.60326e-01, BpsHz:3.48317e-02
Node 147, SINR:6.60326e-01, BpsHz:3.48317e-02
Node 153, SINR:6.60326e-01, BpsHz:3.48317e-02
Node 159, SINR:6.60326e-01, BpsHz:3.48317e-02
Node 164, SINR:6.60326e-01, BpsHz:3.48317e-02
Node 12, SINR:6.60326e-01, BpsHz:3.48317e-02
Node 156, SINR:6.60326e-01, BpsHz:3.48317e-02
Node 66, SINR:6.60326e-01, BpsHz:3.48317e-02
Node 123, SINR:6.60326e-01, BpsHz:3.48317e-02
Node 6, SINR:6.60326e-01, BpsHz:3.48317e-02
---------------
==========Cluster 9, RcvInterf=2.71507e-14============
Node 5, SINR:4.71521e-01, BpsHz:3.48317e-02
Node 7, SINR:4.71521e-01, BpsHz:3.48317e-02
Node 17, SINR:4.71521e-01, BpsHz:3.48317e-02
Node 26, SINR:4.71521e-01, BpsHz:3.48317e-02
Node 46, SINR:4.71521e-01, BpsHz:3.48317e-02
Node 71, SINR:4.71521e-01, BpsHz:3.48317e-02
Node 79, SINR:4.71521e-01, BpsHz:3.48317e-02
Node 83, SINR:4.71521e-01, BpsHz:3.48317e-02
Node 87, SINR:4.71521e-01, BpsHz:3.48317e-02
Node 95, SINR:0.00000e+00, BpsHz:0.00000e+00
Node 100, SINR:4.71521e-01, BpsHz:3.48317e-02
Node 104, SINR:4.71521e-01, BpsHz:3.48317e-02
Node 128, SINR:4.71521e-01, BpsHz:3.48317e-02
Node 69, SINR:4.71521e-01, BpsHz:3.48317e-02
Node 4, SINR:4.71521e-01, BpsHz:3.48317e-02
Node 36, SINR:4.71521e-01, BpsHz:3.48317e-02
Node 168, SINR:4.71521e-01, BpsHz:3.48317e-02
---------------
==========Cluster 10, RcvInterf=2.51174e-14============
Node 45, SINR:1.28306e-01, BpsHz:3.48317e-02
Node 64, SINR:0.00000e+00, BpsHz:0.00000e+00
Node 72, SINR:1.28306e-01, BpsHz:3.48317e-02
Node 108, SINR:1.28306e-01, BpsHz:3.48317e-02
Node 131, SINR:1.28306e-01, BpsHz:3.48317e-02
Node 37, SINR:1.28306e-01, BpsHz:3.48317e-02
---------------
