195 11 1469.24 0.25 0.950000 8 -1.0 956        1396.806 180 1.581189e-05 8.353627e-07 1.581189e+01 1.486511e+00 11     1.664725e-05 1.729840e+01
195 11 1012.36 0.48 0.950000 8 -1.0 291        963.196 151 1.220961e-05 8.587040e-07 1.220961e+01 9.049988e-01 11     1.306832e-05 1.311461e+01
195 11 1370.99 0.30 0.950000 8 -1.0 1438        1302.802 177 1.587833e-05 1.126897e-06 1.587833e+01 1.355896e+00 11     1.700522e-05 1.723422e+01
195 11 1273.05 0.35 0.950000 8 -1.0 674        1209.914 175 1.499006e-05 1.224433e-06 1.499006e+01 1.257324e+00 11     1.621450e-05 1.624739e+01
195 11 1174.84 0.40 0.950000 8 -1.0 1222        1117.248 162 1.375677e-05 6.729042e-07 1.375677e+01 1.198120e+00 11     1.442968e-05 1.495489e+01
195 11 1469.24 0.25 0.950000 8 -1.0 1266        1399.167 183 1.631650e-05 1.425455e-06 1.631650e+01 1.602478e+00 11     1.774195e-05 1.791898e+01
195 11 1012.36 0.48 0.950000 8 -1.0 2413        965.912 151 1.288291e-05 4.390136e-07 1.288291e+01 8.435059e-01 11     1.332192e-05 1.372642e+01
195 11 1370.99 0.30 0.950000 8 -1.0 672        1303.884 180 1.622213e-05 1.617389e-06 1.622213e+01 1.503906e+00 11     1.783952e-05 1.772604e+01
195 11 1174.84 0.40 0.950000 8 -1.0 1417        1117.117 169 1.331435e-05 1.333577e-06 1.331435e+01 1.047134e+00 11     1.464793e-05 1.436149e+01
195 11 1273.05 0.35 0.950000 8 -1.0 322        1209.550 174 1.345913e-05 1.375304e-06 1.345913e+01 1.263580e+00 11     1.483444e-05 1.472271e+01
195 11 1469.24 0.25 0.950000 8 -1.0 816        1396.973 183 1.446316e-05 1.181820e-06 1.446316e+01 1.825562e+00 11     1.564498e-05 1.628872e+01
195 11 1012.36 0.48 0.950000 8 -1.0 1000        963.631 153 1.166552e-05 6.548723e-07 1.166552e+01 7.435608e-01 11     1.232040e-05 1.240909e+01
195 11 1370.99 0.30 0.950000 8 -1.0 2681        1304.707 175 1.561950e-05 7.516664e-07 1.561950e+01 1.337433e+00 11     1.637116e-05 1.695693e+01
195 11 1174.84 0.40 0.950000 8 -1.0 2332        1116.363 167 1.381755e-05 8.680985e-07 1.381755e+01 1.318970e+00 11     1.468565e-05 1.513652e+01
195 11 1273.05 0.35 0.950000 8 -1.0 2478        1211.703 170 1.496552e-05 9.285979e-07 1.496552e+01 1.283722e+00 11     1.589412e-05 1.624924e+01
195 11 1469.24 0.25 0.950000 8 -1.0 710        1397.533 178 1.630059e-05 1.147080e-06 1.630059e+01 1.398163e+00 11     1.744767e-05 1.769875e+01
195 11 1012.36 0.48 0.950000 8 -1.0 2809        962.774 151 1.111768e-05 7.131211e-07 1.111767e+01 6.927490e-01 11     1.183080e-05 1.181042e+01
195 11 1370.99 0.30 0.950000 8 -1.0 1914        1305.312 175 1.604607e-05 1.188925e-06 1.604607e+01 1.470032e+00 11     1.723499e-05 1.751610e+01
195 11 1174.84 0.40 0.950000 8 -1.0 1154        1118.743 168 1.404788e-05 8.280627e-07 1.404788e+01 1.166992e+00 11     1.487595e-05 1.521487e+01
195 11 1469.24 0.25 0.950000 8 -1.0 574        1399.655 180 1.808368e-05 1.264113e-06 1.808367e+01 1.123123e+00 11     1.934779e-05 1.920680e+01
195 11 1273.05 0.35 0.950000 8 -1.0 2017        1210.198 170 1.634520e-05 9.696760e-07 1.634520e+01 1.291199e+00 11     1.731488e-05 1.763640e+01
195 11 1012.36 0.48 0.950000 8 -1.0 638        964.054 148 1.195720e-05 6.998853e-07 1.195720e+01 7.136536e-01 11     1.265709e-05 1.267086e+01
195 11 1370.99 0.30 0.950000 8 -1.0 51        1306.928 181 1.568015e-05 1.371027e-06 1.568015e+01 1.316223e+00 11     1.705117e-05 1.699637e+01
195 11 1469.24 0.25 0.950000 8 -1.0 167        1396.180 180 1.735825e-05 1.133722e-06 1.735825e+01 1.486511e+00 11     1.849197e-05 1.884476e+01
195 11 1273.05 0.35 0.950000 8 -1.0 1350        1210.767 174 1.489327e-05 9.237738e-07 1.489327e+01 1.153564e+00 11     1.581704e-05 1.604683e+01
195 11 1174.84 0.40 0.950000 8 -1.0 374        1116.855 168 1.428109e-05 9.814538e-07 1.428109e+01 1.099701e+00 11     1.526255e-05 1.538079e+01
195 11 1012.36 0.48 0.950000 8 -1.0 662        963.506 153 1.093364e-05 6.877978e-07 1.093364e+01 8.491516e-01 11     1.162143e-05 1.178279e+01
195 11 1370.99 0.30 0.950000 8 -1.0 1802        1303.006 174 1.534564e-05 1.263229e-06 1.534564e+01 1.906433e+00 11     1.660887e-05 1.725207e+01
195 11 1273.05 0.35 0.950000 8 -1.0 2448        1209.399 172 1.451740e-05 1.100586e-06 1.451740e+01 9.133911e-01 11     1.561799e-05 1.543079e+01
195 11 1174.84 0.40 0.950000 8 -1.0 1216        1116.804 164 1.421015e-05 1.189706e-06 1.421015e+01 1.243591e+00 11     1.539986e-05 1.545374e+01
