2013-09-15_21-26  173 16 7.27e-01    116.9 2.96e-06 4.1e-08 1.0e-03 2.96 
2013-09-15_21-26  3 12 8.49e-01    102.3 3.26e-07 3.9e-08 1.0e-03 0.33 
2013-09-15_21-26  53 12 8.52e-01    102.7 1.04e-07 1.6e-08 1.0e-03 0.10 
2013-09-15_21-26  25 15 8.39e-01    126.5 1.74e-06 3.2e-08 1.0e-03 1.74 
2013-09-15_21-26  26 11 7.56e-01    83.6 1.20e-07 2.2e-08 1.0e-03 0.12 
2013-09-15_21-26  195 15 8.56e-01    129.0 2.82e-06 3.4e-08 1.0e-03 2.82 
2013-09-15_21-26  1 24 8.40e-01    202.6 1.36e-06 3.3e-07 1.0e-03 1.36 
2013-09-15_21-26  51 23 8.35e-01    193.0 2.19e-06 1.0e-07 1.0e-03 2.19 
2013-09-15_21-26  176 14 7.74e-01    108.8 1.03e-07 3.2e-08 1.0e-03 0.10 
2013-09-15_21-26  92 21 7.27e-01    153.4 2.36e-06 1.2e-07 1.0e-03 2.36 
2013-09-15_21-26  129 17 7.52e-01    128.5 1.75e-06 6.8e-08 1.0e-03 1.75 

2013-09-15_21-24  10 13 6.37e-01    83.2 1.30e-06 2.4e-08 1.0e-03 1.30 
2013-09-15_21-24  53 11 7.77e-01    85.8 8.71e-08 4.9e-08 1.0e-03 0.09 
2013-09-15_21-24  163 12 7.61e-01    91.7 9.99e-07 5.9e-08 1.0e-03 1.00 
2013-09-15_21-24  68 18 6.33e-01    114.5 1.39e-07 9.3e-08 1.0e-03 0.14 
2013-09-15_21-24  51 21 6.72e-01    141.8 1.61e-06 1.8e-07 1.0e-03 1.61 
2013-09-15_21-24  25 12 7.44e-01    89.7 1.23e-06 2.6e-08 1.0e-03 1.23 
2013-09-15_21-24  74 16 6.51e-01    104.7 1.48e-06 1.4e-07 1.0e-03 1.48 
2013-09-15_21-24  173 13 6.13e-01    80.1 2.02e-06 3.9e-08 1.0e-03 2.02 
2013-09-15_21-24  195 12 7.58e-01    91.4 2.00e-06 3.7e-08 1.0e-03 2.00 
2013-09-15_21-24  3 7 8.47e-01    59.5 1.90e-07 8.0e-08 1.0e-03 0.19 
2013-09-15_21-24  82 16 7.22e-01    116.0 1.15e-06 1.4e-07 1.0e-03 1.15 

2013-09-15_21-29  146 23 7.39e-01    170.8 1.46e-06 1.7e-07 1.0e-03 1.46 
2013-09-15_21-29  107 22 6.93e-01    153.2 3.81e-06 3.2e-07 1.0e-03 3.81 
2013-09-15_21-29  155 15 7.58e-01    114.3 1.15e-07 2.9e-08 1.0e-03 0.12 
2013-09-15_21-29  12 15 7.89e-01    118.9 1.91e-06 9.0e-08 1.0e-03 1.91 
2013-09-15_21-29  111 19 7.99e-01    152.6 1.02e-06 1.0e-07 1.0e-03 1.02 
2013-09-15_21-29  185 21 7.99e-01    168.7 2.01e-06 3.0e-07 1.0e-03 2.01 
2013-09-15_21-29  105 10 8.38e-01    84.2 1.30e-06 8.7e-09 1.0e-03 1.30 
2013-09-15_21-29  64 14 7.85e-01    110.5 7.19e-08 6.7e-08 1.0e-03 0.07 
2013-09-15_21-29  183 11 6.63e-01    73.2 1.11e-06 4.6e-09 1.0e-03 1.11 
2013-09-15_21-29  25 15 8.33e-01    125.5 1.73e-06 3.0e-08 1.0e-03 1.73 
2013-09-15_21-29  10 12 7.07e-01    85.2 1.33e-06 9.7e-09 1.0e-03 1.33 

2013-09-15_21-29  146 23 7.02e-01    162.1 1.39e-06 2.3e-07 1.0e-03 1.39 
2013-09-15_21-29  107 20 6.74e-01    135.4 3.37e-06 1.7e-07 1.0e-03 3.37 
2013-09-15_21-29  155 15 7.06e-01    106.3 1.07e-07 5.8e-08 1.0e-03 0.11 
2013-09-15_21-29  12 13 7.70e-01    100.5 1.61e-06 5.0e-08 1.0e-03 1.61 
2013-09-15_21-29  111 19 7.71e-01    147.1 9.86e-07 3.0e-07 1.0e-03 0.99 
2013-09-15_21-29  185 18 7.66e-01    138.6 1.65e-06 8.4e-08 1.0e-03 1.65 
2013-09-15_21-29  105 10 8.23e-01    82.7 1.28e-06 2.3e-08 1.0e-03 1.28 
2013-09-15_21-29  64 14 7.69e-01    108.1 7.04e-08 1.2e-07 1.0e-03 0.07 
2013-09-15_21-29  183 9 6.50e-01    58.7 8.94e-07 4.5e-09 1.0e-03 0.89 
2013-09-15_21-29  25 17 7.81e-01    133.5 1.83e-06 1.1e-07 1.0e-03 1.83 
2013-09-15_21-29  10 17 6.72e-01    114.8 1.80e-06 7.1e-08 1.0e-03 1.80 

2013-09-15_21-24  10 10 6.70e-01    67.3 1.05e-06 7.7e-09 1.0e-03 1.05 
2013-09-15_21-24  53 13 7.46e-01    97.5 9.89e-08 5.4e-08 1.0e-03 0.10 
2013-09-15_21-24  163 15 7.76e-01    117.0 1.27e-06 5.9e-08 1.0e-03 1.27 
2013-09-15_21-24  68 17 6.88e-01    117.5 1.42e-07 3.9e-08 1.0e-03 0.14 
2013-09-15_21-24  51 23 7.22e-01    166.8 1.89e-06 2.4e-07 1.0e-03 1.89 
2013-09-15_21-24  25 16 7.75e-01    124.6 1.71e-06 6.3e-08 1.0e-03 1.71 
2013-09-15_21-24  74 15 7.10e-01    107.0 1.52e-06 6.7e-08 1.0e-03 1.52 
2013-09-15_21-24  173 11 6.98e-01    77.1 1.95e-06 1.4e-08 1.0e-03 1.95 
2013-09-15_21-24  195 16 7.66e-01    123.2 2.69e-06 6.8e-08 1.0e-03 2.69 
2013-09-15_21-24  3 9 7.88e-01    71.2 2.27e-07 8.1e-09 1.0e-03 0.23 
2013-09-15_21-24  82 17 7.11e-01    121.4 1.20e-06 5.8e-08 1.0e-03 1.20 

2013-09-15_21-27  146 23 7.79e-01    180.0 1.54e-06 1.5e-07 1.0e-03 1.54 
2013-09-15_21-27  85 17 8.24e-01    140.8 2.19e-07 1.5e-07 1.0e-03 0.22 
2013-09-15_21-27  163 14 8.45e-01    118.9 1.29e-06 5.1e-08 1.0e-03 1.29 
2013-09-15_21-27  103 11 7.52e-01    83.1 1.71e-06 1.1e-08 1.0e-03 1.71 
2013-09-15_21-27  79 21 8.23e-01    173.6 2.14e-06 4.0e-07 1.0e-03 2.14 
2013-09-15_21-27  193 12 7.74e-01    93.4 1.53e-07 2.3e-08 1.0e-03 0.15 
2013-09-15_21-27  107 24 7.33e-01    176.7 4.40e-06 2.5e-07 1.0e-03 4.40 
2013-09-15_21-27  81 16 7.37e-01    118.5 1.25e-07 5.2e-08 1.0e-03 0.12 
2013-09-15_21-27  33 22 8.45e-01    186.7 1.65e-06 3.1e-07 1.0e-03 1.65 
2013-09-15_21-27  96 17 7.29e-01    124.4 1.66e-06 2.1e-08 1.0e-03 1.66 
2013-09-15_21-27  65 6 8.84e-01    53.3 1.43e-06 6.2e-10 1.0e-03 1.43 

2013-09-15_21-25  83 12 7.62e-01    91.9 1.96e-06 3.8e-08 1.0e-03 1.96 
2013-09-15_21-25  163 14 7.30e-01    102.7 1.12e-06 3.3e-08 1.0e-03 1.12 
2013-09-15_21-25  79 20 6.93e-01    139.3 1.72e-06 1.5e-07 1.0e-03 1.72 
2013-09-15_21-25  14 12 7.03e-01    84.8 2.54e-06 3.0e-08 1.0e-03 2.54 
2013-09-15_21-25  93 11 7.31e-01    80.8 5.17e-08 1.3e-08 1.0e-03 0.05 
2013-09-15_21-25  155 14 6.51e-01    91.6 9.22e-08 1.7e-08 1.0e-03 0.09 
2013-09-15_21-25  152 8 8.09e-01    65.0 1.56e-07 1.3e-08 1.0e-03 0.16 
2013-09-15_21-25  10 13 6.11e-01    79.8 1.25e-06 2.2e-08 1.0e-03 1.25 
2013-09-15_21-25  24 12 7.00e-01    84.4 1.42e-06 1.2e-08 1.0e-03 1.42 
2013-09-15_21-25  4 18 5.56e-01    100.5 9.64e-07 4.0e-08 1.0e-03 0.96 
2013-09-15_21-25  150 17 6.32e-01    108.0 1.61e-06 7.0e-08 1.0e-03 1.61 

2013-09-15_21-31  124 16 8.13e-01    130.7 2.01e-06 1.0e-07 1.0e-03 2.01 
2013-09-15_21-31  72 18 6.65e-01    120.3 1.00e-06 3.7e-08 1.0e-03 1.00 
2013-09-15_21-31  46 8 8.57e-01    68.9 1.51e-06 3.3e-08 1.0e-03 1.51 
2013-09-15_21-31  146 23 7.39e-01    170.8 1.46e-06 2.1e-07 1.0e-03 1.46 
2013-09-15_21-31  107 22 6.93e-01    153.2 3.81e-06 3.3e-07 1.0e-03 3.81 
2013-09-15_21-31  41 10 7.28e-01    73.1 2.79e-07 4.4e-08 1.0e-03 0.28 
2013-09-15_21-31  122 19 7.71e-01    147.2 1.75e-06 2.1e-07 1.0e-03 1.75 
2013-09-15_21-31  60 18 7.28e-01    131.7 3.72e-07 1.3e-07 1.0e-03 0.37 
2013-09-15_21-31  185 21 8.12e-01    171.3 2.04e-06 3.3e-07 1.0e-03 2.04 
2013-09-15_21-31  14 9 7.10e-01    64.2 1.92e-06 1.2e-08 1.0e-03 1.92 
2013-09-15_21-31  127 16 7.95e-01    127.8 5.78e-08 1.9e-07 1.0e-03 0.06 

2013-09-15_21-26  185 20 7.32e-01    147.1 1.75e-06 2.2e-07 1.0e-03 1.75 
2013-09-15_21-26  124 12 7.87e-01    94.8 1.46e-06 1.2e-07 1.0e-03 1.46 
2013-09-15_21-26  38 20 6.29e-01    126.3 2.09e-06 9.8e-08 1.0e-03 2.09 
2013-09-15_21-26  181 14 6.89e-01    96.9 1.44e-06 3.4e-08 1.0e-03 1.44 
2013-09-15_21-26  114 11 6.51e-01    72.0 1.53e-06 1.4e-08 1.0e-03 1.53 
2013-09-15_21-26  149 18 6.64e-01    120.0 3.70e-07 1.3e-07 1.0e-03 0.37 
2013-09-15_21-26  150 16 7.41e-01    119.1 1.77e-06 9.2e-08 1.0e-03 1.77 
2013-09-15_21-26  191 10 8.17e-01    82.1 1.92e-07 1.4e-07 1.0e-03 0.19 
2013-09-15_21-26  89 18 6.78e-01    122.6 1.23e-06 1.4e-07 1.0e-03 1.23 
2013-09-15_21-26  142 14 7.17e-01    100.9 6.84e-08 1.2e-07 1.0e-03 0.07 
2013-09-15_21-26  122 16 7.32e-01    117.7 1.40e-06 2.3e-07 1.0e-03 1.40 

2013-09-15_21-31  150 17 7.03e-01    120.1 1.79e-06 8.0e-08 1.0e-03 1.79 
2013-09-15_21-31  89 21 6.52e-01    137.6 1.38e-06 2.2e-07 1.0e-03 1.38 
2013-09-15_21-31  47 13 6.10e-01    79.7 6.85e-07 1.7e-08 1.0e-03 0.69 
2013-09-15_21-31  95 19 7.42e-01    141.7 9.92e-07 2.3e-07 1.0e-03 0.99 
2013-09-15_21-31  12 14 7.85e-01    110.4 1.77e-06 9.1e-08 1.0e-03 1.77 
2013-09-15_21-31  181 15 6.79e-01    102.4 1.52e-06 5.5e-08 1.0e-03 1.52 
2013-09-15_21-31  25 18 7.93e-01    143.5 1.97e-06 1.4e-07 1.0e-03 1.97 
2013-09-15_21-31  75 18 8.01e-01    144.9 1.07e-07 2.8e-07 1.0e-03 0.11 
2013-09-15_21-31  60 20 7.30e-01    146.6 4.14e-07 2.2e-07 1.0e-03 0.41 
2013-09-15_21-31  24 11 7.14e-01    78.9 1.33e-06 2.1e-08 1.0e-03 1.33 
2013-09-15_21-31  61 8 8.49e-01    68.3 1.49e-06 3.0e-08 1.0e-03 1.49 

2013-09-15_21-28  114 9 7.43e-01    67.2 1.43e-06 9.8e-10 1.0e-03 1.43 
2013-09-15_21-28  99 18 7.80e-01    141.1 8.27e-08 8.4e-08 1.0e-03 0.08 
2013-09-15_21-28  191 11 8.79e-01    97.1 2.27e-07 1.9e-08 1.0e-03 0.23 
2013-09-15_21-28  126 20 8.28e-01    166.5 9.05e-07 3.3e-07 1.0e-03 0.90 
2013-09-15_21-28  29 28 8.10e-01    227.8 2.54e-06 3.2e-07 1.0e-03 2.54 
2013-09-15_21-28  179 9 8.57e-01    77.5 6.61e-07 1.9e-08 1.0e-03 0.66 
2013-09-15_21-28  185 21 8.14e-01    171.8 2.05e-06 1.1e-07 1.0e-03 2.05 
2013-09-15_21-28  34 8 7.15e-01    57.4 1.54e-06 1.6e-09 1.0e-03 1.54 
2013-09-15_21-28  153 15 7.68e-01    115.8 2.07e-06 1.6e-08 1.0e-03 2.07 
2013-09-15_21-28  89 21 7.22e-01    152.3 1.53e-06 9.8e-08 1.0e-03 1.53 
2013-09-15_21-28  47 23 7.20e-01    166.5 1.43e-06 1.9e-07 1.0e-03 1.43 

2013-09-15_21-27  24 12 6.65e-01    80.1 1.35e-06 1.7e-08 1.0e-03 1.35 
2013-09-15_21-27  53 7 8.15e-01    57.3 5.81e-08 6.0e-09 1.0e-03 0.06 
2013-09-15_21-27  150 15 6.92e-01    104.3 1.55e-06 3.1e-08 1.0e-03 1.55 
2013-09-15_21-27  92 18 5.60e-01    101.2 1.55e-06 1.1e-07 1.0e-03 1.55 
2013-09-15_21-27  30 10 7.76e-01    77.9 1.63e-07 4.0e-08 1.0e-03 0.16 
2013-09-15_21-27  27 22 5.56e-01    122.8 1.71e-06 1.3e-07 1.0e-03 1.71 
2013-09-15_21-27  177 6 8.29e-01    50.0 1.61e-06 9.7e-09 1.0e-03 1.61 
2013-09-15_21-27  185 15 6.67e-01    100.5 1.20e-06 2.2e-08 1.0e-03 1.20 
2013-09-15_21-27  68 14 7.32e-01    102.9 1.25e-07 3.0e-08 1.0e-03 0.12 
2013-09-15_21-27  33 20 6.92e-01    139.0 1.23e-06 1.5e-07 1.0e-03 1.23 
2013-09-15_21-27  163 14 7.32e-01    103.0 1.12e-06 1.1e-07 1.0e-03 1.12 

2013-09-15_21-32  99 18 7.61e-01    137.6 8.07e-08 7.8e-08 1.0e-03 0.08 
2013-09-15_21-32  47 23 6.73e-01    155.6 1.34e-06 1.6e-07 1.0e-03 1.34 
2013-09-15_21-32  153 13 7.58e-01    99.0 1.77e-06 1.9e-08 1.0e-03 1.77 
2013-09-15_21-32  177 8 8.85e-01    71.1 2.29e-06 1.1e-08 1.0e-03 2.29 
2013-09-15_21-32  3 12 8.15e-01    98.2 3.13e-07 5.6e-08 1.0e-03 0.31 
2013-09-15_21-32  95 19 7.85e-01    149.8 1.05e-06 9.4e-08 1.0e-03 1.05 
2013-09-15_21-32  163 16 8.10e-01    130.2 1.42e-06 9.6e-08 1.0e-03 1.42 
2013-09-15_21-32  25 20 8.16e-01    164.0 2.25e-06 7.6e-08 1.0e-03 2.25 
2013-09-15_21-32  150 16 7.94e-01    127.7 1.90e-06 4.3e-08 1.0e-03 1.90 
2013-09-15_21-32  89 18 7.32e-01    132.3 1.33e-06 1.1e-07 1.0e-03 1.33 
2013-09-15_21-32  114 12 7.32e-01    88.2 1.88e-06 9.8e-09 1.0e-03 1.88 

2013-09-15_21-27  126 18 7.26e-01    131.3 7.14e-07 7.7e-08 1.0e-03 0.71 
2013-09-15_21-27  127 20 7.29e-01    146.5 6.62e-08 1.4e-07 1.0e-03 0.07 
2013-09-15_21-27  24 15 7.12e-01    107.3 1.81e-06 2.0e-08 1.0e-03 1.81 
2013-09-15_21-27  96 19 6.29e-01    120.1 1.60e-06 1.3e-07 1.0e-03 1.60 
2013-09-15_21-27  69 2 8.42e-01    16.9 6.07e-07 2.0e-12 1.0e-03 0.61 
2013-09-15_21-27  179 9 7.73e-01    69.9 5.97e-07 1.4e-08 1.0e-03 0.60 
2013-09-15_21-27  46 10 7.93e-01    79.7 1.75e-06 3.2e-08 1.0e-03 1.75 
2013-09-15_21-27  185 16 7.25e-01    116.5 1.39e-06 2.4e-08 1.0e-03 1.39 
2013-09-15_21-27  33 19 7.31e-01    139.5 1.23e-06 1.8e-07 1.0e-03 1.23 
2013-09-15_21-27  177 9 8.33e-01    75.4 2.42e-06 1.7e-08 1.0e-03 2.42 
2013-09-15_21-27  136 30 5.72e-01    172.4 1.63e-06 2.4e-07 1.0e-03 1.63 

2013-09-15_21-33  30 12 7.74e-01    93.3 1.95e-07 7.4e-08 1.0e-03 0.19 
2013-09-15_21-33  96 22 6.55e-01    144.7 1.93e-06 1.3e-07 1.0e-03 1.93 
2013-09-15_21-33  195 16 7.88e-01    126.7 2.77e-06 6.4e-08 1.0e-03 2.77 
2013-09-15_21-33  60 20 7.29e-01    146.5 4.14e-07 1.7e-07 1.0e-03 0.41 
2013-09-15_21-33  93 16 7.89e-01    126.8 8.11e-08 8.7e-08 1.0e-03 0.08 
2013-09-15_21-33  51 23 7.53e-01    174.0 1.97e-06 2.0e-07 1.0e-03 1.97 
2013-09-15_21-33  107 6 6.91e-01    41.7 1.04e-06 2.1e-09 1.0e-03 1.04 
2013-09-15_21-33  61 8 8.49e-01    68.3 1.49e-06 2.7e-08 1.0e-03 1.49 
2013-09-15_21-33  74 21 6.69e-01    141.2 2.00e-06 1.1e-07 1.0e-03 2.00 
2013-09-15_21-33  24 12 7.47e-01    90.1 1.52e-06 2.3e-08 1.0e-03 1.52 
2013-09-15_21-33  25 14 8.02e-01    112.8 1.55e-06 3.8e-08 1.0e-03 1.55 

2013-09-15_21-29  153 15 7.84e-01    118.1 2.11e-06 6.6e-08 1.0e-03 2.11 
2013-09-15_21-29  30 13 8.06e-01    105.2 2.20e-07 5.6e-08 1.0e-03 0.22 
2013-09-15_21-29  82 19 7.55e-01    144.1 1.42e-06 1.5e-07 1.0e-03 1.42 
2013-09-15_21-29  48 15 7.90e-01    119.1 1.66e-07 7.7e-08 1.0e-03 0.17 
2013-09-15_21-29  91 16 8.34e-01    134.0 8.07e-07 3.7e-08 1.0e-03 0.81 
2013-09-15_21-29  83 12 8.54e-01    103.0 2.20e-06 2.2e-08 1.0e-03 2.20 
2013-09-15_21-29  64 17 8.14e-01    139.1 9.05e-08 1.5e-07 1.0e-03 0.09 
2013-09-15_21-29  114 14 7.92e-01    111.4 2.37e-06 4.4e-08 1.0e-03 2.37 
2013-09-15_21-29  150 22 7.82e-01    172.8 2.57e-06 2.3e-07 1.0e-03 2.57 
2013-09-15_21-29  51 24 8.12e-01    195.9 2.22e-06 2.7e-07 1.0e-03 2.22 
2013-09-15_21-29  46 11 8.72e-01    96.4 2.11e-06 5.2e-08 1.0e-03 2.11 

2013-09-15_21-28  89 14 6.63e-01    93.3 9.36e-07 7.0e-08 1.0e-03 0.94 
2013-09-15_21-28  91 15 6.87e-01    103.5 6.23e-07 8.2e-08 1.0e-03 0.62 
2013-09-15_21-28  25 14 7.32e-01    103.0 1.42e-06 6.4e-08 1.0e-03 1.42 
2013-09-15_21-28  155 11 7.52e-01    83.1 8.36e-08 4.8e-08 1.0e-03 0.08 
2013-09-15_21-28  4 16 5.79e-01    93.1 8.93e-07 1.4e-07 1.0e-03 0.89 
2013-09-15_21-28  150 14 7.11e-01    100.1 1.49e-06 4.5e-08 1.0e-03 1.49 
2013-09-15_21-28  12 12 7.16e-01    86.3 1.38e-06 3.0e-08 1.0e-03 1.38 
2013-09-15_21-28  38 15 6.29e-01    94.8 1.57e-06 8.2e-08 1.0e-03 1.57 
2013-09-15_21-28  24 12 7.06e-01    85.1 1.44e-06 2.4e-08 1.0e-03 1.44 
2013-09-15_21-28  185 15 6.84e-01    103.0 1.23e-06 3.3e-08 1.0e-03 1.23 
2013-09-15_21-28  64 13 7.08e-01    92.5 6.02e-08 9.6e-08 1.0e-03 0.06 

2013-09-15_21-34  61 12 8.66e-01    104.4 2.28e-06 5.6e-08 1.0e-03 2.28 
2013-09-15_21-34  14 11 7.34e-01    81.2 2.43e-06 2.5e-08 1.0e-03 2.43 
2013-09-15_21-34  29 19 8.21e-01    156.8 1.75e-06 2.1e-07 1.0e-03 1.75 
2013-09-15_21-34  139 5 8.09e-01    40.6 1.24e-06 1.1e-10 1.0e-03 1.24 
2013-09-15_21-34  185 22 7.81e-01    172.7 2.06e-06 2.0e-07 1.0e-03 2.06 
2013-09-15_21-34  150 16 7.86e-01    126.4 1.88e-06 4.9e-08 1.0e-03 1.88 
2013-09-15_21-34  134 20 8.27e-01    166.2 8.88e-07 2.5e-07 1.0e-03 0.89 
2013-09-15_21-34  47 18 6.53e-01    118.2 1.02e-06 4.6e-08 1.0e-03 1.02 
2013-09-15_21-34  24 12 7.32e-01    88.2 1.49e-06 1.5e-08 1.0e-03 1.49 
2013-09-15_21-34  140 19 7.16e-01    136.8 9.12e-07 7.7e-08 1.0e-03 0.91 
2013-09-15_21-34  99 21 7.63e-01    161.0 9.43e-08 2.6e-07 1.0e-03 0.09 

2013-09-15_21-29  39 17 7.42e-01    126.8 1.29e-06 7.2e-08 1.0e-03 1.29 
2013-09-15_21-29  193 9 6.71e-01    60.7 9.97e-08 1.1e-08 1.0e-03 0.10 
2013-09-15_21-29  107 23 6.32e-01    146.1 3.64e-06 1.9e-07 1.0e-03 3.64 
2013-09-15_21-29  56 9 8.36e-01    75.6 1.42e-07 1.5e-08 1.0e-03 0.14 
2013-09-15_21-29  108 10 8.38e-01    84.2 1.12e-07 3.4e-08 1.0e-03 0.11 
2013-09-15_21-29  48 16 6.79e-01    109.2 1.52e-07 3.5e-08 1.0e-03 0.15 
2013-09-15_21-29  124 9 8.26e-01    74.7 1.15e-06 8.2e-09 1.0e-03 1.15 
2013-09-15_21-29  163 15 7.86e-01    118.4 1.29e-06 9.6e-08 1.0e-03 1.29 
2013-09-15_21-29  74 24 6.07e-01    146.4 2.08e-06 1.7e-07 1.0e-03 2.08 
2013-09-15_21-29  148 14 8.05e-01    113.2 2.23e-06 3.0e-08 1.0e-03 2.23 
2013-09-15_21-29  96 22 6.32e-01    139.6 1.87e-06 1.7e-07 1.0e-03 1.87 

2013-09-15_21-31  48 13 7.93e-01    103.6 1.44e-07 3.6e-08 1.0e-03 0.14 
2013-09-15_21-31  79 19 8.25e-01    157.5 1.94e-06 2.5e-07 1.0e-03 1.94 
2013-09-15_21-31  195 15 8.52e-01    128.4 2.81e-06 9.9e-08 1.0e-03 2.81 
2013-09-15_21-31  83 15 8.70e-01    131.0 2.80e-06 1.3e-07 1.0e-03 2.80 
2013-09-15_21-31  173 17 7.43e-01    126.9 3.21e-06 9.1e-08 1.0e-03 3.21 
2013-09-15_21-31  191 9 8.98e-01    81.2 1.90e-07 4.0e-08 1.0e-03 0.19 
2013-09-15_21-31  38 16 7.75e-01    124.5 2.06e-06 1.2e-07 1.0e-03 2.06 
2013-09-15_21-31  82 22 7.75e-01    171.4 1.69e-06 1.7e-07 1.0e-03 1.69 
2013-09-15_21-31  91 18 8.01e-01    144.8 8.72e-07 7.6e-08 1.0e-03 0.87 
2013-09-15_21-31  181 19 7.44e-01    142.1 2.12e-06 6.0e-08 1.0e-03 2.12 
2013-09-15_21-31  56 17 7.87e-01    134.4 2.52e-07 1.9e-07 1.0e-03 0.25 

2013-09-15_21-34  56 16 7.58e-01    121.8 2.28e-07 1.3e-07 1.0e-03 0.23 
2013-09-15_21-34  91 17 7.37e-01    125.9 7.58e-07 7.5e-08 1.0e-03 0.76 
2013-09-15_21-34  83 13 8.01e-01    104.7 2.24e-06 2.6e-08 1.0e-03 2.24 
2013-09-15_21-34  150 16 7.64e-01    122.8 1.83e-06 5.1e-08 1.0e-03 1.83 
2013-09-15_21-34  155 23 7.03e-01    162.4 1.64e-07 2.8e-07 1.0e-03 0.16 
2013-09-15_21-34  24 15 7.41e-01    111.6 1.88e-06 7.3e-08 1.0e-03 1.88 
2013-09-15_21-34  129 16 7.43e-01    119.5 1.62e-06 8.9e-08 1.0e-03 1.62 
2013-09-15_21-34  46 13 8.29e-01    108.2 2.37e-06 8.5e-08 1.0e-03 2.37 
2013-09-15_21-34  185 11 7.92e-01    87.5 1.04e-06 1.5e-08 1.0e-03 1.04 
2013-09-15_21-34  177 8 8.55e-01    68.7 2.21e-06 7.9e-09 1.0e-03 2.21 
2013-09-15_21-34  74 22 6.40e-01    141.4 2.00e-06 1.4e-07 1.0e-03 2.00 

2013-09-15_21-29  12 12 7.32e-01    88.3 1.42e-06 7.4e-08 1.0e-03 1.42 
2013-09-15_21-29  136 18 5.49e-01    99.2 9.39e-07 1.5e-07 1.0e-03 0.94 
2013-09-15_21-29  64 12 7.27e-01    87.7 5.70e-08 7.9e-08 1.0e-03 0.06 
2013-09-15_21-29  91 14 7.13e-01    100.3 6.04e-07 5.0e-08 1.0e-03 0.60 
2013-09-15_21-29  25 14 7.34e-01    103.2 1.42e-06 1.1e-07 1.0e-03 1.42 
2013-09-15_21-29  150 16 6.82e-01    109.7 1.63e-06 4.9e-08 1.0e-03 1.63 
2013-09-15_21-29  155 12 6.76e-01    81.5 8.20e-08 2.9e-08 1.0e-03 0.08 
2013-09-15_21-29  24 13 6.41e-01    83.7 1.41e-06 2.7e-08 1.0e-03 1.41 
2013-09-15_21-29  105 15 7.27e-01    109.5 1.69e-06 7.9e-08 1.0e-03 1.69 
2013-09-15_21-29  46 10 7.60e-01    76.4 1.67e-06 1.8e-08 1.0e-03 1.67 
2013-09-15_21-29  185 12 7.15e-01    86.2 1.03e-06 3.2e-08 1.0e-03 1.03 

2013-09-15_21-36  129 20 7.04e-01    141.4 1.92e-06 1.5e-07 1.0e-03 1.92 
2013-09-15_21-36  177 7 8.75e-01    61.5 1.98e-06 8.7e-09 1.0e-03 1.98 
2013-09-15_21-36  176 19 6.97e-01    133.0 1.26e-07 2.0e-07 1.0e-03 0.13 
2013-09-15_21-36  93 12 7.90e-01    95.2 6.09e-08 4.8e-08 1.0e-03 0.06 
2013-09-15_21-36  46 11 8.54e-01    94.4 2.07e-06 7.4e-08 1.0e-03 2.07 
2013-09-15_21-36  145 19 7.60e-01    145.1 4.81e-07 1.6e-07 1.0e-03 0.48 
2013-09-15_21-36  185 15 7.74e-01    116.7 1.39e-06 2.1e-08 1.0e-03 1.39 
2013-09-15_21-36  33 19 7.93e-01    151.3 1.34e-06 1.5e-07 1.0e-03 1.34 
2013-09-15_21-36  74 25 6.44e-01    161.8 2.29e-06 4.3e-07 1.0e-03 2.29 
2013-09-15_21-36  24 16 7.71e-01    124.0 2.09e-06 8.9e-08 1.0e-03 2.09 
2013-09-15_21-36  150 18 7.19e-01    130.0 1.93e-06 4.8e-08 1.0e-03 1.93 

2013-09-15_21-32  89 14 7.88e-01    110.9 1.11e-06 1.2e-07 1.0e-03 1.11 
2013-09-15_21-32  155 16 7.27e-01    116.9 1.18e-07 5.3e-08 1.0e-03 0.12 
2013-09-15_21-32  39 20 8.32e-01    167.3 1.71e-06 2.1e-07 1.0e-03 1.71 
2013-09-15_21-32  148 14 9.02e-01    126.9 2.50e-06 1.5e-07 1.0e-03 2.50 
2013-09-15_21-32  107 25 7.37e-01    185.2 4.61e-06 1.7e-07 1.0e-03 4.61 
2013-09-15_21-32  143 21 8.38e-01    176.8 1.94e-06 1.4e-07 1.0e-03 1.94 
2013-09-15_21-32  11 12 7.94e-01    95.8 7.09e-08 5.3e-08 1.0e-03 0.07 
2013-09-15_21-32  38 21 7.76e-01    163.8 2.71e-06 1.6e-07 1.0e-03 2.71 
2013-09-15_21-32  181 18 7.54e-01    136.3 2.03e-06 3.2e-08 1.0e-03 2.03 
2013-09-15_21-32  98 9 8.44e-01    76.3 3.46e-07 2.0e-08 1.0e-03 0.35 
2013-09-15_21-32  191 10 8.91e-01    89.5 2.10e-07 2.4e-08 1.0e-03 0.21 

2013-09-15_21-36  91 14 7.75e-01    109.0 6.56e-07 4.1e-08 1.0e-03 0.66 
2013-09-15_21-36  175 15 7.03e-01    106.0 4.41e-07 8.7e-08 1.0e-03 0.44 
2013-09-15_21-36  83 9 8.07e-01    73.0 1.56e-06 8.1e-09 1.0e-03 1.56 
2013-09-15_21-36  96 18 6.52e-01    117.9 1.57e-06 3.4e-08 1.0e-03 1.57 
2013-09-15_21-36  92 17 6.59e-01    112.5 1.73e-06 1.2e-07 1.0e-03 1.73 
2013-09-15_21-36  46 11 8.32e-01    91.9 2.01e-06 2.6e-08 1.0e-03 2.01 
2013-09-15_21-36  185 22 7.48e-01    165.4 1.97e-06 2.0e-07 1.0e-03 1.97 
2013-09-15_21-36  122 16 7.41e-01    119.2 1.41e-06 9.3e-08 1.0e-03 1.41 
2013-09-15_21-36  150 17 7.34e-01    125.4 1.87e-06 7.0e-08 1.0e-03 1.87 
2013-09-15_21-36  24 13 7.16e-01    93.5 1.58e-06 3.8e-08 1.0e-03 1.58 
2013-09-15_21-36  99 22 7.08e-01    156.6 9.17e-08 2.1e-07 1.0e-03 0.09 

2013-09-15_21-30  14 12 6.84e-01    82.5 2.47e-06 3.8e-08 1.0e-03 2.47 
2013-09-15_21-30  165 20 7.61e-01    152.9 2.00e-06 2.1e-07 1.0e-03 2.00 
2013-09-15_21-30  4 20 6.41e-01    128.7 1.23e-06 1.6e-07 1.0e-03 1.23 
2013-09-15_21-30  79 19 7.45e-01    142.2 1.75e-06 2.2e-07 1.0e-03 1.75 
2013-09-15_21-30  47 15 5.71e-01    86.1 7.40e-07 2.2e-08 1.0e-03 0.74 
2013-09-15_21-30  155 16 6.65e-01    106.9 1.08e-07 7.4e-08 1.0e-03 0.11 
2013-09-15_21-30  114 14 6.97e-01    98.0 2.09e-06 4.4e-08 1.0e-03 2.09 
2013-09-15_21-30  64 13 7.48e-01    97.7 6.36e-08 5.8e-08 1.0e-03 0.06 
2013-09-15_21-30  61 8 8.30e-01    66.7 1.46e-06 1.8e-08 1.0e-03 1.46 
2013-09-15_21-30  150 16 6.93e-01    111.4 1.66e-06 8.7e-08 1.0e-03 1.66 
2013-09-15_21-30  91 15 7.69e-01    115.8 6.97e-07 4.6e-08 1.0e-03 0.70 

2013-09-15_21-31  25 11 7.46e-01    82.5 1.13e-06 2.2e-08 1.0e-03 1.13 
2013-09-15_21-31  185 13 7.13e-01    93.1 1.11e-06 2.5e-08 1.0e-03 1.11 
2013-09-15_21-31  114 9 6.26e-01    56.6 1.21e-06 2.8e-09 1.0e-03 1.21 
2013-09-15_21-31  146 21 5.93e-01    125.1 1.07e-06 9.4e-08 1.0e-03 1.07 
2013-09-15_21-31  56 11 7.93e-01    87.6 1.64e-07 4.8e-08 1.0e-03 0.16 
2013-09-15_21-31  111 20 6.96e-01    139.8 9.37e-07 2.0e-07 1.0e-03 0.94 
2013-09-15_21-31  186 12 7.20e-01    86.7 4.71e-08 4.7e-08 1.0e-03 0.05 
2013-09-15_21-31  150 15 7.07e-01    106.6 1.59e-06 3.0e-08 1.0e-03 1.59 
2013-09-15_21-31  27 17 5.70e-01    97.4 1.35e-06 1.1e-07 1.0e-03 1.35 
2013-09-15_21-31  148 8 8.22e-01    66.1 1.30e-06 9.1e-09 1.0e-03 1.30 
2013-09-15_21-31  89 16 6.32e-01    101.6 1.02e-06 1.0e-07 1.0e-03 1.02 

2013-09-15_21-37  147 13 8.10e-01    105.8 5.62e-07 1.3e-07 1.0e-03 0.56 
2013-09-15_21-37  38 20 7.51e-01    151.0 2.50e-06 2.6e-07 1.0e-03 2.50 
2013-09-15_21-37  180 13 7.30e-01    95.4 3.02e-06 4.2e-08 1.0e-03 3.02 
2013-09-15_21-37  188 30 7.84e-01    236.3 1.38e-06 3.5e-07 1.0e-03 1.38 
2013-09-15_21-37  192 9 8.09e-01    73.2 1.39e-07 3.9e-08 1.0e-03 0.14 
2013-09-15_21-37  182 13 7.55e-01    98.7 6.18e-07 1.3e-08 1.0e-03 0.62 
2013-09-15_21-37  51 23 8.13e-01    187.9 2.13e-06 2.7e-07 1.0e-03 2.13 
2013-09-15_21-37  114 14 7.58e-01    106.6 2.27e-06 1.5e-08 1.0e-03 2.27 
2013-09-15_21-37  139 5 8.09e-01    40.6 1.24e-06 1.1e-10 1.0e-03 1.24 
2013-09-15_21-37  176 16 7.88e-01    126.7 1.20e-07 6.0e-08 1.0e-03 0.12 
2013-09-15_21-37  89 18 7.52e-01    135.9 1.36e-06 8.6e-08 1.0e-03 1.36 

2013-09-15_21-37  53 10 7.84e-01    78.7 7.99e-08 5.4e-08 1.0e-03 0.08 
2013-09-15_21-37  61 11 8.41e-01    92.9 2.03e-06 6.0e-08 1.0e-03 2.03 
2013-09-15_21-37  68 21 7.02e-01    148.0 1.79e-07 1.7e-07 1.0e-03 0.18 
2013-09-15_21-37  122 14 7.46e-01    105.0 1.25e-06 1.2e-07 1.0e-03 1.25 
2013-09-15_21-37  25 19 7.86e-01    150.0 2.06e-06 1.5e-07 1.0e-03 2.06 
2013-09-15_21-37  92 20 6.36e-01    127.7 1.96e-06 1.5e-07 1.0e-03 1.96 
2013-09-15_21-37  24 14 7.31e-01    102.9 1.73e-06 5.4e-08 1.0e-03 1.73 
2013-09-15_21-37  185 17 7.61e-01    129.9 1.55e-06 1.1e-07 1.0e-03 1.55 
2013-09-15_21-37  30 11 7.64e-01    84.4 1.76e-07 7.7e-08 1.0e-03 0.18 
2013-09-15_21-37  96 18 6.75e-01    122.0 1.63e-06 8.8e-08 1.0e-03 1.63 
2013-09-15_21-37  150 17 7.34e-01    125.5 1.87e-06 7.3e-08 1.0e-03 1.87 

2013-09-15_21-32  135 11 7.87e-01    87.0 9.14e-07 4.3e-08 1.0e-03 0.91 
2013-09-15_21-32  191 10 8.27e-01    83.1 1.95e-07 4.4e-08 1.0e-03 0.19 
2013-09-15_21-32  46 13 7.95e-01    103.9 2.28e-06 1.1e-07 1.0e-03 2.28 
2013-09-15_21-32  34 13 6.51e-01    85.1 2.28e-06 1.4e-08 1.0e-03 2.28 
2013-09-15_21-32  74 15 6.45e-01    97.2 1.38e-06 6.9e-08 1.0e-03 1.38 
2013-09-15_21-32  88 22 7.02e-01    155.1 1.45e-06 2.3e-07 1.0e-03 1.45 
2013-09-15_21-32  22 6 8.24e-01    49.6 9.72e-07 1.7e-09 1.0e-03 0.97 
2013-09-15_21-32  122 19 7.37e-01    140.7 1.67e-06 1.5e-07 1.0e-03 1.67 
2013-09-15_21-32  24 11 7.04e-01    77.8 1.31e-06 1.1e-08 1.0e-03 1.31 
2013-09-15_21-32  143 20 7.46e-01    149.9 1.65e-06 1.7e-07 1.0e-03 1.65 
2013-09-15_21-32  11 24 6.69e-01    161.4 1.19e-07 3.6e-07 1.0e-03 0.12 

