195
15
1.000000e-03
2.514297e-307
171
8000
6.319438e+00
2.523193e+00
6.319438e-06
3.003045e-06
0 0 0 0 0 0 0 0 0 0 1 0 0 0 0 0 0 0 0 0 0 0 0 0 0 0 0 0 0 0 0 0 0 0 0 0 0 0 0 0 0 0 0 0 0 0 0 0 0 0 0 0 0 0 0 0 0 0 0 0 0 0 0 0 0 0 0 0 0 0 0 0 0 0 0 0 0 0 0 0 0 0 0 0 0 0 0 0 0 0 0 0 0 0 0 0 0 0 1 0 0 0 0 0 0 0 0 0 0 0 0 0 0 0 0 0 0 0 0 0 0 0 0 0 0 0 0 0 0 0 0 0 0 0 0 0 0 0 0 0 0 0 0 0 0 0 0 0 0 0 0 0 0 0 0 0 0 0 0 0 0 0 0 0 0 0 0 0 0 0 0 0 0 0 0 0 0 0 0 0 0 0 0 0 0 0 0 0 0 0 0 0 0 0 0 
0 0 0 0 0 0 0 0 0 0 0 0 0 0 0 0 0 0 0 0 0 0 0 0 0 0 0 0 0 0 0 0 0 0 0 0 0 0 0 0 0 0 0 0 0 0 0 0 0 0 0 0 0 0 0 0 0 0 0 0 0 0 0 0 0 0 0 0 0 0 0 0 0 1 0 0 0 0 0 0 0 0 0 0 0 0 0 0 0 0 0 1 0 0 0 0 0 0 0 0 0 0 0 0 0 0 0 0 0 0 0 0 0 0 0 0 0 0 0 0 0 0 0 0 0 0 0 0 0 0 0 0 0 0 0 1 0 0 0 1 1 0 0 0 0 0 0 0 0 0 0 0 0 0 0 0 0 0 1 0 0 1 0 0 0 0 0 0 0 0 0 0 0 0 1 0 0 0 0 0 0 1 1 0 0 0 0 0 0 0 0 0 0 0 0 
0 0 0 0 0 0 0 0 0 0 0 0 0 0 0 0 0 0 0 0 0 0 0 0 0 0 0 0 0 0 0 0 0 0 0 0 0 0 0 0 0 0 0 0 0 0 0 0 0 0 0 0 1 0 0 0 0 0 0 0 0 0 0 1 0 0 0 0 0 0 0 0 0 0 1 0 0 0 0 0 0 0 0 0 0 0 0 0 0 0 0 0 1 0 0 0 0 0 0 0 0 0 0 0 0 0 0 1 0 0 0 1 0 0 0 0 0 0 0 0 0 0 0 0 0 0 1 0 0 0 0 0 0 0 0 0 0 0 0 0 0 0 0 0 0 0 0 0 0 0 0 0 0 0 0 0 0 0 0 0 0 0 0 0 0 0 0 0 0 0 0 0 0 0 0 0 0 0 0 0 0 0 0 0 0 1 0 0 0 0 0 0 0 0 0 
0 0 1 0 0 0 0 0 0 0 0 0 0 0 0 0 0 0 0 0 0 0 0 0 0 0 0 0 0 1 0 0 0 0 0 0 0 0 0 0 0 0 0 0 0 0 0 0 0 0 0 0 0 0 0 0 0 0 0 0 0 0 0 0 0 0 0 0 0 0 0 0 0 0 0 0 0 0 0 0 0 0 0 0 0 0 0 0 0 0 0 0 0 0 0 0 0 0 0 0 0 0 0 0 0 0 0 0 0 0 0 0 0 0 0 0 0 0 0 0 0 0 0 0 0 0 0 0 0 0 0 0 0 0 0 0 0 0 0 0 0 0 0 0 0 0 0 0 0 0 0 0 0 0 0 0 0 0 0 0 0 0 0 0 0 0 0 0 0 0 0 0 0 1 0 0 0 0 0 0 0 0 0 0 0 0 0 0 0 0 1 0 0 0 0 
0 0 0 0 0 0 0 0 0 0 0 0 1 0 0 0 0 0 0 0 0 0 1 0 0 0 0 0 0 0 0 0 0 0 0 0 0 0 0 0 0 0 0 0 0 0 0 0 0 0 0 0 0 0 0 0 0 0 0 0 0 0 0 0 0 0 0 0 0 0 0 0 0 0 0 0 1 0 0 0 0 0 1 0 0 0 0 0 0 0 0 0 0 0 0 0 0 0 0 0 0 0 0 1 0 0 0 0 0 0 0 0 0 0 0 0 0 0 0 0 0 0 0 0 0 0 0 0 0 0 0 0 0 0 0 0 0 0 0 0 0 0 0 0 0 0 0 0 0 0 0 0 0 0 0 0 0 0 0 0 0 0 0 0 0 0 0 0 0 0 0 0 0 0 0 0 0 0 0 0 0 0 0 0 0 0 0 0 0 0 0 0 0 0 0 
0 0 0 0 1 0 0 1 0 0 0 0 0 0 0 0 1 0 0 0 1 0 0 0 0 0 0 0 0 0 0 0 0 0 1 0 0 0 0 0 0 0 0 0 0 0 1 1 0 0 0 0 0 0 0 0 0 0 0 0 0 0 0 0 0 0 0 0 0 1 0 0 0 0 0 1 0 0 0 0 1 0 0 0 0 0 0 0 0 0 0 0 0 0 0 0 0 0 0 0 0 0 0 0 0 1 0 0 0 0 0 0 0 0 0 0 0 0 0 0 1 0 0 0 0 0 0 0 0 0 0 0 0 0 0 0 0 0 0 0 0 0 0 0 0 0 0 0 0 0 0 0 0 0 1 1 0 0 0 0 0 0 0 0 0 0 0 0 0 0 0 0 0 0 0 1 0 0 0 0 0 0 0 0 0 0 0 0 0 0 0 0 0 0 0 
0 1 0 0 0 0 0 0 1 0 0 0 0 0 0 0 0 0 0 0 0 1 0 0 0 0 0 0 0 0 0 0 0 0 0 0 0 0 1 0 0 0 0 0 0 0 0 0 1 0 0 0 0 0 0 1 0 1 0 0 0 0 0 0 0 0 0 0 0 0 0 0 0 0 0 0 0 0 1 0 0 0 0 0 1 0 0 0 0 0 0 0 0 0 1 0 0 0 0 0 0 0 0 0 0 0 0 0 0 0 0 0 1 0 0 0 0 0 0 0 0 0 0 0 0 0 0 0 0 0 0 0 0 0 0 0 0 0 0 0 0 0 0 0 0 0 0 0 0 0 0 0 0 0 0 0 0 0 0 0 0 0 0 1 0 0 0 0 0 0 0 0 0 0 0 0 0 0 0 0 0 0 0 0 1 0 0 0 1 0 0 1 0 0 0 
0 0 0 1 0 0 0 0 0 0 0 0 0 0 0 0 0 0 0 0 0 0 0 0 0 0 0 1 0 0 0 0 0 0 0 0 0 0 0 0 0 0 0 0 0 0 0 0 0 0 0 0 0 0 0 0 1 0 0 0 0 0 1 0 0 0 0 0 0 0 0 0 0 0 0 0 0 0 0 0 0 0 0 0 0 0 0 0 0 0 0 0 0 0 0 0 1 0 0 0 0 0 0 0 0 0 0 0 0 0 0 0 0 0 0 1 0 0 0 1 0 0 0 0 0 0 0 0 0 0 0 0 0 0 0 0 0 0 1 0 0 0 0 0 0 1 0 0 0 0 0 0 1 0 0 0 0 0 0 0 0 0 0 0 0 0 0 0 0 0 0 0 0 0 0 0 0 0 0 0 1 0 0 0 0 0 0 0 0 0 0 0 0 0 0 
0 0 0 0 0 0 0 0 0 0 0 0 0 0 0 0 0 0 1 0 0 0 0 0 0 0 0 0 0 0 0 0 0 1 0 0 0 0 0 0 0 0 0 0 0 0 0 0 0 1 0 0 0 0 0 0 0 0 1 0 0 0 0 0 0 0 0 0 1 0 0 0 0 0 0 0 0 0 0 0 0 0 0 0 0 0 1 0 0 0 0 0 0 0 0 0 0 0 0 0 0 0 0 0 0 0 0 0 0 0 0 0 0 0 0 0 0 0 0 0 0 0 1 0 0 0 0 0 0 1 1 0 1 0 1 0 1 0 0 0 0 0 0 0 0 0 1 0 0 1 0 0 0 0 0 0 0 0 0 0 0 0 0 0 0 0 0 0 0 0 0 0 0 0 0 0 0 1 1 1 0 0 0 0 0 0 0 0 0 0 0 0 0 0 1 
1 0 0 0 0 0 0 0 0 0 0 0 0 0 0 0 0 0 0 0 0 0 0 0 0 0 0 0 0 0 0 0 0 0 0 0 0 1 0 0 0 0 0 1 0 1 0 0 0 0 0 0 0 1 0 0 0 0 0 0 1 0 0 0 1 0 0 0 0 0 0 0 1 0 0 0 0 1 0 0 0 0 0 0 0 0 0 0 0 0 0 0 0 1 0 0 0 0 0 1 0 0 0 0 0 0 0 0 1 0 1 0 0 0 1 0 0 0 0 0 0 0 0 0 0 1 0 0 0 0 0 1 0 0 0 0 0 0 0 0 0 0 0 0 0 0 0 0 0 0 0 0 0 0 0 0 0 1 0 0 0 0 1 0 0 0 0 1 1 0 0 1 0 0 0 0 0 0 0 0 0 0 0 0 0 0 0 0 0 0 0 0 0 0 0 
0 0 0 0 0 0 0 0 0 0 0 0 0 0 0 0 0 0 0 0 0 0 0 0 0 0 0 0 0 0 0 0 0 0 0 0 0 0 0 0 0 0 0 0 0 0 0 0 0 0 0 0 0 0 0 0 0 0 0 1 0 0 0 0 0 0 0 1 0 0 0 0 0 0 0 0 0 0 0 0 0 0 0 0 0 0 0 0 0 1 0 0 0 0 0 0 0 0 0 0 0 1 0 0 0 0 0 0 0 0 0 0 0 0 0 0 0 0 0 0 0 0 0 0 0 0 0 0 0 0 0 0 0 0 0 0 0 0 0 0 0 0 0 0 1 0 0 0 1 0 0 0 0 0 0 0 0 0 0 0 0 0 0 0 0 0 0 0 0 0 0 0 0 0 0 0 0 0 0 0 0 0 0 0 0 0 0 0 0 0 0 0 1 0 0 
0 0 0 0 0 0 1 0 0 0 0 1 0 0 0 0 0 0 0 0 0 0 0 0 0 0 0 0 1 0 1 0 1 0 0 0 0 0 0 0 0 0 0 0 0 0 0 0 0 0 1 0 0 0 0 0 0 0 0 0 0 0 0 0 0 0 1 0 0 0 0 0 0 0 0 0 0 0 0 0 0 0 0 0 0 0 0 0 0 0 0 0 0 0 0 0 0 1 0 0 0 0 0 0 0 0 0 0 0 0 0 0 0 0 0 0 0 0 1 0 0 1 0 0 0 0 0 0 0 0 0 0 0 0 0 0 0 0 0 0 0 0 0 0 0 0 0 1 0 0 1 1 0 1 0 0 0 0 0 0 0 0 0 0 1 0 0 0 0 0 0 0 0 0 0 0 1 0 0 0 0 0 0 1 0 0 1 0 0 0 0 0 0 0 0 
0 0 0 0 0 0 0 0 0 0 0 0 0 0 0 0 0 0 0 0 0 0 0 0 1 0 0 0 0 0 0 1 0 0 0 0 0 0 0 0 0 1 0 0 0 0 0 0 0 0 0 0 0 0 0 0 0 0 0 0 0 0 0 0 0 0 0 0 0 0 1 0 0 0 0 0 0 0 0 0 0 0 0 0 0 0 0 0 0 0 1 0 0 0 0 0 0 0 0 0 0 0 0 0 0 0 0 0 0 0 0 0 0 0 0 0 0 1 0 0 0 0 0 1 0 0 0 0 0 0 0 0 0 1 0 0 0 0 0 0 0 0 1 1 0 0 0 0 0 0 0 0 0 0 0 0 1 0 0 1 0 0 0 0 0 0 0 0 0 0 0 0 0 0 0 0 0 0 0 0 0 0 0 0 0 0 0 1 0 0 0 0 0 0 0 
0 0 0 0 0 1 0 0 0 0 0 0 0 1 0 0 0 1 0 1 0 0 0 0 0 0 1 0 0 0 0 0 0 0 0 0 1 0 0 0 0 0 0 0 0 0 0 0 0 0 0 0 0 0 1 0 0 0 0 0 0 0 0 0 0 0 0 0 0 0 0 1 0 0 0 0 0 0 0 1 0 1 0 1 0 1 0 1 1 0 0 0 0 0 0 1 0 0 0 0 1 0 1 0 1 0 0 0 0 0 0 0 0 0 0 0 0 0 0 0 0 0 0 0 0 0 0 0 1 0 0 0 0 0 0 0 0 0 0 0 0 0 0 0 0 0 0 0 0 0 0 0 0 0 0 0 0 0 0 0 1 0 0 0 0 0 0 0 0 0 0 0 0 0 0 0 0 0 0 0 0 0 0 0 0 0 0 0 0 0 0 0 0 0 0 
0 0 0 0 0 0 0 0 0 0 0 0 0 0 1 0 0 0 0 0 0 0 0 1 0 0 0 0 0 0 0 0 0 0 0 1 0 0 0 0 0 0 1 0 1 0 0 0 0 0 0 1 0 0 0 0 0 0 0 0 0 1 0 0 0 0 0 0 0 0 0 0 0 0 0 0 0 0 0 0 0 0 0 0 0 0 0 0 0 0 0 0 0 0 0 0 0 0 0 0 0 0 0 0 0 0 1 0 0 1 0 0 0 1 0 0 1 0 0 0 0 0 0 0 0 0 0 1 0 0 0 0 0 0 0 0 0 1 0 0 0 0 0 0 0 0 0 0 0 0 0 0 0 0 0 0 0 0 0 0 0 0 0 0 0 1 1 0 0 1 1 0 1 0 0 0 0 0 0 0 0 0 0 0 0 0 0 0 0 1 0 0 0 0 0 
11 140 112 191 104 106 9 146 123 168 102 154 134 88 43 
7.718491E-08 8.827299E-04 9.112115E-08 1.070164E-08 9.038182E-06 5.335404E-05 5.655450E-04 4.770620E-06 0.000000E+00 0.000000E+00 0.000000E+00 9.376903E-05 9.349364E-05 7.412364E-05 2.912671E-04 0.000000E+00 1.613269E-05 1.890451E-06 5.697664E-04 6.079889E-05 1.073537E-05 3.655846E-04 3.250827E-05 5.534641E-05 1.298816E-05 0.000000E+00 5.086207E-05 2.310709E-05 1.683156E-05 1.293399E-06 1.476988E-07 1.127726E-06 8.005407E-06 1.557138E-04 1.377895E-05 1.377931E-04 1.336560E-04 9.275485E-05 1.213493E-04 0.000000E+00 0.000000E+00 2.126533E-05 0.000000E+00 6.740252E-08 4.295828E-04 6.790299E-05 2.004342E-05 3.426259E-06 3.003523E-05 3.810475E-06 6.297013E-05 9.993768E-04 1.609921E-07 1.361301E-04 1.126365E-04 1.206680E-07 6.949777E-05 1.615768E-06 1.399390E-04 1.108963E-06 4.178064E-05 4.008548E-07 5.073422E-05 4.123263E-06 1.580396E-04 0.000000E+00 9.744274E-07 6.837359E-06 3.350531E-04 9.857285E-08 1.231141E-06 8.737312E-06 2.639646E-04 1.115590E-06 1.246494E-07 1.351522E-05 3.561057E-05 1.239573E-05 1.530373E-04 4.183935E-05 2.440913E-05 1.173729E-07 2.423408E-05 2.474912E-05 5.244619E-07 4.297621E-05 4.484558E-04 0.000000E+00 3.074370E-06 9.468445E-08 9.442787E-06 2.758195E-06 2.290983E-06 5.510612E-06 3.730768E-05 6.552646E-06 2.024963E-05 4.783309E-07 1.925577E-07 2.174266E-04 2.211017E-05 0.000000E+00 5.431697E-05 0.000000E+00 4.288096E-07 0.000000E+00 3.165169E-04 5.250937E-08 5.361974E-04 9.988854E-04 6.320761E-07 0.000000E+00 1.649475E-04 1.118565E-04 1.615339E-04 7.682071E-06 3.359987E-04 3.742347E-05 3.138826E-04 1.811487E-07 7.695787E-06 3.228416E-05 0.000000E+00 6.163736E-06 0.000000E+00 3.356861E-06 2.721604E-06 1.599238E-04 2.174236E-06 3.835593E-04 1.982342E-06 3.368558E-04 5.059234E-04 0.000000E+00 1.340688E-04 4.141167E-08 9.732355E-04 1.970095E-05 1.781873E-05 0.000000E+00 2.327547E-06 0.000000E+00 1.875824E-06 2.485171E-05 3.124166E-07 0.000000E+00 1.668727E-06 1.039994E-04 3.650535E-07 2.700199E-05 5.939513E-05 2.243259E-07 2.000949E-06 0.000000E+00 1.358416E-05 1.682405E-05 8.761698E-05 1.097160E-04 6.592079E-07 1.085782E-04 1.246277E-05 5.851763E-05 4.863857E-06 2.962554E-05 3.190657E-05 8.157429E-04 2.537108E-05 0.000000E+00 1.774368E-05 5.171861E-05 1.779467E-04 7.204651E-06 2.088848E-04 9.977857E-09 5.167010E-07 1.297868E-05 4.446236E-04 8.396262E-07 1.937883E-06 2.659912E-04 5.993497E-07 6.293329E-09 1.732830E-05 8.652674E-04 1.408458E-04 1.739322E-05 5.326984E-04 4.900659E-09 4.060700E-04 8.374596E-04 0.000000E+00 2.747121E-08 6.076565E-10 0.000000E+00 1.746456E-04 
11 99 
136 140 159 182 141 183 92 175 74 162 
75 127 53 112 108 93 186 64 
3 191 174 30 
104 23 13 77 83 
106 70 8 47 21 5 121 48 176 156 76 155 17 35 81 
164 113 49 95 192 58 56 9 85 79 185 189 22 39 2 
139 116 153 97 181 4 146 120 57 63 28 
50 123 147 179 195 131 150 178 130 180 133 135 19 87 137 34 69 59 
38 46 61 65 115 169 1 168 78 94 172 44 132 54 163 100 111 73 126 109 158 
102 193 90 149 145 60 68 
29 119 122 148 12 187 151 51 98 67 31 154 165 7 177 184 33 152 
124 143 71 144 32 157 160 25 42 118 188 134 91 
14 20 55 89 161 105 82 101 80 88 129 96 84 37 6 27 18 72 103 86 
15 24 36 45 107 114 117 128 138 167 171 173 166 190 170 62 110 43 52 

============Find Best @ Round 5232================
==========Cluster 0, RcvInterf=3.11728e-14============
Node 10, SINR:0.00000e+00, BpsHz:0.00000e+00
Node 98, SINR:1.54517e-02, BpsHz:2.21216e-02
---------------
==========Cluster 1, RcvInterf=2.90348e-14============
Node 135, SINR:1.47978e-01, BpsHz:2.21216e-02
Node 139, SINR:0.00000e+00, BpsHz:0.00000e+00
Node 158, SINR:1.47978e-01, BpsHz:2.21216e-02
Node 181, SINR:1.47978e-01, BpsHz:2.21216e-02
Node 140, SINR:1.47978e-01, BpsHz:2.21216e-02
Node 182, SINR:1.47978e-01, BpsHz:2.21216e-02
Node 91, SINR:1.47978e-01, BpsHz:2.21216e-02
Node 174, SINR:1.47978e-01, BpsHz:2.21216e-02
Node 73, SINR:1.47978e-01, BpsHz:2.21216e-02
Node 161, SINR:1.47978e-01, BpsHz:2.21216e-02
---------------
==========Cluster 2, RcvInterf=1.99816e-14============
Node 74, SINR:1.13307e-01, BpsHz:2.21216e-02
Node 126, SINR:1.13307e-01, BpsHz:2.21216e-02
Node 52, SINR:1.13307e-01, BpsHz:2.21216e-02
Node 111, SINR:0.00000e+00, BpsHz:0.00000e+00
Node 107, SINR:1.13307e-01, BpsHz:2.21216e-02
Node 92, SINR:1.13307e-01, BpsHz:2.21216e-02
Node 185, SINR:1.13307e-01, BpsHz:2.21216e-02
Node 63, SINR:1.13307e-01, BpsHz:2.21216e-02
---------------
==========Cluster 3, RcvInterf=1.80950e-14============
Node 2, SINR:4.70750e-02, BpsHz:2.21216e-02
Node 190, SINR:0.00000e+00, BpsHz:0.00000e+00
Node 173, SINR:4.70750e-02, BpsHz:2.21216e-02
Node 29, SINR:4.70750e-02, BpsHz:2.21216e-02
---------------
==========Cluster 4, RcvInterf=5.62118e-14============
Node 103, SINR:0.00000e+00, BpsHz:0.00000e+00
Node 22, SINR:6.32541e-02, BpsHz:2.21216e-02
Node 12, SINR:6.32541e-02, BpsHz:2.21216e-02
Node 76, SINR:6.32541e-02, BpsHz:2.21216e-02
Node 82, SINR:6.32541e-02, BpsHz:2.21216e-02
---------------
==========Cluster 5, RcvInterf=3.62365e-14============
Node 105, SINR:0.00000e+00, BpsHz:0.00000e+00
Node 69, SINR:2.39452e-01, BpsHz:2.21216e-02
Node 7, SINR:2.39452e-01, BpsHz:2.21216e-02
Node 46, SINR:2.39452e-01, BpsHz:2.21216e-02
Node 20, SINR:2.39452e-01, BpsHz:2.21216e-02
Node 4, SINR:2.39452e-01, BpsHz:2.21216e-02
Node 120, SINR:2.39452e-01, BpsHz:2.21216e-02
Node 47, SINR:2.39452e-01, BpsHz:2.21216e-02
Node 175, SINR:2.39452e-01, BpsHz:2.21216e-02
Node 155, SINR:2.39452e-01, BpsHz:2.21216e-02
Node 75, SINR:2.39452e-01, BpsHz:2.21216e-02
Node 154, SINR:2.39452e-01, BpsHz:2.21216e-02
Node 16, SINR:2.39452e-01, BpsHz:2.21216e-02
Node 34, SINR:2.39452e-01, BpsHz:2.21216e-02
Node 80, SINR:2.39452e-01, BpsHz:2.21216e-02
---------------
==========Cluster 6, RcvInterf=3.50530e-14============
Node 163, SINR:2.39452e-01, BpsHz:2.21216e-02
Node 112, SINR:2.39452e-01, BpsHz:2.21216e-02
Node 48, SINR:2.39452e-01, BpsHz:2.21216e-02
Node 94, SINR:2.39452e-01, BpsHz:2.21216e-02
Node 191, SINR:2.39452e-01, BpsHz:2.21216e-02
Node 57, SINR:2.39452e-01, BpsHz:2.21216e-02
Node 55, SINR:2.39452e-01, BpsHz:2.21216e-02
Node 8, SINR:0.00000e+00, BpsHz:0.00000e+00
Node 84, SINR:2.39452e-01, BpsHz:2.21216e-02
Node 78, SINR:2.39452e-01, BpsHz:2.21216e-02
Node 184, SINR:2.39452e-01, BpsHz:2.21216e-02
Node 188, SINR:2.39452e-01, BpsHz:2.21216e-02
Node 21, SINR:2.39452e-01, BpsHz:2.21216e-02
Node 38, SINR:2.39452e-01, BpsHz:2.21216e-02
Node 1, SINR:2.39452e-01, BpsHz:2.21216e-02
---------------
==========Cluster 7, RcvInterf=2.99527e-14============
Node 138, SINR:1.65716e-01, BpsHz:2.21216e-02
Node 115, SINR:1.65716e-01, BpsHz:2.21216e-02
Node 152, SINR:1.65716e-01, BpsHz:2.21216e-02
Node 96, SINR:1.65716e-01, BpsHz:2.21216e-02
Node 180, SINR:1.65716e-01, BpsHz:2.21216e-02
Node 3, SINR:1.65716e-01, BpsHz:2.21216e-02
Node 145, SINR:0.00000e+00, BpsHz:0.00000e+00
Node 119, SINR:1.65716e-01, BpsHz:2.21216e-02
Node 56, SINR:1.65716e-01, BpsHz:2.21216e-02
Node 62, SINR:1.65716e-01, BpsHz:2.21216e-02
Node 27, SINR:1.65716e-01, BpsHz:2.21216e-02
---------------
==========Cluster 8, RcvInterf=5.95705e-14============
Node 49, SINR:2.97799e-01, BpsHz:2.21216e-02
Node 122, SINR:0.00000e+00, BpsHz:0.00000e+00
Node 146, SINR:2.97799e-01, BpsHz:2.21216e-02
Node 178, SINR:2.97799e-01, BpsHz:2.21216e-02
Node 194, SINR:2.97799e-01, BpsHz:2.21216e-02
Node 130, SINR:2.97799e-01, BpsHz:2.21216e-02
Node 149, SINR:2.97799e-01, BpsHz:2.21216e-02
Node 177, SINR:2.97799e-01, BpsHz:2.21216e-02
Node 129, SINR:2.97799e-01, BpsHz:2.21216e-02
Node 179, SINR:2.97799e-01, BpsHz:2.21216e-02
Node 132, SINR:2.97799e-01, BpsHz:2.21216e-02
Node 134, SINR:2.97799e-01, BpsHz:2.21216e-02
Node 18, SINR:2.97799e-01, BpsHz:2.21216e-02
Node 86, SINR:2.97799e-01, BpsHz:2.21216e-02
Node 136, SINR:2.97799e-01, BpsHz:2.21216e-02
Node 33, SINR:2.97799e-01, BpsHz:2.21216e-02
Node 68, SINR:2.97799e-01, BpsHz:2.21216e-02
Node 58, SINR:2.97799e-01, BpsHz:2.21216e-02
---------------
==========Cluster 9, RcvInterf=2.06687e-14============
Node 37, SINR:3.58893e-01, BpsHz:2.21216e-02
Node 45, SINR:3.58893e-01, BpsHz:2.21216e-02
Node 60, SINR:3.58893e-01, BpsHz:2.21216e-02
Node 64, SINR:3.58893e-01, BpsHz:2.21216e-02
Node 114, SINR:3.58893e-01, BpsHz:2.21216e-02
Node 168, SINR:3.58893e-01, BpsHz:2.21216e-02
Node 0, SINR:3.58893e-01, BpsHz:2.21216e-02
Node 167, SINR:0.00000e+00, BpsHz:0.00000e+00
Node 77, SINR:3.58893e-01, BpsHz:2.21216e-02
Node 93, SINR:3.58893e-01, BpsHz:2.21216e-02
Node 171, SINR:3.58893e-01, BpsHz:2.21216e-02
Node 43, SINR:3.58893e-01, BpsHz:2.21216e-02
Node 131, SINR:3.58893e-01, BpsHz:2.21216e-02
Node 53, SINR:3.58893e-01, BpsHz:2.21216e-02
Node 162, SINR:3.58893e-01, BpsHz:2.21216e-02
Node 99, SINR:3.58893e-01, BpsHz:2.21216e-02
Node 110, SINR:3.58893e-01, BpsHz:2.21216e-02
Node 72, SINR:3.58893e-01, BpsHz:2.21216e-02
Node 125, SINR:3.58893e-01, BpsHz:2.21216e-02
Node 108, SINR:3.58893e-01, BpsHz:2.21216e-02
Node 157, SINR:3.58893e-01, BpsHz:2.21216e-02
---------------
==========Cluster 10, RcvInterf=2.40738e-14============
Node 101, SINR:0.00000e+00, BpsHz:0.00000e+00
Node 192, SINR:9.63660e-02, BpsHz:2.21216e-02
Node 89, SINR:9.63661e-02, BpsHz:2.21216e-02
Node 148, SINR:9.63660e-02, BpsHz:2.21216e-02
Node 144, SINR:9.63661e-02, BpsHz:2.21216e-02
Node 59, SINR:9.63660e-02, BpsHz:2.21216e-02
Node 67, SINR:9.63660e-02, BpsHz:2.21216e-02
---------------
==========Cluster 11, RcvInterf=2.14822e-14============
Node 28, SINR:2.97799e-01, BpsHz:2.21216e-02
Node 118, SINR:2.97799e-01, BpsHz:2.21216e-02
Node 121, SINR:2.97799e-01, BpsHz:2.21216e-02
Node 147, SINR:2.97799e-01, BpsHz:2.21216e-02
Node 11, SINR:2.97799e-01, BpsHz:2.21216e-02
Node 186, SINR:2.97799e-01, BpsHz:2.21216e-02
Node 150, SINR:2.97799e-01, BpsHz:2.21216e-02
Node 50, SINR:2.97799e-01, BpsHz:2.21216e-02
Node 97, SINR:2.97799e-01, BpsHz:2.21216e-02
Node 66, SINR:2.97799e-01, BpsHz:2.21216e-02
Node 30, SINR:2.97799e-01, BpsHz:2.21216e-02
Node 153, SINR:0.00000e+00, BpsHz:0.00000e+00
Node 164, SINR:2.97799e-01, BpsHz:2.21216e-02
Node 6, SINR:2.97799e-01, BpsHz:2.21216e-02
Node 176, SINR:2.97799e-01, BpsHz:2.21216e-02
Node 183, SINR:2.97799e-01, BpsHz:2.21216e-02
Node 32, SINR:2.97799e-01, BpsHz:2.21216e-02
Node 151, SINR:2.97799e-01, BpsHz:2.21216e-02
---------------
==========Cluster 12, RcvInterf=2.60319e-14============
Node 123, SINR:2.02019e-01, BpsHz:2.21216e-02
Node 142, SINR:2.02019e-01, BpsHz:2.21216e-02
Node 70, SINR:2.02019e-01, BpsHz:2.21216e-02
Node 143, SINR:2.02019e-01, BpsHz:2.21216e-02
Node 31, SINR:2.02019e-01, BpsHz:2.21216e-02
Node 156, SINR:2.02019e-01, BpsHz:2.21216e-02
Node 159, SINR:2.02019e-01, BpsHz:2.21216e-02
Node 24, SINR:2.02019e-01, BpsHz:2.21216e-02
Node 41, SINR:2.02019e-01, BpsHz:2.21216e-02
Node 117, SINR:2.02019e-01, BpsHz:2.21216e-02
Node 187, SINR:2.02019e-01, BpsHz:2.21216e-02
Node 133, SINR:0.00000e+00, BpsHz:0.00000e+00
Node 90, SINR:2.02019e-01, BpsHz:2.21216e-02
---------------
==========Cluster 13, RcvInterf=2.20761e-14============
Node 13, SINR:3.38215e-01, BpsHz:2.21216e-02
Node 19, SINR:3.38215e-01, BpsHz:2.21216e-02
Node 54, SINR:3.38215e-01, BpsHz:2.21216e-02
Node 88, SINR:3.38215e-01, BpsHz:2.21216e-02
Node 160, SINR:3.38215e-01, BpsHz:2.21216e-02
Node 104, SINR:3.38215e-01, BpsHz:2.21216e-02
Node 81, SINR:3.38215e-01, BpsHz:2.21216e-02
Node 100, SINR:3.38215e-01, BpsHz:2.21216e-02
Node 79, SINR:3.38215e-01, BpsHz:2.21216e-02
Node 87, SINR:0.00000e+00, BpsHz:0.00000e+00
Node 128, SINR:3.38215e-01, BpsHz:2.21216e-02
Node 95, SINR:3.38215e-01, BpsHz:2.21216e-02
Node 83, SINR:3.38215e-01, BpsHz:2.21216e-02
Node 36, SINR:3.38215e-01, BpsHz:2.21216e-02
Node 5, SINR:3.38215e-01, BpsHz:2.21216e-02
Node 26, SINR:3.38215e-01, BpsHz:2.21216e-02
Node 17, SINR:3.38215e-01, BpsHz:2.21216e-02
Node 71, SINR:3.38215e-01, BpsHz:2.21216e-02
Node 102, SINR:3.38215e-01, BpsHz:2.21216e-02
Node 85, SINR:3.38215e-01, BpsHz:2.21216e-02
---------------
==========Cluster 14, RcvInterf=1.12568e-14============
Node 14, SINR:3.17852e-01, BpsHz:2.21216e-02
Node 23, SINR:3.17853e-01, BpsHz:2.21216e-02
Node 35, SINR:3.17852e-01, BpsHz:2.21216e-02
Node 44, SINR:3.17853e-01, BpsHz:2.21216e-02
Node 106, SINR:3.17853e-01, BpsHz:2.21216e-02
Node 113, SINR:3.17853e-01, BpsHz:2.21216e-02
Node 116, SINR:3.17852e-01, BpsHz:2.21216e-02
Node 127, SINR:3.17852e-01, BpsHz:2.21216e-02
Node 137, SINR:3.17852e-01, BpsHz:2.21216e-02
Node 166, SINR:3.17852e-01, BpsHz:2.21216e-02
Node 170, SINR:3.17852e-01, BpsHz:2.21216e-02
Node 172, SINR:3.17852e-01, BpsHz:2.21216e-02
Node 165, SINR:3.17853e-01, BpsHz:2.21216e-02
Node 189, SINR:3.17853e-01, BpsHz:2.21216e-02
Node 169, SINR:3.17852e-01, BpsHz:2.21216e-02
Node 61, SINR:3.17853e-01, BpsHz:2.21216e-02
Node 109, SINR:3.17852e-01, BpsHz:2.21216e-02
Node 42, SINR:0.00000e+00, BpsHz:0.00000e+00
Node 51, SINR:3.17852e-01, BpsHz:2.21216e-02
---------------
