195
15
1.000000e-03
2.525175e-312
171
8000
6.265784e+00
3.039551e+00
6.265784e-06
2.324674e-06
1 0 0 0 0 0 0 0 0 0 0 0 0 0 0 0 0 0 0 0 0 0 0 0 0 0 0 0 0 0 0 0 0 0 0 0 0 0 0 0 0 0 0 1 0 0 0 1 0 0 0 0 0 1 0 0 0 0 0 0 1 0 0 0 0 0 0 1 0 0 0 0 0 0 0 0 0 1 0 0 0 0 0 0 0 0 0 0 0 0 0 0 0 1 0 0 0 0 0 1 0 0 0 0 0 0 0 0 0 0 1 0 0 0 1 0 0 0 0 0 1 0 0 0 0 0 0 0 0 0 0 1 0 0 0 0 0 0 0 0 0 0 0 0 0 0 0 0 0 0 0 0 0 0 0 1 0 0 0 0 0 0 1 0 0 0 0 1 0 0 0 1 0 0 0 0 0 0 0 0 0 0 0 0 0 0 0 0 0 0 0 0 0 0 0 
0 0 0 0 0 0 0 0 1 0 0 0 0 0 0 0 0 0 0 0 0 0 0 0 0 0 0 0 0 0 0 0 0 0 0 0 0 0 0 0 0 0 0 0 0 0 0 0 0 0 0 0 1 0 0 1 0 1 0 0 0 0 0 0 0 0 0 0 0 0 0 0 0 0 0 0 0 0 0 0 0 0 0 0 1 0 0 0 0 0 0 0 0 0 0 0 0 0 0 0 0 0 0 0 0 0 0 0 0 0 0 0 0 0 0 0 0 0 0 0 0 0 0 0 0 0 0 0 0 0 0 0 0 0 0 0 0 0 0 0 0 0 0 0 0 0 0 0 0 0 0 0 0 0 0 0 0 0 0 0 0 0 0 0 0 0 0 0 0 0 0 0 0 0 0 0 0 0 0 0 0 0 0 0 0 0 0 0 0 0 0 1 0 0 0 
0 0 0 0 0 0 0 0 0 0 1 0 0 0 0 0 0 0 0 0 0 0 0 0 0 0 0 0 0 0 0 0 0 0 0 0 0 0 0 0 0 0 0 0 0 0 0 0 0 0 0 0 0 0 0 0 0 0 0 0 0 0 0 1 0 0 0 0 0 0 0 0 0 0 1 0 0 0 0 0 0 0 0 0 0 0 0 0 0 0 0 0 1 0 0 0 0 0 0 0 0 0 0 0 0 0 0 0 0 0 0 1 0 0 0 0 0 0 0 0 0 0 0 0 0 0 1 0 0 0 0 0 0 0 0 0 0 0 0 0 0 0 0 0 0 0 0 0 0 0 0 0 0 0 0 0 0 0 0 0 0 0 0 0 0 0 0 0 0 0 0 0 0 0 0 0 0 0 0 0 0 0 0 0 0 0 0 0 0 0 0 0 0 0 0 
0 0 0 0 0 0 0 0 0 0 0 0 0 0 0 1 0 0 1 0 0 0 0 0 0 0 0 0 0 0 0 0 0 0 0 0 0 0 1 1 0 0 0 0 0 0 0 0 0 0 0 0 0 0 0 0 0 0 1 0 0 0 0 0 0 0 0 0 0 0 0 0 0 0 0 0 0 0 0 0 0 0 0 0 0 0 1 0 0 0 0 0 0 0 0 0 0 0 0 0 0 0 0 0 0 0 0 0 0 0 0 0 0 0 0 0 0 0 0 0 0 0 0 0 0 0 0 0 0 1 0 0 1 0 1 0 1 0 0 0 0 0 0 0 0 0 0 0 0 0 0 0 0 0 0 0 0 0 0 0 0 0 0 0 0 0 0 0 0 0 0 0 0 0 0 0 0 0 0 0 0 0 0 0 1 0 0 0 0 0 0 0 0 0 1 
0 0 0 1 0 0 0 0 0 0 0 0 0 0 0 0 0 0 0 0 0 0 0 0 0 0 0 0 0 1 0 0 0 0 0 0 0 0 0 0 0 0 0 0 0 0 0 0 0 0 0 0 0 0 0 0 0 0 0 0 0 0 0 0 0 0 0 0 0 0 0 0 0 1 0 0 0 0 0 0 0 0 0 0 0 0 0 0 0 0 0 0 0 0 0 0 0 0 0 0 0 0 0 0 0 0 0 0 0 0 0 0 0 0 0 1 0 0 0 1 0 0 0 0 0 0 0 0 0 0 0 0 0 0 0 1 0 0 0 1 0 0 0 0 0 0 0 0 0 0 0 0 0 0 0 0 0 0 0 0 0 0 0 0 0 0 0 0 0 0 0 0 0 0 1 0 0 0 0 0 1 1 0 0 0 0 0 0 0 0 0 0 0 0 0 
0 0 0 0 1 1 0 1 0 1 0 0 0 0 0 0 0 1 0 0 0 0 0 0 0 0 1 0 0 0 0 0 0 0 0 0 1 1 0 0 0 0 0 0 0 0 1 0 0 0 0 0 0 0 0 0 0 0 0 0 0 0 0 0 1 0 0 0 0 1 0 1 1 0 0 0 0 0 0 1 0 0 0 1 0 0 0 1 0 0 0 0 0 0 0 1 0 0 0 0 1 0 0 0 1 1 0 0 1 0 0 0 0 0 0 0 0 0 0 0 0 0 0 0 0 0 0 0 1 0 0 0 0 0 0 0 0 0 0 0 0 0 0 0 0 0 0 0 0 0 0 0 0 0 0 0 0 0 0 0 0 0 0 0 0 0 0 0 1 0 0 0 0 0 0 0 0 0 0 0 0 0 0 0 0 0 0 0 0 0 0 0 0 0 0 
0 0 0 0 0 0 0 0 0 0 0 0 0 0 0 0 0 0 0 0 0 0 1 0 0 0 0 0 0 0 1 0 1 0 0 0 0 0 0 0 0 0 0 0 0 0 0 0 0 0 0 0 0 0 0 0 0 0 0 0 0 0 0 0 0 0 1 0 0 0 0 0 0 0 0 0 0 0 0 0 0 0 0 0 0 0 0 0 0 0 0 0 0 0 0 0 0 1 0 0 0 0 0 1 0 0 0 0 0 0 0 0 0 0 0 0 0 0 1 0 0 0 0 0 0 0 0 0 0 0 0 0 0 0 0 0 0 0 0 0 0 0 0 0 0 0 0 0 0 0 0 1 0 1 0 0 0 0 0 0 0 0 0 0 0 0 0 0 0 0 0 0 0 0 0 0 0 0 0 0 0 0 0 0 0 0 0 0 0 0 0 0 0 0 0 
0 0 0 0 0 0 0 0 0 0 0 0 1 0 0 0 0 0 0 0 0 0 0 0 1 0 0 0 0 0 0 1 0 0 0 0 0 0 0 0 0 1 0 0 0 0 0 0 0 0 0 0 0 0 0 0 0 0 0 0 0 0 0 0 0 0 0 0 0 0 1 0 0 0 0 0 1 0 0 0 0 0 1 0 0 0 0 0 0 0 1 0 0 0 0 0 0 0 0 0 0 0 0 0 0 0 0 0 0 0 0 0 0 0 0 0 0 1 0 0 0 0 0 1 0 0 0 0 0 0 0 0 0 1 0 0 0 0 0 0 0 0 1 1 0 0 0 0 0 0 0 0 0 0 0 0 1 1 0 1 0 0 0 0 1 0 0 0 0 0 0 0 0 0 0 0 0 0 0 0 0 0 0 0 0 0 0 1 0 0 0 0 0 0 0 
0 0 0 0 0 0 0 0 0 0 0 0 0 0 0 0 0 0 0 0 0 0 0 0 0 0 0 0 0 0 0 0 0 1 0 0 0 0 0 0 0 0 0 0 0 0 0 0 0 1 0 0 0 0 0 0 0 0 0 0 0 0 0 0 0 0 0 0 0 0 0 0 0 0 0 0 0 0 0 0 0 0 0 0 0 0 0 0 0 0 0 0 0 0 0 0 0 0 0 0 0 0 0 0 0 0 0 0 0 0 0 0 0 0 0 0 0 0 0 0 0 0 1 0 0 0 0 0 0 0 1 0 0 0 0 0 0 0 0 0 0 0 0 0 0 0 1 0 0 1 0 0 0 0 0 0 0 0 0 0 0 0 0 0 0 0 0 0 0 0 0 0 0 0 0 0 0 1 1 1 0 0 0 0 0 0 0 0 0 0 0 0 0 0 0 
0 0 0 0 0 0 0 0 0 0 0 0 0 0 0 0 0 0 0 0 0 0 0 0 0 0 0 0 0 0 0 0 0 0 0 0 0 0 0 0 0 0 0 0 0 0 0 0 0 0 0 0 0 0 0 0 0 0 0 0 0 0 0 0 0 0 0 0 0 0 0 0 0 0 0 0 0 0 0 0 1 0 0 0 0 0 0 0 0 0 0 0 0 0 0 0 0 0 1 0 0 0 0 0 0 0 0 0 0 0 0 0 0 0 0 0 0 0 0 0 0 0 0 0 0 0 0 0 0 0 0 0 0 0 0 0 0 0 0 0 0 1 0 0 0 0 0 0 0 0 0 0 0 0 1 0 0 0 0 0 0 0 0 0 0 0 0 0 0 0 0 0 0 0 0 1 0 0 0 0 0 0 0 0 0 1 0 0 0 0 0 0 0 0 0 
0 1 0 0 0 0 1 0 0 0 0 1 0 0 0 0 0 0 0 0 0 1 0 0 0 0 0 0 0 0 0 0 0 0 0 0 0 0 0 0 0 0 0 0 0 0 0 0 1 0 1 0 0 0 0 0 0 0 0 0 0 0 0 0 0 0 0 0 0 0 0 0 0 0 0 0 0 0 1 0 0 0 0 0 0 0 0 0 0 0 0 0 0 0 1 0 0 0 0 0 0 0 0 0 0 0 0 0 0 0 0 0 1 0 0 0 0 0 0 0 0 1 0 0 1 0 0 0 0 0 0 0 0 0 0 0 0 0 0 0 0 0 0 0 0 0 0 1 0 0 1 0 0 0 0 0 0 0 0 0 0 0 0 1 0 0 0 0 0 0 0 0 0 0 0 0 1 0 0 0 0 0 0 1 0 0 1 0 1 0 0 0 0 0 0 
0 0 1 0 0 0 0 0 0 0 0 0 0 0 0 0 0 0 0 0 0 0 0 0 0 0 0 0 0 0 0 0 0 0 0 0 0 0 0 0 0 0 1 0 0 0 0 0 0 0 0 0 0 0 0 0 0 0 0 0 0 1 0 0 0 0 0 0 0 0 0 0 0 0 0 0 0 0 0 0 0 0 0 0 0 0 0 0 0 0 0 0 0 0 0 0 1 0 0 0 0 0 0 0 0 0 0 1 0 0 0 0 0 0 0 0 0 0 0 0 0 0 0 0 0 0 0 0 0 0 0 0 0 0 0 0 0 0 1 0 0 0 0 0 0 1 0 0 0 0 0 0 1 0 0 0 0 0 0 0 0 0 0 0 0 0 0 0 0 0 0 0 0 1 0 0 0 0 0 0 0 0 0 0 0 0 0 0 0 0 1 0 0 0 0 
0 0 0 0 0 0 0 0 0 0 0 0 0 0 0 0 0 0 0 0 0 0 0 0 0 0 0 0 0 0 0 0 0 0 0 0 0 0 0 0 0 0 0 0 0 0 0 0 0 0 0 0 0 0 0 0 0 0 0 0 0 0 0 0 0 0 0 0 0 0 0 0 0 0 0 0 0 0 0 0 0 0 0 0 0 0 0 0 0 1 0 0 0 0 0 0 0 0 0 0 0 1 0 0 0 0 0 0 0 0 0 0 0 0 0 0 0 0 0 0 0 0 0 0 0 1 0 0 0 0 0 0 0 0 0 0 0 0 0 0 0 0 0 0 1 0 0 0 1 0 0 0 0 0 0 0 0 0 0 0 0 0 0 0 0 0 0 0 0 0 0 0 0 0 0 0 0 0 0 0 0 0 0 0 0 0 0 0 0 0 0 0 1 1 0 
0 0 0 0 0 0 0 0 0 0 0 0 0 1 0 0 1 0 0 1 1 0 0 0 0 0 0 0 0 0 0 0 0 0 1 0 0 0 0 0 1 0 0 0 0 0 0 0 0 0 0 0 0 0 1 0 0 0 0 0 0 0 0 0 0 1 0 0 0 0 0 0 0 0 0 1 0 0 0 0 0 1 0 0 0 1 0 0 1 0 0 1 0 0 0 0 0 0 0 0 0 0 1 0 0 0 0 0 0 0 0 0 0 0 0 0 0 0 0 0 0 0 0 0 0 0 0 0 0 0 0 0 0 0 0 0 0 0 0 0 1 0 0 0 0 0 0 0 0 0 0 0 0 0 0 0 0 0 1 0 1 1 0 0 0 0 0 0 0 0 0 0 0 0 0 0 0 0 0 0 0 0 1 0 0 0 0 0 0 0 0 0 0 0 0 
0 0 0 0 0 0 0 0 0 0 0 0 0 0 1 0 0 0 0 0 0 0 0 1 0 0 0 1 0 0 0 0 0 0 0 1 0 0 0 0 0 0 0 0 1 0 0 0 0 0 0 0 0 0 0 0 0 0 0 0 0 0 0 0 0 0 0 0 0 0 0 0 0 0 0 0 0 0 0 0 0 0 0 0 0 0 0 0 0 0 0 0 0 0 0 0 0 0 0 0 0 0 0 0 0 0 1 0 0 0 0 0 0 1 0 0 1 0 0 0 0 0 0 0 0 0 0 1 0 0 0 0 0 0 0 0 0 1 0 0 0 0 0 0 0 0 0 0 0 0 0 0 0 0 0 0 0 0 0 0 0 0 0 0 0 1 1 0 0 1 1 0 1 0 0 0 0 0 0 0 0 0 0 0 0 0 0 0 0 1 0 0 0 0 0 
121 85 127 59 30 106 154 134 123 186 164 191 193 76 138 
2.338697E-05 5.347788E-05 1.960094E-07 1.743712E-05 8.382665E-06 6.515406E-05 1.955030E-04 4.424619E-06 6.606417E-08 1.049569E-04 8.797375E-07 1.491757E-05 2.821295E-04 2.037462E-04 8.338211E-06 3.244803E-06 1.016387E-10 2.104987E-06 1.016662E-04 1.045128E-04 1.254242E-09 1.550994E-05 5.981333E-05 4.202615E-07 1.338008E-05 0.000000E+00 6.010813E-05 5.998474E-05 0.000000E+00 0.000000E+00 6.592062E-08 1.161755E-06 3.572957E-06 2.040942E-05 1.565261E-08 1.456672E-06 2.400143E-04 1.512460E-04 6.263111E-08 4.787294E-05 5.814184E-08 2.190700E-05 1.556014E-07 2.124017E-05 2.306254E-05 0.000000E+00 1.858972E-05 9.260427E-08 2.398226E-07 4.994392E-07 2.267781E-06 0.000000E+00 2.175215E-07 7.309958E-04 5.678766E-04 6.310659E-07 0.000000E+00 2.505342E-07 0.000000E+00 0.000000E+00 2.710533E-04 1.170340E-06 0.000000E+00 2.139446E-08 4.657329E-04 2.431720E-04 4.349045E-07 1.671302E-07 0.000000E+00 9.142361E-08 1.268290E-06 9.190589E-06 5.030842E-04 3.572876E-05 1.181866E-07 0.000000E+00 8.694395E-05 3.835637E-06 1.653825E-06 4.288644E-04 2.233193E-07 1.505296E-05 5.699736E-05 9.954104E-05 0.000000E+00 4.892868E-05 8.943654E-07 2.113268E-05 1.120895E-05 1.525282E-08 9.727720E-06 8.479593E-05 9.829029E-09 7.751239E-07 1.656951E-06 4.029936E-05 1.646157E-04 2.134877E-07 1.313788E-07 9.584295E-04 3.246802E-04 4.563927E-10 8.889879E-05 2.388593E-07 8.002618E-05 0.000000E+00 1.287257E-05 2.173818E-06 9.998180E-04 0.000000E+00 5.538437E-05 1.073269E-06 8.363118E-06 8.205499E-07 7.407728E-04 1.021510E-04 1.251524E-05 3.855271E-05 1.400914E-04 3.307633E-06 0.000000E+00 1.495299E-05 0.000000E+00 6.349725E-06 1.406638E-04 7.577655E-06 0.000000E+00 1.191321E-05 4.233439E-05 5.535871E-05 2.598257E-07 8.084677E-04 1.697337E-05 0.000000E+00 5.178698E-09 1.265081E-05 6.912428E-06 0.000000E+00 1.645850E-04 4.086508E-06 6.371142E-05 1.656855E-08 1.932426E-06 2.560160E-05 5.688532E-07 9.017683E-06 2.187202E-07 5.948438E-05 6.150296E-07 3.539152E-06 3.158011E-06 1.001207E-07 6.408853E-05 0.000000E+00 1.577010E-07 2.756498E-07 9.026080E-05 8.498759E-05 2.404204E-05 1.118545E-04 2.185476E-04 2.668738E-04 1.400540E-04 0.000000E+00 5.478502E-05 6.136825E-05 1.155608E-09 1.773589E-05 1.352429E-05 1.014165E-05 2.906234E-06 9.835507E-08 3.233234E-06 2.146322E-08 8.326371E-07 1.465432E-07 6.845190E-05 1.100499E-07 2.539985E-07 3.486348E-05 4.750558E-05 3.509025E-06 4.459605E-05 1.585234E-04 2.293660E-06 0.000000E+00 1.258279E-04 5.048534E-09 2.639725E-05 6.986495E-05 0.000000E+00 3.094376E-07 0.000000E+00 2.571379E-07 9.104174E-06 
111 44 168 1 172 94 68 121 78 61 48 156 163 115 54 100 132 
9 85 192 58 53 56 
127 93 112 64 75 11 
137 16 39 59 87 135 133 195 40 130 185 19 
74 136 181 4 182 140 175 120 30 116 
8 18 72 96 70 27 84 129 47 88 6 101 37 105 5 10 38 80 169 65 73 109 106 
31 154 152 104 98 67 33 23 119 
134 25 143 157 32 124 160 144 188 71 118 42 158 83 77 13 165 91 
50 147 179 123 150 131 178 34 180 
142 186 155 99 176 81 
95 22 79 2 49 125 164 51 151 184 12 187 177 7 189 122 148 113 
43 174 191 62 3 146 108 97 139 153 
194 90 102 193 149 145 126 
76 17 35 21 41 89 86 183 82 14 20 103 66 141 159 162 161 92 55 
36 107 166 173 15 117 171 167 114 138 45 170 128 24 28 190 

============Find Best @ Round 5851================
==========Cluster 0, RcvInterf=1.69786e-14============
Node 110, SINR:2.25880e-01, BpsHz:1.83636e-02
Node 43, SINR:2.25880e-01, BpsHz:1.83636e-02
Node 167, SINR:2.25880e-01, BpsHz:1.83636e-02
Node 0, SINR:2.25880e-01, BpsHz:1.83636e-02
Node 171, SINR:2.25880e-01, BpsHz:1.83636e-02
Node 93, SINR:2.25880e-01, BpsHz:1.83636e-02
Node 67, SINR:2.25880e-01, BpsHz:1.83636e-02
Node 120, SINR:0.00000e+00, BpsHz:0.00000e+00
Node 77, SINR:2.25880e-01, BpsHz:1.83636e-02
Node 60, SINR:2.25880e-01, BpsHz:1.83636e-02
Node 47, SINR:2.25880e-01, BpsHz:1.83636e-02
Node 155, SINR:2.25880e-01, BpsHz:1.83636e-02
Node 162, SINR:2.25880e-01, BpsHz:1.83636e-02
Node 114, SINR:2.25880e-01, BpsHz:1.83636e-02
Node 53, SINR:2.25880e-01, BpsHz:1.83636e-02
Node 99, SINR:2.25880e-01, BpsHz:1.83636e-02
Node 131, SINR:2.25880e-01, BpsHz:1.83636e-02
---------------
==========Cluster 1, RcvInterf=6.35201e-15============
Node 8, SINR:6.57122e-02, BpsHz:1.83636e-02
Node 84, SINR:0.00000e+00, BpsHz:0.00000e+00
Node 191, SINR:6.57122e-02, BpsHz:1.83636e-02
Node 57, SINR:6.57122e-02, BpsHz:1.83636e-02
Node 52, SINR:6.57122e-02, BpsHz:1.83636e-02
Node 55, SINR:6.57122e-02, BpsHz:1.83636e-02
---------------
==========Cluster 2, RcvInterf=7.82654e-15============
Node 126, SINR:0.00000e+00, BpsHz:0.00000e+00
Node 92, SINR:6.57122e-02, BpsHz:1.83636e-02
Node 111, SINR:6.57122e-02, BpsHz:1.83636e-02
Node 63, SINR:6.57122e-02, BpsHz:1.83636e-02
Node 74, SINR:6.57122e-02, BpsHz:1.83636e-02
Node 10, SINR:6.57122e-02, BpsHz:1.83636e-02
---------------
==========Cluster 3, RcvInterf=1.10442e-14============
Node 136, SINR:1.50292e-01, BpsHz:1.83636e-02
Node 15, SINR:1.50292e-01, BpsHz:1.83636e-02
Node 38, SINR:1.50292e-01, BpsHz:1.83636e-02
Node 58, SINR:0.00000e+00, BpsHz:0.00000e+00
Node 86, SINR:1.50292e-01, BpsHz:1.83636e-02
Node 134, SINR:1.50292e-01, BpsHz:1.83636e-02
Node 132, SINR:1.50292e-01, BpsHz:1.83636e-02
Node 194, SINR:1.50292e-01, BpsHz:1.83636e-02
Node 39, SINR:1.50292e-01, BpsHz:1.83636e-02
Node 129, SINR:1.50292e-01, BpsHz:1.83636e-02
Node 184, SINR:1.50292e-01, BpsHz:1.83636e-02
Node 18, SINR:1.50292e-01, BpsHz:1.83636e-02
---------------
==========Cluster 4, RcvInterf=1.81225e-14============
Node 73, SINR:1.21378e-01, BpsHz:1.83636e-02
Node 135, SINR:1.21378e-01, BpsHz:1.83636e-02
Node 180, SINR:1.21378e-01, BpsHz:1.83636e-02
Node 3, SINR:1.21378e-01, BpsHz:1.83636e-02
Node 181, SINR:1.21378e-01, BpsHz:1.83636e-02
Node 139, SINR:1.21378e-01, BpsHz:1.83636e-02
Node 174, SINR:1.21378e-01, BpsHz:1.83636e-02
Node 119, SINR:1.21378e-01, BpsHz:1.83636e-02
Node 29, SINR:0.00000e+00, BpsHz:0.00000e+00
Node 115, SINR:1.21378e-01, BpsHz:1.83636e-02
---------------
==========Cluster 5, RcvInterf=1.92717e-14============
Node 7, SINR:3.23171e-01, BpsHz:1.83636e-02
Node 17, SINR:3.23171e-01, BpsHz:1.83636e-02
Node 71, SINR:3.23171e-01, BpsHz:1.83636e-02
Node 95, SINR:3.23171e-01, BpsHz:1.83636e-02
Node 69, SINR:3.23171e-01, BpsHz:1.83636e-02
Node 26, SINR:3.23171e-01, BpsHz:1.83636e-02
Node 83, SINR:3.23171e-01, BpsHz:1.83636e-02
Node 128, SINR:3.23171e-01, BpsHz:1.83636e-02
Node 46, SINR:3.23171e-01, BpsHz:1.83636e-02
Node 87, SINR:3.23171e-01, BpsHz:1.83636e-02
Node 5, SINR:3.23171e-01, BpsHz:1.83636e-02
Node 100, SINR:3.23171e-01, BpsHz:1.83636e-02
Node 36, SINR:3.23171e-01, BpsHz:1.83636e-02
Node 104, SINR:3.23171e-01, BpsHz:1.83636e-02
Node 4, SINR:3.23171e-01, BpsHz:1.83636e-02
Node 9, SINR:3.23171e-01, BpsHz:1.83636e-02
Node 37, SINR:3.23171e-01, BpsHz:1.83636e-02
Node 79, SINR:3.23171e-01, BpsHz:1.83636e-02
Node 168, SINR:3.23171e-01, BpsHz:1.83636e-02
Node 64, SINR:3.23171e-01, BpsHz:1.83636e-02
Node 72, SINR:3.23171e-01, BpsHz:1.83636e-02
Node 108, SINR:3.23171e-01, BpsHz:1.83636e-02
Node 105, SINR:0.00000e+00, BpsHz:0.00000e+00
---------------
==========Cluster 6, RcvInterf=3.09550e-14============
Node 30, SINR:1.07195e-01, BpsHz:1.83636e-02
Node 153, SINR:0.00000e+00, BpsHz:0.00000e+00
Node 151, SINR:1.07195e-01, BpsHz:1.83636e-02
Node 103, SINR:1.07195e-01, BpsHz:1.83636e-02
Node 97, SINR:1.07195e-01, BpsHz:1.83636e-02
Node 66, SINR:1.07195e-01, BpsHz:1.83636e-02
Node 32, SINR:1.07195e-01, BpsHz:1.83636e-02
Node 22, SINR:1.07195e-01, BpsHz:1.83636e-02
Node 118, SINR:1.07195e-01, BpsHz:1.83636e-02
---------------
==========Cluster 7, RcvInterf=1.99317e-14============
Node 133, SINR:0.00000e+00, BpsHz:0.00000e+00
Node 24, SINR:2.41583e-01, BpsHz:1.83636e-02
Node 142, SINR:2.41583e-01, BpsHz:1.83636e-02
Node 156, SINR:2.41583e-01, BpsHz:1.83636e-02
Node 31, SINR:2.41583e-01, BpsHz:1.83636e-02
Node 123, SINR:2.41583e-01, BpsHz:1.83636e-02
Node 159, SINR:2.41583e-01, BpsHz:1.83636e-02
Node 143, SINR:2.41583e-01, BpsHz:1.83636e-02
Node 187, SINR:2.41583e-01, BpsHz:1.83636e-02
Node 70, SINR:2.41583e-01, BpsHz:1.83636e-02
Node 117, SINR:2.41583e-01, BpsHz:1.83636e-02
Node 41, SINR:2.41583e-01, BpsHz:1.83636e-02
Node 157, SINR:2.41583e-01, BpsHz:1.83636e-02
Node 82, SINR:2.41583e-01, BpsHz:1.83636e-02
Node 76, SINR:2.41583e-01, BpsHz:1.83636e-02
Node 12, SINR:2.41583e-01, BpsHz:1.83636e-02
Node 164, SINR:2.41583e-01, BpsHz:1.83636e-02
Node 90, SINR:2.41583e-01, BpsHz:1.83636e-02
---------------
==========Cluster 8, RcvInterf=1.02456e-14============
Node 49, SINR:1.07195e-01, BpsHz:1.83636e-02
Node 146, SINR:1.07195e-01, BpsHz:1.83636e-02
Node 178, SINR:1.07195e-01, BpsHz:1.83636e-02
Node 122, SINR:0.00000e+00, BpsHz:0.00000e+00
Node 149, SINR:1.07195e-01, BpsHz:1.83636e-02
Node 130, SINR:1.07195e-01, BpsHz:1.83636e-02
Node 177, SINR:1.07195e-01, BpsHz:1.83636e-02
Node 33, SINR:1.07195e-01, BpsHz:1.83636e-02
Node 179, SINR:1.07195e-01, BpsHz:1.83636e-02
---------------
==========Cluster 9, RcvInterf=8.54378e-15============
Node 141, SINR:6.57122e-02, BpsHz:1.83636e-02
Node 185, SINR:0.00000e+00, BpsHz:0.00000e+00
Node 154, SINR:6.57122e-02, BpsHz:1.83636e-02
Node 98, SINR:6.57122e-02, BpsHz:1.83636e-02
Node 175, SINR:6.57122e-02, BpsHz:1.83636e-02
Node 80, SINR:6.57122e-02, BpsHz:1.83636e-02
---------------
==========Cluster 10, RcvInterf=1.27798e-14============
Node 94, SINR:2.41583e-01, BpsHz:1.83636e-02
Node 21, SINR:2.41583e-01, BpsHz:1.83636e-02
Node 78, SINR:2.41583e-01, BpsHz:1.83636e-02
Node 1, SINR:2.41583e-01, BpsHz:1.83636e-02
Node 48, SINR:2.41583e-01, BpsHz:1.83636e-02
Node 124, SINR:2.41583e-01, BpsHz:1.83636e-02
Node 163, SINR:0.00000e+00, BpsHz:0.00000e+00
Node 50, SINR:2.41583e-01, BpsHz:1.83636e-02
Node 150, SINR:2.41583e-01, BpsHz:1.83636e-02
Node 183, SINR:2.41583e-01, BpsHz:1.83636e-02
Node 11, SINR:2.41583e-01, BpsHz:1.83636e-02
Node 186, SINR:2.41583e-01, BpsHz:1.83636e-02
Node 176, SINR:2.41583e-01, BpsHz:1.83636e-02
Node 6, SINR:2.41583e-01, BpsHz:1.83636e-02
Node 188, SINR:2.41583e-01, BpsHz:1.83636e-02
Node 121, SINR:2.41583e-01, BpsHz:1.83636e-02
Node 147, SINR:2.41583e-01, BpsHz:1.83636e-02
Node 112, SINR:2.41583e-01, BpsHz:1.83636e-02
---------------
==========Cluster 11, RcvInterf=1.21132e-14============
Node 42, SINR:1.21378e-01, BpsHz:1.83636e-02
Node 173, SINR:1.21378e-01, BpsHz:1.83636e-02
Node 190, SINR:0.00000e+00, BpsHz:0.00000e+00
Node 61, SINR:1.21378e-01, BpsHz:1.83636e-02
Node 2, SINR:1.21378e-01, BpsHz:1.83636e-02
Node 145, SINR:1.21378e-01, BpsHz:1.83636e-02
Node 107, SINR:1.21378e-01, BpsHz:1.83636e-02
Node 96, SINR:1.21378e-01, BpsHz:1.83636e-02
Node 138, SINR:1.21378e-01, BpsHz:1.83636e-02
Node 152, SINR:1.21378e-01, BpsHz:1.83636e-02
---------------
==========Cluster 12, RcvInterf=2.03701e-14============
Node 193, SINR:7.93641e-02, BpsHz:1.83636e-02
Node 89, SINR:7.93641e-02, BpsHz:1.83636e-02
Node 101, SINR:7.93641e-02, BpsHz:1.83636e-02
Node 192, SINR:0.00000e+00, BpsHz:0.00000e+00
Node 148, SINR:7.93641e-02, BpsHz:1.83636e-02
Node 144, SINR:7.93641e-02, BpsHz:1.83636e-02
Node 125, SINR:7.93641e-02, BpsHz:1.83636e-02
---------------
==========Cluster 13, RcvInterf=1.90905e-14============
Node 75, SINR:0.00000e+00, BpsHz:0.00000e+00
Node 16, SINR:2.57488e-01, BpsHz:1.83636e-02
Node 34, SINR:2.57488e-01, BpsHz:1.83636e-02
Node 20, SINR:2.57488e-01, BpsHz:1.83636e-02
Node 40, SINR:2.57488e-01, BpsHz:1.83636e-02
Node 88, SINR:2.57488e-01, BpsHz:1.83636e-02
Node 85, SINR:2.57488e-01, BpsHz:1.83636e-02
Node 182, SINR:2.57488e-01, BpsHz:1.83636e-02
Node 81, SINR:2.57488e-01, BpsHz:1.83636e-02
Node 13, SINR:2.57488e-01, BpsHz:1.83636e-02
Node 19, SINR:2.57488e-01, BpsHz:1.83636e-02
Node 102, SINR:2.57488e-01, BpsHz:1.83636e-02
Node 65, SINR:2.57488e-01, BpsHz:1.83636e-02
Node 140, SINR:2.57488e-01, BpsHz:1.83636e-02
Node 158, SINR:2.57488e-01, BpsHz:1.83636e-02
Node 161, SINR:2.57488e-01, BpsHz:1.83636e-02
Node 160, SINR:2.57488e-01, BpsHz:1.83636e-02
Node 91, SINR:2.57488e-01, BpsHz:1.83636e-02
Node 54, SINR:2.57488e-01, BpsHz:1.83636e-02
---------------
==========Cluster 14, RcvInterf=7.81292e-15============
Node 35, SINR:2.10375e-01, BpsHz:1.83636e-02
Node 106, SINR:2.10375e-01, BpsHz:1.83636e-02
Node 165, SINR:2.10375e-01, BpsHz:1.83636e-02
Node 172, SINR:2.10375e-01, BpsHz:1.83636e-02
Node 14, SINR:2.10375e-01, BpsHz:1.83636e-02
Node 116, SINR:2.10375e-01, BpsHz:1.83636e-02
Node 170, SINR:2.10375e-01, BpsHz:1.83636e-02
Node 166, SINR:2.10375e-01, BpsHz:1.83636e-02
Node 113, SINR:2.10375e-01, BpsHz:1.83636e-02
Node 137, SINR:0.00000e+00, BpsHz:0.00000e+00
Node 44, SINR:2.10375e-01, BpsHz:1.83636e-02
Node 169, SINR:2.10375e-01, BpsHz:1.83636e-02
Node 127, SINR:2.10375e-01, BpsHz:1.83636e-02
Node 23, SINR:2.10375e-01, BpsHz:1.83636e-02
Node 27, SINR:2.10375e-01, BpsHz:1.83636e-02
Node 189, SINR:2.10375e-01, BpsHz:1.83636e-02
---------------
