195
15
1.000000e-03
2.525175e-312
171
8000
4.023342e+00
3.186035e+00
4.023343e-06
  inf
0 0 0 0 0 0 0 0 0 0 1 0 0 0 0 0 0 0 0 0 0 0 0 0 0 1 0 0 0 0 0 1 0 0 0 0 0 0 0 0 0 1 0 0 0 0 0 0 0 0 0 0 0 0 0 0 0 0 0 0 0 0 0 0 0 0 0 0 0 0 0 0 0 0 0 0 0 0 0 0 0 0 0 0 0 0 0 0 0 1 1 0 0 0 0 0 0 0 0 0 0 1 0 0 0 0 0 0 0 0 0 0 0 0 0 0 0 1 0 0 0 0 0 0 0 0 0 0 0 0 0 0 0 1 0 0 0 0 0 0 0 0 1 0 1 0 0 0 1 0 0 0 0 0 0 0 0 0 0 0 0 0 0 0 0 0 0 0 0 0 0 0 0 0 0 0 0 0 0 0 0 0 0 0 0 0 0 0 0 0 0 0 1 1 0 
0 0 0 0 0 0 0 0 0 0 0 0 0 0 0 0 0 0 1 0 0 0 0 0 0 0 0 0 0 0 0 0 0 1 0 1 0 0 0 0 0 0 0 0 0 0 0 0 0 0 0 1 0 0 0 0 0 0 0 0 0 0 0 0 0 0 0 0 1 0 0 0 0 0 0 0 0 0 0 0 0 0 0 0 0 0 0 0 0 0 0 0 0 0 0 0 0 0 0 0 0 0 0 0 0 0 1 0 0 1 0 0 0 1 0 0 1 0 0 0 0 0 1 0 0 0 0 0 0 1 1 0 0 0 0 0 0 0 0 0 0 0 0 0 0 0 0 0 0 1 0 0 0 0 0 0 0 0 0 0 0 0 0 0 0 1 1 0 0 0 1 0 1 0 0 0 0 1 1 1 0 0 0 0 0 0 0 0 0 1 0 0 0 0 0 
0 1 0 0 0 0 0 0 1 0 0 0 0 0 0 0 0 0 0 0 0 1 0 0 0 0 0 0 0 0 0 0 0 0 0 0 0 0 0 0 0 0 0 0 0 0 0 0 1 0 1 0 0 0 0 1 0 1 0 0 0 0 0 0 0 0 0 0 0 0 0 0 0 0 0 0 0 0 1 0 0 0 0 0 1 0 0 0 0 0 0 0 0 0 1 0 0 0 0 0 0 0 0 0 0 0 0 0 0 0 0 0 0 0 0 0 0 0 0 0 0 0 0 0 0 0 0 0 0 0 0 0 0 0 0 0 0 0 0 0 0 0 0 0 0 0 0 0 0 0 1 0 0 0 0 0 0 0 0 0 0 0 0 1 0 0 0 0 0 0 0 0 0 0 0 0 1 0 0 0 0 0 0 1 0 0 0 0 0 0 0 1 0 0 0 
0 0 0 0 0 0 0 0 0 0 0 0 0 0 0 0 0 0 0 0 0 0 0 1 0 0 0 1 0 0 0 0 0 0 0 0 0 0 0 0 0 0 1 0 0 0 0 0 0 0 0 0 0 0 0 0 0 0 0 0 0 1 1 0 0 0 0 0 0 0 0 0 0 0 0 0 0 0 0 0 0 0 0 0 0 0 0 0 0 0 0 0 0 0 0 0 0 0 0 0 0 0 0 0 0 0 0 0 0 0 0 0 0 0 0 0 0 0 0 0 0 0 0 0 0 0 0 1 0 0 0 0 0 0 0 0 0 1 0 0 0 0 0 0 0 0 0 0 0 0 0 0 0 0 0 0 0 0 0 0 0 0 0 0 0 0 0 0 0 1 0 0 0 1 0 0 0 0 0 0 0 0 0 0 0 0 0 0 0 0 1 0 0 0 0 
0 0 0 0 0 0 0 0 0 0 0 0 0 1 0 0 1 0 0 1 1 0 0 0 0 0 0 0 0 0 0 0 0 0 1 0 0 0 0 0 1 0 0 0 0 0 0 0 0 0 0 0 0 0 0 0 0 0 0 0 0 0 0 0 0 1 0 0 0 0 0 0 0 0 0 1 0 0 0 0 0 1 0 0 0 1 0 0 1 0 0 0 0 0 0 0 0 0 0 0 0 0 1 0 0 0 0 0 0 0 0 0 0 0 0 0 0 0 0 0 0 0 0 0 0 0 0 0 0 0 0 0 0 0 0 0 0 0 0 0 0 0 0 0 0 0 0 0 0 0 0 0 0 0 0 0 0 0 0 0 0 1 0 0 0 0 0 0 0 0 0 0 0 0 0 0 0 0 0 0 0 0 1 0 0 0 0 0 0 0 0 0 0 0 0 
0 0 0 0 0 1 0 1 0 0 0 0 0 0 0 0 0 1 0 0 0 0 0 0 0 0 1 0 0 0 0 0 0 0 0 0 0 0 0 0 0 0 0 0 0 0 1 0 0 0 0 0 0 0 0 0 0 0 0 0 0 0 0 0 0 0 0 0 0 1 0 1 0 0 0 0 0 0 0 1 0 0 0 1 0 0 0 1 0 0 0 0 0 0 0 1 0 0 0 0 1 0 0 0 1 1 0 0 0 0 0 0 0 0 0 0 0 0 0 0 0 0 0 0 0 0 0 0 1 0 0 0 0 0 0 0 0 0 0 0 0 0 0 0 0 0 0 0 0 0 0 0 0 0 0 0 0 0 0 0 1 0 0 0 0 0 0 0 0 0 0 0 0 0 0 0 0 0 0 0 0 0 0 0 0 0 0 0 0 0 0 0 0 0 0 
0 0 0 0 0 0 0 0 0 0 0 0 0 0 0 0 0 0 0 0 0 0 0 0 0 0 0 0 0 0 0 0 0 0 0 0 0 0 0 0 0 0 0 0 0 0 0 0 0 0 0 0 1 0 0 0 0 0 0 0 0 0 0 1 0 0 0 0 0 0 0 0 0 0 0 0 0 0 0 0 0 0 0 0 0 0 0 0 0 0 0 0 1 0 0 0 0 0 0 0 0 0 0 0 0 0 0 0 0 0 0 0 0 0 0 0 0 0 0 0 0 0 0 0 0 0 1 0 0 0 0 0 0 0 0 0 0 0 0 0 0 0 0 0 0 0 0 0 0 0 0 0 0 0 0 0 0 0 0 0 0 0 0 0 0 0 0 0 0 0 0 0 0 0 0 0 0 0 0 0 0 0 0 0 0 0 0 0 0 0 0 0 0 0 0 
0 0 0 0 0 0 0 0 0 0 0 0 0 0 0 0 0 0 0 0 0 0 0 0 0 0 0 0 0 0 0 0 0 0 0 0 0 0 0 0 0 0 0 0 0 0 0 1 0 0 0 0 0 0 0 0 0 0 0 0 0 0 0 0 0 0 0 0 0 0 0 0 0 0 0 0 0 0 0 0 1 0 0 0 0 0 0 0 0 0 0 0 0 0 0 0 0 0 1 0 0 0 0 0 0 0 0 0 0 0 0 0 0 0 0 0 0 0 0 0 0 0 0 0 0 0 0 0 0 0 0 0 0 0 0 0 0 0 0 0 0 1 0 0 0 0 0 0 0 0 0 0 0 0 1 1 0 0 0 0 0 0 0 0 0 0 0 0 0 0 0 0 0 0 0 1 0 0 0 0 0 0 0 0 0 1 0 0 0 0 0 0 0 0 0 
0 0 0 0 0 0 0 0 0 0 0 0 0 0 0 0 0 0 0 0 0 0 0 0 0 0 0 0 0 0 0 0 0 0 0 0 0 0 0 0 0 0 0 0 0 0 0 0 0 0 0 0 0 0 0 0 0 0 0 0 0 0 0 0 0 0 0 0 0 0 0 0 0 0 0 0 0 0 0 0 0 0 0 0 0 0 0 0 0 0 0 0 0 0 0 0 0 0 0 0 0 0 0 0 0 0 0 0 0 0 0 0 0 0 0 0 0 0 0 0 0 0 0 0 0 0 0 0 0 0 0 0 0 0 0 0 0 0 0 0 0 0 0 0 0 0 0 0 0 0 0 0 0 0 0 0 0 0 0 0 0 0 0 0 0 0 0 0 0 0 0 0 0 0 0 0 0 0 0 0 0 0 0 0 0 0 0 0 0 0 0 0 0 0 0 
0 0 0 0 0 0 0 0 0 0 0 0 0 0 0 0 0 0 0 0 0 0 0 0 0 0 0 0 0 0 0 0 0 0 0 0 0 0 0 0 0 0 0 0 0 0 0 0 0 0 0 0 0 0 0 0 0 0 0 0 0 0 0 0 0 0 0 0 0 0 0 0 0 0 0 0 0 0 0 0 0 0 0 0 0 0 0 0 0 0 0 0 0 0 0 0 0 0 0 0 0 0 0 0 0 0 0 0 0 0 0 0 0 0 0 0 0 0 0 0 0 0 0 0 0 0 0 0 0 0 0 0 0 0 0 0 0 0 0 0 0 0 0 0 0 0 0 0 0 0 0 0 0 0 0 0 0 0 0 0 0 0 0 0 0 0 0 0 0 0 0 0 0 0 0 0 0 0 0 0 0 0 0 0 0 0 0 0 0 0 0 0 0 0 0 
0 0 0 0 0 0 0 0 0 0 0 0 0 0 0 0 0 0 0 0 0 0 0 0 0 0 0 0 0 0 0 0 0 0 0 0 0 0 0 0 0 0 0 0 0 0 0 0 0 0 0 0 0 0 0 0 0 0 0 0 0 0 0 0 0 0 0 0 0 0 0 0 0 0 1 0 0 0 0 0 0 0 0 0 0 0 0 0 0 0 0 0 0 0 0 0 0 0 0 0 0 0 0 0 0 0 0 1 0 0 0 1 0 0 0 0 0 0 0 0 0 0 0 0 0 0 0 0 0 0 0 0 0 0 0 0 0 0 0 0 0 0 0 0 0 0 0 0 0 0 0 0 0 0 0 0 0 0 0 0 0 0 0 0 0 0 0 0 0 0 0 0 0 0 0 0 0 0 0 0 0 0 0 0 0 0 0 0 0 0 0 0 0 0 0 
0 0 1 1 0 0 0 0 0 0 0 0 0 0 0 0 0 0 0 0 0 0 0 0 0 0 0 0 0 1 0 0 0 0 0 0 0 0 0 0 0 0 0 0 0 0 0 0 0 0 0 0 0 0 0 0 1 0 0 0 0 0 0 0 0 0 0 0 0 0 0 0 0 1 0 0 0 0 0 0 0 0 0 0 0 0 0 0 0 0 0 1 0 0 0 0 1 0 0 0 0 0 0 0 0 0 0 0 0 0 0 0 0 0 0 1 0 0 0 1 0 0 0 0 0 0 0 0 0 0 0 0 0 0 0 1 0 0 1 1 1 0 0 0 0 1 0 0 0 0 0 0 1 0 0 0 0 0 1 0 0 0 0 0 0 0 0 0 0 0 0 0 0 0 1 0 0 0 0 0 1 1 0 0 0 0 0 0 0 0 0 0 0 0 0 
0 0 0 0 0 0 0 0 0 0 0 1 1 0 0 0 0 0 0 0 0 0 1 0 1 0 0 0 1 0 1 0 1 0 0 0 0 0 0 0 0 0 0 0 0 0 0 0 0 0 0 0 0 0 0 0 0 0 0 0 0 0 0 0 0 0 1 0 0 0 1 0 0 0 0 0 1 0 0 0 0 0 1 0 0 0 0 0 0 0 0 0 0 0 0 0 0 1 0 0 0 0 0 1 0 0 0 0 0 0 0 0 0 0 0 0 0 0 1 0 0 1 0 1 0 0 0 0 0 0 0 0 0 0 0 0 0 0 0 0 0 0 0 1 0 0 0 1 0 0 0 1 0 1 0 0 1 0 0 1 0 0 0 0 1 0 0 0 0 0 0 0 0 0 0 0 0 0 0 0 0 0 0 0 0 0 0 1 0 0 0 0 0 0 0 
1 0 0 0 1 0 0 0 0 1 0 0 0 0 0 0 0 0 0 0 0 0 0 0 0 0 0 0 0 0 0 0 0 0 0 0 0 1 0 0 0 0 0 1 0 1 0 0 0 0 0 0 0 1 0 0 0 0 0 0 1 0 0 0 1 0 0 0 0 0 0 0 1 0 0 0 0 1 0 0 0 0 0 0 0 0 0 0 0 0 0 0 0 1 0 0 0 0 0 1 0 0 0 0 0 0 0 0 1 0 1 0 0 0 1 0 0 0 0 0 1 0 0 0 0 1 0 0 0 0 0 1 0 0 0 0 0 0 0 0 0 0 0 0 0 0 0 0 0 0 0 0 0 0 0 0 0 1 0 0 0 0 1 0 0 0 0 1 1 0 0 1 0 0 0 0 0 0 0 0 0 0 0 0 0 0 0 0 0 0 0 0 0 0 0 
0 0 0 0 0 0 0 0 0 0 0 0 0 0 0 1 0 0 0 0 0 0 0 0 0 0 0 0 0 0 0 0 0 0 0 0 0 0 1 1 0 0 0 0 0 0 0 0 0 1 0 0 0 0 0 0 0 0 1 0 0 0 0 0 0 0 0 0 0 0 0 0 0 0 0 0 0 0 0 0 0 0 0 0 0 0 1 0 0 0 0 0 0 0 0 0 0 0 0 0 0 0 0 0 0 0 0 0 0 0 0 0 0 0 0 0 0 0 0 0 0 0 0 0 1 0 0 0 0 0 0 0 1 0 1 0 1 0 0 0 0 0 0 0 0 0 1 0 0 0 0 0 0 0 0 0 0 0 0 0 0 0 0 0 0 0 0 0 0 0 0 0 0 0 0 0 0 0 0 0 0 0 0 0 1 0 0 0 1 0 0 0 0 0 1 
90 178 192 174 35 106 93 142 0 0 108 30 152 172 59 
1.065816E-05 3.849570E-04 2.021935E-06 3.821692E-05 2.351728E-05 7.355295E-05 0.000000E+00 4.994988E-06 1.650436E-08 1.680966E-04 8.999714E-07 2.959580E-04 6.874549E-04 2.666829E-04 0.000000E+00 7.238668E-06 5.137660E-09 2.376337E-06 1.913626E-04 1.442599E-04 7.339152E-08 1.527419E-04 2.801382E-04 4.042076E-05 9.276615E-05 2.141417E-07 6.785656E-05 8.449049E-05 6.187532E-05 0.000000E+00 4.443558E-06 4.939782E-05 2.354230E-05 2.928209E-05 0.000000E+00 2.937927E-05 0.000000E+00 1.608820E-04 1.397206E-07 1.067973E-04 2.907509E-07 1.482827E-04 3.299380E-08 7.929821E-06 0.000000E+00 2.393301E-04 2.098609E-05 5.817246E-07 9.070837E-06 6.098085E-06 6.776978E-05 1.023132E-04 8.364051E-08 6.658097E-04 0.000000E+00 2.125803E-09 9.068266E-04 8.066177E-07 0.000000E+00 0.000000E+00 2.368828E-04 2.212081E-07 3.919798E-04 1.994816E-10 3.755862E-04 3.036436E-04 1.122393E-05 0.000000E+00 7.046312E-05 1.032089E-07 1.514333E-05 1.037533E-05 5.064512E-04 7.830671E-05 7.389802E-08 1.330490E-08 3.210302E-04 3.571024E-06 5.565415E-05 4.841484E-04 5.307654E-07 2.704839E-05 2.378532E-04 1.123727E-04 1.475849E-06 7.284446E-05 1.995195E-06 2.385685E-05 2.181596E-05 0.000000E+00 3.809944E-05 9.801952E-05 0.000000E+00 2.728400E-07 1.337481E-05 4.549427E-05 5.201072E-04 8.115117E-06 5.183469E-08 9.086944E-04 3.665341E-04 1.626473E-07 1.247509E-04 4.762700E-07 9.034220E-05 0.000000E+00 2.809439E-05 0.000000E+00 9.993247E-04 1.129158E-04 2.863652E-05 9.564596E-09 0.000000E+00 1.194698E-04 6.994623E-04 2.238844E-04 3.868777E-04 3.204165E-04 7.025648E-04 7.249337E-06 1.519016E-07 1.248722E-04 4.853496E-07 2.042418E-04 5.417728E-04 3.116210E-05 6.867033E-09 9.207754E-05 4.779163E-05 1.368492E-04 6.351283E-08 8.742789E-04 3.786505E-05 1.771494E-05 1.155290E-08 2.772678E-05 1.542059E-05 2.045203E-05 4.269068E-04 8.956397E-06 8.250589E-05 0.000000E+00 9.812021E-05 3.183278E-04 5.932442E-06 3.441193E-05 9.144406E-06 2.978943E-04 6.230452E-06 5.891905E-06 7.528265E-05 0.000000E+00 1.497264E-04 2.836572E-07 1.375506E-07 1.135700E-07 7.288816E-04 4.818460E-04 3.490834E-05 7.535731E-04 3.238068E-04 3.218962E-04 9.159337E-05 7.379530E-06 7.260650E-05 1.175891E-04 2.242794E-05 6.334802E-06 1.011034E-05 2.404668E-05 1.899241E-04 0.000000E+00 7.479005E-05 0.000000E+00 1.824890E-06 2.448712E-08 4.851995E-04 0.000000E+00 7.202615E-07 7.915056E-05 1.041180E-04 7.690727E-06 6.582281E-05 8.591871E-04 5.116812E-06 2.660643E-08 0.000000E+00 1.974428E-05 4.243479E-05 9.989774E-05 3.388352E-08 0.000000E+00 3.488495E-08 3.757632E-08 2.031005E-05 
193 90 102 145 149 91 194 32 42 143 134 26 11 118 
130 19 180 34 150 69 52 110 190 166 173 107 36 179 131 178 171 114 167 123 117 
22 95 49 79 2 164 58 192 56 9 85 51 177 184 151 
62 174 43 191 170 28 24 138 128 63 
89 86 21 41 35 76 17 103 183 20 14 66 82 162 
18 70 88 106 8 105 101 129 72 96 84 27 6 47 80 161 
93 64 127 53 
142 186 99 155 176 156 81 48 
0 
0 
108 112 75 
4 136 140 182 175 74 116 30 120 181 153 146 92 139 57 97 3 159 141 
25 71 77 83 165 23 33 104 29 98 154 31 152 67 13 119 160 144 124 148 122 12 188 157 
65 73 132 46 38 61 10 115 169 5 54 78 1 163 94 168 111 172 100 109 126 44 121 158 
39 59 135 87 16 137 185 133 40 189 50 125 147 195 

============Find Best @ Round 7344================
==========Cluster 0, RcvInterf=2.27276e-14============
Node 192, SINR:1.71008e-01, BpsHz:1.75193e-02
Node 89, SINR:0.00000e+00, BpsHz:0.00000e+00
Node 101, SINR:1.71008e-01, BpsHz:1.75193e-02
Node 144, SINR:1.71008e-01, BpsHz:1.75193e-02
Node 148, SINR:1.71008e-01, BpsHz:1.75193e-02
Node 90, SINR:1.71008e-01, BpsHz:1.75193e-02
Node 193, SINR:1.71008e-01, BpsHz:1.75193e-02
Node 31, SINR:1.71008e-01, BpsHz:1.75193e-02
Node 41, SINR:1.71008e-01, BpsHz:1.75193e-02
Node 142, SINR:1.71008e-01, BpsHz:1.75193e-02
Node 133, SINR:1.71008e-01, BpsHz:1.75193e-02
Node 25, SINR:1.71008e-01, BpsHz:1.75193e-02
Node 10, SINR:1.71008e-01, BpsHz:1.75193e-02
Node 117, SINR:1.71008e-01, BpsHz:1.75193e-02
---------------
==========Cluster 1, RcvInterf=3.05749e-14============
Node 129, SINR:2.74901e-01, BpsHz:1.75193e-02
Node 18, SINR:2.74902e-01, BpsHz:1.75193e-02
Node 179, SINR:2.74902e-01, BpsHz:1.75193e-02
Node 33, SINR:2.74902e-01, BpsHz:1.75193e-02
Node 149, SINR:2.74902e-01, BpsHz:1.75193e-02
Node 68, SINR:2.74902e-01, BpsHz:1.75193e-02
Node 51, SINR:2.74902e-01, BpsHz:1.75193e-02
Node 109, SINR:2.74902e-01, BpsHz:1.75193e-02
Node 189, SINR:2.74902e-01, BpsHz:1.75193e-02
Node 165, SINR:2.74902e-01, BpsHz:1.75193e-02
Node 172, SINR:2.74901e-01, BpsHz:1.75193e-02
Node 106, SINR:2.74902e-01, BpsHz:1.75193e-02
Node 35, SINR:2.74902e-01, BpsHz:1.75193e-02
Node 178, SINR:2.74902e-01, BpsHz:1.75193e-02
Node 130, SINR:2.74901e-01, BpsHz:1.75193e-02
Node 177, SINR:0.00000e+00, BpsHz:0.00000e+00
Node 170, SINR:2.74902e-01, BpsHz:1.75193e-02
Node 113, SINR:2.74902e-01, BpsHz:1.75193e-02
Node 166, SINR:2.74902e-01, BpsHz:1.75193e-02
Node 122, SINR:2.74902e-01, BpsHz:1.75193e-02
Node 116, SINR:2.74902e-01, BpsHz:1.75193e-02
---------------
==========Cluster 2, RcvInterf=2.31851e-14============
Node 21, SINR:1.85315e-01, BpsHz:1.75193e-02
Node 94, SINR:1.85315e-01, BpsHz:1.75193e-02
Node 48, SINR:1.85315e-01, BpsHz:1.75193e-02
Node 78, SINR:1.85315e-01, BpsHz:1.75193e-02
Node 1, SINR:1.85315e-01, BpsHz:1.75193e-02
Node 163, SINR:1.85315e-01, BpsHz:1.75193e-02
Node 57, SINR:1.85315e-01, BpsHz:1.75193e-02
Node 191, SINR:0.00000e+00, BpsHz:0.00000e+00
Node 55, SINR:1.85315e-01, BpsHz:1.75193e-02
Node 8, SINR:1.85315e-01, BpsHz:1.75193e-02
Node 84, SINR:1.85315e-01, BpsHz:1.75193e-02
Node 50, SINR:1.85315e-01, BpsHz:1.75193e-02
Node 176, SINR:1.85315e-01, BpsHz:1.75193e-02
Node 183, SINR:1.85315e-01, BpsHz:1.75193e-02
Node 150, SINR:1.85315e-01, BpsHz:1.75193e-02
---------------
==========Cluster 3, RcvInterf=3.19639e-14============
Node 61, SINR:1.15487e-01, BpsHz:1.75193e-02
Node 173, SINR:0.00000e+00, BpsHz:0.00000e+00
Node 42, SINR:1.15487e-01, BpsHz:1.75193e-02
Node 190, SINR:1.15487e-01, BpsHz:1.75193e-02
Node 169, SINR:1.15487e-01, BpsHz:1.75193e-02
Node 27, SINR:1.15487e-01, BpsHz:1.75193e-02
Node 23, SINR:1.15487e-01, BpsHz:1.75193e-02
Node 137, SINR:1.15487e-01, BpsHz:1.75193e-02
Node 127, SINR:1.15487e-01, BpsHz:1.75193e-02
Node 62, SINR:1.15487e-01, BpsHz:1.75193e-02
---------------
==========Cluster 4, RcvInterf=2.94709e-14============
Node 88, SINR:1.71008e-01, BpsHz:1.75193e-02
Node 85, SINR:1.71008e-01, BpsHz:1.75193e-02
Node 20, SINR:1.71008e-01, BpsHz:1.75193e-02
Node 40, SINR:1.71008e-01, BpsHz:1.75193e-02
Node 34, SINR:0.00000e+00, BpsHz:0.00000e+00
Node 75, SINR:1.71008e-01, BpsHz:1.75193e-02
Node 16, SINR:1.71008e-01, BpsHz:1.75193e-02
Node 102, SINR:1.71008e-01, BpsHz:1.75193e-02
Node 182, SINR:1.71008e-01, BpsHz:1.75193e-02
Node 19, SINR:1.71008e-01, BpsHz:1.75193e-02
Node 13, SINR:1.71008e-01, BpsHz:1.75193e-02
Node 65, SINR:1.71008e-01, BpsHz:1.75193e-02
Node 81, SINR:1.71008e-01, BpsHz:1.75193e-02
Node 161, SINR:1.71008e-01, BpsHz:1.75193e-02
---------------
==========Cluster 5, RcvInterf=5.00585e-14============
Node 17, SINR:1.99796e-01, BpsHz:1.75193e-02
Node 69, SINR:1.99796e-01, BpsHz:1.75193e-02
Node 87, SINR:1.99796e-01, BpsHz:1.75193e-02
Node 105, SINR:0.00000e+00, BpsHz:0.00000e+00
Node 7, SINR:1.99796e-01, BpsHz:1.75193e-02
Node 104, SINR:1.99796e-01, BpsHz:1.75193e-02
Node 100, SINR:1.99796e-01, BpsHz:1.75193e-02
Node 128, SINR:1.99796e-01, BpsHz:1.75193e-02
Node 71, SINR:1.99796e-01, BpsHz:1.75193e-02
Node 95, SINR:1.99796e-01, BpsHz:1.75193e-02
Node 83, SINR:1.99796e-01, BpsHz:1.75193e-02
Node 26, SINR:1.99796e-01, BpsHz:1.75193e-02
Node 5, SINR:1.99796e-01, BpsHz:1.75193e-02
Node 46, SINR:1.99796e-01, BpsHz:1.75193e-02
Node 79, SINR:1.99796e-01, BpsHz:1.75193e-02
Node 160, SINR:1.99796e-01, BpsHz:1.75193e-02
---------------
==========Cluster 6, RcvInterf=1.39575e-14============
Node 92, SINR:0.00000e+00, BpsHz:0.00000e+00
Node 63, SINR:3.71021e-02, BpsHz:1.75193e-02
Node 126, SINR:3.71021e-02, BpsHz:1.75193e-02
Node 52, SINR:3.71021e-02, BpsHz:1.75193e-02
---------------
==========Cluster 7, RcvInterf=1.35705e-14============
Node 141, SINR:0.00000e+00, BpsHz:0.00000e+00
Node 185, SINR:8.87215e-02, BpsHz:1.75193e-02
Node 98, SINR:8.87215e-02, BpsHz:1.75193e-02
Node 154, SINR:8.87215e-02, BpsHz:1.75193e-02
Node 175, SINR:8.87215e-02, BpsHz:1.75193e-02
Node 155, SINR:8.87215e-02, BpsHz:1.75193e-02
Node 80, SINR:8.87215e-02, BpsHz:1.75193e-02
Node 47, SINR:8.87215e-02, BpsHz:1.75193e-02
---------------
==========Cluster 8, RcvInterf=1.38862e-14============
Node -1, SINR:3.32941e-311, BpsHz:3.32941e-311
---------------
==========Cluster 9, RcvInterf=2.13328e-14============
Node -1, SINR:3.32941e-311, BpsHz:3.32941e-311
---------------
==========Cluster 10, RcvInterf=2.81434e-14============
Node 107, SINR:0.00000e+00, BpsHz:0.00000e+00
Node 111, SINR:2.45842e-02, BpsHz:1.75193e-02
Node 74, SINR:2.45842e-02, BpsHz:1.75193e-02
---------------
==========Cluster 11, RcvInterf=1.98718e-14============
Node 3, SINR:2.44311e-01, BpsHz:1.75193e-02
Node 135, SINR:2.44311e-01, BpsHz:1.75193e-02
Node 139, SINR:2.44311e-01, BpsHz:1.75193e-02
Node 181, SINR:2.44311e-01, BpsHz:1.75193e-02
Node 174, SINR:2.44311e-01, BpsHz:1.75193e-02
Node 73, SINR:2.44311e-01, BpsHz:1.75193e-02
Node 115, SINR:2.44311e-01, BpsHz:1.75193e-02
Node 29, SINR:0.00000e+00, BpsHz:0.00000e+00
Node 119, SINR:2.44311e-01, BpsHz:1.75193e-02
Node 180, SINR:2.44311e-01, BpsHz:1.75193e-02
Node 152, SINR:2.44311e-01, BpsHz:1.75193e-02
Node 145, SINR:2.44311e-01, BpsHz:1.75193e-02
Node 91, SINR:2.44311e-01, BpsHz:1.75193e-02
Node 138, SINR:2.44311e-01, BpsHz:1.75193e-02
Node 56, SINR:2.44311e-01, BpsHz:1.75193e-02
Node 96, SINR:2.44311e-01, BpsHz:1.75193e-02
Node 2, SINR:2.44311e-01, BpsHz:1.75193e-02
Node 158, SINR:2.44311e-01, BpsHz:1.75193e-02
Node 140, SINR:2.44311e-01, BpsHz:1.75193e-02
---------------
==========Cluster 12, RcvInterf=3.89441e-14============
Node 24, SINR:3.22203e-01, BpsHz:1.75193e-02
Node 70, SINR:3.22203e-01, BpsHz:1.75193e-02
Node 76, SINR:3.22203e-01, BpsHz:1.75193e-02
Node 82, SINR:3.22203e-01, BpsHz:1.75193e-02
Node 164, SINR:3.22203e-01, BpsHz:1.75193e-02
Node 22, SINR:3.22203e-01, BpsHz:1.75193e-02
Node 32, SINR:3.22203e-01, BpsHz:1.75193e-02
Node 103, SINR:3.22203e-01, BpsHz:1.75193e-02
Node 28, SINR:3.22203e-01, BpsHz:1.75193e-02
Node 97, SINR:3.22203e-01, BpsHz:1.75193e-02
Node 153, SINR:3.22203e-01, BpsHz:1.75193e-02
Node 30, SINR:3.22203e-01, BpsHz:1.75193e-02
Node 151, SINR:0.00000e+00, BpsHz:0.00000e+00
Node 66, SINR:3.22203e-01, BpsHz:1.75193e-02
Node 12, SINR:3.22203e-01, BpsHz:1.75193e-02
Node 118, SINR:3.22203e-01, BpsHz:1.75193e-02
Node 159, SINR:3.22203e-01, BpsHz:1.75193e-02
Node 143, SINR:3.22203e-01, BpsHz:1.75193e-02
Node 123, SINR:3.22203e-01, BpsHz:1.75193e-02
Node 147, SINR:3.22203e-01, BpsHz:1.75193e-02
Node 121, SINR:3.22203e-01, BpsHz:1.75193e-02
Node 11, SINR:3.22203e-01, BpsHz:1.75193e-02
Node 187, SINR:3.22203e-01, BpsHz:1.75193e-02
Node 156, SINR:3.22203e-01, BpsHz:1.75193e-02
---------------
==========Cluster 13, RcvInterf=1.25886e-14============
Node 64, SINR:3.22203e-01, BpsHz:1.75193e-02
Node 72, SINR:3.22203e-01, BpsHz:1.75193e-02
Node 131, SINR:3.22203e-01, BpsHz:1.75193e-02
Node 45, SINR:3.22203e-01, BpsHz:1.75193e-02
Node 37, SINR:3.22203e-01, BpsHz:1.75193e-02
Node 60, SINR:3.22203e-01, BpsHz:1.75193e-02
Node 9, SINR:3.22203e-01, BpsHz:1.75193e-02
Node 114, SINR:3.22203e-01, BpsHz:1.75193e-02
Node 168, SINR:3.22203e-01, BpsHz:1.75193e-02
Node 4, SINR:3.22203e-01, BpsHz:1.75193e-02
Node 53, SINR:3.22203e-01, BpsHz:1.75193e-02
Node 77, SINR:3.22203e-01, BpsHz:1.75193e-02
Node 0, SINR:3.22203e-01, BpsHz:1.75193e-02
Node 162, SINR:3.22203e-01, BpsHz:1.75193e-02
Node 93, SINR:3.22203e-01, BpsHz:1.75193e-02
Node 167, SINR:3.22203e-01, BpsHz:1.75193e-02
Node 110, SINR:3.22203e-01, BpsHz:1.75193e-02
Node 171, SINR:0.00000e+00, BpsHz:0.00000e+00
Node 99, SINR:3.22203e-01, BpsHz:1.75193e-02
Node 108, SINR:3.22203e-01, BpsHz:1.75193e-02
Node 125, SINR:3.22203e-01, BpsHz:1.75193e-02
Node 43, SINR:3.22203e-01, BpsHz:1.75193e-02
Node 120, SINR:3.22203e-01, BpsHz:1.75193e-02
Node 157, SINR:3.22203e-01, BpsHz:1.75193e-02
---------------
==========Cluster 14, RcvInterf=7.74575e-14============
Node 38, SINR:1.71008e-01, BpsHz:1.75193e-02
Node 58, SINR:0.00000e+00, BpsHz:0.00000e+00
Node 134, SINR:1.71008e-01, BpsHz:1.75193e-02
Node 86, SINR:1.71008e-01, BpsHz:1.75193e-02
Node 15, SINR:1.71008e-01, BpsHz:1.75193e-02
Node 136, SINR:1.71008e-01, BpsHz:1.75193e-02
Node 184, SINR:1.71008e-01, BpsHz:1.75193e-02
Node 132, SINR:1.71008e-01, BpsHz:1.75193e-02
Node 39, SINR:1.71008e-01, BpsHz:1.75193e-02
Node 188, SINR:1.71008e-01, BpsHz:1.75193e-02
Node 49, SINR:1.71008e-01, BpsHz:1.75193e-02
Node 124, SINR:1.71008e-01, BpsHz:1.75193e-02
Node 146, SINR:1.71008e-01, BpsHz:1.75193e-02
Node 194, SINR:1.71008e-01, BpsHz:1.75193e-02
---------------
