195
15
1.000000e-03
2.525175e-312
171
8000
5.399684e+00
2.916260e+00
5.399685e-06
4.129860e-06
0 0 0 0 0 0 0 0 0 0 0 0 0 0 0 1 0 0 0 0 0 0 0 0 0 0 0 0 0 0 0 0 0 0 0 0 0 0 1 1 0 0 0 0 0 0 0 0 0 0 0 0 0 0 0 0 0 0 1 0 0 0 0 0 0 0 0 0 0 0 0 0 0 0 0 0 0 0 0 0 0 0 0 0 0 0 1 0 0 0 0 0 0 0 0 0 0 0 0 0 0 0 0 0 0 0 0 0 0 0 0 0 0 0 0 0 0 0 0 0 0 0 0 0 0 0 0 0 0 1 0 0 1 0 1 0 1 0 0 0 0 0 0 0 0 0 0 0 0 0 0 0 0 0 0 0 0 0 0 0 0 0 0 0 0 0 0 0 0 0 0 0 0 0 0 0 0 0 0 0 0 0 0 0 1 0 0 0 0 0 0 0 0 0 1 
0 0 0 0 0 0 0 0 0 0 0 0 0 0 0 0 0 0 0 0 0 0 0 0 0 0 0 0 0 0 0 0 0 0 0 0 0 0 0 0 0 0 0 0 0 0 0 0 0 0 0 0 0 0 0 0 0 0 0 0 0 0 0 0 0 0 0 0 0 0 0 0 0 0 0 0 0 0 0 0 1 0 0 0 0 0 0 0 0 0 0 0 0 0 0 0 0 0 1 0 0 0 0 0 0 0 0 0 0 0 0 0 0 0 0 0 0 0 0 0 0 0 0 0 0 0 0 0 0 0 0 0 0 0 0 0 0 0 0 0 0 1 0 0 0 0 0 0 0 0 0 0 0 0 1 0 0 0 0 0 0 0 0 0 0 0 0 0 0 0 0 0 0 0 0 0 0 0 0 0 0 0 0 0 0 1 0 0 0 0 0 0 0 0 0 
0 0 0 0 0 0 0 0 0 0 1 0 0 0 0 0 0 0 0 0 0 0 0 0 0 0 0 0 0 0 0 0 0 0 0 0 0 0 0 0 0 0 0 0 0 0 0 0 0 0 0 0 0 0 0 0 0 0 0 0 0 0 0 0 0 0 0 0 0 0 0 0 0 0 0 0 0 0 0 0 0 0 0 0 0 0 0 0 0 1 0 0 0 0 0 0 0 0 0 0 0 1 0 0 0 0 0 0 0 0 0 0 0 0 0 0 0 0 0 0 0 0 0 0 0 0 0 0 0 0 0 0 0 0 0 0 0 0 0 0 0 0 0 0 1 0 0 0 1 0 0 0 0 0 0 0 0 0 0 0 0 0 0 0 0 0 0 0 0 0 0 0 0 0 0 0 0 0 0 0 0 0 0 0 0 0 0 0 0 0 0 0 1 1 0 
0 0 1 0 0 0 0 0 0 0 0 0 0 0 0 0 0 0 0 0 0 0 0 0 0 0 0 0 0 1 0 0 0 0 0 0 0 0 0 0 0 0 0 0 0 0 0 0 0 0 0 0 0 0 0 0 0 0 0 0 0 0 0 0 0 0 0 0 0 0 0 0 0 0 0 0 0 0 0 0 0 0 0 0 0 0 0 0 0 0 0 0 0 0 0 0 0 0 0 0 0 0 0 0 0 0 0 0 0 0 0 0 0 0 0 0 0 0 0 0 0 0 0 0 0 0 0 0 0 0 0 0 0 0 0 0 0 0 0 0 0 0 0 0 0 0 0 0 0 0 0 0 0 0 0 0 0 0 0 0 0 0 0 0 0 0 0 0 0 1 0 0 0 1 1 0 0 0 0 0 0 0 0 0 0 0 0 0 0 0 0 0 0 0 0 
0 0 0 1 0 0 0 0 0 0 0 0 0 0 0 0 0 0 0 0 0 0 0 0 0 0 0 1 0 0 0 0 0 0 0 0 0 0 0 0 0 0 0 0 0 0 0 0 0 0 0 0 0 0 0 0 1 0 0 0 0 0 1 0 0 1 0 0 0 0 0 0 0 1 0 0 0 0 0 0 0 0 0 0 0 0 0 0 0 0 0 1 0 0 0 0 1 0 0 0 0 0 0 0 0 0 0 0 0 0 0 0 0 0 0 1 0 0 0 1 0 0 0 0 0 0 0 0 0 0 0 0 0 0 0 1 0 0 1 1 1 0 0 0 0 1 0 0 0 0 0 0 1 0 0 0 0 0 1 0 0 1 0 0 0 0 0 0 0 0 0 0 0 0 0 0 0 0 0 0 1 1 1 0 0 0 0 0 0 0 0 0 0 0 0 
0 0 0 0 0 1 0 1 0 0 0 0 0 0 0 0 0 1 0 0 0 0 0 0 0 0 1 0 0 0 0 0 0 0 0 0 1 0 0 0 0 0 0 0 0 0 1 0 0 0 0 0 0 0 0 0 0 0 0 0 0 0 0 0 0 0 0 0 0 1 0 1 0 0 0 0 0 0 0 1 0 0 0 1 0 0 0 1 0 0 0 0 0 0 0 1 0 0 0 0 1 0 0 0 1 1 0 0 0 0 0 0 0 0 0 0 0 0 0 0 0 0 0 0 0 0 0 0 1 0 0 0 0 0 0 0 0 0 0 0 0 0 0 0 0 0 0 0 0 0 0 0 0 0 0 0 0 0 0 0 0 0 0 0 0 0 0 0 0 0 0 0 0 0 0 0 0 0 0 0 0 0 0 0 0 0 0 0 0 0 0 0 0 0 0 
0 0 0 0 0 0 0 0 0 0 0 0 0 0 0 0 0 0 0 0 0 0 0 0 0 0 0 0 0 0 0 0 0 0 0 0 0 0 0 0 0 0 0 0 0 0 0 0 0 0 0 0 1 0 0 0 0 0 0 0 0 0 0 1 0 0 0 0 0 0 0 0 0 0 0 0 0 0 0 0 0 0 0 0 0 0 0 0 0 0 0 0 1 0 0 0 0 0 0 0 0 0 0 0 0 0 0 0 0 0 0 0 0 0 0 0 0 0 0 0 0 0 0 0 0 0 1 0 0 0 0 0 0 0 0 0 0 0 0 0 0 0 0 0 0 0 0 0 0 0 0 0 0 0 0 0 0 0 0 0 0 0 0 0 0 0 0 0 0 0 0 0 0 0 0 0 0 0 0 0 0 0 0 0 0 0 0 0 0 0 0 0 0 0 0 
0 0 0 0 0 0 0 0 0 0 0 0 0 0 0 0 0 0 0 0 0 0 0 0 0 0 0 0 0 0 0 0 0 0 0 0 0 0 0 0 0 0 0 0 0 0 0 1 0 0 0 0 0 0 0 0 0 0 0 0 0 0 0 0 0 0 0 1 0 0 0 0 0 0 0 0 0 0 0 0 0 0 0 0 0 0 0 0 0 0 0 0 0 0 0 0 0 0 0 0 0 0 0 0 0 0 0 0 0 0 0 0 0 0 0 0 0 0 0 0 1 0 0 0 0 0 0 0 0 0 0 0 0 0 0 0 0 0 0 0 0 0 0 0 0 0 0 0 0 0 0 0 0 0 0 1 0 0 0 0 0 0 0 0 0 0 0 0 0 0 0 0 0 0 0 0 0 0 0 0 0 0 0 0 0 0 0 0 0 0 0 0 0 0 0 
0 0 0 0 0 0 0 0 0 0 0 0 0 0 1 0 0 0 0 0 0 0 0 0 0 0 0 0 0 0 0 0 0 1 0 1 0 0 0 0 0 0 0 0 0 0 0 0 0 1 0 1 0 0 0 0 0 0 0 0 0 0 0 0 0 0 0 0 1 0 0 0 0 0 0 0 0 0 0 0 0 0 0 0 0 0 0 0 0 0 0 0 0 0 0 0 0 0 0 0 0 0 0 0 0 0 1 0 0 1 0 0 0 0 0 0 0 0 0 0 0 0 1 0 0 0 0 0 0 0 1 0 0 0 0 0 0 0 0 0 0 0 0 0 0 0 1 0 0 1 0 0 0 0 0 0 0 0 0 0 0 0 0 0 0 1 1 0 0 0 1 0 1 0 0 0 0 1 1 1 0 0 0 0 0 0 0 0 0 1 0 0 0 0 0 
1 0 0 0 1 0 0 0 0 1 0 0 0 0 0 0 0 0 0 0 0 0 0 0 0 0 0 0 0 0 0 0 0 0 0 0 0 1 0 0 0 0 0 1 0 1 0 0 0 0 0 0 0 1 0 0 0 0 0 1 1 0 0 0 1 0 0 0 0 0 0 0 1 0 0 0 0 1 0 0 0 0 0 0 0 0 0 0 0 0 0 0 0 1 0 0 0 0 0 1 0 0 0 0 0 0 0 0 1 0 1 0 0 0 1 0 0 0 0 0 0 0 0 0 0 1 0 0 0 0 0 1 0 0 0 0 0 0 0 0 0 0 0 0 0 0 0 0 0 0 0 0 0 0 0 0 0 0 0 0 0 0 1 0 0 0 0 1 1 0 0 1 0 0 0 0 0 0 0 0 0 0 0 0 0 0 0 0 0 0 0 0 0 0 0 
0 1 0 0 0 0 1 0 1 0 0 1 0 0 0 0 0 0 0 0 0 1 0 0 0 0 0 0 0 0 0 0 0 0 0 0 0 0 0 0 0 0 0 0 0 0 0 0 1 0 1 0 0 0 0 1 0 1 0 0 0 0 0 0 0 0 0 0 0 0 0 0 0 0 0 0 0 0 1 0 0 0 0 0 0 0 0 0 0 0 0 0 0 0 1 0 0 0 0 0 0 0 0 0 0 0 0 0 0 0 0 0 0 0 0 0 0 0 0 0 0 1 0 0 1 0 0 0 0 0 0 0 0 0 0 0 0 0 0 0 0 0 0 0 0 0 0 1 0 0 1 0 0 0 0 0 0 0 0 0 0 0 0 1 0 0 0 0 0 0 0 0 0 0 0 0 1 0 0 0 0 0 0 1 0 0 1 0 1 0 0 1 0 0 0 
0 0 0 0 0 0 0 0 0 0 0 0 0 0 0 0 0 0 0 0 0 0 1 0 0 0 0 0 1 0 1 0 1 0 0 0 0 0 0 0 0 0 0 0 0 0 0 0 0 0 0 0 0 0 0 0 0 0 0 0 0 0 0 0 0 0 1 0 0 0 0 0 0 0 0 0 0 0 0 0 0 0 0 0 0 0 0 0 0 0 0 0 0 0 0 0 0 1 0 0 0 0 0 1 0 0 0 0 0 0 0 0 0 0 0 0 0 0 1 0 0 0 0 0 0 0 0 0 0 0 0 0 0 0 0 0 0 0 0 0 0 0 0 0 0 0 0 0 0 0 0 1 0 1 0 0 0 0 0 0 0 0 0 0 0 0 0 0 0 0 0 0 0 0 0 0 0 0 0 0 0 0 0 0 0 0 0 0 0 0 0 0 0 0 0 
0 0 0 0 0 0 0 0 0 0 0 0 1 0 0 0 0 0 0 0 0 0 0 0 1 0 0 0 0 0 0 1 0 0 0 0 0 0 0 0 0 1 0 0 0 0 0 0 0 0 0 0 0 0 0 0 0 0 0 0 0 0 0 0 0 0 0 0 0 0 1 0 0 0 0 0 1 0 0 0 0 0 1 0 0 0 0 0 0 0 1 0 0 0 0 0 0 0 0 0 0 0 0 0 0 0 0 0 0 0 0 0 0 0 0 0 0 1 0 0 0 0 0 1 0 0 0 0 0 0 0 0 0 1 0 0 0 0 0 0 0 0 1 1 0 0 0 0 0 0 0 0 0 0 0 0 1 1 0 1 0 0 0 0 1 0 0 0 0 0 0 0 0 0 0 0 0 0 0 0 0 0 0 0 0 0 0 1 0 0 0 0 0 0 0 
0 0 0 0 0 0 0 0 0 0 0 0 0 1 0 0 1 0 0 1 1 0 0 0 0 0 0 0 0 0 0 0 0 0 1 0 0 0 0 0 1 0 0 0 0 0 0 0 0 0 0 0 0 0 1 0 0 0 0 0 0 0 0 0 0 0 0 0 0 0 0 0 0 0 0 1 0 0 0 0 0 1 0 0 0 0 0 0 1 0 0 0 0 0 0 0 0 0 0 0 0 0 1 0 0 0 0 0 0 0 0 0 0 0 0 0 0 0 0 0 0 0 0 0 0 0 0 0 0 0 0 0 0 0 0 0 0 0 0 0 0 0 0 0 0 0 0 0 0 0 0 0 0 0 0 0 0 0 0 0 1 0 0 0 0 0 0 0 0 0 0 0 0 0 0 0 0 0 0 0 0 0 0 0 0 0 0 0 0 0 0 0 0 0 0 
0 0 0 0 0 0 0 0 0 0 0 0 0 0 0 0 0 0 0 0 0 0 0 1 0 0 0 0 0 0 0 0 0 0 0 0 0 0 0 0 0 0 1 0 0 0 0 0 0 0 0 0 0 0 0 0 0 0 0 0 0 1 0 0 0 0 0 0 0 0 0 0 0 0 1 0 0 0 0 0 0 0 0 0 0 0 0 0 0 0 0 0 0 0 0 0 0 0 0 0 0 0 0 0 0 0 0 1 0 0 0 1 0 1 0 0 0 0 0 0 0 0 0 0 0 0 0 1 0 0 0 0 0 0 0 0 0 1 0 0 0 0 0 0 0 0 0 0 0 0 0 0 0 0 0 0 0 0 0 0 0 0 0 0 0 0 0 0 0 0 0 0 0 0 0 0 0 0 0 0 0 0 0 0 0 0 0 0 0 0 0 0 0 0 0 
59 186 90 3 182 106 64 121 123 172 56 152 188 76 75 
1.065972E-05 4.858950E-04 0.000000E+00 9.486471E-07 2.352074E-05 8.030212E-05 9.777113E-04 5.453326E-06 8.843836E-08 1.681213E-04 3.840433E-07 1.706199E-04 2.531583E-04 1.929338E-04 7.394349E-04 9.516115E-06 9.624500E-11 2.594388E-06 0.000000E+00 9.896652E-05 1.187682E-09 2.019786E-04 1.139719E-04 2.847153E-04 8.317969E-06 0.000000E+00 7.408304E-05 2.360835E-04 2.517347E-05 1.091240E-06 1.807825E-06 3.195376E-06 9.577994E-06 1.091692E-04 1.482196E-08 1.313601E-04 2.958167E-04 1.609056E-04 1.836798E-07 1.403982E-04 5.505638E-08 4.077568E-05 1.264170E-05 7.930987E-06 0.000000E+00 2.393653E-04 2.291176E-05 2.111598E-08 1.325147E-05 2.671481E-06 7.067366E-05 3.305244E-04 1.838415E-07 6.659076E-04 5.377406E-04 0.000000E+00 2.874701E-04 2.381254E-06 0.000000E+00 5.412099E-06 2.369176E-04 4.604054E-05 1.924502E-04 0.000000E+00 3.756415E-04 2.920514E-04 4.566363E-06 3.810967E-08 2.349019E-04 1.126792E-07 4.136158E-07 1.132737E-05 5.065256E-04 4.205289E-06 0.000000E+00 0.000000E+00 7.069293E-05 3.571549E-06 7.171963E-05 5.285736E-04 2.149586E-07 1.425414E-05 4.416377E-05 1.226839E-04 0.000000E+00 0.000000E+00 2.622928E-06 2.604594E-05 1.061412E-05 0.000000E+00 2.307593E-05 1.344147E-05 2.067380E-10 2.728801E-07 2.123127E-05 4.966880E-05 1.320956E-04 3.301569E-06 1.264603E-07 9.088280E-04 4.001671E-04 6.940623E-08 8.418113E-05 1.937666E-07 9.863196E-05 0.000000E+00 1.373782E-04 3.282578E-07 9.994716E-04 3.640356E-04 2.864073E-05 1.008561E-07 0.000000E+00 3.823171E-04 6.995651E-04 2.869016E-05 0.000000E+00 5.772451E-05 2.858328E-04 2.209083E-07 0.000000E+00 1.159498E-04 0.000000E+00 5.475079E-06 9.461743E-04 3.116668E-05 1.549093E-08 5.635611E-04 5.217697E-05 1.623519E-04 1.389798E-06 8.744074E-04 4.977824E-05 6.295613E-09 1.518770E-08 2.529945E-07 2.027225E-05 1.372860E-04 8.960182E-05 1.472388E-08 1.247788E-05 1.594825E-08 3.136733E-06 2.151248E-05 2.531541E-06 1.814588E-06 1.169926E-06 3.244724E-04 2.658710E-06 1.893079E-05 7.776804E-05 0.000000E+00 1.393247E-05 1.154036E-07 1.517970E-07 6.285472E-08 8.593209E-05 1.385287E-04 5.219941E-06 1.045185E-04 2.069497E-04 2.053232E-04 9.160684E-05 8.326066E-06 4.110898E-05 3.954637E-04 7.712162E-05 6.335732E-06 1.011182E-05 4.069181E-05 5.146261E-04 0.000000E+00 2.673791E-04 7.276716E-07 9.050900E-08 0.000000E+00 5.437599E-04 5.886524E-07 1.358628E-06 1.864834E-04 7.072655E-06 0.000000E+00 7.503089E-05 9.815817E-04 6.726676E-06 0.000000E+00 7.721209E-04 0.000000E+00 2.424598E-04 3.412899E-04 0.000000E+00 2.593288E-09 1.488640E-08 1.603488E-08 2.670004E-05 
135 59 87 133 16 39 137 195 130 40 185 
186 142 155 99 81 
194 90 193 102 11 145 149 
175 3 30 170 174 
141 162 183 159 66 74 153 116 92 136 63 139 140 181 97 57 182 4 120 28 146 
18 70 88 106 129 8 72 84 96 105 27 6 37 47 101 80 
93 64 127 53 
156 121 48 68 
123 131 147 179 150 178 50 52 69 190 110 34 107 36 166 173 171 180 167 15 
46 61 65 38 169 1 94 78 168 172 44 163 115 111 132 73 109 10 54 100 126 5 60 
2 95 22 79 49 164 125 51 177 184 151 12 187 7 122 192 58 148 56 9 189 
154 31 104 152 98 29 33 23 67 119 
25 71 144 160 124 188 134 157 143 32 118 42 83 77 91 13 165 158 
76 17 21 41 35 89 82 161 14 55 20 103 
24 128 138 43 108 112 114 75 62 

============Find Best @ Round 6456================
==========Cluster 0, RcvInterf=7.22345e-14============
Node 134, SINR:1.41871e-01, BpsHz:1.91400e-02
Node 58, SINR:0.00000e+00, BpsHz:0.00000e+00
Node 86, SINR:1.41871e-01, BpsHz:1.91399e-02
Node 132, SINR:1.41871e-01, BpsHz:1.91399e-02
Node 15, SINR:1.41871e-01, BpsHz:1.91399e-02
Node 38, SINR:1.41871e-01, BpsHz:1.91399e-02
Node 136, SINR:1.41871e-01, BpsHz:1.91399e-02
Node 194, SINR:1.41871e-01, BpsHz:1.91399e-02
Node 129, SINR:1.41871e-01, BpsHz:1.91400e-02
Node 39, SINR:1.41871e-01, BpsHz:1.91399e-02
Node 184, SINR:1.41871e-01, BpsHz:1.91399e-02
---------------
==========Cluster 1, RcvInterf=1.28061e-14============
Node 185, SINR:0.00000e+00, BpsHz:0.00000e+00
Node 141, SINR:5.45006e-02, BpsHz:1.91400e-02
Node 154, SINR:5.45006e-02, BpsHz:1.91400e-02
Node 98, SINR:5.45006e-02, BpsHz:1.91400e-02
Node 80, SINR:5.45006e-02, BpsHz:1.91400e-02
---------------
==========Cluster 2, RcvInterf=1.78706e-14============
Node 193, SINR:8.28547e-02, BpsHz:1.91400e-02
Node 89, SINR:0.00000e+00, BpsHz:0.00000e+00
Node 192, SINR:8.28547e-02, BpsHz:1.91400e-02
Node 101, SINR:8.28547e-02, BpsHz:1.91400e-02
Node 10, SINR:8.28547e-02, BpsHz:1.91400e-02
Node 144, SINR:8.28547e-02, BpsHz:1.91400e-02
Node 148, SINR:8.28547e-02, BpsHz:1.91400e-02
---------------
==========Cluster 3, RcvInterf=7.71591e-14============
Node 174, SINR:5.45006e-02, BpsHz:1.91400e-02
Node 2, SINR:0.00000e+00, BpsHz:0.00000e+00
Node 29, SINR:5.45006e-02, BpsHz:1.91400e-02
Node 169, SINR:5.45006e-02, BpsHz:1.91400e-02
Node 173, SINR:5.45006e-02, BpsHz:1.91400e-02
---------------
==========Cluster 4, RcvInterf=3.55883e-14============
Node 140, SINR:3.03869e-01, BpsHz:1.91400e-02
Node 161, SINR:3.03869e-01, BpsHz:1.91400e-02
Node 182, SINR:3.03869e-01, BpsHz:1.91400e-02
Node 158, SINR:3.03869e-01, BpsHz:1.91400e-02
Node 65, SINR:3.03869e-01, BpsHz:1.91400e-02
Node 73, SINR:3.03869e-01, BpsHz:1.91400e-02
Node 152, SINR:3.03869e-01, BpsHz:1.91400e-02
Node 115, SINR:3.03869e-01, BpsHz:1.91400e-02
Node 91, SINR:3.03869e-01, BpsHz:1.91400e-02
Node 135, SINR:3.03869e-01, BpsHz:1.91400e-02
Node 62, SINR:3.03869e-01, BpsHz:1.91400e-02
Node 138, SINR:3.03869e-01, BpsHz:1.91400e-02
Node 139, SINR:3.03869e-01, BpsHz:1.91400e-02
Node 180, SINR:3.03869e-01, BpsHz:1.91400e-02
Node 96, SINR:3.03869e-01, BpsHz:1.91400e-02
Node 56, SINR:3.03869e-01, BpsHz:1.91400e-02
Node 181, SINR:0.00000e+00, BpsHz:0.00000e+00
Node 3, SINR:3.03869e-01, BpsHz:1.91400e-02
Node 119, SINR:3.03869e-01, BpsHz:1.91400e-02
Node 27, SINR:3.03869e-01, BpsHz:1.91400e-02
Node 145, SINR:3.03869e-01, BpsHz:1.91400e-02
---------------
==========Cluster 5, RcvInterf=4.94232e-14============
Node 17, SINR:2.20185e-01, BpsHz:1.91400e-02
Node 69, SINR:2.20185e-01, BpsHz:1.91400e-02
Node 87, SINR:2.20185e-01, BpsHz:1.91400e-02
Node 105, SINR:0.00000e+00, BpsHz:0.00000e+00
Node 128, SINR:2.20185e-01, BpsHz:1.91400e-02
Node 7, SINR:2.20185e-01, BpsHz:1.91400e-02
Node 71, SINR:2.20185e-01, BpsHz:1.91400e-02
Node 83, SINR:2.20185e-01, BpsHz:1.91400e-02
Node 95, SINR:2.20185e-01, BpsHz:1.91400e-02
Node 104, SINR:2.20185e-01, BpsHz:1.91400e-02
Node 26, SINR:2.20185e-01, BpsHz:1.91400e-02
Node 5, SINR:2.20185e-01, BpsHz:1.91400e-02
Node 36, SINR:2.20185e-01, BpsHz:1.91400e-02
Node 46, SINR:2.20185e-01, BpsHz:1.91400e-02
Node 100, SINR:2.20185e-01, BpsHz:1.91400e-02
Node 79, SINR:2.20185e-01, BpsHz:1.91400e-02
---------------
==========Cluster 6, RcvInterf=1.22642e-14============
Node 92, SINR:4.06030e-02, BpsHz:1.91399e-02
Node 63, SINR:0.00000e+00, BpsHz:0.00000e+00
Node 126, SINR:4.06030e-02, BpsHz:1.91399e-02
Node 52, SINR:4.06030e-02, BpsHz:1.91399e-02
---------------
==========Cluster 7, RcvInterf=2.63712e-14============
Node 155, SINR:4.06030e-02, BpsHz:1.91399e-02
Node 120, SINR:0.00000e+00, BpsHz:0.00000e+00
Node 47, SINR:4.06030e-02, BpsHz:1.91399e-02
Node 67, SINR:4.06030e-02, BpsHz:1.91399e-02
---------------
==========Cluster 8, RcvInterf=3.84921e-14============
Node 122, SINR:0.00000e+00, BpsHz:0.00000e+00
Node 130, SINR:2.86685e-01, BpsHz:1.91400e-02
Node 146, SINR:2.86685e-01, BpsHz:1.91400e-02
Node 178, SINR:2.86685e-01, BpsHz:1.91400e-02
Node 149, SINR:2.86685e-01, BpsHz:1.91400e-02
Node 177, SINR:2.86685e-01, BpsHz:1.91400e-02
Node 49, SINR:2.86685e-01, BpsHz:1.91400e-02
Node 51, SINR:2.86685e-01, BpsHz:1.91400e-02
Node 68, SINR:2.86685e-01, BpsHz:1.91400e-02
Node 189, SINR:2.86685e-01, BpsHz:1.91400e-02
Node 109, SINR:2.86685e-01, BpsHz:1.91400e-02
Node 33, SINR:2.86685e-01, BpsHz:1.91400e-02
Node 106, SINR:2.86685e-01, BpsHz:1.91400e-02
Node 35, SINR:2.86685e-01, BpsHz:1.91400e-02
Node 165, SINR:2.86685e-01, BpsHz:1.91400e-02
Node 172, SINR:2.86685e-01, BpsHz:1.91400e-02
Node 170, SINR:2.86685e-01, BpsHz:1.91400e-02
Node 179, SINR:2.86685e-01, BpsHz:1.91400e-02
Node 166, SINR:2.86685e-01, BpsHz:1.91400e-02
Node 14, SINR:2.86685e-01, BpsHz:1.91400e-02
---------------
==========Cluster 9, RcvInterf=1.80082e-14============
Node 45, SINR:3.38929e-01, BpsHz:1.91400e-02
Node 60, SINR:3.38929e-01, BpsHz:1.91400e-02
Node 64, SINR:3.38929e-01, BpsHz:1.91400e-02
Node 37, SINR:3.38929e-01, BpsHz:1.91400e-02
Node 168, SINR:3.38929e-01, BpsHz:1.91400e-02
Node 0, SINR:3.38929e-01, BpsHz:1.91400e-02
Node 93, SINR:3.38929e-01, BpsHz:1.91400e-02
Node 77, SINR:3.38929e-01, BpsHz:1.91400e-02
Node 167, SINR:3.38929e-01, BpsHz:1.91400e-02
Node 171, SINR:0.00000e+00, BpsHz:0.00000e+00
Node 43, SINR:3.38929e-01, BpsHz:1.91400e-02
Node 162, SINR:3.38929e-01, BpsHz:1.91400e-02
Node 114, SINR:3.38929e-01, BpsHz:1.91400e-02
Node 110, SINR:3.38929e-01, BpsHz:1.91400e-02
Node 131, SINR:3.38929e-01, BpsHz:1.91400e-02
Node 72, SINR:3.38929e-01, BpsHz:1.91400e-02
Node 108, SINR:3.38929e-01, BpsHz:1.91400e-02
Node 9, SINR:3.38929e-01, BpsHz:1.91400e-02
Node 53, SINR:3.38929e-01, BpsHz:1.91400e-02
Node 99, SINR:3.38929e-01, BpsHz:1.91400e-02
Node 125, SINR:3.38929e-01, BpsHz:1.91400e-02
Node 4, SINR:3.38929e-01, BpsHz:1.91400e-02
Node 59, SINR:3.38929e-01, BpsHz:1.91400e-02
---------------
==========Cluster 10, RcvInterf=1.26401e-14============
Node 1, SINR:3.03869e-01, BpsHz:1.91400e-02
Node 94, SINR:3.03869e-01, BpsHz:1.91400e-02
Node 21, SINR:3.03869e-01, BpsHz:1.91400e-02
Node 78, SINR:3.03869e-01, BpsHz:1.91400e-02
Node 48, SINR:3.03869e-01, BpsHz:1.91400e-02
Node 163, SINR:3.03869e-01, BpsHz:1.91400e-02
Node 124, SINR:3.03869e-01, BpsHz:1.91400e-02
Node 50, SINR:3.03869e-01, BpsHz:1.91400e-02
Node 176, SINR:3.03869e-01, BpsHz:1.91400e-02
Node 183, SINR:3.03869e-01, BpsHz:1.91400e-02
Node 150, SINR:3.03869e-01, BpsHz:1.91400e-02
Node 11, SINR:3.03869e-01, BpsHz:1.91400e-02
Node 186, SINR:3.03869e-01, BpsHz:1.91400e-02
Node 6, SINR:3.03869e-01, BpsHz:1.91400e-02
Node 121, SINR:3.03869e-01, BpsHz:1.91400e-02
Node 191, SINR:3.03869e-01, BpsHz:1.91400e-02
Node 57, SINR:3.03869e-01, BpsHz:1.91400e-02
Node 147, SINR:3.03869e-01, BpsHz:1.91400e-02
Node 55, SINR:0.00000e+00, BpsHz:0.00000e+00
Node 8, SINR:3.03869e-01, BpsHz:1.91400e-02
Node 188, SINR:3.03869e-01, BpsHz:1.91400e-02
---------------
==========Cluster 11, RcvInterf=2.96948e-14============
Node 153, SINR:1.26822e-01, BpsHz:1.91400e-02
Node 30, SINR:1.26822e-01, BpsHz:1.91400e-02
Node 103, SINR:1.26822e-01, BpsHz:1.91400e-02
Node 151, SINR:0.00000e+00, BpsHz:0.00000e+00
Node 97, SINR:1.26822e-01, BpsHz:1.91400e-02
Node 28, SINR:1.26822e-01, BpsHz:1.91400e-02
Node 32, SINR:1.26822e-01, BpsHz:1.91400e-02
Node 22, SINR:1.26822e-01, BpsHz:1.91400e-02
Node 66, SINR:1.26822e-01, BpsHz:1.91400e-02
Node 118, SINR:1.26822e-01, BpsHz:1.91400e-02
---------------
==========Cluster 12, RcvInterf=2.71682e-14============
Node 24, SINR:2.52994e-01, BpsHz:1.91400e-02
Node 70, SINR:2.52994e-01, BpsHz:1.91400e-02
Node 143, SINR:2.52994e-01, BpsHz:1.91400e-02
Node 159, SINR:2.52994e-01, BpsHz:1.91400e-02
Node 123, SINR:2.52994e-01, BpsHz:1.91400e-02
Node 187, SINR:0.00000e+00, BpsHz:0.00000e+00
Node 133, SINR:2.52994e-01, BpsHz:1.91400e-02
Node 156, SINR:2.52994e-01, BpsHz:1.91400e-02
Node 142, SINR:2.52994e-01, BpsHz:1.91400e-02
Node 31, SINR:2.52994e-01, BpsHz:1.91400e-02
Node 117, SINR:2.52994e-01, BpsHz:1.91400e-02
Node 41, SINR:2.52994e-01, BpsHz:1.91400e-02
Node 82, SINR:2.52994e-01, BpsHz:1.91400e-02
Node 76, SINR:2.52994e-01, BpsHz:1.91400e-02
Node 90, SINR:2.52994e-01, BpsHz:1.91400e-02
Node 12, SINR:2.52994e-01, BpsHz:1.91400e-02
Node 164, SINR:2.52994e-01, BpsHz:1.91400e-02
Node 157, SINR:2.52994e-01, BpsHz:1.91400e-02
---------------
==========Cluster 13, RcvInterf=3.95578e-14============
Node 75, SINR:0.00000e+00, BpsHz:0.00000e+00
Node 16, SINR:1.57121e-01, BpsHz:1.91400e-02
Node 20, SINR:1.57121e-01, BpsHz:1.91400e-02
Node 40, SINR:1.57121e-01, BpsHz:1.91400e-02
Node 34, SINR:1.57121e-01, BpsHz:1.91400e-02
Node 88, SINR:1.57121e-01, BpsHz:1.91400e-02
Node 81, SINR:1.57121e-01, BpsHz:1.91400e-02
Node 160, SINR:1.57121e-01, BpsHz:1.91400e-02
Node 13, SINR:1.57121e-01, BpsHz:1.91400e-02
Node 54, SINR:1.57121e-01, BpsHz:1.91400e-02
Node 19, SINR:1.57121e-01, BpsHz:1.91400e-02
Node 102, SINR:1.57121e-01, BpsHz:1.91400e-02
---------------
==========Cluster 14, RcvInterf=1.30981e-14============
Node 23, SINR:1.11971e-01, BpsHz:1.91400e-02
Node 127, SINR:1.11971e-01, BpsHz:1.91400e-02
Node 137, SINR:1.11971e-01, BpsHz:1.91400e-02
Node 42, SINR:1.11971e-01, BpsHz:1.91400e-02
Node 107, SINR:1.11971e-01, BpsHz:1.91400e-02
Node 111, SINR:1.11971e-01, BpsHz:1.91400e-02
Node 113, SINR:1.11971e-01, BpsHz:1.91400e-02
Node 74, SINR:0.00000e+00, BpsHz:0.00000e+00
Node 61, SINR:1.11971e-01, BpsHz:1.91400e-02
---------------
