195
15
1.000000e-03
4.041217e-307
171
8000
4.077710e+00
3.925781e+00
4.077710e-06
  inf
0 0 0 0 0 0 0 0 0 0 0 0 0 0 0 0 0 0 0 0 0 0 0 0 0 0 0 0 0 0 0 0 0 0 0 0 0 0 0 0 0 0 0 0 0 0 0 1 0 0 0 0 0 0 0 0 0 0 0 0 0 0 0 0 0 0 0 1 0 0 0 0 0 0 0 0 0 0 0 0 0 0 0 0 0 0 0 0 0 0 0 0 0 0 0 0 0 0 0 0 0 0 0 0 0 0 0 0 0 0 0 0 0 0 0 0 0 0 0 0 0 0 0 0 0 0 0 0 0 0 0 0 0 0 0 0 0 0 0 0 0 0 0 0 0 0 0 0 0 0 0 0 0 0 1 1 0 0 0 0 0 0 0 0 0 0 0 0 0 0 0 0 0 0 0 1 0 0 0 0 0 0 0 0 0 0 0 0 0 0 0 0 0 0 0 
0 0 0 0 0 0 0 0 0 0 0 0 0 0 0 0 0 0 0 0 0 0 0 0 0 0 0 0 0 0 0 0 0 0 0 0 0 0 0 0 0 0 0 0 0 0 0 0 0 0 0 0 0 0 0 0 0 0 0 0 0 0 0 1 0 0 0 0 0 0 0 0 0 0 1 0 0 0 0 0 0 0 0 0 0 0 0 0 0 0 0 0 1 0 0 0 0 0 0 0 0 0 0 0 0 0 0 0 0 0 0 0 0 0 0 0 0 0 0 0 0 0 0 0 0 0 1 0 0 0 0 0 1 0 0 0 0 0 0 0 0 0 0 0 0 0 0 0 0 0 0 0 0 0 0 0 0 0 0 0 0 0 0 0 0 0 0 0 0 0 0 0 0 0 0 0 0 0 0 0 0 0 0 0 0 0 0 0 0 0 0 0 0 0 0 
0 0 0 0 0 0 0 0 0 0 0 0 0 0 1 0 0 0 1 0 0 0 0 0 0 0 0 0 0 0 0 0 0 1 0 1 0 0 0 0 0 0 0 0 0 0 0 0 0 1 0 1 0 0 0 0 0 0 0 0 0 0 0 0 0 0 0 0 1 0 0 0 0 0 0 0 0 0 0 0 0 0 0 0 0 0 0 0 0 0 0 0 0 0 0 0 0 0 0 0 0 0 0 0 0 0 1 0 0 1 0 0 0 1 0 0 0 0 0 0 0 0 1 0 0 0 0 0 0 1 1 0 0 0 0 0 0 0 0 0 0 0 0 0 0 0 1 0 0 1 0 0 0 0 0 0 0 0 0 0 0 0 0 0 0 1 1 0 0 0 1 0 1 0 0 0 0 1 1 1 0 0 0 0 0 0 0 0 0 1 0 0 0 0 0 
0 0 0 0 0 0 0 0 0 0 0 0 0 0 0 0 0 0 0 0 0 0 0 0 0 0 0 0 0 0 0 0 0 0 0 0 0 0 0 0 0 0 0 0 0 0 0 0 0 0 0 0 0 0 0 0 0 0 0 0 0 0 0 0 0 0 0 0 0 0 0 0 0 0 0 0 0 0 0 0 0 0 0 0 1 0 0 0 0 0 0 0 0 0 0 0 0 0 0 0 0 0 0 0 0 0 0 0 0 0 0 0 0 0 0 0 0 0 0 0 0 0 0 0 0 0 0 0 0 0 0 0 0 0 0 0 0 0 0 0 0 0 0 0 0 0 0 0 0 0 0 0 0 0 0 0 0 0 0 0 0 0 0 0 0 0 0 0 0 0 0 0 0 0 0 0 0 0 0 0 0 0 0 0 0 0 0 0 0 0 0 0 0 0 0 
0 0 1 1 0 0 0 0 0 0 0 0 0 0 0 0 0 0 0 0 0 0 0 0 0 0 0 1 0 0 0 0 0 0 0 0 0 0 0 0 0 0 0 0 0 0 0 0 0 0 0 0 0 0 0 0 1 0 0 0 0 0 1 0 0 1 0 0 0 0 0 0 0 1 0 0 0 0 0 0 0 0 0 0 0 0 0 0 0 0 0 1 0 0 0 0 1 0 0 0 0 0 0 0 0 0 0 0 0 0 0 0 0 0 0 1 0 0 0 1 0 0 0 0 0 0 0 0 0 0 0 0 0 0 0 1 0 0 1 1 1 0 0 0 0 1 0 0 0 0 0 0 1 0 0 0 0 0 1 0 0 1 0 0 0 0 0 0 0 0 0 0 0 0 1 0 0 0 0 0 1 1 1 0 0 0 0 0 0 0 0 0 0 0 0 
0 0 0 0 0 0 0 0 0 0 0 0 0 0 0 0 0 0 0 0 0 0 0 1 0 0 0 0 0 1 0 0 0 0 0 0 0 0 0 0 0 0 1 0 1 0 0 0 0 0 0 0 0 0 0 0 0 0 0 0 0 1 0 0 0 0 0 0 0 0 0 0 0 0 0 0 0 0 0 0 0 0 0 0 0 0 0 0 0 0 0 0 0 0 0 0 0 0 0 0 0 0 0 0 0 0 0 1 0 0 0 1 0 0 0 0 0 0 0 0 0 0 0 0 0 0 0 1 0 0 0 0 0 0 0 0 0 1 0 0 0 0 0 0 0 0 0 0 0 0 0 0 0 0 0 0 0 0 0 0 0 0 0 0 0 0 0 0 0 1 0 0 0 1 0 0 0 0 0 0 0 0 0 0 0 0 0 0 0 0 1 0 0 0 0 
0 0 0 0 0 0 0 0 0 0 0 0 0 0 0 0 0 0 0 0 0 0 1 0 1 0 0 0 1 0 1 0 1 0 0 0 0 0 0 0 0 0 0 0 0 0 0 0 0 0 0 0 0 0 0 0 0 0 0 0 0 0 0 0 0 0 1 0 0 0 1 0 0 0 0 0 1 0 0 0 0 0 1 0 0 0 0 0 0 0 0 0 0 0 0 0 0 1 0 0 0 0 0 1 0 0 0 0 0 0 0 0 0 0 0 0 0 0 1 0 0 1 0 0 0 0 0 0 0 0 0 0 0 0 0 0 0 0 0 0 0 0 0 1 0 0 0 1 0 0 0 1 0 1 0 0 1 0 0 1 0 0 0 0 1 0 0 0 0 0 0 0 0 0 0 0 0 0 0 0 0 0 0 0 0 0 0 0 0 0 0 0 0 0 0 
0 0 0 0 0 0 0 0 0 0 1 0 0 0 0 0 0 0 0 0 0 0 0 0 0 0 0 0 0 0 0 0 0 0 0 0 0 0 0 0 0 0 0 0 0 0 0 0 0 0 0 0 0 0 0 0 0 0 0 0 0 0 0 0 0 0 0 0 0 0 0 0 0 0 0 0 0 0 0 0 0 0 0 0 0 0 0 0 0 0 0 0 0 0 0 0 0 0 1 0 0 0 0 0 0 0 0 0 0 0 0 0 0 0 0 0 0 0 0 0 0 0 0 0 0 0 0 0 0 0 0 0 0 0 0 0 0 0 0 0 0 1 0 0 0 0 0 0 0 0 0 0 0 0 0 0 0 0 0 0 0 0 0 0 0 0 0 0 0 0 0 0 0 0 0 0 0 0 0 0 0 0 0 0 0 1 0 0 0 0 0 0 0 0 0 
0 0 0 0 0 0 0 0 0 0 0 0 0 0 0 1 0 0 0 0 0 0 0 0 0 0 0 0 0 0 0 0 0 0 0 0 0 0 1 0 0 0 0 0 0 0 0 0 0 0 0 0 0 0 0 0 0 0 1 0 0 0 0 0 0 0 0 0 0 0 0 0 0 0 0 0 0 0 0 0 0 0 0 0 0 0 1 0 0 0 0 0 0 0 0 0 0 0 0 0 0 0 0 0 0 0 0 0 0 0 0 0 1 0 0 0 0 0 0 0 0 0 0 0 0 0 0 0 0 0 0 0 0 0 1 0 1 0 0 0 0 0 0 0 0 0 0 0 0 0 0 0 0 0 0 0 0 0 0 0 0 0 0 0 0 0 0 0 0 0 0 0 0 0 0 0 0 0 0 0 0 0 0 0 1 0 0 0 1 0 0 0 0 0 0 
1 0 0 0 0 0 0 0 0 0 0 0 0 0 0 0 0 0 0 0 0 0 0 0 0 0 0 0 0 0 0 0 0 0 0 0 0 0 0 0 0 0 0 1 0 1 0 0 0 0 0 0 0 1 0 0 0 0 0 0 1 0 0 0 1 0 0 0 0 0 0 0 0 0 0 0 0 1 0 0 0 0 0 0 0 0 0 0 0 0 0 0 0 1 0 0 0 0 0 1 0 0 0 0 0 0 0 0 0 0 1 0 0 0 1 0 0 0 0 0 1 0 0 0 0 0 0 0 0 0 0 1 0 0 0 0 0 0 0 0 0 0 0 0 0 0 0 0 0 0 0 0 0 0 0 0 0 0 0 0 0 0 1 0 0 0 0 1 1 0 0 1 0 0 0 0 0 0 0 0 0 0 0 0 0 0 0 0 0 0 0 0 0 0 0 
0 1 0 0 0 0 1 0 1 0 0 1 0 0 0 0 0 0 0 0 0 0 0 0 0 0 0 0 0 0 0 0 0 0 0 0 0 0 0 0 0 0 0 0 0 0 0 0 1 0 1 0 0 0 0 1 0 1 0 0 0 0 0 0 0 0 0 0 0 0 0 0 0 0 0 0 0 0 1 0 0 0 0 0 0 0 0 0 0 0 0 0 0 0 1 0 0 0 0 0 0 0 0 0 0 0 0 0 0 0 0 0 0 0 0 0 0 0 0 0 0 0 0 0 1 0 0 0 0 0 0 0 0 0 0 0 0 0 0 0 0 0 0 0 0 0 0 0 0 0 1 0 0 0 0 0 0 0 0 0 0 0 0 1 0 0 0 0 0 0 0 0 0 0 0 0 1 0 0 0 0 0 0 1 0 0 1 0 0 0 0 1 0 0 0 
0 0 0 0 0 0 0 0 0 0 0 0 0 0 0 0 0 0 0 0 0 0 0 0 0 0 0 0 0 0 0 0 0 0 0 0 0 0 0 0 0 0 0 0 0 0 0 0 0 0 0 0 0 0 0 0 0 0 0 0 0 0 0 0 0 0 0 0 0 0 0 0 0 0 0 0 0 0 0 0 0 0 0 0 0 0 0 0 0 0 0 0 0 0 0 0 0 0 0 0 0 0 0 0 0 0 0 0 0 0 0 0 0 0 0 0 0 0 0 0 0 0 0 0 0 0 0 0 0 0 0 0 0 0 0 0 0 0 0 0 0 0 0 0 0 0 0 0 0 0 0 0 0 0 0 0 0 0 0 0 0 0 0 0 0 0 0 0 0 0 0 0 0 0 0 0 0 0 0 0 0 0 0 0 0 0 0 0 0 0 0 0 0 0 0 
0 0 0 0 0 0 0 0 0 0 0 0 0 0 0 0 0 0 0 0 0 0 0 0 0 1 0 0 0 0 0 1 0 0 0 0 0 0 0 0 0 1 0 0 0 0 0 0 0 0 0 0 0 0 0 0 0 0 0 1 0 0 0 0 0 0 0 0 0 0 0 0 0 0 0 0 0 0 0 0 0 0 0 0 0 0 0 0 0 1 1 0 0 0 0 0 0 0 0 0 0 1 0 0 0 0 0 0 0 0 0 0 0 0 0 0 0 1 0 0 0 0 0 0 0 1 0 0 0 0 0 0 0 1 0 0 0 0 0 0 0 0 1 0 1 0 0 0 1 0 0 0 0 0 0 0 0 1 0 0 0 0 0 0 0 0 0 0 0 0 0 0 0 0 0 0 0 0 0 0 0 0 0 0 0 0 0 1 0 0 0 0 1 1 0 
0 0 0 0 1 1 0 1 0 1 0 0 0 0 0 0 1 1 0 1 1 0 0 0 0 0 1 0 0 0 0 0 0 0 1 0 1 1 0 0 1 0 0 0 0 0 1 0 0 0 0 0 0 0 1 0 0 0 0 0 0 0 0 0 0 0 0 0 0 1 0 1 1 0 0 1 0 0 0 1 0 1 0 1 0 1 0 1 1 0 0 0 0 0 0 1 0 0 0 0 1 0 1 0 1 1 0 0 1 0 0 0 0 0 0 0 0 0 0 0 0 0 0 0 0 0 0 0 1 0 0 0 0 0 0 0 0 0 0 0 0 0 0 0 0 0 0 0 0 0 0 0 0 0 0 0 0 0 0 0 1 0 0 0 0 0 0 0 0 0 0 0 0 0 0 0 0 0 0 0 0 0 0 0 0 0 0 0 0 0 0 0 0 0 0 
0 0 0 0 0 0 0 0 0 0 0 0 0 0 0 0 0 0 0 0 0 0 0 0 0 0 0 0 0 0 0 0 0 0 0 0 0 0 0 0 0 0 0 0 0 0 0 0 0 0 0 0 0 0 0 0 0 0 0 0 0 0 0 0 0 0 0 0 0 0 0 0 0 0 0 0 0 0 0 0 0 0 0 0 0 0 0 0 0 0 0 0 0 0 0 0 0 0 0 0 0 0 0 0 0 0 0 0 0 0 0 0 0 0 0 0 0 0 0 0 0 0 0 0 0 0 0 0 0 0 0 0 0 0 0 0 0 0 0 0 0 0 0 0 0 0 0 0 0 0 0 0 0 0 0 0 0 0 0 0 0 0 0 0 0 0 0 0 0 0 0 0 0 0 0 0 0 0 0 0 0 0 0 0 0 0 0 0 0 0 0 0 0 0 0 
156 64 123 85 120 191 152 99 59 172 192 0 102 106 0 
5.952589E-06 3.066564E-04 6.345902E-07 5.365551E-07 8.375897E-06 6.510146E-05 7.100988E-04 4.421046E-06 1.314736E-08 1.048721E-04 2.343679E-07 1.303528E-04 0.000000E+00 0.000000E+00 5.159684E-04 9.022321E-06 1.495055E-05 2.103287E-06 2.787359E-04 4.723097E-04 9.948723E-06 0.000000E+00 2.680307E-04 7.655318E-05 8.875685E-05 2.100803E-06 6.005961E-05 1.136992E-04 5.920110E-05 3.957102E-06 4.251510E-06 1.521669E-05 2.252481E-05 7.617688E-05 1.276928E-05 9.166143E-05 2.398205E-04 1.511239E-04 1.741487E-07 0.000000E+00 3.554052E-05 5.586615E-05 2.213098E-07 4.428811E-06 4.170114E-04 1.336661E-04 1.857471E-05 1.217302E-08 7.225820E-06 1.864126E-06 5.398534E-05 2.306358E-04 0.000000E+00 3.718552E-04 9.488738E-04 1.693413E-09 2.581083E-04 6.425509E-07 0.000000E+00 1.849014E-06 1.322992E-04 1.664559E-06 1.888895E-04 0.000000E+00 2.097652E-04 4.649046E-04 1.073883E-05 8.720281E-09 1.639116E-04 9.134980E-08 1.448884E-05 9.183169E-06 5.026780E-04 1.273256E-05 5.009054E-07 1.252488E-05 3.071554E-04 1.994420E-06 4.433404E-05 4.285181E-04 0.000000E+00 3.979867E-05 2.275733E-04 9.946067E-05 0.000000E+00 3.137767E-04 2.486824E-06 2.111562E-05 7.491538E-05 1.578707E-07 9.187464E-06 3.818404E-05 2.769033E-10 1.523814E-07 1.065436E-05 4.026682E-05 1.034608E-04 7.764385E-06 0.000000E+00 5.075066E-04 3.244181E-04 0.000000E+00 4.276052E-04 4.556859E-07 7.996157E-05 0.000000E+00 9.586075E-05 3.091792E-06 9.990108E-04 2.540195E-04 1.599352E-05 1.293640E-05 1.857501E-05 2.387585E-04 3.906502E-04 3.585410E-05 0.000000E+00 1.502433E-04 6.722003E-04 0.000000E+00 8.483718E-08 1.194753E-04 0.000000E+00 0.000000E+00 6.100665E-04 1.098514E-05 2.074843E-08 1.507402E-04 4.230021E-05 1.876414E-04 9.697834E-07 4.882854E-04 3.828745E-04 6.368682E-06 1.439961E-08 2.586971E-06 1.922032E-05 4.176646E-05 8.453408E-05 1.049736E-06 3.773744E-05 1.711383E-08 4.032085E-05 3.045699E-04 5.209033E-07 2.902400E-07 8.163595E-07 2.850195E-04 6.086666E-07 1.320966E-05 5.997009E-05 0.000000E+00 1.495616E-05 2.713976E-07 2.651361E-07 0.000000E+00 6.973798E-04 1.572162E-04 2.154115E-05 7.210040E-04 2.866003E-04 3.367870E-04 5.115497E-05 5.878526E-06 6.946848E-05 2.759496E-04 5.381450E-05 3.537992E-06 5.646632E-06 4.584022E-05 3.590996E-04 0.000000E+00 1.865738E-04 3.052685E-08 4.026743E-08 3.295432E-08 3.865095E-04 4.107543E-07 9.480335E-07 1.301258E-04 6.883158E-06 1.727247E-07 1.547303E-04 6.844277E-04 6.377627E-06 6.965531E-08 5.540861E-04 1.061207E-05 5.289098E-05 2.381478E-04 0.000000E+00 0.000000E+00 1.013167E-09 1.273269E-06 0.000000E+00 
68 156 48 155 176 
64 93 75 127 133 
130 180 34 19 69 52 190 166 110 107 15 173 36 150 179 171 131 114 178 50 123 147 167 
85 
92 141 159 74 136 116 139 140 63 153 182 97 181 4 162 57 183 146 120 175 3 28 66 
191 24 174 62 128 43 108 112 45 138 170 30 
67 148 31 98 29 154 104 33 165 23 77 83 152 25 71 122 119 144 157 160 
99 142 186 11 
87 39 16 185 59 113 135 137 189 
46 61 1 111 44 168 94 78 169 115 172 121 54 163 65 100 132 
95 2 125 79 49 177 184 164 187 51 151 12 58 192 7 56 9 
0 
188 143 32 134 102 42 145 194 91 149 90 193 60 26 126 118 158 
161 82 101 105 80 88 129 96 84 18 72 70 8 27 6 37 47 5 106 10 89 21 76 17 35 55 41 20 73 38 109 103 86 
0 

============Find Best @ Round 5105================
==========Cluster 0, RcvInterf=1.53139e-14============
Node 67, SINR:4.02082e-02, BpsHz:1.42181e-02
Node 155, SINR:0.00000e+00, BpsHz:0.00000e+00
Node 47, SINR:4.02082e-02, BpsHz:1.42181e-02
Node 154, SINR:4.02082e-02, BpsHz:1.42181e-02
Node 175, SINR:4.02082e-02, BpsHz:1.42181e-02
---------------
==========Cluster 1, RcvInterf=2.29337e-14============
Node 63, SINR:0.00000e+00, BpsHz:0.00000e+00
Node 92, SINR:4.02082e-02, BpsHz:1.42181e-02
Node 74, SINR:4.02082e-02, BpsHz:1.42181e-02
Node 126, SINR:4.02082e-02, BpsHz:1.42181e-02
Node 132, SINR:4.02082e-02, BpsHz:1.42181e-02
---------------
==========Cluster 2, RcvInterf=2.86762e-14============
Node 129, SINR:2.42114e-01, BpsHz:1.42181e-02
Node 179, SINR:2.42114e-01, BpsHz:1.42181e-02
Node 33, SINR:2.42114e-01, BpsHz:1.42181e-02
Node 18, SINR:2.42114e-01, BpsHz:1.42181e-02
Node 68, SINR:2.42114e-01, BpsHz:1.42181e-02
Node 51, SINR:2.42114e-01, BpsHz:1.42181e-02
Node 189, SINR:2.42114e-01, BpsHz:1.42181e-02
Node 165, SINR:2.42114e-01, BpsHz:1.42181e-02
Node 109, SINR:2.42114e-01, BpsHz:1.42181e-02
Node 106, SINR:2.42114e-01, BpsHz:1.42181e-02
Node 14, SINR:2.42114e-01, BpsHz:1.42181e-02
Node 172, SINR:2.42114e-01, BpsHz:1.42181e-02
Node 35, SINR:2.42114e-01, BpsHz:1.42181e-02
Node 149, SINR:2.42114e-01, BpsHz:1.42181e-02
Node 178, SINR:2.42114e-01, BpsHz:1.42181e-02
Node 170, SINR:2.42114e-01, BpsHz:1.42181e-02
Node 130, SINR:2.42114e-01, BpsHz:1.42181e-02
Node 113, SINR:2.42114e-01, BpsHz:1.42181e-02
Node 177, SINR:2.42114e-01, BpsHz:1.42181e-02
Node 49, SINR:2.42114e-01, BpsHz:1.42181e-02
Node 122, SINR:0.00000e+00, BpsHz:0.00000e+00
Node 146, SINR:2.42114e-01, BpsHz:1.42181e-02
Node 166, SINR:2.42114e-01, BpsHz:1.42181e-02
---------------
==========Cluster 3, RcvInterf=2.69394e-14============
Node 84, SINR:0.00000e+00, BpsHz:-nan
---------------
==========Cluster 4, RcvInterf=3.45870e-14============
Node 91, SINR:2.42114e-01, BpsHz:1.42181e-02
Node 140, SINR:2.42114e-01, BpsHz:1.42181e-02
Node 158, SINR:2.42114e-01, BpsHz:1.42181e-02
Node 73, SINR:2.42114e-01, BpsHz:1.42181e-02
Node 135, SINR:2.42114e-01, BpsHz:1.42181e-02
Node 115, SINR:2.42114e-01, BpsHz:1.42181e-02
Node 138, SINR:2.42114e-01, BpsHz:1.42181e-02
Node 139, SINR:2.42114e-01, BpsHz:1.42181e-02
Node 62, SINR:2.42114e-01, BpsHz:1.42181e-02
Node 152, SINR:2.42114e-01, BpsHz:1.42181e-02
Node 181, SINR:2.42114e-01, BpsHz:1.42181e-02
Node 96, SINR:2.42114e-01, BpsHz:1.42181e-02
Node 180, SINR:2.42114e-01, BpsHz:1.42181e-02
Node 3, SINR:2.42114e-01, BpsHz:1.42181e-02
Node 161, SINR:2.42114e-01, BpsHz:1.42181e-02
Node 56, SINR:2.42114e-01, BpsHz:1.42181e-02
Node 182, SINR:2.42114e-01, BpsHz:1.42181e-02
Node 145, SINR:2.42114e-01, BpsHz:1.42181e-02
Node 119, SINR:0.00000e+00, BpsHz:0.00000e+00
Node 174, SINR:2.42114e-01, BpsHz:1.42181e-02
Node 2, SINR:2.42114e-01, BpsHz:1.42181e-02
Node 27, SINR:2.42114e-01, BpsHz:1.42181e-02
Node 65, SINR:2.42114e-01, BpsHz:1.42181e-02
---------------
==========Cluster 5, RcvInterf=2.74015e-14============
Node 190, SINR:0.00000e+00, BpsHz:0.00000e+00
Node 23, SINR:1.14502e-01, BpsHz:1.42181e-02
Node 173, SINR:1.14502e-01, BpsHz:1.42181e-02
Node 61, SINR:1.14502e-01, BpsHz:1.42181e-02
Node 127, SINR:1.14502e-01, BpsHz:1.42181e-02
Node 42, SINR:1.14502e-01, BpsHz:1.42181e-02
Node 107, SINR:1.14502e-01, BpsHz:1.42181e-02
Node 111, SINR:1.14502e-01, BpsHz:1.42181e-02
Node 44, SINR:1.14502e-01, BpsHz:1.42181e-02
Node 137, SINR:1.14502e-01, BpsHz:1.42181e-02
Node 169, SINR:1.14502e-01, BpsHz:1.42181e-02
Node 29, SINR:1.14502e-01, BpsHz:1.42181e-02
---------------
==========Cluster 6, RcvInterf=5.10775e-14============
Node 66, SINR:2.05928e-01, BpsHz:1.42181e-02
Node 147, SINR:2.05928e-01, BpsHz:1.42181e-02
Node 30, SINR:2.05928e-01, BpsHz:1.42181e-02
Node 97, SINR:2.05928e-01, BpsHz:1.42181e-02
Node 28, SINR:2.05928e-01, BpsHz:1.42181e-02
Node 153, SINR:2.05928e-01, BpsHz:1.42181e-02
Node 103, SINR:2.05928e-01, BpsHz:1.42181e-02
Node 32, SINR:2.05928e-01, BpsHz:1.42181e-02
Node 164, SINR:2.05928e-01, BpsHz:1.42181e-02
Node 22, SINR:2.05928e-01, BpsHz:1.42181e-02
Node 76, SINR:2.05928e-01, BpsHz:1.42181e-02
Node 82, SINR:2.05928e-01, BpsHz:1.42181e-02
Node 151, SINR:0.00000e+00, BpsHz:0.00000e+00
Node 24, SINR:2.05928e-01, BpsHz:1.42181e-02
Node 70, SINR:2.05928e-01, BpsHz:1.42181e-02
Node 121, SINR:2.05928e-01, BpsHz:1.42181e-02
Node 118, SINR:2.05928e-01, BpsHz:1.42181e-02
Node 143, SINR:2.05928e-01, BpsHz:1.42181e-02
Node 156, SINR:2.05928e-01, BpsHz:1.42181e-02
Node 159, SINR:2.05928e-01, BpsHz:1.42181e-02
---------------
==========Cluster 7, RcvInterf=1.28186e-14============
Node 98, SINR:0.00000e+00, BpsHz:0.00000e+00
Node 141, SINR:3.00071e-02, BpsHz:1.42181e-02
Node 185, SINR:3.00071e-02, BpsHz:1.42181e-02
Node 10, SINR:3.00071e-02, BpsHz:1.42181e-02
---------------
==========Cluster 8, RcvInterf=1.29957e-13============
Node 86, SINR:8.20332e-02, BpsHz:1.42181e-02
Node 38, SINR:8.20332e-02, BpsHz:1.42181e-02
Node 15, SINR:8.20332e-02, BpsHz:1.42181e-02
Node 184, SINR:8.20332e-02, BpsHz:1.42181e-02
Node 58, SINR:0.00000e+00, BpsHz:0.00000e+00
Node 112, SINR:8.20332e-02, BpsHz:1.42181e-02
Node 134, SINR:8.20332e-02, BpsHz:1.42181e-02
Node 136, SINR:8.20332e-02, BpsHz:1.42181e-02
Node 188, SINR:8.20332e-02, BpsHz:1.42181e-02
---------------
==========Cluster 9, RcvInterf=2.19018e-14============
Node 45, SINR:1.70796e-01, BpsHz:1.42181e-02
Node 60, SINR:1.70796e-01, BpsHz:1.42181e-02
Node 0, SINR:1.70796e-01, BpsHz:1.42181e-02
Node 110, SINR:1.70796e-01, BpsHz:1.42181e-02
Node 43, SINR:1.70796e-01, BpsHz:1.42181e-02
Node 167, SINR:1.70796e-01, BpsHz:1.42181e-02
Node 93, SINR:1.70796e-01, BpsHz:1.42181e-02
Node 77, SINR:1.70796e-01, BpsHz:1.42181e-02
Node 168, SINR:1.70796e-01, BpsHz:1.42181e-02
Node 114, SINR:1.70796e-01, BpsHz:1.42181e-02
Node 171, SINR:0.00000e+00, BpsHz:0.00000e+00
Node 120, SINR:1.70796e-01, BpsHz:1.42181e-02
Node 53, SINR:1.70796e-01, BpsHz:1.42181e-02
Node 162, SINR:1.70796e-01, BpsHz:1.42181e-02
Node 64, SINR:1.70796e-01, BpsHz:1.42181e-02
Node 99, SINR:1.70796e-01, BpsHz:1.42181e-02
Node 131, SINR:1.70796e-01, BpsHz:1.42181e-02
---------------
==========Cluster 10, RcvInterf=1.75969e-14============
Node 94, SINR:1.70796e-01, BpsHz:1.42181e-02
Node 1, SINR:1.70796e-01, BpsHz:1.42181e-02
Node 124, SINR:1.70796e-01, BpsHz:1.42181e-02
Node 78, SINR:1.70796e-01, BpsHz:1.42181e-02
Node 48, SINR:1.70796e-01, BpsHz:1.42181e-02
Node 176, SINR:1.70796e-01, BpsHz:1.42181e-02
Node 183, SINR:1.70796e-01, BpsHz:1.42181e-02
Node 163, SINR:1.70796e-01, BpsHz:1.42181e-02
Node 186, SINR:1.70796e-01, BpsHz:1.42181e-02
Node 50, SINR:1.70796e-01, BpsHz:1.42181e-02
Node 150, SINR:1.70796e-01, BpsHz:1.42181e-02
Node 11, SINR:1.70796e-01, BpsHz:1.42181e-02
Node 57, SINR:1.70796e-01, BpsHz:1.42181e-02
Node 191, SINR:0.00000e+00, BpsHz:0.00000e+00
Node 6, SINR:1.70796e-01, BpsHz:1.42181e-02
Node 55, SINR:1.70796e-01, BpsHz:1.42181e-02
Node 8, SINR:1.70796e-01, BpsHz:1.42181e-02
---------------
==========Cluster 11, RcvInterf=2.15806e-14============
Node -1, SINR:3.32941e-311, BpsHz:3.32941e-311
---------------
==========Cluster 12, RcvInterf=1.44612e-14============
Node 187, SINR:1.70796e-01, BpsHz:1.42181e-02
Node 142, SINR:1.70796e-01, BpsHz:1.42181e-02
Node 31, SINR:1.70796e-01, BpsHz:1.42181e-02
Node 133, SINR:1.70796e-01, BpsHz:1.42181e-02
Node 101, SINR:0.00000e+00, BpsHz:0.00000e+00
Node 41, SINR:1.70796e-01, BpsHz:1.42181e-02
Node 144, SINR:1.70796e-01, BpsHz:1.42181e-02
Node 193, SINR:1.70796e-01, BpsHz:1.42181e-02
Node 90, SINR:1.70796e-01, BpsHz:1.42181e-02
Node 148, SINR:1.70796e-01, BpsHz:1.42181e-02
Node 89, SINR:1.70796e-01, BpsHz:1.42181e-02
Node 192, SINR:1.70796e-01, BpsHz:1.42181e-02
Node 59, SINR:1.70796e-01, BpsHz:1.42181e-02
Node 25, SINR:1.70796e-01, BpsHz:1.42181e-02
Node 125, SINR:1.70796e-01, BpsHz:1.42181e-02
Node 117, SINR:1.70796e-01, BpsHz:1.42181e-02
Node 157, SINR:1.70796e-01, BpsHz:1.42181e-02
---------------
==========Cluster 13, RcvInterf=1.84568e-14============
Node 160, SINR:3.70762e-01, BpsHz:1.42181e-02
Node 81, SINR:3.70762e-01, BpsHz:1.42181e-02
Node 100, SINR:3.70762e-01, BpsHz:1.42181e-02
Node 104, SINR:3.70762e-01, BpsHz:1.42181e-02
Node 79, SINR:3.70762e-01, BpsHz:1.42181e-02
Node 87, SINR:3.70762e-01, BpsHz:1.42181e-02
Node 128, SINR:3.70762e-01, BpsHz:1.42181e-02
Node 95, SINR:3.70762e-01, BpsHz:1.42181e-02
Node 83, SINR:3.70762e-01, BpsHz:1.42181e-02
Node 17, SINR:3.70762e-01, BpsHz:1.42181e-02
Node 71, SINR:3.70762e-01, BpsHz:1.42181e-02
Node 69, SINR:3.70762e-01, BpsHz:1.42181e-02
Node 7, SINR:3.70762e-01, BpsHz:1.42181e-02
Node 26, SINR:3.70762e-01, BpsHz:1.42181e-02
Node 5, SINR:3.70762e-01, BpsHz:1.42181e-02
Node 36, SINR:3.70762e-01, BpsHz:1.42181e-02
Node 46, SINR:3.70762e-01, BpsHz:1.42181e-02
Node 4, SINR:3.70762e-01, BpsHz:1.42181e-02
Node 105, SINR:0.00000e+00, BpsHz:0.00000e+00
Node 9, SINR:3.70762e-01, BpsHz:1.42181e-02
Node 88, SINR:3.70762e-01, BpsHz:1.42181e-02
Node 20, SINR:3.70762e-01, BpsHz:1.42181e-02
Node 75, SINR:3.70762e-01, BpsHz:1.42181e-02
Node 16, SINR:3.70762e-01, BpsHz:1.42181e-02
Node 34, SINR:3.70762e-01, BpsHz:1.42181e-02
Node 54, SINR:3.70762e-01, BpsHz:1.42181e-02
Node 40, SINR:3.70762e-01, BpsHz:1.42181e-02
Node 19, SINR:3.70762e-01, BpsHz:1.42181e-02
Node 72, SINR:3.70762e-01, BpsHz:1.42181e-02
Node 37, SINR:3.70762e-01, BpsHz:1.42181e-02
Node 108, SINR:3.70762e-01, BpsHz:1.42181e-02
Node 102, SINR:3.70762e-01, BpsHz:1.42181e-02
Node 85, SINR:3.70762e-01, BpsHz:1.42181e-02
---------------
==========Cluster 14, RcvInterf=1.39380e-14============
Node -1, SINR:3.32941e-311, BpsHz:3.32941e-311
---------------
