195
15
1.000000e-03
4.041217e-307
171
8000
6.346657e+00
2.388916e+00
6.346657e-06
  inf
0 0 0 0 0 0 0 0 0 0 0 0 0 0 0 0 0 0 0 0 0 0 0 0 0 1 0 0 0 0 0 0 0 0 0 0 0 0 0 0 0 0 0 0 0 0 0 0 0 0 0 0 0 0 0 0 0 0 0 1 0 0 0 0 0 0 0 0 0 0 0 0 0 0 0 0 0 0 0 0 0 0 0 0 0 0 0 0 0 1 0 0 0 0 0 0 0 0 0 0 0 1 0 0 0 0 0 0 0 0 0 0 0 0 0 0 0 0 0 0 0 0 0 0 0 1 0 0 0 0 0 0 0 0 0 0 0 0 0 0 0 0 0 0 1 0 0 0 1 0 0 0 0 0 0 0 0 0 0 0 0 0 0 0 0 0 0 0 0 0 0 0 0 0 0 0 0 0 0 0 0 0 0 0 0 0 0 0 0 0 0 0 1 1 0 
0 0 0 0 0 0 0 0 0 0 0 0 0 0 0 0 0 0 0 0 0 0 0 0 0 0 0 0 0 0 0 0 0 0 0 0 0 0 0 0 0 0 0 0 0 0 0 0 0 0 0 0 0 0 0 0 0 0 0 0 0 0 0 0 0 0 0 0 0 0 0 0 0 0 0 0 0 0 0 0 0 0 0 0 0 0 0 0 0 0 0 0 0 0 0 0 0 0 0 0 0 0 0 0 0 0 0 0 0 0 0 0 0 0 0 0 0 0 0 0 0 0 1 0 0 0 0 0 0 0 0 0 0 0 0 0 0 0 0 0 0 0 0 0 0 0 1 0 0 0 0 0 0 0 0 0 0 0 0 0 0 0 0 0 0 0 0 0 0 0 0 0 0 0 0 0 0 0 0 0 0 0 0 0 0 0 0 0 0 0 0 0 0 0 0 
0 0 0 0 0 0 0 0 0 0 0 0 0 0 0 0 0 0 0 0 0 0 1 0 0 0 0 0 1 0 1 0 1 0 0 0 0 0 0 0 0 0 0 0 0 0 0 0 0 0 0 0 0 0 0 0 0 0 0 0 0 0 0 0 0 0 1 0 0 0 0 0 0 0 0 0 0 0 0 0 0 0 0 0 0 0 0 0 0 0 0 0 0 0 0 0 0 1 0 0 0 0 0 1 0 0 0 0 0 0 0 0 0 0 0 0 0 0 1 0 0 1 0 0 0 0 0 0 0 0 0 0 0 0 0 0 0 0 0 0 0 0 0 0 0 0 0 1 0 0 0 1 0 1 0 0 0 0 0 0 0 0 0 0 1 0 0 0 0 0 0 0 0 0 0 0 0 0 0 0 0 0 0 0 0 0 0 0 0 0 0 0 0 0 0 
0 0 1 1 0 0 0 0 0 0 0 0 0 0 0 0 0 0 0 0 0 0 0 0 0 0 0 0 0 1 0 0 0 0 0 0 0 0 0 0 0 0 0 0 0 0 0 0 0 0 0 0 0 0 0 0 1 0 0 0 0 0 1 0 0 0 0 0 0 0 0 0 0 1 0 0 0 0 0 0 0 0 0 0 0 0 0 0 0 0 0 1 0 0 0 0 1 0 0 0 0 0 0 0 0 0 0 0 0 0 0 0 0 0 0 1 0 0 0 1 0 0 0 0 0 0 0 0 0 0 0 0 0 0 0 1 0 0 1 1 1 0 0 0 0 1 0 0 0 0 0 0 1 0 0 0 0 0 1 0 0 0 0 0 0 0 0 0 0 0 0 0 0 0 1 0 0 0 0 0 1 1 0 0 0 0 0 0 0 0 1 0 0 0 0 
0 0 0 0 0 0 0 0 0 0 0 0 0 0 0 1 0 0 0 0 0 0 0 0 0 0 0 0 0 0 0 0 0 0 0 0 0 0 1 1 0 0 0 0 0 0 0 0 0 0 0 0 0 0 0 0 0 0 1 0 0 0 0 0 0 0 0 0 0 0 0 0 0 0 0 0 0 0 0 0 0 0 0 0 0 0 1 0 0 0 0 0 0 0 0 0 0 0 0 0 0 0 0 0 0 0 0 0 0 0 0 0 0 0 0 0 0 0 0 0 0 0 0 0 0 0 0 0 0 0 0 0 1 0 1 0 1 0 0 0 0 0 0 0 0 0 0 0 0 0 0 0 0 0 0 0 0 0 0 0 0 0 0 0 0 0 0 0 0 0 0 0 0 0 0 0 0 0 0 0 0 0 0 0 1 0 0 0 0 0 0 0 0 0 1 
0 0 0 0 0 0 0 1 0 0 0 0 0 0 0 0 1 1 0 0 1 0 0 0 0 0 0 0 0 0 0 0 0 0 1 0 0 0 0 0 0 0 0 0 0 0 0 0 0 0 0 0 0 0 0 0 0 0 0 0 0 0 0 0 0 0 0 0 0 1 0 1 0 0 0 1 0 0 0 0 0 0 0 0 0 0 0 0 0 0 0 0 0 0 0 0 0 0 0 0 0 0 0 0 0 1 0 0 0 0 0 0 0 0 0 0 0 0 0 0 0 0 0 0 0 0 0 0 0 0 0 0 0 0 0 0 0 0 0 0 0 0 0 0 0 0 0 0 0 0 0 0 0 0 0 0 0 0 0 0 0 0 0 0 0 0 0 0 0 0 0 0 0 0 0 0 0 0 0 0 0 0 0 0 0 0 0 0 0 0 0 0 0 0 0 
0 0 0 0 0 0 0 0 0 0 1 0 0 0 0 0 0 0 0 0 0 0 0 0 0 0 0 0 0 0 0 0 0 0 0 0 0 0 0 0 0 0 0 0 0 0 0 0 0 0 0 0 1 0 0 0 0 0 0 0 0 0 0 1 0 0 0 0 0 0 0 0 0 0 1 0 0 0 0 0 0 0 0 0 1 0 0 0 0 0 0 0 1 0 0 0 0 0 0 0 0 0 0 0 0 0 0 1 0 0 0 1 0 0 0 0 0 0 0 0 0 0 0 0 0 0 1 0 0 0 0 0 0 0 0 0 0 0 0 0 0 0 0 0 0 0 0 0 0 0 0 0 0 0 0 0 0 0 0 0 0 0 0 0 0 0 0 0 0 0 0 0 0 0 0 0 0 0 0 0 0 0 0 0 0 0 0 0 0 0 0 0 0 0 0 
0 1 0 0 0 0 1 0 0 0 0 1 0 0 0 0 0 0 0 0 0 1 0 0 0 0 0 0 0 0 0 0 0 0 0 0 0 0 0 0 0 0 0 0 0 0 0 0 1 0 1 0 0 0 0 1 0 1 0 0 0 0 0 0 0 0 0 0 0 0 0 0 0 0 0 0 0 0 1 0 0 0 0 0 0 0 0 0 0 0 0 0 0 0 1 0 0 0 0 0 0 0 0 0 0 0 0 0 0 0 0 0 1 0 0 0 0 0 0 0 0 0 0 0 1 0 0 0 0 0 0 0 0 0 0 0 0 0 0 0 0 0 0 0 0 0 0 0 0 0 0 0 0 0 0 0 0 0 0 0 0 0 0 1 0 0 0 0 0 0 0 0 0 0 0 0 1 0 0 0 0 0 0 1 0 0 1 0 1 0 0 1 0 0 0 
0 0 0 0 0 0 0 0 0 0 0 0 0 0 0 0 0 0 0 0 0 0 0 0 0 0 0 0 0 0 0 0 0 0 0 0 0 0 0 0 0 0 0 0 0 0 0 0 0 0 0 0 0 0 0 0 0 0 0 0 0 0 0 0 0 0 0 0 0 0 0 0 0 0 0 0 0 0 0 0 0 0 0 0 0 0 0 0 0 0 0 0 0 0 0 0 0 0 0 0 0 0 0 0 0 0 0 0 0 0 0 0 0 0 0 0 0 0 0 0 0 0 0 0 0 0 0 0 0 0 0 0 0 0 0 0 0 0 0 0 0 0 0 0 0 0 0 0 0 0 0 0 0 0 0 0 0 0 0 0 0 0 0 0 0 0 0 0 0 0 0 0 0 0 0 0 0 0 0 0 0 0 0 0 0 0 0 0 0 0 0 0 0 0 0 
0 0 0 0 1 0 0 0 0 1 0 0 0 0 0 0 0 0 0 0 0 0 0 0 0 0 1 0 0 0 0 0 0 0 0 0 0 1 0 0 0 0 0 1 0 1 1 0 0 0 0 0 0 1 0 0 0 0 0 0 1 0 0 0 1 0 0 0 0 0 0 0 1 0 0 0 0 1 0 0 0 0 0 0 0 0 0 0 0 0 0 0 0 1 0 0 0 0 0 1 0 0 0 0 0 0 0 0 1 0 1 0 0 0 1 0 0 0 0 0 1 0 0 0 0 0 0 0 0 0 0 1 0 0 0 0 0 0 0 0 0 0 0 0 0 0 0 0 0 0 0 0 0 0 0 0 0 0 0 0 0 0 1 0 0 0 0 1 1 0 0 1 0 0 0 0 0 0 0 0 0 0 0 0 0 0 0 0 0 0 0 0 0 0 0 
0 0 0 0 0 0 0 0 0 0 0 0 0 0 0 0 0 0 0 0 0 0 0 0 0 0 0 0 0 0 0 0 0 0 0 0 0 0 0 0 0 0 0 0 0 0 0 1 0 0 0 0 0 0 0 0 0 0 0 0 0 0 0 0 0 0 0 0 0 0 0 0 0 0 0 0 0 0 0 0 1 0 0 0 0 0 0 0 0 0 0 0 0 0 0 0 0 0 1 0 0 0 0 0 0 0 0 0 0 0 0 0 0 0 0 0 0 0 0 0 0 0 0 0 0 0 0 0 0 0 0 0 0 0 0 0 0 0 0 0 0 1 0 0 0 0 0 0 0 0 0 0 0 0 1 1 0 0 0 0 0 0 0 0 0 0 0 0 0 0 0 0 0 0 0 1 0 0 0 0 0 0 0 0 0 1 0 0 0 0 0 0 0 0 0 
0 0 0 0 0 0 0 0 0 0 0 0 0 0 0 0 0 0 1 0 0 0 0 0 0 0 0 0 0 0 0 0 0 1 0 0 0 0 0 0 0 0 0 0 0 0 0 0 0 0 0 1 0 0 0 0 0 0 0 0 0 0 0 0 0 0 0 0 1 0 0 0 0 0 0 0 0 0 0 0 0 0 0 0 0 0 0 0 0 0 0 0 0 0 0 0 0 0 0 0 0 0 0 0 0 0 1 0 0 1 0 0 0 0 0 0 0 0 0 0 0 0 0 0 0 0 0 0 0 0 1 0 0 0 0 0 0 0 0 0 0 0 0 0 0 0 0 0 0 1 0 0 0 0 0 0 0 0 0 0 0 0 0 0 0 1 0 0 0 0 0 0 0 0 0 0 0 1 1 1 0 0 0 0 0 0 0 0 0 1 0 0 0 0 0 
0 0 0 0 0 0 0 0 0 0 0 0 0 0 0 0 0 0 0 0 0 0 0 0 1 0 0 0 0 0 0 1 0 0 0 0 0 0 0 0 0 1 0 0 0 0 0 0 0 0 0 0 0 0 0 0 0 0 0 0 0 0 0 0 0 0 0 0 0 0 1 0 0 0 0 0 1 0 0 0 0 0 1 0 0 0 0 0 0 0 1 0 0 0 0 0 0 0 0 0 0 0 0 0 0 0 0 0 0 0 0 0 0 0 0 0 0 1 0 0 0 0 0 1 0 0 0 0 0 0 0 0 0 1 0 0 0 0 0 0 0 0 1 1 0 0 0 0 0 0 0 0 0 0 0 0 1 1 0 1 0 0 0 0 0 0 0 0 0 0 0 0 0 0 0 0 0 0 0 0 0 0 0 0 0 0 0 1 0 0 0 0 0 0 0 
0 0 0 0 0 0 0 0 0 0 0 0 0 1 0 0 0 0 0 1 0 0 0 0 0 0 0 0 0 0 0 0 0 0 0 0 1 0 0 0 0 0 0 0 0 0 0 0 0 0 0 0 0 0 1 0 0 0 0 0 0 0 0 0 0 1 0 0 0 0 0 0 0 0 0 0 0 0 0 1 0 1 0 1 0 1 0 1 1 0 0 0 0 0 0 1 0 0 0 0 1 0 1 0 1 0 0 0 0 0 0 0 0 0 0 0 0 0 0 0 0 0 0 0 0 0 0 0 1 0 0 0 0 0 0 0 0 0 0 0 0 0 0 0 0 0 0 0 0 0 0 0 0 0 0 0 0 0 0 0 1 1 0 0 0 0 0 0 0 0 0 0 0 0 0 0 0 0 0 0 0 0 1 0 0 0 0 0 0 0 0 0 0 0 0 
0 0 0 0 0 0 0 0 0 0 0 0 0 0 1 0 0 0 0 0 0 0 0 1 0 0 0 1 0 0 0 0 0 0 0 1 0 0 0 0 0 0 1 0 1 0 0 0 0 0 0 0 0 0 0 0 0 0 0 0 0 1 0 0 0 0 0 0 0 0 0 0 0 0 0 0 0 0 0 0 0 0 0 0 0 0 0 0 0 0 0 0 0 0 0 0 0 0 0 0 0 0 0 0 0 0 0 0 0 0 0 0 0 1 0 0 1 0 0 0 0 0 0 0 0 0 0 1 0 0 0 0 0 0 0 0 0 1 0 0 0 0 0 0 0 0 0 0 0 0 0 0 0 0 0 0 0 0 0 0 0 0 0 0 0 0 1 0 0 1 1 0 1 1 0 0 0 0 0 0 0 0 0 0 0 0 0 0 0 0 0 0 0 0 0 
193 123 154 3 59 70 93 164 0 94 186 178 134 88 62 
0.000000E+00 8.353208E-05 0.000000E+00 1.128282E-05 6.032705E-06 0.000000E+00 3.053743E-04 1.010030E-06 0.000000E+00 8.560132E-05 2.723728E-06 2.330114E-05 0.000000E+00 1.016272E-04 1.438207E-04 4.544424E-06 1.127943E-05 1.514671E-07 1.957377E-04 8.335833E-05 5.987098E-06 2.422642E-05 8.786167E-05 1.602834E-05 1.595702E-05 9.551541E-07 8.856133E-05 6.949160E-05 1.103495E-05 2.890360E-06 9.683286E-08 1.385504E-06 5.248428E-06 2.995157E-05 1.205054E-05 8.779065E-05 1.832491E-04 8.296309E-05 8.771636E-08 6.704719E-05 0.000000E+00 2.612619E-05 4.387860E-07 1.624709E-05 2.093904E-04 1.589125E-04 1.982408E-05 3.581998E-06 3.746012E-07 0.000000E+00 3.542258E-06 1.046524E-04 3.011910E-07 7.321966E-04 1.544302E-04 1.038661E-05 6.747675E-04 1.307312E-05 0.000000E+00 2.477010E-06 1.841558E-04 0.000000E+00 5.370906E-04 7.183367E-10 2.536933E-04 2.625235E-04 6.388448E-07 0.000000E+00 7.207412E-05 0.000000E+00 1.512557E-06 2.556915E-06 3.513151E-04 7.281575E-05 5.946258E-07 8.861940E-06 1.036890E-04 1.895596E-07 2.583263E-06 5.736384E-05 4.665614E-07 1.609241E-07 6.797478E-05 3.393229E-05 1.999999E-06 5.892253E-05 1.252580E-06 0.000000E+00 4.215115E-06 2.791630E-08 1.160123E-05 1.417054E-04 0.000000E+00 0.000000E+00 2.588146E-06 8.984006E-06 3.097405E-04 3.135988E-07 2.744783E-07 9.995413E-04 3.031415E-05 8.353073E-10 7.447129E-05 3.508680E-07 5.879195E-07 7.268820E-08 2.873671E-05 7.721371E-06 7.895741E-04 1.154974E-04 4.964952E-05 2.272947E-06 1.306313E-05 4.749163E-05 6.983258E-04 1.557242E-04 1.633468E-04 4.597778E-05 2.057847E-04 6.846639E-07 1.778235E-06 2.116583E-05 0.000000E+00 7.572652E-06 2.197158E-04 1.386891E-05 2.472831E-08 5.395338E-05 2.980987E-06 0.000000E+00 6.496493E-08 7.303159E-04 2.377161E-05 0.000000E+00 7.252890E-09 2.431162E-05 9.681021E-06 7.234291E-06 2.825100E-04 1.011424E-05 1.335692E-04 3.461522E-08 2.304603E-06 3.053235E-05 1.041137E-06 6.236084E-06 5.303511E-08 6.818310E-05 1.125651E-06 6.026612E-06 0.000000E+00 1.470704E-07 8.241952E-05 0.000000E+00 3.294709E-07 1.458504E-06 1.076446E-04 1.013558E-04 7.441084E-05 1.333971E-04 1.708708E-05 4.139328E-04 1.299559E-04 0.000000E+00 2.091828E-05 1.202776E-04 1.172644E-05 7.197344E-06 1.381386E-06 1.097368E-05 8.013382E-05 4.052849E-07 1.236941E-04 3.902387E-07 2.397305E-07 3.061599E-07 1.069214E-04 0.000000E+00 7.367290E-07 8.096018E-05 4.871421E-05 4.574447E-06 7.596093E-05 2.476125E-04 3.212326E-06 0.000000E+00 1.965423E-04 6.020859E-09 4.123233E-05 1.021817E-04 7.366556E-07 1.123027E-05 0.000000E+00 4.706236E-07 1.275061E-05 
149 102 193 90 26 194 60 145 126 
123 147 
165 23 33 29 148 122 67 31 154 98 152 104 119 
4 74 116 120 136 139 140 146 153 181 182 175 30 3 97 191 92 63 159 57 141 
137 87 16 39 59 185 135 195 133 40 
70 106 8 76 18 35 21 17 72 
93 53 75 112 64 127 85 11 108 
113 95 22 49 79 2 164 177 125 192 184 189 51 7 12 56 187 58 
0 
46 61 65 73 109 38 10 169 5 78 94 115 172 121 168 44 47 54 100 132 111 27 163 
142 186 176 99 156 155 81 48 
19 180 69 34 150 52 131 190 110 166 107 179 178 
124 134 188 143 32 118 71 144 42 157 160 25 83 91 158 77 
14 89 82 55 161 105 101 88 103 20 66 183 86 80 129 96 162 84 37 
15 24 45 114 117 128 138 167 171 173 170 62 28 43 36 174 

============Find Best @ Round 7214================
==========Cluster 0, RcvInterf=2.22907e-14============
Node 148, SINR:1.38331e-01, BpsHz:2.33650e-02
Node 101, SINR:1.38331e-01, BpsHz:2.33650e-02
Node 192, SINR:0.00000e+00, BpsHz:0.00000e+00
Node 89, SINR:1.38331e-01, BpsHz:2.33650e-02
Node 25, SINR:1.38331e-01, BpsHz:2.33650e-02
Node 193, SINR:1.38331e-01, BpsHz:2.33650e-02
Node 59, SINR:1.38331e-01, BpsHz:2.33650e-02
Node 144, SINR:1.38331e-01, BpsHz:2.33650e-02
Node 125, SINR:1.38331e-01, BpsHz:2.33650e-02
---------------
==========Cluster 1, RcvInterf=2.69660e-14============
Node 122, SINR:0.00000e+00, BpsHz:0.00000e+00
Node 146, SINR:1.63273e-02, BpsHz:2.33650e-02
---------------
==========Cluster 2, RcvInterf=1.79347e-14============
Node 164, SINR:2.14515e-01, BpsHz:2.33650e-02
Node 22, SINR:2.14515e-01, BpsHz:2.33650e-02
Node 32, SINR:2.14515e-01, BpsHz:2.33650e-02
Node 28, SINR:2.14515e-01, BpsHz:2.33650e-02
Node 147, SINR:2.14515e-01, BpsHz:2.33650e-02
Node 121, SINR:2.14515e-01, BpsHz:2.33650e-02
Node 66, SINR:2.14515e-01, BpsHz:2.33650e-02
Node 30, SINR:2.14515e-01, BpsHz:2.33650e-02
Node 153, SINR:0.00000e+00, BpsHz:0.00000e+00
Node 97, SINR:2.14515e-01, BpsHz:2.33650e-02
Node 151, SINR:2.14515e-01, BpsHz:2.33650e-02
Node 103, SINR:2.14515e-01, BpsHz:2.33650e-02
Node 118, SINR:2.14515e-01, BpsHz:2.33650e-02
---------------
==========Cluster 3, RcvInterf=1.79111e-14============
Node 3, SINR:3.82520e-01, BpsHz:2.33650e-02
Node 73, SINR:3.82520e-01, BpsHz:2.33650e-02
Node 115, SINR:3.82520e-01, BpsHz:2.33650e-02
Node 119, SINR:3.82520e-01, BpsHz:2.33650e-02
Node 135, SINR:3.82520e-01, BpsHz:2.33650e-02
Node 138, SINR:3.82520e-01, BpsHz:2.33650e-02
Node 139, SINR:3.82520e-01, BpsHz:2.33650e-02
Node 145, SINR:3.82520e-01, BpsHz:2.33650e-02
Node 152, SINR:3.82520e-01, BpsHz:2.33650e-02
Node 180, SINR:3.82520e-01, BpsHz:2.33650e-02
Node 181, SINR:3.82520e-01, BpsHz:2.33650e-02
Node 174, SINR:3.82520e-01, BpsHz:2.33650e-02
Node 29, SINR:3.82520e-01, BpsHz:2.33650e-02
Node 2, SINR:0.00000e+00, BpsHz:0.00000e+00
Node 96, SINR:3.82520e-01, BpsHz:2.33650e-02
Node 190, SINR:3.82520e-01, BpsHz:2.33650e-02
Node 91, SINR:3.82520e-01, BpsHz:2.33650e-02
Node 62, SINR:3.82520e-01, BpsHz:2.33650e-02
Node 158, SINR:3.82520e-01, BpsHz:2.33650e-02
Node 56, SINR:3.82520e-01, BpsHz:2.33650e-02
Node 140, SINR:3.82520e-01, BpsHz:2.33650e-02
---------------
==========Cluster 4, RcvInterf=2.09597e-14============
Node 136, SINR:1.56917e-01, BpsHz:2.33650e-02
Node 86, SINR:1.56917e-01, BpsHz:2.33650e-02
Node 15, SINR:1.56917e-01, BpsHz:2.33650e-02
Node 38, SINR:1.56917e-01, BpsHz:2.33650e-02
Node 58, SINR:0.00000e+00, BpsHz:0.00000e+00
Node 184, SINR:1.56917e-01, BpsHz:2.33650e-02
Node 134, SINR:1.56917e-01, BpsHz:2.33650e-02
Node 194, SINR:1.56917e-01, BpsHz:2.33650e-02
Node 132, SINR:1.56917e-01, BpsHz:2.33650e-02
Node 39, SINR:1.56917e-01, BpsHz:2.33650e-02
---------------
==========Cluster 5, RcvInterf=5.12304e-14============
Node 69, SINR:0.00000e+00, BpsHz:0.00000e+00
Node 105, SINR:1.38331e-01, BpsHz:2.33650e-02
Node 7, SINR:1.38331e-01, BpsHz:2.33650e-02
Node 75, SINR:1.38331e-01, BpsHz:2.33650e-02
Node 17, SINR:1.38331e-01, BpsHz:2.33650e-02
Node 34, SINR:1.38331e-01, BpsHz:2.33650e-02
Node 20, SINR:1.38331e-01, BpsHz:2.33650e-02
Node 16, SINR:1.38331e-01, BpsHz:2.33650e-02
Node 71, SINR:1.38331e-01, BpsHz:2.33650e-02
---------------
==========Cluster 6, RcvInterf=1.28657e-14============
Node 92, SINR:0.00000e+00, BpsHz:0.00000e+00
Node 52, SINR:1.38331e-01, BpsHz:2.33650e-02
Node 74, SINR:1.38331e-01, BpsHz:2.33650e-02
Node 111, SINR:1.38331e-01, BpsHz:2.33650e-02
Node 63, SINR:1.38331e-01, BpsHz:2.33650e-02
Node 126, SINR:1.38331e-01, BpsHz:2.33650e-02
Node 84, SINR:1.38331e-01, BpsHz:2.33650e-02
Node 10, SINR:1.38331e-01, BpsHz:2.33650e-02
Node 107, SINR:1.38331e-01, BpsHz:2.33650e-02
---------------
==========Cluster 7, RcvInterf=1.86450e-14============
Node 112, SINR:3.16954e-01, BpsHz:2.33650e-02
Node 94, SINR:3.16954e-01, BpsHz:2.33650e-02
Node 21, SINR:3.16954e-01, BpsHz:2.33650e-02
Node 48, SINR:3.16954e-01, BpsHz:2.33650e-02
Node 78, SINR:3.16954e-01, BpsHz:2.33650e-02
Node 1, SINR:3.16954e-01, BpsHz:2.33650e-02
Node 163, SINR:0.00000e+00, BpsHz:0.00000e+00
Node 176, SINR:3.16954e-01, BpsHz:2.33650e-02
Node 124, SINR:3.16954e-01, BpsHz:2.33650e-02
Node 191, SINR:3.16954e-01, BpsHz:2.33650e-02
Node 183, SINR:3.16954e-01, BpsHz:2.33650e-02
Node 188, SINR:3.16954e-01, BpsHz:2.33650e-02
Node 50, SINR:3.16954e-01, BpsHz:2.33650e-02
Node 6, SINR:3.16954e-01, BpsHz:2.33650e-02
Node 11, SINR:3.16954e-01, BpsHz:2.33650e-02
Node 55, SINR:3.16954e-01, BpsHz:2.33650e-02
Node 186, SINR:3.16954e-01, BpsHz:2.33650e-02
Node 57, SINR:3.16954e-01, BpsHz:2.33650e-02
---------------
==========Cluster 8, RcvInterf=2.43467e-14============
Node -1, SINR:3.32941e-311, BpsHz:3.32941e-311
---------------
==========Cluster 9, RcvInterf=1.23565e-14============
Node 45, SINR:4.28034e-01, BpsHz:2.33650e-02
Node 60, SINR:4.28034e-01, BpsHz:2.33650e-02
Node 64, SINR:4.28034e-01, BpsHz:2.33650e-02
Node 72, SINR:4.28034e-01, BpsHz:2.33650e-02
Node 108, SINR:4.28034e-01, BpsHz:2.33650e-02
Node 37, SINR:4.28034e-01, BpsHz:2.33650e-02
Node 9, SINR:4.28034e-01, BpsHz:2.33650e-02
Node 168, SINR:4.28034e-01, BpsHz:2.33650e-02
Node 4, SINR:4.28034e-01, BpsHz:2.33650e-02
Node 77, SINR:4.28034e-01, BpsHz:2.33650e-02
Node 93, SINR:0.00000e+00, BpsHz:0.00000e+00
Node 114, SINR:4.28034e-01, BpsHz:2.33650e-02
Node 171, SINR:4.28034e-01, BpsHz:2.33650e-02
Node 120, SINR:4.28034e-01, BpsHz:2.33650e-02
Node 167, SINR:4.28034e-01, BpsHz:2.33650e-02
Node 43, SINR:4.28034e-01, BpsHz:2.33650e-02
Node 46, SINR:4.28034e-01, BpsHz:2.33650e-02
Node 53, SINR:4.28034e-01, BpsHz:2.33650e-02
Node 99, SINR:4.28034e-01, BpsHz:2.33650e-02
Node 131, SINR:4.28034e-01, BpsHz:2.33650e-02
Node 110, SINR:4.28034e-01, BpsHz:2.33650e-02
Node 26, SINR:4.28034e-01, BpsHz:2.33650e-02
Node 162, SINR:4.28034e-01, BpsHz:2.33650e-02
---------------
==========Cluster 10, RcvInterf=4.56720e-14============
Node 141, SINR:1.20044e-01, BpsHz:2.33650e-02
Node 185, SINR:0.00000e+00, BpsHz:0.00000e+00
Node 175, SINR:1.20044e-01, BpsHz:2.33650e-02
Node 98, SINR:1.20044e-01, BpsHz:2.33650e-02
Node 155, SINR:1.20044e-01, BpsHz:2.33650e-02
Node 154, SINR:1.20044e-01, BpsHz:2.33650e-02
Node 80, SINR:1.20044e-01, BpsHz:2.33650e-02
Node 47, SINR:1.20044e-01, BpsHz:2.33650e-02
---------------
==========Cluster 11, RcvInterf=2.17430e-14============
Node 18, SINR:2.14515e-01, BpsHz:2.33650e-02
Node 179, SINR:2.14515e-01, BpsHz:2.33650e-02
Node 68, SINR:2.14515e-01, BpsHz:2.33650e-02
Node 33, SINR:2.14515e-01, BpsHz:2.33650e-02
Node 149, SINR:2.14515e-01, BpsHz:2.33650e-02
Node 51, SINR:2.14515e-01, BpsHz:2.33650e-02
Node 130, SINR:2.14515e-01, BpsHz:2.33650e-02
Node 189, SINR:2.14515e-01, BpsHz:2.33650e-02
Node 109, SINR:2.14515e-01, BpsHz:2.33650e-02
Node 165, SINR:2.14515e-01, BpsHz:2.33650e-02
Node 106, SINR:2.14515e-01, BpsHz:2.33650e-02
Node 178, SINR:2.14515e-01, BpsHz:2.33650e-02
Node 177, SINR:0.00000e+00, BpsHz:0.00000e+00
---------------
==========Cluster 12, RcvInterf=3.69072e-14============
Node 123, SINR:2.74981e-01, BpsHz:2.33650e-02
Node 133, SINR:0.00000e+00, BpsHz:0.00000e+00
Node 187, SINR:2.74981e-01, BpsHz:2.33650e-02
Node 142, SINR:2.74981e-01, BpsHz:2.33650e-02
Node 31, SINR:2.74981e-01, BpsHz:2.33650e-02
Node 117, SINR:2.74981e-01, BpsHz:2.33650e-02
Node 70, SINR:2.74981e-01, BpsHz:2.33650e-02
Node 143, SINR:2.74981e-01, BpsHz:2.33650e-02
Node 41, SINR:2.74981e-01, BpsHz:2.33650e-02
Node 156, SINR:2.74981e-01, BpsHz:2.33650e-02
Node 159, SINR:2.74981e-01, BpsHz:2.33650e-02
Node 24, SINR:2.74981e-01, BpsHz:2.33650e-02
Node 82, SINR:2.74981e-01, BpsHz:2.33650e-02
Node 90, SINR:2.74981e-01, BpsHz:2.33650e-02
Node 157, SINR:2.74981e-01, BpsHz:2.33650e-02
Node 76, SINR:2.74981e-01, BpsHz:2.33650e-02
---------------
==========Cluster 13, RcvInterf=1.90183e-14============
Node 13, SINR:3.38457e-01, BpsHz:2.33650e-02
Node 88, SINR:3.38457e-01, BpsHz:2.33650e-02
Node 81, SINR:3.38457e-01, BpsHz:2.33650e-02
Node 54, SINR:3.38457e-01, BpsHz:2.33650e-02
Node 160, SINR:3.38457e-01, BpsHz:2.33650e-02
Node 104, SINR:3.38457e-01, BpsHz:2.33650e-02
Node 100, SINR:3.38457e-01, BpsHz:2.33650e-02
Node 87, SINR:0.00000e+00, BpsHz:0.00000e+00
Node 102, SINR:3.38457e-01, BpsHz:2.33650e-02
Node 19, SINR:3.38457e-01, BpsHz:2.33650e-02
Node 65, SINR:3.38457e-01, BpsHz:2.33650e-02
Node 182, SINR:3.38457e-01, BpsHz:2.33650e-02
Node 85, SINR:3.38457e-01, BpsHz:2.33650e-02
Node 79, SINR:3.38457e-01, BpsHz:2.33650e-02
Node 128, SINR:3.38457e-01, BpsHz:2.33650e-02
Node 95, SINR:3.38457e-01, BpsHz:2.33650e-02
Node 161, SINR:3.38457e-01, BpsHz:2.33650e-02
Node 83, SINR:3.38457e-01, BpsHz:2.33650e-02
Node 36, SINR:3.38457e-01, BpsHz:2.33650e-02
---------------
==========Cluster 14, RcvInterf=1.99218e-14============
Node 14, SINR:2.74981e-01, BpsHz:2.33650e-02
Node 23, SINR:2.74981e-01, BpsHz:2.33650e-02
Node 44, SINR:2.74981e-01, BpsHz:2.33650e-02
Node 113, SINR:2.74981e-01, BpsHz:2.33650e-02
Node 116, SINR:2.74981e-01, BpsHz:2.33650e-02
Node 127, SINR:2.74981e-01, BpsHz:2.33650e-02
Node 137, SINR:2.74981e-01, BpsHz:2.33650e-02
Node 166, SINR:2.74981e-01, BpsHz:2.33650e-02
Node 170, SINR:2.74981e-01, BpsHz:2.33650e-02
Node 172, SINR:2.74981e-01, BpsHz:2.33650e-02
Node 169, SINR:2.74981e-01, BpsHz:2.33650e-02
Node 61, SINR:0.00000e+00, BpsHz:0.00000e+00
Node 27, SINR:2.74981e-01, BpsHz:2.33650e-02
Node 42, SINR:2.74981e-01, BpsHz:2.33650e-02
Node 35, SINR:2.74981e-01, BpsHz:2.33650e-02
Node 173, SINR:2.74981e-01, BpsHz:2.33650e-02
---------------
