195
15
1.000000e-03
2.525175e-312
171
8000
5.905113e+00
2.884521e+00
5.905113e-06
  inf
0 0 0 0 0 0 0 0 0 0 1 0 0 0 0 0 0 0 0 0 0 0 0 0 0 1 0 0 0 0 0 0 0 0 0 0 0 0 0 0 0 0 0 0 0 0 0 0 0 0 0 0 0 0 0 0 0 0 0 1 0 0 0 0 0 0 0 0 0 0 0 0 0 0 0 0 0 0 0 0 0 0 0 0 0 0 0 0 0 1 0 0 0 0 0 0 0 0 0 0 0 1 0 0 0 0 0 0 0 0 0 0 0 0 0 0 0 0 0 0 0 0 0 0 0 1 0 0 0 0 0 0 0 0 0 0 0 0 0 0 0 0 0 0 1 0 0 0 1 0 0 0 0 0 0 0 0 0 0 0 0 0 0 0 0 0 0 0 0 0 0 0 0 0 0 0 0 0 0 0 0 0 0 0 0 0 0 0 0 0 0 0 1 1 0 
0 0 0 0 0 0 0 0 0 0 0 0 0 0 0 0 0 0 0 0 0 0 0 0 0 0 0 0 0 0 0 0 0 0 0 0 0 0 0 0 0 0 0 0 0 0 0 0 0 0 0 0 1 0 0 0 0 0 0 0 0 0 0 0 0 0 0 0 0 0 0 0 0 0 1 0 0 0 0 0 0 0 0 0 1 0 0 0 0 0 0 0 0 0 0 0 0 0 0 0 0 0 0 0 0 0 0 1 0 0 0 1 0 0 0 0 0 0 0 0 0 0 0 0 0 0 0 0 0 0 0 0 0 0 0 0 0 0 0 0 0 0 0 0 0 0 0 0 0 0 0 0 0 0 0 0 0 0 0 0 0 0 0 0 0 0 0 0 0 0 0 0 0 0 0 0 0 0 0 0 0 0 0 0 0 0 0 0 0 0 0 0 0 0 0 
0 0 0 0 0 0 0 0 0 0 0 0 0 0 0 0 0 0 0 0 0 0 0 0 0 0 0 0 0 0 0 0 0 0 0 0 0 0 0 0 0 0 0 0 0 0 0 0 0 0 0 0 0 0 0 0 0 0 0 0 0 0 0 0 0 0 0 0 0 0 0 0 0 0 0 0 0 0 0 0 0 0 0 0 0 0 0 0 0 0 0 0 1 0 0 0 0 0 0 0 0 0 0 0 0 0 0 0 0 0 0 0 0 0 0 0 0 0 0 0 0 0 0 0 0 0 1 0 0 0 0 0 0 0 0 0 0 0 0 0 0 0 0 0 0 0 0 0 0 0 0 0 0 0 0 0 0 0 0 0 0 0 0 0 0 0 0 0 0 0 0 0 0 0 0 0 0 0 0 0 0 0 0 0 0 0 0 0 0 0 0 0 0 0 0 
0 0 0 0 0 0 0 0 0 0 0 0 0 0 0 0 1 0 0 0 1 0 0 0 0 0 0 0 0 0 0 0 0 0 1 0 0 0 0 0 1 0 0 0 0 0 0 0 0 0 0 0 0 0 0 0 0 0 0 0 0 0 0 0 0 0 0 0 0 0 0 0 0 0 0 1 0 0 0 0 0 0 0 0 0 0 0 0 0 0 0 0 0 0 0 0 0 0 0 0 0 0 0 0 0 0 0 0 0 0 0 0 0 0 0 0 0 0 0 0 0 0 0 0 0 0 0 0 0 0 0 0 0 0 0 0 0 0 0 0 0 0 0 0 0 0 0 0 0 0 0 0 0 0 0 0 0 0 0 0 0 0 0 0 0 0 0 0 0 0 0 0 0 0 0 0 0 0 0 0 0 0 0 0 0 0 0 0 0 0 0 0 0 0 0 
0 0 1 0 0 0 0 0 0 0 0 0 0 0 0 0 0 0 0 0 0 0 0 1 0 0 0 1 0 0 0 0 0 0 0 0 0 0 0 0 0 0 1 0 1 0 0 0 0 0 0 0 0 0 0 0 1 0 0 0 0 1 0 0 0 0 0 0 0 0 0 0 0 0 0 0 0 0 0 0 0 0 0 0 0 0 0 0 0 0 0 0 0 0 0 0 1 0 0 0 0 0 0 0 0 0 0 0 0 0 0 0 0 0 0 0 0 0 0 0 0 0 0 0 0 0 0 1 0 0 0 0 0 0 0 0 0 1 0 0 0 0 0 0 0 0 0 0 0 0 0 0 0 0 0 0 0 0 0 0 0 0 0 0 0 0 0 0 0 1 0 0 0 1 0 0 0 0 0 0 0 0 0 0 0 0 0 0 0 0 1 0 0 0 0 
1 0 0 0 1 0 0 0 0 1 0 0 0 0 0 0 0 0 0 0 0 0 0 0 0 0 0 0 0 0 0 0 0 0 0 0 0 1 0 0 0 0 0 1 0 1 1 0 0 0 0 0 0 1 0 0 0 0 0 0 1 0 0 0 1 0 0 1 0 0 0 0 1 0 0 0 0 1 0 0 0 0 0 0 0 0 0 0 0 0 0 0 0 1 0 0 0 0 0 1 0 0 0 0 0 0 0 0 1 0 1 0 0 0 1 0 0 0 0 0 1 0 0 0 0 0 0 0 0 0 0 1 0 0 0 0 0 0 0 0 0 0 0 0 0 0 0 0 0 0 0 0 0 0 0 0 0 0 0 0 0 0 1 0 0 0 0 1 1 0 0 1 0 0 0 0 0 0 0 0 0 0 0 0 0 0 0 0 0 0 0 0 0 0 0 
0 0 0 0 0 0 0 0 0 0 0 0 0 0 0 0 0 0 0 0 0 0 0 0 0 0 0 0 0 0 0 0 0 0 0 0 0 0 0 0 0 0 0 0 0 0 0 0 0 0 0 0 0 0 0 0 0 0 0 0 0 0 0 0 0 0 0 0 0 0 0 0 0 0 0 0 0 0 0 0 0 0 0 0 0 0 0 0 0 0 0 0 0 0 0 0 0 0 0 0 0 0 0 0 0 0 0 0 0 0 0 0 0 0 0 0 0 0 0 0 0 0 0 0 0 0 0 0 0 0 0 0 0 0 0 0 0 0 0 0 0 0 0 0 0 0 0 0 0 0 0 0 0 0 0 0 0 0 0 0 0 0 0 0 0 0 0 0 0 0 0 0 0 0 0 0 0 0 0 0 0 0 0 0 0 0 0 0 0 0 0 0 0 0 0 
0 0 0 1 0 0 0 0 0 0 0 0 0 0 0 0 0 0 0 0 0 0 0 0 0 0 0 0 0 1 0 0 0 0 0 0 0 0 0 0 0 0 0 0 0 0 0 0 0 0 0 0 0 0 0 0 0 0 0 0 0 0 1 0 0 0 0 0 0 0 0 0 0 1 0 0 0 0 0 0 0 0 0 0 0 0 0 0 0 0 0 1 0 0 0 0 0 0 0 0 0 0 0 0 0 0 0 0 0 0 0 0 0 0 0 1 0 0 0 1 0 0 0 0 0 0 0 0 0 0 0 0 0 0 0 1 0 0 1 1 1 0 0 0 0 1 0 0 0 0 0 0 1 0 0 0 0 0 1 0 0 0 0 0 0 0 0 0 0 0 0 0 0 0 1 0 0 0 0 0 1 1 0 0 0 0 0 0 0 0 0 0 0 0 0 
0 1 0 0 0 0 1 0 0 0 0 1 0 0 0 0 0 0 0 0 0 1 0 0 0 0 0 0 0 0 0 0 0 0 0 0 0 0 0 0 0 0 0 0 0 0 0 0 1 0 1 0 0 0 0 1 0 1 0 0 0 0 0 0 0 0 0 0 0 0 0 0 0 0 0 0 0 0 1 0 0 0 0 0 0 0 0 0 0 0 0 0 0 0 1 0 0 0 0 0 0 0 0 0 0 0 0 0 0 0 0 0 1 0 0 0 0 0 0 0 0 0 0 0 1 0 0 0 0 0 0 0 0 0 0 0 0 0 0 0 0 0 0 0 0 0 0 0 0 0 1 0 0 0 0 0 0 0 0 0 0 0 0 1 0 0 0 0 0 0 0 0 0 0 0 0 1 0 0 0 0 0 0 1 1 0 1 0 1 0 0 0 0 0 0 
0 0 0 0 0 0 0 0 0 0 0 0 0 0 0 0 0 0 0 0 0 0 0 0 0 0 0 0 0 0 0 0 0 0 0 0 0 0 0 0 0 0 0 0 0 0 0 0 0 0 0 0 0 0 0 0 0 0 0 0 0 0 0 0 0 0 0 0 0 0 0 0 0 0 0 0 0 0 0 0 0 0 0 0 0 0 0 0 0 0 0 0 0 0 0 0 0 0 1 0 0 0 0 0 0 0 0 0 0 0 0 0 0 0 0 0 0 0 0 0 0 0 0 0 0 0 0 0 0 0 0 0 0 0 0 0 0 0 0 0 0 1 0 0 0 0 0 0 0 0 0 0 0 0 1 1 0 0 0 0 0 0 0 0 0 0 0 0 0 0 0 0 0 0 0 1 0 0 0 0 0 0 0 0 0 1 0 0 0 0 0 0 0 0 0 
0 0 0 0 0 0 0 0 0 0 0 0 0 0 0 0 0 0 0 0 0 0 1 0 0 0 0 0 1 0 1 0 1 0 0 0 0 0 0 0 0 0 0 0 0 0 0 0 0 0 0 0 0 0 0 0 0 0 0 0 0 0 0 0 0 0 1 0 0 0 0 0 0 0 0 0 0 0 0 0 0 0 0 0 0 0 0 0 0 0 0 0 0 0 0 0 0 1 0 0 0 0 0 1 0 0 0 0 0 0 0 0 0 0 0 0 0 0 1 0 0 1 0 0 0 0 0 0 0 0 0 0 0 0 0 0 0 0 0 0 0 0 0 0 0 0 0 1 0 0 0 1 0 1 0 0 0 0 0 0 0 0 0 0 1 0 0 0 0 0 0 0 0 0 0 0 0 0 0 0 0 0 0 0 0 0 0 0 0 0 0 0 0 0 0 
0 0 0 0 0 0 0 0 0 0 0 0 0 0 0 0 0 0 0 0 0 0 0 0 1 0 0 0 0 0 0 1 0 0 0 0 0 0 0 0 0 1 0 0 0 0 0 0 0 0 0 0 0 0 0 0 0 0 0 0 0 0 0 0 0 0 0 0 0 0 1 0 0 0 0 0 0 0 0 0 0 0 1 0 0 0 0 0 0 0 1 0 0 0 0 0 0 0 0 0 0 0 0 0 0 0 0 0 0 0 0 0 0 0 0 0 0 1 0 0 0 0 0 1 0 0 0 0 0 0 0 0 0 1 0 0 0 0 0 0 0 0 1 1 0 0 0 0 0 0 0 0 0 0 0 0 1 0 0 1 0 0 0 0 0 0 0 0 0 0 0 0 0 0 0 0 0 0 0 0 0 0 0 0 0 0 0 1 0 0 0 0 0 0 0 
0 0 0 0 0 0 0 0 0 0 0 0 0 0 0 1 0 0 1 0 0 0 0 0 0 0 0 0 0 0 0 0 0 0 0 0 0 0 1 1 0 0 0 0 0 0 0 0 0 0 0 0 0 0 0 0 0 0 1 0 0 0 0 0 0 0 0 0 0 0 0 0 0 0 0 0 0 0 0 0 0 0 0 0 0 0 1 0 0 0 0 0 0 0 0 0 0 0 0 0 0 0 0 0 0 0 0 0 0 0 0 0 0 0 0 0 0 0 0 0 0 0 0 0 0 0 0 0 0 1 0 0 1 0 1 0 1 0 0 0 0 0 0 0 0 0 0 0 0 0 0 0 0 0 0 0 0 0 0 0 0 0 0 0 0 0 0 0 0 0 0 0 0 0 0 0 0 0 0 0 0 0 0 0 0 0 0 0 0 0 0 0 0 0 1 
0 0 0 0 0 1 0 1 0 0 0 0 0 1 0 0 0 1 0 1 0 0 0 0 0 0 1 0 0 0 0 0 0 0 0 0 1 0 0 0 0 0 0 0 0 0 0 0 0 0 0 0 0 0 1 0 0 0 0 0 0 0 0 0 0 1 0 0 0 1 0 1 0 0 0 0 0 0 0 1 0 1 0 1 0 1 0 1 1 0 0 0 0 0 0 1 0 0 0 0 1 0 1 0 1 0 0 0 0 0 0 0 0 0 0 0 0 0 0 0 0 0 0 0 0 0 0 0 1 0 0 0 0 0 0 0 0 0 0 0 0 0 0 0 0 0 0 0 0 0 0 0 0 0 0 0 0 0 0 0 1 1 0 0 0 0 0 0 0 0 0 0 0 0 0 0 0 0 0 0 0 0 1 0 0 0 0 0 0 0 0 0 0 0 0 
0 0 0 0 0 0 0 0 0 0 0 0 0 0 1 0 0 0 0 0 0 0 0 0 0 0 0 0 0 0 0 0 0 1 0 1 0 0 0 0 0 0 0 0 0 0 0 0 0 1 0 1 0 0 0 0 0 0 0 0 0 0 0 0 0 0 0 0 1 0 0 0 0 0 0 0 0 0 0 0 0 0 0 0 0 0 0 0 0 0 0 0 0 0 0 0 0 0 0 0 0 0 0 0 0 0 1 0 0 1 0 0 0 1 0 0 1 0 0 0 0 0 1 0 0 0 0 0 0 0 1 0 0 0 0 0 0 0 0 0 0 0 0 0 0 0 1 0 0 1 0 0 0 0 0 0 0 0 0 0 0 0 0 0 0 1 1 0 0 0 1 0 1 0 0 0 0 1 1 1 0 0 0 0 0 0 0 0 0 1 0 0 0 0 0 
193 112 93 35 191 94 0 30 95 186 154 134 59 70 123 
4.459428E-06 5.159419E-05 5.421965E-07 5.159355E-05 4.247330E-06 4.722734E-05 5.923824E-04 1.519570E-06 0.000000E+00 6.026766E-05 2.691939E-06 1.027912E-04 0.000000E+00 4.633146E-04 6.018709E-04 3.748370E-06 2.480231E-09 2.278793E-07 1.174440E-04 3.455135E-04 3.543012E-08 7.400647E-06 7.762792E-05 1.488867E-04 1.037206E-05 7.311403E-07 4.334159E-05 2.423180E-04 9.749643E-06 0.000000E+00 8.555419E-08 9.005774E-07 4.637114E-06 8.885942E-05 0.000000E+00 1.069220E-04 1.882779E-04 5.841021E-05 7.235096E-08 5.530244E-05 1.403614E-07 1.698203E-05 4.304210E-07 1.143877E-05 8.110371E-04 1.118824E-04 1.395715E-05 0.000000E+00 2.826818E-08 2.174481E-06 3.270041E-05 2.690339E-04 7.405126E-08 5.155034E-04 6.786739E-04 2.150349E-05 9.291409E-04 3.141305E-06 0.000000E+00 1.896073E-06 1.296550E-04 3.237368E-06 9.457756E-04 0.000000E+00 1.786129E-04 7.780057E-04 5.644349E-07 8.664393E-06 1.912009E-04 0.000000E+00 9.831625E-07 3.846828E-06 2.473436E-04 1.057155E-04 5.733475E-08 6.423004E-09 0.000000E+00 1.334595E-07 1.682427E-06 2.770914E-04 0.000000E+00 1.649224E-05 4.418362E-05 5.992926E-05 2.454669E-06 2.285962E-04 1.033164E-06 6.392378E-06 4.164064E-05 2.136905E-08 7.540803E-06 1.323281E-04 0.000000E+00 0.000000E+00 0.000000E+00 1.893506E-05 4.553560E-04 2.770722E-07 1.990409E-07 7.037277E-04 1.986899E-04 6.394014E-10 3.112547E-04 3.100004E-07 3.607737E-05 0.000000E+00 1.118204E-04 2.415265E-08 5.559001E-04 2.963107E-04 3.495577E-05 0.000000E+00 6.598336E-07 2.785090E-04 4.916567E-04 3.022480E-04 7.752057E-04 2.988556E-05 1.818158E-04 9.786739E-06 1.251967E-06 1.870053E-05 0.000000E+00 4.922224E-06 1.679672E-04 1.061622E-05 3.796416E-09 2.931715E-04 1.778938E-05 6.394994E-05 1.131241E-06 5.141794E-04 1.960750E-05 0.000000E+00 5.982390E-09 3.743166E-05 7.985182E-06 8.123076E-05 5.763320E-04 1.209130E-05 1.113845E-04 2.510161E-08 1.497992E-06 1.984603E-05 7.969575E-07 4.645673E-05 9.522737E-07 6.024143E-05 8.616502E-07 1.540892E-05 4.101146E-05 1.299403E-07 2.021334E-04 0.000000E+00 2.389194E-07 1.057650E-06 6.996901E-05 0.000000E+00 4.712690E-05 8.670814E-05 1.701012E-04 9.996134E-04 9.149555E-05 2.101298E-06 1.848181E-05 3.218919E-04 6.277396E-05 5.067294E-06 9.725658E-07 8.915373E-05 4.188854E-04 2.853411E-07 2.176361E-04 5.937105E-08 2.463635E-06 2.220152E-07 2.137727E-04 4.791399E-07 1.105870E-06 1.517902E-04 1.405612E-04 1.038262E-05 2.479696E-04 3.814783E-04 5.327830E-07 0.000000E+00 3.793951E-04 3.913559E-09 8.175634E-06 2.777965E-04 0.000000E+00 0.000000E+00 0.000000E+00 3.602475E-07 1.051707E-05 
149 145 102 193 60 90 194 126 26 11 
53 112 108 75 85 
93 127 
17 76 35 21 41 
170 43 62 174 191 128 24 28 3 138 45 97 57 
47 5 169 38 65 46 78 73 94 132 61 172 1 168 121 44 115 10 54 163 109 111 68 100 
0 
136 74 181 182 140 153 116 4 139 120 146 175 30 92 159 141 63 
113 95 22 2 49 125 164 79 184 177 51 151 12 187 185 189 58 7 56 
176 155 186 142 156 99 
29 98 67 31 154 33 104 152 165 122 23 148 119 
134 188 143 32 124 144 71 118 157 160 25 83 42 91 
59 39 87 133 195 16 137 130 19 40 135 
14 55 89 82 161 105 101 88 80 129 84 96 37 18 20 72 103 8 86 66 183 70 6 27 162 
34 36 69 107 131 150 166 178 190 123 179 147 167 173 110 52 180 114 15 171 50 117 

============Find Best @ Round 7754================
==========Cluster 0, RcvInterf=1.52517e-14============
Node 148, SINR:1.28303e-01, BpsHz:1.93505e-02
Node 144, SINR:1.28303e-01, BpsHz:1.93505e-02
Node 101, SINR:1.28303e-01, BpsHz:1.93505e-02
Node 192, SINR:0.00000e+00, BpsHz:0.00000e+00
Node 59, SINR:1.28303e-01, BpsHz:1.93505e-02
Node 89, SINR:1.28303e-01, BpsHz:1.93505e-02
Node 193, SINR:1.28303e-01, BpsHz:1.93505e-02
Node 125, SINR:1.28303e-01, BpsHz:1.93505e-02
Node 25, SINR:1.28303e-01, BpsHz:1.93505e-02
Node 10, SINR:1.28303e-01, BpsHz:1.93505e-02
---------------
==========Cluster 1, RcvInterf=1.79150e-14============
Node 52, SINR:5.51164e-02, BpsHz:1.93505e-02
Node 111, SINR:0.00000e+00, BpsHz:0.00000e+00
Node 107, SINR:5.51164e-02, BpsHz:1.93505e-02
Node 74, SINR:5.51164e-02, BpsHz:1.93505e-02
Node 84, SINR:5.51164e-02, BpsHz:1.93505e-02
---------------
==========Cluster 2, RcvInterf=3.05444e-14============
Node 92, SINR:0.00000e+00, BpsHz:0.00000e+00
Node 126, SINR:1.35032e-02, BpsHz:1.93506e-02
---------------
==========Cluster 3, RcvInterf=5.31033e-14============
Node 16, SINR:5.51164e-02, BpsHz:1.93505e-02
Node 75, SINR:5.51164e-02, BpsHz:1.93505e-02
Node 34, SINR:0.00000e+00, BpsHz:0.00000e+00
Node 20, SINR:5.51164e-02, BpsHz:1.93505e-02
Node 40, SINR:5.51164e-02, BpsHz:1.93505e-02
---------------
==========Cluster 4, RcvInterf=3.98970e-14============
Node 169, SINR:1.74630e-01, BpsHz:1.93505e-02
Node 42, SINR:1.74630e-01, BpsHz:1.93505e-02
Node 61, SINR:1.74630e-01, BpsHz:1.93505e-02
Node 173, SINR:1.74630e-01, BpsHz:1.93505e-02
Node 190, SINR:0.00000e+00, BpsHz:0.00000e+00
Node 127, SINR:1.74630e-01, BpsHz:1.93505e-02
Node 23, SINR:1.74630e-01, BpsHz:1.93505e-02
Node 27, SINR:1.74630e-01, BpsHz:1.93505e-02
Node 2, SINR:1.74630e-01, BpsHz:1.93505e-02
Node 137, SINR:1.74630e-01, BpsHz:1.93506e-02
Node 44, SINR:1.74630e-01, BpsHz:1.93505e-02
Node 96, SINR:1.74630e-01, BpsHz:1.93505e-02
Node 56, SINR:1.74630e-01, BpsHz:1.93505e-02
---------------
==========Cluster 5, RcvInterf=1.73139e-14============
Node 46, SINR:3.61373e-01, BpsHz:1.93506e-02
Node 4, SINR:3.61373e-01, BpsHz:1.93506e-02
Node 168, SINR:3.61373e-01, BpsHz:1.93506e-02
Node 37, SINR:3.61373e-01, BpsHz:1.93506e-02
Node 64, SINR:3.61373e-01, BpsHz:1.93506e-02
Node 45, SINR:3.61373e-01, BpsHz:1.93506e-02
Node 77, SINR:3.61373e-01, BpsHz:1.93506e-02
Node 72, SINR:3.61373e-01, BpsHz:1.93506e-02
Node 93, SINR:0.00000e+00, BpsHz:0.00000e+00
Node 131, SINR:3.61373e-01, BpsHz:1.93506e-02
Node 60, SINR:3.61373e-01, BpsHz:1.93506e-02
Node 171, SINR:3.61373e-01, BpsHz:1.93506e-02
Node 0, SINR:3.61373e-01, BpsHz:1.93506e-02
Node 167, SINR:3.61373e-01, BpsHz:1.93506e-02
Node 120, SINR:3.61373e-01, BpsHz:1.93506e-02
Node 43, SINR:3.61373e-01, BpsHz:1.93506e-02
Node 114, SINR:3.61373e-01, BpsHz:1.93506e-02
Node 9, SINR:3.61373e-01, BpsHz:1.93506e-02
Node 53, SINR:3.61373e-01, BpsHz:1.93506e-02
Node 162, SINR:3.61373e-01, BpsHz:1.93506e-02
Node 108, SINR:3.61373e-01, BpsHz:1.93506e-02
Node 110, SINR:3.61373e-01, BpsHz:1.93506e-02
Node 67, SINR:3.61373e-01, BpsHz:1.93506e-02
Node 99, SINR:3.61373e-01, BpsHz:1.93506e-02
---------------
==========Cluster 6, RcvInterf=3.61957e-14============
Node -1, SINR:3.32941e-311, BpsHz:3.32941e-311
---------------
==========Cluster 7, RcvInterf=1.65334e-14============
Node 135, SINR:2.39372e-01, BpsHz:1.93506e-02
Node 73, SINR:2.39372e-01, BpsHz:1.93506e-02
Node 180, SINR:2.39372e-01, BpsHz:1.93506e-02
Node 181, SINR:2.39372e-01, BpsHz:1.93506e-02
Node 139, SINR:2.39372e-01, BpsHz:1.93506e-02
Node 152, SINR:2.39372e-01, BpsHz:1.93506e-02
Node 115, SINR:2.39372e-01, BpsHz:1.93506e-02
Node 3, SINR:2.39372e-01, BpsHz:1.93506e-02
Node 138, SINR:2.39372e-01, BpsHz:1.93506e-02
Node 119, SINR:2.39372e-01, BpsHz:1.93506e-02
Node 145, SINR:2.39372e-01, BpsHz:1.93506e-02
Node 174, SINR:2.39372e-01, BpsHz:1.93506e-02
Node 29, SINR:0.00000e+00, BpsHz:0.00000e+00
Node 91, SINR:2.39372e-01, BpsHz:1.93506e-02
Node 158, SINR:2.39372e-01, BpsHz:1.93506e-02
Node 140, SINR:2.39372e-01, BpsHz:1.93506e-02
Node 62, SINR:2.39372e-01, BpsHz:1.93506e-02
---------------
==========Cluster 8, RcvInterf=2.00972e-14============
Node 112, SINR:2.73068e-01, BpsHz:1.93506e-02
Node 94, SINR:0.00000e+00, BpsHz:0.00000e+00
Node 21, SINR:2.73068e-01, BpsHz:1.93506e-02
Node 1, SINR:2.73068e-01, BpsHz:1.93506e-02
Node 48, SINR:2.73068e-01, BpsHz:1.93506e-02
Node 124, SINR:2.73068e-01, BpsHz:1.93506e-02
Node 163, SINR:2.73068e-01, BpsHz:1.93506e-02
Node 78, SINR:2.73068e-01, BpsHz:1.93506e-02
Node 183, SINR:2.73068e-01, BpsHz:1.93506e-02
Node 176, SINR:2.73068e-01, BpsHz:1.93506e-02
Node 50, SINR:2.73068e-01, BpsHz:1.93506e-02
Node 150, SINR:2.73068e-01, BpsHz:1.93506e-02
Node 11, SINR:2.73068e-01, BpsHz:1.93506e-02
Node 186, SINR:2.73068e-01, BpsHz:1.93506e-02
Node 184, SINR:2.73068e-01, BpsHz:1.93506e-02
Node 188, SINR:2.73068e-01, BpsHz:1.93506e-02
Node 57, SINR:2.73068e-01, BpsHz:1.93506e-02
Node 6, SINR:2.73068e-01, BpsHz:1.93506e-02
Node 55, SINR:2.73068e-01, BpsHz:1.93506e-02
---------------
==========Cluster 9, RcvInterf=2.10005e-14============
Node 175, SINR:6.93638e-02, BpsHz:1.93506e-02
Node 154, SINR:6.93638e-02, BpsHz:1.93506e-02
Node 185, SINR:0.00000e+00, BpsHz:0.00000e+00
Node 141, SINR:6.93638e-02, BpsHz:1.93506e-02
Node 155, SINR:6.93638e-02, BpsHz:1.93506e-02
Node 98, SINR:6.93638e-02, BpsHz:1.93506e-02
---------------
==========Cluster 10, RcvInterf=1.92907e-14============
Node 28, SINR:1.74630e-01, BpsHz:1.93505e-02
Node 97, SINR:1.74630e-01, BpsHz:1.93505e-02
Node 66, SINR:1.74630e-01, BpsHz:1.93505e-02
Node 30, SINR:1.74630e-01, BpsHz:1.93505e-02
Node 153, SINR:0.00000e+00, BpsHz:0.00000e+00
Node 32, SINR:1.74630e-01, BpsHz:1.93505e-02
Node 103, SINR:1.74630e-01, BpsHz:1.93505e-02
Node 151, SINR:1.74630e-01, BpsHz:1.93505e-02
Node 164, SINR:1.74630e-01, BpsHz:1.93505e-02
Node 121, SINR:1.74630e-01, BpsHz:1.93505e-02
Node 22, SINR:1.74630e-01, BpsHz:1.93505e-02
Node 147, SINR:1.74630e-01, BpsHz:1.93505e-02
Node 118, SINR:1.74630e-01, BpsHz:1.93505e-02
---------------
==========Cluster 11, RcvInterf=1.71301e-14============
Node 133, SINR:0.00000e+00, BpsHz:0.00000e+00
Node 187, SINR:1.90491e-01, BpsHz:1.93505e-02
Node 142, SINR:1.90491e-01, BpsHz:1.93505e-02
Node 31, SINR:1.90491e-01, BpsHz:1.93505e-02
Node 123, SINR:1.90491e-01, BpsHz:1.93505e-02
Node 143, SINR:1.90491e-01, BpsHz:1.93505e-02
Node 70, SINR:1.90491e-01, BpsHz:1.93505e-02
Node 117, SINR:1.90491e-01, BpsHz:1.93505e-02
Node 156, SINR:1.90491e-01, BpsHz:1.93505e-02
Node 159, SINR:1.90491e-01, BpsHz:1.93505e-02
Node 24, SINR:1.90491e-01, BpsHz:1.93505e-02
Node 82, SINR:1.90491e-01, BpsHz:1.93505e-02
Node 41, SINR:1.90491e-01, BpsHz:1.93505e-02
Node 90, SINR:1.90491e-01, BpsHz:1.93505e-02
---------------
==========Cluster 12, RcvInterf=1.99401e-14============
Node 58, SINR:0.00000e+00, BpsHz:0.00000e+00
Node 38, SINR:1.43539e-01, BpsHz:1.93506e-02
Node 86, SINR:1.43539e-01, BpsHz:1.93506e-02
Node 132, SINR:1.43539e-01, BpsHz:1.93506e-02
Node 194, SINR:1.43539e-01, BpsHz:1.93506e-02
Node 15, SINR:1.43539e-01, BpsHz:1.93506e-02
Node 136, SINR:1.43539e-01, BpsHz:1.93506e-02
Node 129, SINR:1.43539e-01, BpsHz:1.93506e-02
Node 18, SINR:1.43539e-01, BpsHz:1.93506e-02
Node 39, SINR:1.43539e-01, BpsHz:1.93506e-02
Node 134, SINR:1.43539e-01, BpsHz:1.93506e-02
---------------
==========Cluster 13, RcvInterf=2.25191e-14============
Node 13, SINR:3.79756e-01, BpsHz:1.93506e-02
Node 54, SINR:3.79756e-01, BpsHz:1.93506e-02
Node 88, SINR:3.79756e-01, BpsHz:1.93506e-02
Node 81, SINR:3.79756e-01, BpsHz:1.93506e-02
Node 160, SINR:3.79756e-01, BpsHz:1.93506e-02
Node 104, SINR:3.79756e-01, BpsHz:1.93506e-02
Node 100, SINR:3.79756e-01, BpsHz:1.93506e-02
Node 87, SINR:3.79756e-01, BpsHz:1.93506e-02
Node 79, SINR:3.79756e-01, BpsHz:1.93506e-02
Node 128, SINR:3.79756e-01, BpsHz:1.93506e-02
Node 83, SINR:3.79756e-01, BpsHz:1.93506e-02
Node 95, SINR:3.79756e-01, BpsHz:1.93506e-02
Node 36, SINR:3.79756e-01, BpsHz:1.93506e-02
Node 17, SINR:3.79756e-01, BpsHz:1.93506e-02
Node 19, SINR:3.79756e-01, BpsHz:1.93506e-02
Node 71, SINR:3.79756e-01, BpsHz:1.93506e-02
Node 102, SINR:3.79756e-01, BpsHz:1.93506e-02
Node 7, SINR:3.79756e-01, BpsHz:1.93506e-02
Node 85, SINR:3.79756e-01, BpsHz:1.93506e-02
Node 65, SINR:3.79756e-01, BpsHz:1.93506e-02
Node 182, SINR:3.79756e-01, BpsHz:1.93506e-02
Node 69, SINR:0.00000e+00, BpsHz:0.00000e+00
Node 5, SINR:3.79756e-01, BpsHz:1.93506e-02
Node 26, SINR:3.79756e-01, BpsHz:1.93506e-02
Node 161, SINR:3.79756e-01, BpsHz:1.93506e-02
---------------
==========Cluster 14, RcvInterf=1.57865e-14============
Node 33, SINR:3.25339e-01, BpsHz:1.93506e-02
Node 35, SINR:3.25339e-01, BpsHz:1.93506e-02
Node 68, SINR:3.25339e-01, BpsHz:1.93506e-02
Node 106, SINR:3.25339e-01, BpsHz:1.93506e-02
Node 130, SINR:3.25339e-01, BpsHz:1.93506e-02
Node 149, SINR:3.25339e-01, BpsHz:1.93506e-02
Node 165, SINR:3.25339e-01, BpsHz:1.93506e-02
Node 177, SINR:3.25339e-01, BpsHz:1.93506e-02
Node 189, SINR:3.25339e-01, BpsHz:1.93506e-02
Node 122, SINR:0.00000e+00, BpsHz:0.00000e+00
Node 178, SINR:3.25339e-01, BpsHz:1.93506e-02
Node 146, SINR:3.25339e-01, BpsHz:1.93506e-02
Node 166, SINR:3.25339e-01, BpsHz:1.93506e-02
Node 172, SINR:3.25339e-01, BpsHz:1.93506e-02
Node 109, SINR:3.25339e-01, BpsHz:1.93506e-02
Node 51, SINR:3.25339e-01, BpsHz:1.93506e-02
Node 179, SINR:3.25339e-01, BpsHz:1.93506e-02
Node 113, SINR:3.25339e-01, BpsHz:1.93506e-02
Node 14, SINR:3.25339e-01, BpsHz:1.93506e-02
Node 170, SINR:3.25339e-01, BpsHz:1.93506e-02
Node 49, SINR:3.25339e-01, BpsHz:1.93506e-02
Node 116, SINR:3.25339e-01, BpsHz:1.93506e-02
---------------
