195
15
1.000000e-03
2.525175e-312
171
8000
6.530701e+00
2.427368e+00
6.530701e-06
2.980550e-06
0 0 0 0 0 0 0 0 0 0 1 0 0 0 0 0 0 0 0 0 0 0 0 0 0 1 0 0 0 0 0 0 0 0 0 0 0 0 0 0 0 0 0 0 0 0 0 0 0 0 0 0 0 0 0 0 0 0 0 0 0 0 0 0 0 0 0 0 0 0 0 0 0 0 0 0 0 0 0 0 0 0 0 0 0 0 0 0 0 0 0 0 0 0 0 0 0 0 0 0 0 0 0 0 0 0 0 0 0 0 0 0 0 0 0 0 0 0 0 0 0 0 0 0 0 0 0 0 0 0 0 0 0 0 0 0 0 0 0 0 0 0 0 0 0 0 0 0 0 0 0 0 0 0 0 0 0 0 0 0 0 0 0 0 0 0 0 0 0 0 0 0 0 0 0 0 0 0 0 0 0 0 0 0 0 0 0 0 0 0 0 0 0 1 0 
0 0 0 0 0 0 0 0 0 0 0 0 0 0 0 0 0 0 0 0 0 0 0 0 0 0 0 0 0 0 0 0 0 0 0 0 0 0 0 0 0 0 0 0 0 0 0 0 0 0 0 0 1 0 0 0 0 0 0 0 0 0 0 1 0 0 0 0 0 0 0 0 0 0 1 0 0 0 0 0 0 0 0 0 0 0 0 0 0 0 0 0 1 0 0 0 0 0 0 0 0 0 0 0 0 0 0 0 0 0 0 1 0 0 0 0 0 0 0 0 0 0 0 0 0 0 1 0 0 0 0 0 0 0 0 0 0 0 0 0 0 0 0 0 0 0 0 0 0 0 0 0 0 0 0 0 0 0 0 0 0 0 0 0 0 0 0 0 0 0 0 0 0 0 0 0 0 0 0 0 0 0 0 0 0 0 0 0 0 0 0 0 0 0 0 
0 0 0 0 0 0 0 0 0 0 0 0 0 0 0 0 0 0 0 0 0 0 0 0 0 0 0 0 0 0 0 1 0 0 0 0 0 0 0 0 0 1 0 1 0 0 0 0 0 0 0 0 0 1 0 0 0 0 0 1 0 0 0 0 0 0 0 0 0 0 0 0 0 0 0 0 0 0 0 0 0 0 0 0 0 0 0 0 0 0 1 0 0 0 0 0 0 0 0 1 0 0 0 0 0 0 0 0 0 0 1 0 0 0 0 0 0 1 0 0 0 0 0 0 0 1 0 0 0 0 0 0 0 0 0 0 0 0 0 0 0 0 1 0 1 0 0 0 1 0 0 0 0 0 0 0 0 1 0 0 0 0 1 0 0 0 0 1 0 0 0 0 0 0 0 0 0 0 0 0 0 0 0 0 0 0 0 0 0 0 0 0 0 0 0 
0 0 0 0 0 0 0 0 0 0 0 0 0 0 0 0 0 0 0 0 0 0 0 0 0 0 0 0 0 0 0 0 0 0 0 0 0 0 0 0 0 0 1 0 0 0 0 0 0 0 0 0 0 0 0 0 0 0 0 0 0 1 0 0 0 0 0 0 0 0 0 0 0 0 0 0 0 0 0 0 0 0 0 0 0 0 0 0 0 0 0 0 0 0 0 0 0 0 0 0 0 0 0 0 0 0 0 0 0 0 0 0 0 0 0 0 0 0 0 0 0 0 0 0 0 0 0 0 0 0 0 0 0 0 0 0 0 0 0 0 0 0 0 0 0 0 0 0 0 0 0 0 0 0 0 0 0 0 0 0 0 0 0 0 0 0 0 0 0 0 0 0 0 1 0 0 0 0 0 0 0 0 0 0 0 0 0 0 0 0 1 0 0 0 0 
0 1 0 0 0 0 1 0 0 0 0 1 0 0 0 0 0 0 0 0 0 1 0 0 0 0 0 0 0 0 0 0 0 0 0 0 0 0 0 1 0 0 0 0 0 0 0 0 1 0 1 0 0 0 0 0 0 0 0 0 0 0 0 0 0 0 0 0 0 0 0 0 0 0 0 0 0 0 1 0 0 0 0 0 0 0 0 0 0 0 0 0 0 0 1 0 0 0 0 0 0 0 0 0 0 0 0 0 0 0 0 0 1 0 0 0 0 0 1 0 0 1 0 0 1 0 0 0 0 0 0 0 0 0 0 0 0 0 0 0 0 0 0 0 0 0 0 1 0 0 1 0 0 0 0 0 0 0 0 0 0 0 0 1 0 0 0 0 0 0 0 0 0 0 0 0 1 0 0 0 0 0 0 1 1 0 1 0 1 0 0 0 0 0 0 
0 0 0 0 0 1 0 1 0 1 0 0 0 0 0 0 1 1 0 0 1 0 0 0 0 0 1 0 0 0 0 0 0 0 1 0 0 0 0 0 0 0 0 0 0 0 1 0 0 0 0 0 0 0 0 0 0 0 0 0 0 0 0 0 0 0 0 0 0 1 0 1 0 0 0 1 0 0 0 0 0 0 0 0 0 0 0 0 0 0 0 0 0 0 0 0 0 0 0 0 0 0 0 0 0 1 0 0 1 0 0 0 0 0 0 0 0 0 0 0 0 0 0 0 0 0 0 0 0 0 0 0 0 0 0 0 0 0 0 0 0 0 0 0 0 0 0 0 0 0 0 0 0 0 0 0 0 0 0 0 0 0 0 0 0 0 0 0 0 0 0 0 0 0 0 0 0 0 0 0 0 0 0 0 0 0 0 0 0 0 0 0 0 0 0 
0 0 0 0 0 0 0 0 1 0 0 0 0 0 0 0 0 0 0 0 0 0 0 0 0 0 0 0 0 0 0 0 0 0 0 0 0 0 0 0 0 0 0 0 0 0 0 0 0 0 0 0 0 0 0 0 0 1 0 0 0 0 0 0 0 0 0 0 0 0 0 0 0 0 0 0 0 0 0 0 0 0 0 0 1 0 0 0 0 0 0 0 0 0 0 0 0 0 0 0 0 0 0 0 0 0 0 0 0 0 0 0 0 0 0 0 0 0 0 0 0 0 0 0 0 0 0 0 0 0 0 0 0 0 0 0 0 0 0 0 0 0 0 0 0 0 0 0 0 0 0 0 0 0 0 0 0 0 0 0 0 0 0 0 0 0 0 0 0 0 0 0 0 0 0 0 0 0 0 0 0 0 0 0 0 0 0 0 0 0 0 1 0 0 0 
0 0 0 0 0 0 0 0 0 0 0 0 0 0 0 0 0 0 0 0 0 0 0 0 0 0 0 0 0 0 0 0 0 0 0 0 0 0 0 0 0 0 0 0 0 0 0 0 0 0 0 0 0 0 0 0 0 0 0 0 0 0 0 0 0 0 0 1 0 0 0 0 0 0 0 0 0 0 0 0 1 0 0 0 0 0 0 0 0 0 0 0 0 0 0 0 0 0 1 0 0 0 0 0 0 0 0 0 0 0 0 0 0 0 0 0 0 0 0 0 0 0 0 0 0 0 0 0 0 0 0 0 0 0 0 0 0 0 0 0 0 1 0 0 0 0 0 0 0 0 0 0 0 0 1 1 0 0 0 0 0 0 0 0 0 0 0 0 0 0 0 0 0 0 0 1 0 0 0 0 0 0 0 0 0 1 0 0 0 0 0 0 0 0 0 
0 0 0 0 0 0 0 0 0 0 0 0 0 0 0 1 0 0 1 0 0 0 0 0 0 0 0 0 0 0 0 0 0 1 0 0 0 0 0 0 0 0 0 0 0 0 0 0 0 1 0 0 0 0 0 0 0 0 1 0 0 0 0 0 0 0 0 0 1 0 0 0 0 0 0 0 0 0 0 0 0 0 0 0 0 0 1 0 0 0 0 0 0 0 0 0 0 0 0 0 0 0 0 0 0 0 0 0 0 0 0 0 0 0 0 0 0 0 0 0 0 0 1 0 0 0 0 0 0 1 1 0 1 0 1 0 1 0 0 0 0 0 0 0 0 0 1 0 0 1 0 0 0 0 0 0 0 0 0 0 0 0 0 0 0 0 0 0 0 0 0 0 0 0 0 0 0 1 1 1 0 0 0 0 0 0 0 0 0 0 0 0 0 0 1 
1 0 0 0 1 0 0 0 0 0 0 0 0 0 0 0 0 0 0 0 0 0 0 0 0 0 0 0 0 0 0 0 0 0 0 0 0 1 0 0 0 0 0 0 0 1 0 0 0 0 0 0 0 0 0 0 0 0 0 0 1 0 0 0 1 0 0 0 0 0 0 0 1 0 0 0 0 1 0 0 0 0 0 0 0 0 0 0 0 0 0 0 0 1 0 0 0 0 0 0 0 0 0 0 0 0 0 0 0 0 0 0 0 0 1 0 0 0 0 0 1 0 0 0 0 0 0 0 0 0 0 0 0 0 0 0 0 0 0 0 0 0 0 0 0 0 0 0 0 0 0 0 0 0 0 0 0 0 0 0 0 0 0 0 0 0 0 0 1 0 0 1 0 0 0 0 0 0 0 0 0 0 0 0 0 0 0 0 0 0 0 0 0 0 0 
0 0 1 1 0 0 0 0 0 0 0 0 0 0 0 0 0 0 0 0 0 0 0 0 0 0 0 0 0 1 0 0 0 0 0 0 0 0 0 0 1 0 0 0 0 0 0 0 0 0 0 0 0 0 0 0 0 0 0 0 0 0 0 0 0 0 0 0 0 0 0 0 0 1 0 0 0 0 0 0 0 0 0 0 0 0 0 0 0 0 0 1 0 0 0 0 0 0 0 0 0 0 0 0 0 0 0 0 0 0 0 0 0 0 0 1 0 0 0 1 0 0 0 0 0 0 0 0 0 0 0 0 0 0 0 1 0 0 1 1 1 0 0 0 0 1 0 0 0 0 0 0 1 0 0 0 0 0 1 0 0 0 0 0 0 0 0 0 0 0 0 0 0 0 1 0 0 0 0 0 1 1 0 0 0 0 0 0 0 0 0 0 0 0 0 
0 0 0 0 0 0 0 0 0 0 0 0 1 0 0 0 0 0 0 0 0 0 1 0 1 0 0 0 1 0 1 0 1 0 0 0 0 0 0 0 0 0 0 0 0 0 0 0 0 0 0 0 0 0 0 0 0 0 0 0 0 0 0 0 0 0 1 0 0 0 1 0 0 0 0 0 1 0 0 0 0 0 1 0 0 0 0 0 0 0 0 0 0 0 0 0 0 1 0 0 0 0 0 1 0 0 0 0 0 0 0 0 0 0 0 0 0 0 0 0 0 0 0 1 0 0 0 0 0 0 0 0 0 0 0 0 0 0 0 0 0 0 0 1 0 0 0 0 0 0 0 1 0 1 0 0 1 0 0 1 0 0 0 0 1 0 0 0 0 0 0 0 0 0 0 0 0 0 0 0 0 0 0 0 0 0 0 1 0 0 0 0 0 0 0 
0 0 0 0 0 0 0 0 0 0 0 0 0 0 0 0 0 0 0 0 0 0 0 0 0 0 0 0 0 0 0 0 0 0 0 0 0 0 0 0 0 0 0 0 0 0 0 0 0 0 0 0 0 0 0 0 0 0 0 0 0 0 0 0 0 0 0 0 0 0 0 0 0 0 0 0 0 0 0 0 0 0 0 0 0 0 0 0 0 1 0 0 0 0 0 0 0 0 0 0 0 1 0 0 0 0 0 0 0 0 0 0 0 0 0 0 0 0 0 0 0 0 0 0 0 0 0 0 0 0 0 0 0 1 0 0 0 0 0 0 0 0 0 0 0 0 0 0 0 0 0 0 0 0 0 0 0 0 0 0 0 0 0 0 0 0 0 0 0 0 0 0 0 0 0 0 0 0 0 0 0 0 0 0 0 0 0 0 0 0 0 0 1 0 0 
0 0 0 0 0 0 0 0 0 0 0 0 0 1 0 0 0 0 0 1 0 0 0 0 0 0 0 0 0 0 0 0 0 0 0 0 1 0 0 0 0 0 0 0 0 0 0 0 0 0 0 0 0 0 1 0 0 0 0 0 0 0 0 0 0 1 0 0 0 0 0 0 0 0 0 0 0 0 0 1 0 1 0 1 0 1 0 1 1 0 0 0 0 0 0 1 0 0 0 0 1 0 1 0 1 0 0 0 0 0 0 0 0 0 0 0 0 0 0 0 0 0 0 0 0 0 0 0 1 0 0 0 0 0 0 0 0 0 0 0 0 0 0 0 0 0 0 0 0 0 0 0 0 0 0 0 0 0 0 0 1 1 0 0 0 0 0 0 0 0 0 0 0 0 0 0 0 0 0 0 0 0 1 0 0 0 0 0 0 0 0 0 0 0 0 
0 0 0 0 0 0 0 0 0 0 0 0 0 0 0 0 0 0 0 0 0 0 0 1 0 0 0 1 0 0 0 0 0 0 0 1 0 0 0 0 0 0 0 0 1 0 0 0 0 0 0 1 0 0 0 0 0 0 0 0 0 0 0 0 0 0 0 0 0 0 0 0 0 0 0 0 0 0 0 0 0 0 0 0 0 0 0 0 0 0 0 0 0 0 0 0 0 0 0 0 0 0 0 0 0 0 1 0 0 1 0 0 0 1 0 0 1 0 0 0 0 0 0 0 0 0 0 1 0 0 0 0 0 0 0 0 0 1 0 0 0 0 0 0 0 0 0 0 0 0 0 0 0 0 0 0 0 0 0 0 0 0 0 0 0 1 1 0 0 1 1 0 1 0 0 0 0 0 0 0 0 0 0 0 0 0 0 0 0 1 0 0 0 0 0 
11 93 60 43 164 106 85 142 123 94 30 152 193 88 138 
4.854616E-06 1.631919E-04 4.733475E-06 8.946817E-05 4.623721E-06 5.412776E-05 5.965925E-04 3.675822E-06 8.506123E-08 8.719457E-05 0.000000E+00 4.552212E-05 8.446340E-04 9.647202E-05 0.000000E+00 4.018487E-04 1.243044E-05 1.748751E-06 2.933065E-04 7.912984E-05 8.271737E-06 4.732979E-05 3.441887E-04 9.246318E-07 1.139761E-04 1.567203E-07 4.993578E-05 1.319745E-04 7.602244E-05 0.000000E+00 5.459529E-06 3.161148E-05 2.892499E-05 8.015893E-05 1.061686E-05 3.204874E-06 1.739535E-04 6.358644E-05 0.000000E+00 3.156081E-04 1.100699E-05 5.122702E-05 0.000000E+00 1.057509E-06 5.074068E-05 1.217973E-04 1.544370E-05 0.000000E+00 7.318373E-07 1.961571E-06 6.920310E-06 2.287749E-04 1.784300E-07 4.995274E-04 1.465965E-04 0.000000E+00 0.000000E+00 3.225764E-07 7.203834E-05 0.000000E+00 1.411448E-04 1.002456E-07 0.000000E+00 4.255531E-10 1.944413E-04 2.492066E-04 1.379015E-05 9.354675E-07 1.724799E-04 7.595160E-08 1.860569E-05 7.635226E-06 2.692628E-04 1.833208E-04 3.522650E-07 1.041365E-05 3.944302E-04 1.452865E-07 5.046774E-06 5.445397E-05 7.469868E-07 1.527609E-07 2.922358E-04 3.221102E-05 0.000000E+00 5.593360E-05 2.308578E-04 0.000000E+00 4.001297E-06 1.423400E-08 3.959844E-06 2.294697E-04 0.000000E+00 0.000000E+00 5.056314E-06 8.528278E-06 0.000000E+00 9.970548E-06 7.295093E-08 7.223283E-04 2.877642E-05 4.259075E-10 7.069362E-05 5.851639E-07 5.580963E-07 0.000000E+00 2.832139E-05 0.000000E+00 8.306145E-04 2.167802E-04 4.103917E-06 1.346527E-06 2.552071E-05 1.805320E-06 5.352266E-04 5.241272E-04 2.753522E-05 2.185107E-04 7.231990E-04 1.697115E-05 1.362915E-06 4.563021E-05 0.000000E+00 2.509395E-04 4.292465E-04 1.179765E-06 1.464941E-08 2.621067E-05 2.829772E-06 1.974501E-04 1.020478E-06 0.000000E+00 2.604412E-04 3.752328E-06 6.901644E-05 6.491010E-05 5.010058E-04 0.000000E+00 9.994152E-04 2.096748E-05 1.931514E-04 0.000000E+00 1.028735E-04 3.911100E-04 7.693733E-07 8.056044E-05 8.590338E-07 1.815212E-04 1.350725E-07 1.390018E-05 9.636918E-06 0.000000E+00 3.505188E-04 3.485123E-07 1.935854E-07 1.598358E-07 8.955324E-04 1.409007E-04 8.172257E-05 9.258693E-04 1.622031E-05 3.929354E-04 2.617510E-05 0.000000E+00 8.920718E-05 1.350184E-04 2.542493E-09 4.834070E-06 1.058753E-06 2.231299E-05 6.394105E-06 3.106276E-07 7.113549E-06 1.329763E-08 4.272180E-06 3.446259E-08 2.088863E-04 4.322259E-07 9.975907E-07 1.369279E-04 2.437465E-04 1.800447E-05 7.210769E-05 4.837466E-04 3.920093E-05 3.744526E-08 3.839736E-04 2.425859E-05 8.055328E-05 1.537123E-04 9.900322E-08 3.984177E-07 0.000000E+00 5.403467E-08 8.990473E-05 
194 26 11 
127 93 64 75 53 112 
111 126 163 91 42 44 32 158 118 54 100 60 149 168 145 143 
43 174 191 62 
185 113 189 40 2 22 95 125 79 49 164 51 177 184 151 12 187 7 119 122 148 
8 18 70 106 76 72 21 47 27 6 17 10 109 35 
85 9 58 192 
142 176 155 81 156 99 186 68 
123 147 179 131 178 50 150 180 130 195 133 135 87 59 19 137 34 69 16 
46 1 169 78 94 172 121 61 38 5 65 115 73 
136 92 74 141 159 140 116 153 182 120 181 4 175 146 139 30 41 3 
31 104 154 98 33 29 165 67 23 25 83 152 71 77 13 144 188 160 124 157 
102 193 134 90 
14 20 82 89 103 88 161 105 55 101 80 129 86 96 66 183 84 162 37 
24 36 45 107 114 117 128 138 166 167 171 173 190 170 110 28 52 

============Find Best @ Round 4577================
==========Cluster 0, RcvInterf=1.69615e-14============
Node 193, SINR:3.23912e-02, BpsHz:2.29949e-02
Node 25, SINR:3.23912e-02, BpsHz:2.29949e-02
Node 10, SINR:0.00000e+00, BpsHz:0.00000e+00
---------------
==========Cluster 1, RcvInterf=1.24912e-14============
Node 126, SINR:8.29558e-02, BpsHz:2.29949e-02
Node 92, SINR:0.00000e+00, BpsHz:0.00000e+00
Node 63, SINR:8.29558e-02, BpsHz:2.29949e-02
Node 74, SINR:8.29558e-02, BpsHz:2.29949e-02
Node 52, SINR:8.29558e-02, BpsHz:2.29949e-02
Node 111, SINR:8.29558e-02, BpsHz:2.29949e-02
---------------
==========Cluster 2, RcvInterf=3.54775e-14============
Node 110, SINR:2.70084e-01, BpsHz:2.29949e-02
Node 125, SINR:2.70084e-01, BpsHz:2.29949e-02
Node 162, SINR:2.70084e-01, BpsHz:2.29949e-02
Node 90, SINR:2.70084e-01, BpsHz:2.29949e-02
Node 41, SINR:2.70084e-01, BpsHz:2.29949e-02
Node 43, SINR:2.70084e-01, BpsHz:2.29949e-02
Node 31, SINR:2.70084e-01, BpsHz:2.29949e-02
Node 157, SINR:2.70084e-01, BpsHz:2.29949e-02
Node 117, SINR:2.70084e-01, BpsHz:2.29949e-02
Node 53, SINR:2.70084e-01, BpsHz:2.29949e-02
Node 99, SINR:2.70084e-01, BpsHz:2.29949e-02
Node 59, SINR:0.00000e+00, BpsHz:0.00000e+00
Node 148, SINR:2.70084e-01, BpsHz:2.29949e-02
Node 167, SINR:2.70084e-01, BpsHz:2.29949e-02
Node 144, SINR:2.70084e-01, BpsHz:2.29949e-02
Node 142, SINR:2.70084e-01, BpsHz:2.29949e-02
---------------
==========Cluster 3, RcvInterf=2.94819e-14============
Node 42, SINR:0.00000e+00, BpsHz:0.00000e+00
Node 173, SINR:4.89782e-02, BpsHz:2.29949e-02
Node 190, SINR:4.89782e-02, BpsHz:2.29949e-02
Node 61, SINR:4.89782e-02, BpsHz:2.29949e-02
---------------
==========Cluster 4, RcvInterf=4.24381e-14============
Node 184, SINR:3.75445e-01, BpsHz:2.29949e-02
Node 112, SINR:3.75445e-01, BpsHz:2.29949e-02
Node 188, SINR:3.75445e-01, BpsHz:2.29949e-02
Node 39, SINR:3.75445e-01, BpsHz:2.29949e-02
Node 1, SINR:3.75445e-01, BpsHz:2.29949e-02
Node 21, SINR:3.75445e-01, BpsHz:2.29949e-02
Node 94, SINR:3.75445e-01, BpsHz:2.29949e-02
Node 124, SINR:3.75445e-01, BpsHz:2.29949e-02
Node 78, SINR:3.75445e-01, BpsHz:2.29949e-02
Node 48, SINR:3.75445e-01, BpsHz:2.29949e-02
Node 163, SINR:0.00000e+00, BpsHz:0.00000e+00
Node 50, SINR:3.75445e-01, BpsHz:2.29949e-02
Node 176, SINR:3.75445e-01, BpsHz:2.29949e-02
Node 183, SINR:3.75445e-01, BpsHz:2.29949e-02
Node 150, SINR:3.75445e-01, BpsHz:2.29949e-02
Node 11, SINR:3.75445e-01, BpsHz:2.29949e-02
Node 186, SINR:3.75445e-01, BpsHz:2.29949e-02
Node 6, SINR:3.75445e-01, BpsHz:2.29949e-02
Node 118, SINR:3.75445e-01, BpsHz:2.29949e-02
Node 121, SINR:3.75445e-01, BpsHz:2.29949e-02
Node 147, SINR:3.75445e-01, BpsHz:2.29949e-02
---------------
==========Cluster 5, RcvInterf=2.54629e-14============
Node 7, SINR:2.30235e-01, BpsHz:2.29949e-02
Node 17, SINR:2.30235e-01, BpsHz:2.29949e-02
Node 69, SINR:2.30235e-01, BpsHz:2.29949e-02
Node 105, SINR:0.00000e+00, BpsHz:0.00000e+00
Node 75, SINR:2.30235e-01, BpsHz:2.29949e-02
Node 71, SINR:2.30235e-01, BpsHz:2.29949e-02
Node 20, SINR:2.30235e-01, BpsHz:2.29949e-02
Node 46, SINR:2.30235e-01, BpsHz:2.29949e-02
Node 26, SINR:2.30235e-01, BpsHz:2.29949e-02
Node 5, SINR:2.30235e-01, BpsHz:2.29949e-02
Node 16, SINR:2.30235e-01, BpsHz:2.29949e-02
Node 9, SINR:2.30235e-01, BpsHz:2.29949e-02
Node 108, SINR:2.30235e-01, BpsHz:2.29949e-02
Node 34, SINR:2.30235e-01, BpsHz:2.29949e-02
---------------
==========Cluster 6, RcvInterf=2.40672e-14============
Node 84, SINR:0.00000e+00, BpsHz:0.00000e+00
Node 8, SINR:4.89782e-02, BpsHz:2.29949e-02
Node 57, SINR:4.89782e-02, BpsHz:2.29949e-02
Node 191, SINR:4.89782e-02, BpsHz:2.29949e-02
---------------
==========Cluster 7, RcvInterf=1.53975e-14============
Node 141, SINR:0.00000e+00, BpsHz:0.00000e+00
Node 175, SINR:1.18034e-01, BpsHz:2.29949e-02
Node 154, SINR:1.18034e-01, BpsHz:2.29949e-02
Node 80, SINR:1.18034e-01, BpsHz:2.29949e-02
Node 155, SINR:1.18034e-01, BpsHz:2.29949e-02
Node 98, SINR:1.18034e-01, BpsHz:2.29949e-02
Node 185, SINR:1.18034e-01, BpsHz:2.29949e-02
Node 67, SINR:1.18034e-01, BpsHz:2.29949e-02
---------------
==========Cluster 8, RcvInterf=1.77872e-14============
Node 122, SINR:0.00000e+00, BpsHz:0.00000e+00
Node 146, SINR:3.32290e-01, BpsHz:2.29949e-02
Node 178, SINR:3.32290e-01, BpsHz:2.29949e-02
Node 130, SINR:3.32290e-01, BpsHz:2.29949e-02
Node 177, SINR:3.32290e-01, BpsHz:2.29949e-02
Node 49, SINR:3.32290e-01, BpsHz:2.29949e-02
Node 149, SINR:3.32290e-01, BpsHz:2.29949e-02
Node 179, SINR:3.32290e-01, BpsHz:2.29949e-02
Node 129, SINR:3.32290e-01, BpsHz:2.29949e-02
Node 194, SINR:3.32290e-01, BpsHz:2.29949e-02
Node 132, SINR:3.32290e-01, BpsHz:2.29949e-02
Node 134, SINR:3.32290e-01, BpsHz:2.29949e-02
Node 86, SINR:3.32290e-01, BpsHz:2.29949e-02
Node 58, SINR:3.32290e-01, BpsHz:2.29949e-02
Node 18, SINR:3.32290e-01, BpsHz:2.29949e-02
Node 136, SINR:3.32290e-01, BpsHz:2.29949e-02
Node 33, SINR:3.32290e-01, BpsHz:2.29949e-02
Node 68, SINR:3.32290e-01, BpsHz:2.29949e-02
Node 15, SINR:3.32290e-01, BpsHz:2.29949e-02
---------------
==========Cluster 9, RcvInterf=4.79089e-14============
Node 45, SINR:2.10782e-01, BpsHz:2.29949e-02
Node 0, SINR:2.10782e-01, BpsHz:2.29949e-02
Node 168, SINR:2.10782e-01, BpsHz:2.29949e-02
Node 77, SINR:2.10782e-01, BpsHz:2.29949e-02
Node 93, SINR:0.00000e+00, BpsHz:0.00000e+00
Node 171, SINR:2.10782e-01, BpsHz:2.29949e-02
Node 120, SINR:2.10782e-01, BpsHz:2.29949e-02
Node 60, SINR:2.10782e-01, BpsHz:2.29949e-02
Node 37, SINR:2.10782e-01, BpsHz:2.29949e-02
Node 4, SINR:2.10782e-01, BpsHz:2.29949e-02
Node 64, SINR:2.10782e-01, BpsHz:2.29949e-02
Node 114, SINR:2.10782e-01, BpsHz:2.29949e-02
Node 72, SINR:2.10782e-01, BpsHz:2.29949e-02
---------------
==========Cluster 10, RcvInterf=5.42835e-14============
Node 135, SINR:3.11223e-01, BpsHz:2.29949e-02
Node 91, SINR:3.11223e-01, BpsHz:2.29949e-02
Node 73, SINR:3.11223e-01, BpsHz:2.29949e-02
Node 140, SINR:3.11223e-01, BpsHz:2.29949e-02
Node 158, SINR:3.11223e-01, BpsHz:2.29949e-02
Node 139, SINR:3.11223e-01, BpsHz:2.29949e-02
Node 115, SINR:3.11223e-01, BpsHz:2.29949e-02
Node 152, SINR:3.11223e-01, BpsHz:2.29949e-02
Node 181, SINR:3.11223e-01, BpsHz:2.29949e-02
Node 119, SINR:3.11223e-01, BpsHz:2.29949e-02
Node 180, SINR:3.11223e-01, BpsHz:2.29949e-02
Node 3, SINR:3.11223e-01, BpsHz:2.29949e-02
Node 174, SINR:3.11223e-01, BpsHz:2.29949e-02
Node 145, SINR:3.11223e-01, BpsHz:2.29949e-02
Node 138, SINR:3.11223e-01, BpsHz:2.29949e-02
Node 29, SINR:0.00000e+00, BpsHz:0.00000e+00
Node 40, SINR:3.11223e-01, BpsHz:2.29949e-02
Node 2, SINR:3.11223e-01, BpsHz:2.29949e-02
---------------
==========Cluster 11, RcvInterf=3.36457e-14============
Node 30, SINR:3.53695e-01, BpsHz:2.29949e-02
Node 103, SINR:3.53695e-01, BpsHz:2.29949e-02
Node 153, SINR:3.53695e-01, BpsHz:2.29949e-02
Node 97, SINR:3.53695e-01, BpsHz:2.29949e-02
Node 32, SINR:3.53695e-01, BpsHz:2.29949e-02
Node 28, SINR:3.53695e-01, BpsHz:2.29949e-02
Node 164, SINR:3.53695e-01, BpsHz:2.29949e-02
Node 66, SINR:3.53695e-01, BpsHz:2.29949e-02
Node 22, SINR:3.53695e-01, BpsHz:2.29949e-02
Node 24, SINR:3.53695e-01, BpsHz:2.29949e-02
Node 82, SINR:3.53695e-01, BpsHz:2.29949e-02
Node 151, SINR:0.00000e+00, BpsHz:0.00000e+00
Node 70, SINR:3.53695e-01, BpsHz:2.29949e-02
Node 76, SINR:3.53695e-01, BpsHz:2.29949e-02
Node 12, SINR:3.53695e-01, BpsHz:2.29949e-02
Node 143, SINR:3.53695e-01, BpsHz:2.29949e-02
Node 187, SINR:3.53695e-01, BpsHz:2.29949e-02
Node 159, SINR:3.53695e-01, BpsHz:2.29949e-02
Node 123, SINR:3.53695e-01, BpsHz:2.29949e-02
Node 156, SINR:3.53695e-01, BpsHz:2.29949e-02
---------------
==========Cluster 12, RcvInterf=4.00217e-14============
Node 101, SINR:4.89782e-02, BpsHz:2.29949e-02
Node 192, SINR:0.00000e+00, BpsHz:0.00000e+00
Node 133, SINR:4.89782e-02, BpsHz:2.29949e-02
Node 89, SINR:4.89782e-02, BpsHz:2.29949e-02
---------------
==========Cluster 13, RcvInterf=3.50892e-14============
Node 13, SINR:3.32290e-01, BpsHz:2.29949e-02
Node 19, SINR:3.32290e-01, BpsHz:2.29949e-02
Node 81, SINR:3.32290e-01, BpsHz:2.29949e-02
Node 88, SINR:3.32290e-01, BpsHz:2.29949e-02
Node 102, SINR:3.32290e-01, BpsHz:2.29949e-02
Node 87, SINR:0.00000e+00, BpsHz:0.00000e+00
Node 160, SINR:3.32290e-01, BpsHz:2.29949e-02
Node 104, SINR:3.32290e-01, BpsHz:2.29949e-02
Node 54, SINR:3.32290e-01, BpsHz:2.29949e-02
Node 100, SINR:3.32290e-01, BpsHz:2.29949e-02
Node 79, SINR:3.32290e-01, BpsHz:2.29949e-02
Node 128, SINR:3.32290e-01, BpsHz:2.29949e-02
Node 85, SINR:3.32290e-01, BpsHz:2.29949e-02
Node 95, SINR:3.32290e-01, BpsHz:2.29949e-02
Node 65, SINR:3.32290e-01, BpsHz:2.29949e-02
Node 182, SINR:3.32290e-01, BpsHz:2.29949e-02
Node 83, SINR:3.32290e-01, BpsHz:2.29949e-02
Node 161, SINR:3.32290e-01, BpsHz:2.29949e-02
Node 36, SINR:3.32290e-01, BpsHz:2.29949e-02
---------------
==========Cluster 14, RcvInterf=2.31292e-14============
Node 23, SINR:2.90489e-01, BpsHz:2.29949e-02
Node 35, SINR:2.90489e-01, BpsHz:2.29949e-02
Node 44, SINR:2.90489e-01, BpsHz:2.29949e-02
Node 106, SINR:2.90489e-01, BpsHz:2.29949e-02
Node 113, SINR:2.90489e-01, BpsHz:2.29949e-02
Node 116, SINR:2.90489e-01, BpsHz:2.29949e-02
Node 127, SINR:2.90489e-01, BpsHz:2.29949e-02
Node 137, SINR:0.00000e+00, BpsHz:0.00000e+00
Node 165, SINR:2.90489e-01, BpsHz:2.29949e-02
Node 166, SINR:2.90489e-01, BpsHz:2.29949e-02
Node 170, SINR:2.90489e-01, BpsHz:2.29949e-02
Node 172, SINR:2.90489e-01, BpsHz:2.29949e-02
Node 189, SINR:2.90489e-01, BpsHz:2.29949e-02
Node 169, SINR:2.90489e-01, BpsHz:2.29949e-02
Node 109, SINR:2.90489e-01, BpsHz:2.29949e-02
Node 27, SINR:2.90489e-01, BpsHz:2.29949e-02
Node 51, SINR:2.90489e-01, BpsHz:2.29949e-02
---------------
195
15
1.000000e-03
2.525175e-312
171
8000
7.698854e+00
2.180786e+00
7.698854e-06
  inf
0 0 0 0 0 0 0 0 0 0 1 0 0 0 0 0 0 0 0 0 0 0 0 0 0 1 0 0 0 0 0 0 0 0 0 0 0 0 0 0 0 0 0 0 0 0 0 0 0 0 0 0 0 0 0 0 0 0 0 0 0 0 0 0 0 0 0 0 0 0 0 0 0 0 0 0 0 0 0 0 0 0 0 0 0 0 0 0 0 1 0 0 0 0 0 0 0 0 0 0 0 0 0 0 0 0 0 0 0 0 0 0 0 0 0 0 0 0 0 0 0 0 0 0 0 0 0 0 0 0 0 0 0 0 0 0 0 0 0 0 0 0 0 0 0 0 0 0 0 0 0 0 0 0 0 0 0 0 0 0 0 0 0 0 0 0 0 0 0 0 0 0 0 0 0 0 0 0 0 0 0 0 0 0 0 0 0 0 0 0 0 0 1 1 0 
0 0 0 0 0 0 0 0 1 0 0 0 0 0 0 0 0 0 0 0 0 0 0 0 0 0 0 0 0 0 0 0 0 0 0 0 0 0 0 0 0 0 0 0 0 0 0 0 0 0 0 0 0 0 0 1 0 0 0 0 0 0 0 1 0 0 0 0 0 0 0 0 0 0 0 0 0 0 0 0 0 0 0 0 1 0 0 0 0 0 0 0 0 0 0 0 0 0 0 0 0 0 0 0 0 0 0 0 0 0 0 0 0 0 0 0 0 0 0 0 0 0 0 0 0 0 0 0 0 0 0 0 0 0 0 0 0 0 0 0 0 0 0 0 0 0 0 0 0 0 0 0 0 0 0 0 0 0 0 0 0 0 0 0 0 0 0 0 0 0 0 0 0 0 0 0 0 0 0 0 0 0 0 0 0 0 0 0 0 0 0 1 0 0 0 
0 0 0 1 0 0 0 0 0 0 0 0 0 0 0 0 0 0 0 0 0 0 0 0 0 0 0 1 0 0 0 0 0 0 0 0 0 0 0 0 0 0 0 0 0 0 0 0 0 0 0 0 0 0 0 0 1 0 0 0 0 0 1 0 0 0 0 0 0 0 0 0 0 0 0 0 0 0 0 0 0 0 0 0 0 0 0 0 0 0 0 0 0 0 0 0 1 0 0 0 0 0 0 0 0 0 0 0 0 0 0 0 0 0 0 1 0 0 0 0 0 0 0 0 0 0 0 1 0 0 0 0 0 0 0 0 0 0 1 0 0 0 0 0 0 0 0 0 0 0 0 0 1 0 0 0 0 0 0 0 0 0 0 0 0 0 0 0 0 1 0 0 0 0 0 0 0 0 0 0 1 0 0 0 0 0 0 0 0 0 0 0 0 0 0 
0 0 0 0 0 0 0 0 0 0 0 0 0 0 0 0 0 0 0 0 0 0 0 0 0 0 0 0 0 0 0 0 0 0 0 0 0 0 0 0 0 0 1 0 0 0 0 0 0 0 0 0 1 0 0 0 0 0 0 0 0 0 0 0 0 0 0 0 0 0 0 0 0 0 1 0 0 0 0 0 0 0 0 0 0 0 0 0 0 0 0 0 1 0 0 0 0 0 0 0 0 0 0 0 0 0 0 1 0 0 0 1 0 0 0 0 0 0 0 0 0 0 0 0 0 0 1 0 0 0 0 0 0 0 0 0 0 0 0 0 0 0 0 0 0 0 0 0 0 0 0 0 0 0 0 0 0 0 0 0 0 0 0 0 0 0 0 0 0 0 0 0 0 1 0 0 0 0 0 0 0 0 0 0 0 0 0 0 0 0 1 0 0 0 0 
0 0 0 0 0 0 0 0 0 0 0 0 0 0 0 0 0 0 0 0 0 0 0 0 0 0 0 0 0 0 0 0 0 0 0 0 0 0 0 0 0 1 0 1 0 0 0 0 0 0 0 0 0 1 0 0 0 0 0 1 1 0 0 0 0 0 0 0 0 0 0 0 0 0 0 0 0 0 0 0 0 0 0 0 0 0 0 0 0 0 1 0 0 0 0 0 0 0 0 1 0 1 0 0 0 0 0 0 0 0 1 0 0 0 1 0 0 0 0 0 0 0 0 0 0 1 0 0 0 0 0 0 0 0 0 0 0 0 0 0 0 0 0 0 1 0 0 0 1 0 0 0 0 0 0 0 0 1 0 0 0 0 1 0 0 0 0 1 0 0 0 0 0 0 0 0 0 0 0 0 0 0 0 0 0 0 0 0 0 0 0 0 0 0 0 
0 0 0 0 1 1 0 1 0 1 0 0 0 0 0 0 1 1 0 0 1 0 0 0 0 0 1 0 0 0 0 0 0 0 1 0 0 1 0 0 0 0 0 0 0 0 1 0 0 0 0 0 0 0 0 0 0 0 0 0 0 0 0 0 1 0 0 0 0 1 0 1 1 0 0 1 0 0 0 0 0 0 0 0 0 0 0 0 0 0 0 0 0 0 0 0 0 0 0 0 0 0 0 0 0 1 0 0 0 0 0 0 0 0 0 0 0 0 0 0 0 0 0 0 0 0 0 0 0 0 0 0 0 0 0 0 0 0 0 0 0 0 0 0 0 0 0 0 0 0 0 0 0 0 0 0 0 0 0 0 0 0 0 0 0 0 0 0 0 0 0 0 0 0 0 0 0 0 0 0 0 0 0 0 0 0 0 0 0 0 0 0 0 0 0 
0 0 0 0 0 0 1 0 0 0 0 1 0 0 0 0 0 0 0 0 0 0 1 0 0 0 0 0 1 0 1 0 1 0 0 0 0 0 0 0 0 0 0 0 0 0 0 0 0 0 1 0 0 0 0 0 0 0 0 0 0 0 0 0 0 0 1 0 0 0 0 0 0 0 0 0 0 0 0 0 0 0 0 0 0 0 0 0 0 0 0 0 0 0 0 0 0 1 0 0 0 0 0 1 0 0 0 0 0 0 0 0 0 0 0 0 0 0 1 0 0 1 0 0 0 0 0 0 0 0 0 0 0 0 0 0 0 0 0 0 0 0 0 0 0 0 0 1 0 0 1 1 0 1 0 0 0 0 0 0 0 0 0 1 1 0 0 0 0 0 0 0 0 0 0 0 1 0 0 0 0 0 0 1 0 0 1 0 0 0 0 0 0 0 0 
0 0 0 0 0 0 0 0 0 0 0 0 0 0 0 0 0 0 0 0 0 0 0 0 0 0 0 0 0 1 0 0 0 0 0 0 0 0 0 0 1 0 0 0 0 0 0 0 0 0 0 0 0 0 0 0 0 0 0 0 0 1 0 0 0 0 0 0 0 0 0 0 0 1 0 0 0 0 0 0 0 0 0 0 0 0 0 0 0 0 0 1 0 0 0 0 0 0 0 0 0 0 0 0 0 0 0 0 0 0 0 0 0 0 0 0 0 0 0 1 0 0 0 0 0 0 0 0 0 0 0 0 0 0 0 1 0 0 0 1 1 0 0 0 0 1 0 0 0 0 0 0 0 0 0 0 0 0 1 0 0 1 0 0 0 0 0 0 0 0 0 0 0 0 1 0 0 0 0 0 0 1 1 0 0 0 0 0 0 0 0 0 0 0 0 
0 1 0 0 0 0 0 0 0 0 0 0 0 0 0 1 0 0 0 0 0 1 0 0 0 0 0 0 0 0 0 0 0 0 0 0 0 0 1 1 0 0 0 0 0 0 0 0 1 0 0 0 0 0 0 0 0 0 1 0 0 0 0 0 0 0 0 0 0 0 0 0 0 0 0 0 0 0 1 0 0 0 0 0 0 0 1 0 0 0 0 0 0 0 1 0 0 0 0 0 0 0 0 0 0 0 0 0 0 0 0 0 1 0 0 0 0 0 0 0 0 0 0 0 1 0 0 0 0 0 0 0 1 0 1 0 1 0 0 0 0 0 0 0 0 0 0 0 0 0 0 0 0 0 0 0 0 0 0 0 0 0 0 0 0 0 0 0 0 0 0 0 0 0 0 0 0 0 0 0 0 0 0 0 1 0 0 0 1 0 0 0 0 0 0 
1 0 0 0 0 0 0 0 0 0 0 0 0 0 0 0 0 0 0 0 0 0 0 0 0 0 0 0 0 0 0 0 0 0 0 0 0 0 0 0 0 0 0 0 0 1 0 1 0 0 0 0 0 0 0 0 0 0 0 0 0 0 0 0 0 0 0 1 0 0 0 0 0 0 0 0 0 1 0 0 0 0 0 0 0 0 0 0 0 0 0 0 0 1 0 0 0 0 0 0 0 0 0 0 0 0 0 0 0 0 0 0 0 0 0 0 0 0 0 0 1 0 0 0 0 0 0 0 0 0 0 0 0 0 0 0 0 0 0 0 0 0 0 0 0 0 0 0 0 0 0 0 0 0 0 1 0 0 0 0 0 0 0 0 0 0 0 0 1 0 0 1 0 0 0 0 0 0 0 0 0 0 0 0 0 0 0 0 0 0 0 0 0 0 0 
0 0 0 0 0 0 0 0 0 0 0 0 0 0 0 0 0 0 0 0 0 0 0 0 0 0 0 0 0 0 0 0 0 0 0 0 0 0 0 0 0 0 0 0 0 0 0 0 0 0 0 0 0 0 0 0 0 0 0 0 0 0 0 0 0 0 0 0 0 0 0 0 0 0 0 0 0 0 0 0 0 0 0 0 0 0 0 0 0 0 0 0 0 0 0 0 0 0 0 0 0 0 0 0 0 0 0 0 0 0 0 0 0 0 0 0 0 0 0 0 0 0 0 0 0 0 0 0 0 0 0 0 0 0 0 0 0 0 0 0 0 0 0 0 0 0 0 0 0 0 0 0 0 0 0 0 0 0 0 0 0 0 0 0 0 0 0 0 0 0 0 0 0 0 0 0 0 0 0 0 0 0 0 0 0 0 0 0 0 0 0 0 0 0 0 
0 0 0 0 0 0 0 0 0 0 0 0 0 0 0 0 0 0 0 0 0 0 0 0 0 0 0 0 0 0 0 0 0 0 0 0 0 0 0 0 0 0 0 0 0 0 0 0 0 0 0 0 0 0 0 0 0 0 0 0 0 0 0 0 0 0 0 0 0 0 0 0 0 0 0 0 0 0 0 0 1 0 0 0 0 0 0 0 0 0 0 0 0 0 0 0 0 0 1 0 0 0 0 0 0 0 0 0 0 0 0 0 0 0 0 0 0 0 0 0 0 0 0 0 0 0 0 0 0 0 0 0 0 0 0 0 0 0 0 0 0 1 0 0 0 0 0 0 0 0 0 0 0 0 1 0 0 0 0 0 0 0 0 0 0 0 0 0 0 0 0 0 0 0 0 1 0 0 0 0 0 0 0 0 0 1 0 0 0 0 0 0 0 0 0 
0 0 0 0 0 0 0 0 0 0 0 0 1 0 0 0 0 0 0 0 0 0 0 0 1 0 0 0 0 0 0 1 0 0 0 0 0 0 0 0 0 0 0 0 0 0 0 0 0 0 0 0 0 0 0 0 0 0 0 0 0 0 0 0 0 0 0 0 0 0 1 0 0 0 0 0 1 0 0 0 0 0 1 0 0 0 0 0 0 0 0 0 0 0 0 0 0 0 0 0 0 0 0 0 0 0 0 0 0 0 0 0 0 0 0 0 0 1 0 0 0 0 0 1 0 0 0 0 0 0 0 0 0 1 0 0 0 0 0 0 0 0 1 1 0 0 0 0 0 0 0 0 0 0 0 0 1 0 0 1 0 0 0 0 0 0 0 0 0 0 0 0 0 0 0 0 0 0 0 0 0 0 0 0 0 0 0 1 0 0 0 0 0 0 0 
0 0 0 0 0 0 0 0 0 0 0 0 0 1 0 0 0 0 0 1 0 0 0 0 0 0 0 0 0 0 0 0 0 0 0 0 1 0 0 0 0 0 0 0 0 0 0 0 0 0 0 0 0 0 1 0 0 0 0 0 0 0 0 0 0 0 0 0 0 0 0 0 0 0 0 0 0 0 0 1 0 1 0 1 0 1 0 1 1 0 0 0 0 0 0 1 0 0 0 0 1 0 1 0 1 0 0 0 0 0 0 0 0 0 0 0 0 0 0 0 0 0 0 0 0 0 0 0 1 0 0 0 0 0 0 0 0 0 0 0 0 0 0 0 0 0 0 0 0 0 0 0 0 0 0 0 0 0 0 0 1 0 0 0 0 0 0 0 0 0 0 0 0 0 0 0 0 0 0 0 0 0 0 0 0 0 0 0 0 0 0 0 0 0 0 
0 0 0 0 0 0 0 0 0 0 0 0 0 0 1 0 0 0 1 0 0 0 0 0 0 0 0 0 0 0 0 0 0 1 0 1 0 0 0 0 0 0 0 0 0 0 0 0 0 1 0 1 0 0 0 0 0 0 0 0 0 0 0 0 0 0 0 0 1 0 0 0 0 0 0 0 0 0 0 0 0 0 0 0 0 0 0 0 0 0 0 0 0 0 0 0 0 0 0 0 0 0 0 0 0 0 1 0 0 1 0 0 0 1 0 0 0 0 0 0 0 0 1 0 0 0 0 0 0 1 1 0 0 0 0 0 0 1 0 0 0 0 0 0 0 0 1 0 0 1 0 0 0 0 0 0 0 0 0 0 0 0 0 0 0 1 1 0 0 0 1 0 1 0 0 0 0 1 1 1 0 0 0 0 0 0 0 0 0 1 0 0 0 0 0 
194 9 181 112 60 106 31 182 39 121 0 142 134 88 123 
2.953776E-05 1.493997E-04 0.000000E+00 2.689135E-07 1.385353E-05 1.076762E-04 5.197175E-04 7.312303E-06 0.000000E+00 1.734559E-04 3.022400E-07 5.472593E-05 5.008184E-04 1.254108E-04 9.202340E-04 6.943220E-06 2.472784E-05 3.478786E-06 4.971279E-04 1.028664E-04 1.645495E-05 3.081925E-05 1.596220E-04 0.000000E+00 2.375147E-05 5.542689E-09 9.933712E-05 3.921101E-05 1.163875E-05 1.323358E-05 0.000000E+00 2.062274E-06 1.117423E-05 1.358621E-04 2.112008E-05 1.634790E-04 2.261344E-04 2.499553E-04 0.000000E+00 6.336385E-05 2.655154E-05 7.089977E-05 1.363186E-05 1.463625E-06 0.000000E+00 3.138784E-04 3.072212E-05 1.169592E-07 1.409023E-05 3.324684E-06 3.072436E-05 4.113409E-04 2.813219E-07 6.913613E-04 1.905711E-04 3.530678E-08 2.800629E-05 0.000000E+00 2.086939E-07 0.000000E+00 4.258103E-04 1.192488E-04 1.584361E-05 1.741685E-06 7.696889E-04 0.000000E+00 4.427536E-08 2.110855E-07 2.923378E-04 1.510903E-07 2.251389E-06 1.518874E-05 8.314170E-04 4.270192E-06 2.178157E-07 2.071584E-05 1.543374E-04 4.844412E-06 3.273614E-05 7.078853E-05 8.499376E-07 1.985847E-07 1.011781E-04 4.187337E-05 1.534546E-07 7.271201E-05 2.923799E-06 0.000000E+00 5.201567E-06 3.417485E-08 5.480546E-06 1.364892E-05 4.003326E-06 9.789819E-07 3.937820E-06 1.108651E-05 6.036978E-06 2.065227E-09 8.300513E-08 9.997245E-04 3.740848E-05 5.467592E-06 9.189959E-05 5.431180E-06 7.255086E-07 0.000000E+00 1.709685E-04 9.175630E-08 0.000000E+00 4.530459E-04 5.679947E-06 0.000000E+00 4.044378E-06 4.258279E-04 9.084562E-04 4.841967E-07 0.000000E+00 6.843632E-05 3.079899E-04 2.243177E-07 0.000000E+00 1.486851E-05 0.000000E+00 1.127163E-05 4.180423E-04 1.632831E-06 4.755805E-06 2.709097E-04 3.678619E-06 3.346600E-04 1.729617E-06 0.000000E+00 9.028663E-05 0.000000E+00 7.505872E-07 2.568991E-07 1.705521E-05 1.226186E-04 3.098107E-06 1.495112E-08 1.267046E-05 0.000000E+00 3.430321E-06 4.544634E-05 1.064836E-06 1.842594E-06 1.455984E-06 7.528953E-05 1.869445E-07 2.355955E-05 2.856718E-05 5.591581E-06 9.509015E-09 2.350146E-07 2.202656E-07 3.481458E-07 1.602252E-04 1.950110E-04 5.300504E-06 1.985570E-04 2.108592E-05 2.084920E-04 3.622714E-05 2.904773E-05 4.277005E-05 4.921584E-04 9.597861E-05 6.690501E-06 1.243618E-05 7.245538E-05 6.404572E-04 1.242225E-07 3.327559E-04 2.689235E-05 3.150406E-07 3.921228E-08 3.612974E-04 7.325838E-07 1.690826E-06 2.320804E-04 0.000000E+00 0.000000E+00 7.618889E-05 7.836910E-04 7.193791E-07 4.260602E-08 4.623605E-04 8.961838E-09 1.750895E-05 4.247386E-04 1.871367E-05 8.037921E-09 5.348675E-07 0.000000E+00 0.000000E+00 
194 26 90 193 11 
9 56 192 85 64 
139 63 57 97 116 153 28 181 170 4 128 
43 108 112 75 53 93 191 174 127 
111 91 126 158 42 163 60 44 149 145 168 54 115 100 102 61 
8 18 106 70 21 47 72 35 76 27 17 6 10 5 38 73 65 
7 12 148 119 122 29 23 33 165 98 151 31 104 154 51 152 67 187 177 184 164 
141 159 92 136 74 140 182 183 175 120 146 162 30 41 62 
59 87 135 16 137 39 40 189 22 185 113 95 133 79 49 2 125 
169 94 78 121 172 68 48 1 156 46 
0 
142 186 176 155 99 81 
188 134 143 32 71 124 144 157 25 160 118 83 13 77 
82 89 161 105 88 101 129 80 14 55 96 84 103 37 86 20 
34 36 52 69 107 110 114 138 166 167 173 178 190 131 123 179 150 147 180 19 130 50 171 15 

============Find Best @ Round 3060================
==========Cluster 0, RcvInterf=6.81304e-14============
Node 193, SINR:0.00000e+00, BpsHz:0.00000e+00
Node 25, SINR:7.35428e-02, BpsHz:2.55949e-02
Node 89, SINR:7.35428e-02, BpsHz:2.55949e-02
Node 192, SINR:7.35428e-02, BpsHz:2.55949e-02
Node 10, SINR:7.35428e-02, BpsHz:2.55949e-02
---------------
==========Cluster 1, RcvInterf=3.25422e-14============
Node 8, SINR:0.00000e+00, BpsHz:0.00000e+00
Node 55, SINR:7.35428e-02, BpsHz:2.55949e-02
Node 191, SINR:7.35428e-02, BpsHz:2.55949e-02
Node 84, SINR:7.35428e-02, BpsHz:2.55949e-02
Node 63, SINR:7.35428e-02, BpsHz:2.55949e-02
---------------
==========Cluster 2, RcvInterf=5.81760e-14============
Node 138, SINR:1.94121e-01, BpsHz:2.55949e-02
Node 62, SINR:1.94121e-01, BpsHz:2.55949e-02
Node 56, SINR:1.94121e-01, BpsHz:2.55949e-02
Node 96, SINR:1.94121e-01, BpsHz:2.55949e-02
Node 115, SINR:1.94121e-01, BpsHz:2.55949e-02
Node 152, SINR:1.94121e-01, BpsHz:2.55949e-02
Node 27, SINR:1.94121e-01, BpsHz:2.55949e-02
Node 180, SINR:0.00000e+00, BpsHz:0.00000e+00
Node 169, SINR:1.94121e-01, BpsHz:2.55949e-02
Node 3, SINR:1.94121e-01, BpsHz:2.55949e-02
Node 127, SINR:1.94121e-01, BpsHz:2.55949e-02
---------------
==========Cluster 3, RcvInterf=3.13145e-14============
Node 42, SINR:1.52494e-01, BpsHz:2.55949e-02
Node 107, SINR:1.52494e-01, BpsHz:2.55949e-02
Node 111, SINR:0.00000e+00, BpsHz:0.00000e+00
Node 74, SINR:1.52494e-01, BpsHz:2.55949e-02
Node 52, SINR:1.52494e-01, BpsHz:2.55949e-02
Node 92, SINR:1.52494e-01, BpsHz:2.55949e-02
Node 190, SINR:1.52494e-01, BpsHz:2.55949e-02
Node 173, SINR:1.52494e-01, BpsHz:2.55949e-02
Node 126, SINR:1.52494e-01, BpsHz:2.55949e-02
---------------
==========Cluster 4, RcvInterf=4.75658e-14============
Node 110, SINR:3.04886e-01, BpsHz:2.55949e-02
Node 90, SINR:3.04886e-01, BpsHz:2.55949e-02
Node 125, SINR:3.04886e-01, BpsHz:2.55949e-02
Node 157, SINR:3.04886e-01, BpsHz:2.55949e-02
Node 41, SINR:3.04886e-01, BpsHz:2.55949e-02
Node 162, SINR:3.04886e-01, BpsHz:2.55949e-02
Node 59, SINR:0.00000e+00, BpsHz:0.00000e+00
Node 43, SINR:3.04886e-01, BpsHz:2.55949e-02
Node 148, SINR:3.04886e-01, BpsHz:2.55949e-02
Node 144, SINR:3.04886e-01, BpsHz:2.55949e-02
Node 167, SINR:3.04886e-01, BpsHz:2.55949e-02
Node 53, SINR:3.04886e-01, BpsHz:2.55949e-02
Node 114, SINR:3.04886e-01, BpsHz:2.55949e-02
Node 99, SINR:3.04886e-01, BpsHz:2.55949e-02
Node 101, SINR:3.04886e-01, BpsHz:2.55949e-02
Node 60, SINR:3.04886e-01, BpsHz:2.55949e-02
---------------
==========Cluster 5, RcvInterf=4.26448e-14============
Node 7, SINR:3.28243e-01, BpsHz:2.55949e-02
Node 17, SINR:3.28243e-01, BpsHz:2.55949e-02
Node 105, SINR:0.00000e+00, BpsHz:0.00000e+00
Node 69, SINR:3.28243e-01, BpsHz:2.55949e-02
Node 20, SINR:3.28243e-01, BpsHz:2.55949e-02
Node 46, SINR:3.28243e-01, BpsHz:2.55949e-02
Node 71, SINR:3.28243e-01, BpsHz:2.55949e-02
Node 34, SINR:3.28243e-01, BpsHz:2.55949e-02
Node 75, SINR:3.28243e-01, BpsHz:2.55949e-02
Node 26, SINR:3.28243e-01, BpsHz:2.55949e-02
Node 16, SINR:3.28243e-01, BpsHz:2.55949e-02
Node 5, SINR:3.28243e-01, BpsHz:2.55949e-02
Node 9, SINR:3.28243e-01, BpsHz:2.55949e-02
Node 4, SINR:3.28243e-01, BpsHz:2.55949e-02
Node 37, SINR:3.28243e-01, BpsHz:2.55949e-02
Node 72, SINR:3.28243e-01, BpsHz:2.55949e-02
Node 64, SINR:3.28243e-01, BpsHz:2.55949e-02
---------------
==========Cluster 6, RcvInterf=2.59248e-14============
Node 6, SINR:4.25926e-01, BpsHz:2.55949e-02
Node 11, SINR:4.25926e-01, BpsHz:2.55949e-02
Node 147, SINR:4.25926e-01, BpsHz:2.55949e-02
Node 118, SINR:4.25926e-01, BpsHz:2.55949e-02
Node 121, SINR:4.25926e-01, BpsHz:2.55949e-02
Node 28, SINR:4.25926e-01, BpsHz:2.55949e-02
Node 22, SINR:4.25926e-01, BpsHz:2.55949e-02
Node 32, SINR:4.25926e-01, BpsHz:2.55949e-02
Node 164, SINR:4.25926e-01, BpsHz:2.55949e-02
Node 97, SINR:4.25926e-01, BpsHz:2.55949e-02
Node 150, SINR:4.25926e-01, BpsHz:2.55949e-02
Node 30, SINR:0.00000e+00, BpsHz:0.00000e+00
Node 103, SINR:4.25926e-01, BpsHz:2.55949e-02
Node 153, SINR:4.25926e-01, BpsHz:2.55949e-02
Node 50, SINR:4.25926e-01, BpsHz:2.55949e-02
Node 151, SINR:4.25926e-01, BpsHz:2.55949e-02
Node 66, SINR:4.25926e-01, BpsHz:2.55949e-02
Node 186, SINR:4.25926e-01, BpsHz:2.55949e-02
Node 176, SINR:4.25926e-01, BpsHz:2.55949e-02
Node 183, SINR:4.25926e-01, BpsHz:2.55949e-02
Node 163, SINR:4.25926e-01, BpsHz:2.55949e-02
---------------
==========Cluster 7, RcvInterf=4.06477e-14============
Node 140, SINR:2.81940e-01, BpsHz:2.55949e-02
Node 158, SINR:2.81940e-01, BpsHz:2.55949e-02
Node 91, SINR:2.81940e-01, BpsHz:2.55949e-02
Node 135, SINR:2.81940e-01, BpsHz:2.55949e-02
Node 73, SINR:2.81940e-01, BpsHz:2.55949e-02
Node 139, SINR:2.81940e-01, BpsHz:2.55949e-02
Node 181, SINR:0.00000e+00, BpsHz:0.00000e+00
Node 182, SINR:2.81940e-01, BpsHz:2.55949e-02
Node 174, SINR:2.81940e-01, BpsHz:2.55949e-02
Node 119, SINR:2.81940e-01, BpsHz:2.55949e-02
Node 145, SINR:2.81940e-01, BpsHz:2.55949e-02
Node 161, SINR:2.81940e-01, BpsHz:2.55949e-02
Node 29, SINR:2.81940e-01, BpsHz:2.55949e-02
Node 40, SINR:2.81940e-01, BpsHz:2.55949e-02
Node 61, SINR:2.81940e-01, BpsHz:2.55949e-02
---------------
==========Cluster 8, RcvInterf=2.63117e-14============
Node 58, SINR:3.28243e-01, BpsHz:2.55949e-02
Node 86, SINR:3.28243e-01, BpsHz:2.55949e-02
Node 134, SINR:3.28243e-01, BpsHz:2.55949e-02
Node 15, SINR:3.28243e-01, BpsHz:2.55949e-02
Node 136, SINR:3.28243e-01, BpsHz:2.55949e-02
Node 38, SINR:0.00000e+00, BpsHz:0.00000e+00
Node 39, SINR:3.28243e-01, BpsHz:2.55949e-02
Node 188, SINR:3.28243e-01, BpsHz:2.55949e-02
Node 21, SINR:3.28243e-01, BpsHz:2.55949e-02
Node 184, SINR:3.28243e-01, BpsHz:2.55949e-02
Node 112, SINR:3.28243e-01, BpsHz:2.55949e-02
Node 94, SINR:3.28243e-01, BpsHz:2.55949e-02
Node 132, SINR:3.28243e-01, BpsHz:2.55949e-02
Node 78, SINR:3.28243e-01, BpsHz:2.55949e-02
Node 48, SINR:3.28243e-01, BpsHz:2.55949e-02
Node 1, SINR:3.28243e-01, BpsHz:2.55949e-02
Node 124, SINR:3.28243e-01, BpsHz:2.55949e-02
---------------
==========Cluster 9, RcvInterf=3.96405e-14============
Node 168, SINR:1.73123e-01, BpsHz:2.55949e-02
Node 93, SINR:1.73123e-01, BpsHz:2.55949e-02
Node 77, SINR:1.73123e-01, BpsHz:2.55949e-02
Node 120, SINR:0.00000e+00, BpsHz:0.00000e+00
Node 171, SINR:1.73123e-01, BpsHz:2.55949e-02
Node 67, SINR:1.73123e-01, BpsHz:2.55949e-02
Node 47, SINR:1.73123e-01, BpsHz:2.55949e-02
Node 0, SINR:1.73123e-01, BpsHz:2.55949e-02
Node 155, SINR:1.73123e-01, BpsHz:2.55949e-02
Node 45, SINR:1.73123e-01, BpsHz:2.55949e-02
---------------
==========Cluster 10, RcvInterf=3.03550e-14============
Node -1, SINR:3.32941e-311, BpsHz:3.32941e-311
---------------
==========Cluster 11, RcvInterf=4.47097e-14============
Node 141, SINR:0.00000e+00, BpsHz:0.00000e+00
Node 185, SINR:9.27585e-02, BpsHz:2.55949e-02
Node 175, SINR:9.27585e-02, BpsHz:2.55949e-02
Node 154, SINR:9.27585e-02, BpsHz:2.55949e-02
Node 98, SINR:9.27585e-02, BpsHz:2.55949e-02
Node 80, SINR:9.27585e-02, BpsHz:2.55949e-02
---------------
==========Cluster 12, RcvInterf=5.72176e-14============
Node 187, SINR:2.59398e-01, BpsHz:2.55949e-02
Node 133, SINR:0.00000e+00, BpsHz:0.00000e+00
Node 142, SINR:2.59398e-01, BpsHz:2.55949e-02
Node 31, SINR:2.59398e-01, BpsHz:2.55949e-02
Node 70, SINR:2.59398e-01, BpsHz:2.55949e-02
Node 123, SINR:2.59398e-01, BpsHz:2.55949e-02
Node 143, SINR:2.59398e-01, BpsHz:2.55949e-02
Node 156, SINR:2.59398e-01, BpsHz:2.55949e-02
Node 24, SINR:2.59398e-01, BpsHz:2.55949e-02
Node 159, SINR:2.59398e-01, BpsHz:2.55949e-02
Node 117, SINR:2.59398e-01, BpsHz:2.55949e-02
Node 82, SINR:2.59398e-01, BpsHz:2.55949e-02
Node 12, SINR:2.59398e-01, BpsHz:2.55949e-02
Node 76, SINR:2.59398e-01, BpsHz:2.55949e-02
---------------
==========Cluster 13, RcvInterf=2.20009e-14============
Node 81, SINR:3.04886e-01, BpsHz:2.55949e-02
Node 88, SINR:3.04886e-01, BpsHz:2.55949e-02
Node 160, SINR:3.04886e-01, BpsHz:2.55949e-02
Node 104, SINR:3.04886e-01, BpsHz:2.55949e-02
Node 87, SINR:0.00000e+00, BpsHz:0.00000e+00
Node 100, SINR:3.04886e-01, BpsHz:2.55949e-02
Node 128, SINR:3.04886e-01, BpsHz:2.55949e-02
Node 79, SINR:3.04886e-01, BpsHz:2.55949e-02
Node 13, SINR:3.04886e-01, BpsHz:2.55949e-02
Node 54, SINR:3.04886e-01, BpsHz:2.55949e-02
Node 95, SINR:3.04886e-01, BpsHz:2.55949e-02
Node 83, SINR:3.04886e-01, BpsHz:2.55949e-02
Node 102, SINR:3.04886e-01, BpsHz:2.55949e-02
Node 36, SINR:3.04886e-01, BpsHz:2.55949e-02
Node 85, SINR:3.04886e-01, BpsHz:2.55949e-02
Node 19, SINR:3.04886e-01, BpsHz:2.55949e-02
---------------
==========Cluster 14, RcvInterf=1.41146e-14============
Node 33, SINR:5.03874e-01, BpsHz:2.55949e-02
Node 35, SINR:5.03874e-01, BpsHz:2.55949e-02
Node 51, SINR:5.03874e-01, BpsHz:2.55949e-02
Node 68, SINR:5.03874e-01, BpsHz:2.55949e-02
Node 106, SINR:5.03874e-01, BpsHz:2.55949e-02
Node 109, SINR:5.03874e-01, BpsHz:2.55949e-02
Node 113, SINR:5.03874e-01, BpsHz:2.55949e-02
Node 137, SINR:5.03874e-01, BpsHz:2.55949e-02
Node 165, SINR:5.03874e-01, BpsHz:2.55949e-02
Node 166, SINR:5.03874e-01, BpsHz:2.55949e-02
Node 172, SINR:5.03874e-01, BpsHz:2.55949e-02
Node 177, SINR:5.03874e-01, BpsHz:2.55949e-02
Node 189, SINR:5.03874e-01, BpsHz:2.55949e-02
Node 130, SINR:5.03874e-01, BpsHz:2.55949e-02
Node 122, SINR:0.00000e+00, BpsHz:0.00000e+00
Node 178, SINR:5.03874e-01, BpsHz:2.55949e-02
Node 149, SINR:5.03874e-01, BpsHz:2.55949e-02
Node 146, SINR:5.03874e-01, BpsHz:2.55949e-02
Node 179, SINR:5.03874e-01, BpsHz:2.55949e-02
Node 18, SINR:5.03874e-01, BpsHz:2.55949e-02
Node 129, SINR:5.03874e-01, BpsHz:2.55949e-02
Node 49, SINR:5.03874e-01, BpsHz:2.55949e-02
Node 170, SINR:5.03874e-01, BpsHz:2.55949e-02
Node 14, SINR:5.03874e-01, BpsHz:2.55949e-02
---------------
