195
15
1.000000e-03
2.525175e-312
171
8000
7.465831e+00
0.000000e+00
7.465831e-06
 -nan
0 0 0 0 0 0 0 0 0 0 0 0 0 0 0 0 0 0 0 0 0 0 0 0 0 0 0 0 0 0 0 0 0 0 0 0 0 0 0 0 0 0 0 1 0 0 0 0 0 0 0 0 0 1 0 0 0 0 0 1 0 0 0 0 0 0 0 0 0 0 0 0 0 0 0 0 0 0 0 0 0 0 0 0 0 0 0 0 0 0 1 0 0 0 0 0 0 0 0 1 0 1 0 0 0 0 0 0 0 0 1 0 0 0 0 0 0 0 0 0 0 0 0 0 0 0 0 0 0 0 0 0 0 0 0 0 0 0 0 0 0 0 0 0 0 0 0 0 1 0 0 0 0 0 0 0 0 1 0 0 0 0 1 0 0 0 0 1 0 0 0 0 0 0 0 0 0 0 0 0 0 0 0 0 0 0 0 0 0 0 0 0 0 0 0 
0 0 0 0 0 0 0 0 0 0 1 0 0 0 0 0 0 0 0 0 0 0 0 0 0 1 0 0 0 0 0 0 0 0 0 0 0 0 0 0 0 0 0 0 0 0 0 0 0 0 0 0 0 0 0 0 0 0 0 0 0 0 0 0 0 0 0 0 0 0 0 0 0 0 0 0 0 0 0 0 0 0 0 0 0 0 0 0 0 1 0 0 0 0 0 0 0 0 0 0 0 0 0 0 0 0 0 0 0 0 0 0 0 0 0 0 0 0 0 0 0 0 0 0 0 0 0 0 0 0 0 0 0 0 0 0 0 0 0 0 0 0 0 0 0 0 0 0 0 0 0 0 0 0 0 0 0 0 0 0 0 0 0 0 0 0 0 0 0 0 0 0 0 0 0 0 0 0 0 0 0 0 0 0 0 0 0 0 0 0 0 0 1 1 0 
0 1 0 0 0 0 0 0 0 0 0 0 0 0 0 1 0 0 0 0 0 1 0 0 0 0 0 0 0 0 0 0 0 0 0 0 0 0 1 0 0 0 0 0 0 0 0 0 1 0 0 0 0 0 0 0 0 0 0 0 0 0 0 0 0 0 0 0 0 0 0 0 0 0 0 0 0 0 1 0 0 0 0 0 0 0 0 0 0 0 0 0 0 0 1 0 0 0 0 0 0 0 0 0 0 0 0 0 0 0 0 0 1 0 0 0 0 0 0 0 0 0 0 0 1 0 0 0 0 0 0 0 0 0 0 0 1 0 0 0 0 0 0 0 0 0 0 0 0 0 0 0 0 0 0 0 0 0 0 0 0 0 0 1 0 0 0 0 0 0 0 0 0 0 0 0 0 0 0 0 0 0 0 0 1 0 0 0 1 0 0 0 0 0 0 
0 0 0 0 0 0 0 0 0 0 0 0 0 0 0 0 0 0 0 0 0 0 0 0 0 0 0 0 0 0 0 0 0 0 0 0 0 0 0 0 0 0 0 0 0 0 0 0 0 0 0 0 1 0 0 0 0 0 0 0 0 0 0 1 0 0 0 0 0 0 0 0 0 0 0 0 0 0 0 0 0 0 0 0 0 0 0 0 0 0 0 0 1 0 0 0 0 0 0 0 0 0 0 0 0 0 0 0 0 0 0 1 0 0 0 0 0 0 0 0 0 0 0 0 0 0 1 0 0 0 0 0 0 0 0 0 0 0 0 0 0 0 0 0 0 0 0 0 0 0 0 0 0 1 0 0 0 0 0 0 0 0 0 0 0 0 0 0 0 0 0 0 0 0 0 0 0 0 0 0 0 0 0 0 0 0 0 0 0 0 0 0 0 0 0 
0 0 1 1 0 0 0 0 0 0 0 0 0 0 0 0 0 0 0 0 0 0 0 0 0 0 0 1 0 0 0 0 0 0 0 0 0 0 0 0 0 0 1 0 0 0 0 0 0 0 0 0 0 0 0 0 1 0 0 0 0 1 0 0 0 0 0 0 0 0 0 0 0 0 0 0 0 0 0 0 0 0 0 0 0 0 0 0 0 0 0 0 0 0 0 0 1 0 0 0 0 0 0 0 0 0 0 1 0 0 0 0 0 0 0 1 0 0 0 1 0 0 0 0 0 0 0 0 0 0 0 0 0 0 0 0 0 0 1 0 0 0 0 0 0 1 0 0 0 0 0 0 1 0 0 0 0 0 0 0 0 0 0 0 0 0 0 0 0 0 0 0 0 1 0 0 0 0 0 0 1 0 0 0 0 0 0 0 0 0 1 0 0 0 0 
1 0 0 0 1 0 0 0 0 1 0 0 0 0 0 0 0 0 0 0 0 0 0 0 0 0 1 0 0 0 0 0 0 0 0 0 0 1 0 0 0 0 0 0 0 1 1 0 0 0 0 0 0 0 0 0 0 0 0 0 1 0 0 0 1 0 0 0 0 0 0 0 1 0 0 0 0 1 0 0 0 0 0 0 0 0 0 0 0 0 0 0 0 1 0 0 0 0 0 0 0 0 0 0 0 1 0 0 1 0 0 0 0 0 1 0 0 0 0 0 1 0 0 0 0 0 0 0 0 0 0 1 0 0 0 0 0 0 0 0 0 0 0 0 0 0 0 0 0 0 0 0 0 0 0 0 0 0 0 0 0 0 0 0 0 0 0 0 1 0 0 1 0 0 0 0 0 0 0 0 0 0 0 0 0 0 0 0 0 0 0 0 0 0 0 
0 0 0 0 0 0 1 0 0 0 0 1 1 0 0 0 0 0 0 0 0 0 1 0 0 0 0 0 1 0 1 0 1 0 0 0 0 0 0 0 0 0 0 0 0 0 0 0 0 0 1 0 0 0 0 0 0 0 0 0 0 0 0 0 0 0 1 0 0 0 0 0 0 0 0 0 0 0 0 0 0 0 0 0 0 0 0 0 0 0 0 0 0 0 0 0 0 1 0 0 0 0 0 0 0 0 0 0 0 0 0 0 0 0 0 0 0 0 1 0 0 1 0 0 0 0 0 0 0 0 0 0 0 0 0 0 0 0 0 0 0 0 0 0 0 0 0 1 0 0 1 0 0 0 0 0 0 0 0 0 0 0 0 0 1 0 0 0 0 0 0 0 0 0 0 0 1 0 0 0 0 0 0 1 0 0 1 0 0 0 0 0 0 0 0 
0 0 0 0 0 0 0 0 0 0 0 0 0 0 0 0 0 0 0 0 0 0 0 0 0 0 0 0 0 0 0 0 0 0 0 0 0 0 0 0 0 0 0 0 0 0 0 1 0 0 0 0 0 0 0 0 0 0 0 0 0 0 0 0 0 0 0 1 0 0 0 0 0 0 0 0 0 0 0 0 1 0 0 0 0 0 0 0 0 0 0 0 0 0 0 0 0 0 1 0 0 0 0 0 0 0 0 0 0 0 0 0 0 0 0 0 0 0 0 0 0 0 0 0 0 0 0 0 0 0 0 0 0 0 0 0 0 0 0 0 0 1 0 0 0 0 0 0 0 0 0 0 0 0 1 1 0 0 0 0 0 0 0 0 0 0 0 0 0 0 0 0 0 0 0 1 0 0 0 0 0 0 0 0 0 1 0 0 0 0 0 0 0 0 0 
0 0 0 0 0 0 0 0 0 0 0 0 0 0 0 0 0 0 1 0 0 0 0 0 0 0 0 0 0 0 0 0 0 1 0 0 0 0 0 0 0 0 0 0 0 0 0 0 0 1 0 0 0 0 0 0 0 0 1 0 0 0 0 0 0 0 0 0 1 0 0 0 0 0 0 0 0 0 0 0 0 0 0 0 0 0 1 0 0 0 0 0 0 0 0 0 0 0 0 0 0 0 0 0 0 0 0 0 0 0 0 0 0 0 0 0 0 0 0 0 0 0 1 0 0 0 0 0 0 1 1 0 1 0 1 0 0 0 0 0 0 0 0 0 0 0 1 0 0 1 0 0 0 0 0 0 0 0 0 0 0 0 0 0 0 0 0 0 0 0 0 0 0 0 0 0 0 1 1 1 0 0 0 0 0 0 0 0 0 0 0 0 0 0 1 
0 0 0 0 0 0 0 0 0 0 0 0 0 0 0 0 0 0 0 0 0 0 0 0 1 0 0 0 0 0 0 1 0 0 0 0 0 0 0 0 0 1 0 0 0 0 0 0 0 0 0 0 0 0 0 0 0 0 0 0 0 0 0 0 0 0 0 0 0 0 1 0 0 0 0 0 1 0 0 0 0 0 1 0 0 0 0 0 0 0 0 0 0 0 0 0 0 0 0 0 0 0 0 0 0 0 0 0 0 0 0 0 0 0 0 0 0 1 0 0 0 0 0 1 0 0 0 0 0 0 0 0 0 1 0 0 0 0 0 0 0 0 1 1 0 0 0 0 0 0 0 0 0 0 0 0 1 0 0 1 0 0 0 0 0 0 0 0 0 0 0 0 0 0 0 0 0 0 0 0 0 0 0 0 0 0 0 0 0 0 0 0 0 0 0 
0 0 0 0 0 1 0 1 0 0 0 0 0 1 0 0 0 1 0 1 0 0 0 0 0 0 0 0 0 0 0 0 0 0 0 0 1 0 0 0 0 0 0 0 0 0 0 0 0 0 0 0 0 0 1 0 0 0 0 0 0 0 0 0 0 1 0 0 0 1 0 1 0 0 0 0 0 0 0 1 0 1 0 1 0 1 0 1 1 0 0 0 0 0 0 1 0 0 0 0 1 0 1 0 1 0 0 0 0 0 0 0 0 0 0 0 0 0 0 0 0 0 0 0 0 0 0 0 1 0 0 0 0 0 0 0 0 0 0 0 0 0 0 0 0 0 0 0 0 0 0 0 0 0 0 0 0 0 0 0 1 1 0 0 0 0 0 0 0 0 0 0 0 0 0 0 0 0 0 0 0 0 1 0 0 0 0 0 0 0 0 0 0 0 0 
0 0 0 0 0 0 0 0 0 0 0 0 0 0 0 0 0 0 0 0 0 0 0 0 0 0 0 0 0 0 0 0 0 0 0 0 0 0 0 0 0 0 0 0 0 0 0 0 0 0 0 0 0 0 0 0 0 0 0 0 0 0 0 0 0 0 0 0 0 0 0 0 0 0 0 0 0 0 0 0 0 0 0 0 0 0 0 0 0 0 0 0 0 0 0 0 0 0 0 0 0 0 0 0 0 0 0 0 0 0 0 0 0 0 0 0 0 0 0 0 0 0 0 0 0 0 0 0 0 0 0 0 0 0 0 0 0 0 0 0 0 0 0 0 0 0 0 0 0 0 0 0 0 0 0 0 0 0 0 0 0 0 0 0 0 0 0 0 0 0 0 0 0 0 0 0 0 0 0 0 0 0 0 0 0 0 0 0 0 0 0 0 0 0 0 
0 0 0 0 0 0 0 0 0 0 0 0 0 0 0 0 0 0 0 0 0 0 0 0 0 0 0 0 0 0 0 0 0 0 0 0 0 0 0 0 0 0 0 0 0 0 0 0 0 0 0 0 0 0 0 1 0 1 0 0 0 0 0 0 0 0 0 0 0 0 0 0 0 0 0 0 0 0 0 0 0 0 0 0 1 0 0 0 0 0 0 0 0 0 0 0 0 0 0 0 0 0 0 0 0 0 0 0 0 0 0 0 0 0 0 0 0 0 0 0 0 0 0 0 0 0 0 0 0 0 0 0 0 0 0 0 0 0 0 0 0 0 0 0 0 0 0 0 0 0 0 0 0 0 0 0 0 0 0 0 0 0 0 0 0 0 0 0 0 0 0 0 0 0 0 0 0 0 0 0 0 0 0 0 0 0 0 0 0 0 0 1 0 0 0 
0 0 0 0 0 0 0 0 0 0 0 0 0 0 0 0 1 0 0 0 1 0 0 0 0 0 0 0 0 1 0 0 0 0 1 0 0 0 0 0 1 0 0 0 0 0 0 0 0 0 0 0 0 0 0 0 0 0 0 0 0 0 1 0 0 0 0 0 0 0 0 0 0 1 0 1 0 0 0 0 0 0 0 0 0 0 0 0 0 0 0 1 0 0 0 0 0 0 0 0 0 0 0 0 0 0 0 0 0 0 0 0 0 0 0 0 0 0 0 0 0 0 0 0 0 0 0 0 0 0 0 0 0 0 0 1 0 0 0 1 1 0 0 0 0 0 0 0 0 0 0 0 0 0 0 0 0 0 1 0 0 0 0 0 0 0 0 0 0 0 0 0 0 0 1 0 0 0 0 0 0 1 0 0 0 0 0 0 0 0 0 0 0 0 0 
0 0 0 0 0 0 0 0 0 0 0 0 0 0 1 0 0 0 0 0 0 0 0 1 0 0 0 0 0 0 0 0 0 0 0 0 0 0 0 0 0 0 0 0 1 0 0 0 0 0 0 1 0 0 0 0 0 0 0 0 0 0 0 0 0 0 0 0 0 0 0 0 0 0 0 0 0 0 0 0 0 0 0 0 0 0 0 0 0 0 0 0 0 0 0 0 0 0 0 0 0 0 0 0 0 0 1 0 0 1 0 0 0 1 0 0 1 0 0 0 0 0 0 0 0 0 0 1 0 0 0 0 0 0 0 0 0 1 0 0 0 0 0 0 0 0 0 0 0 0 0 0 0 0 0 0 0 0 0 0 0 0 0 0 0 1 1 0 0 1 1 0 1 0 0 0 0 0 0 0 0 0 0 0 0 0 0 0 0 1 0 0 0 0 0 
149 90 49 93 191 27 67 142 147 134 82 0 56 30 138 
0.000000E+00 0.000000E+00 0.000000E+00 0.000000E+00 0.000000E+00 0.000000E+00 0.000000E+00 0.000000E+00 0.000000E+00 0.000000E+00 0.000000E+00 0.000000E+00 0.000000E+00 0.000000E+00 0.000000E+00 0.000000E+00 0.000000E+00 0.000000E+00 0.000000E+00 0.000000E+00 0.000000E+00 0.000000E+00 0.000000E+00 0.000000E+00 0.000000E+00 0.000000E+00 0.000000E+00 0.000000E+00 0.000000E+00 0.000000E+00 0.000000E+00 0.000000E+00 0.000000E+00 0.000000E+00 0.000000E+00 0.000000E+00 0.000000E+00 0.000000E+00 0.000000E+00 0.000000E+00 0.000000E+00 0.000000E+00 0.000000E+00 0.000000E+00 0.000000E+00 0.000000E+00 0.000000E+00 0.000000E+00 0.000000E+00 0.000000E+00 0.000000E+00 0.000000E+00 0.000000E+00 0.000000E+00 0.000000E+00 0.000000E+00 0.000000E+00 0.000000E+00 0.000000E+00 0.000000E+00 0.000000E+00 0.000000E+00 0.000000E+00 0.000000E+00 0.000000E+00 0.000000E+00 0.000000E+00 0.000000E+00 0.000000E+00 0.000000E+00 0.000000E+00 0.000000E+00 0.000000E+00 0.000000E+00 0.000000E+00 0.000000E+00 0.000000E+00 0.000000E+00 0.000000E+00 0.000000E+00 0.000000E+00 0.000000E+00 0.000000E+00 0.000000E+00 0.000000E+00 0.000000E+00 0.000000E+00 0.000000E+00 0.000000E+00 0.000000E+00 0.000000E+00 0.000000E+00 0.000000E+00 0.000000E+00 0.000000E+00 0.000000E+00 0.000000E+00 0.000000E+00 0.000000E+00 0.000000E+00 0.000000E+00 0.000000E+00 0.000000E+00 0.000000E+00 0.000000E+00 0.000000E+00 0.000000E+00 0.000000E+00 0.000000E+00 0.000000E+00 0.000000E+00 0.000000E+00 0.000000E+00 0.000000E+00 0.000000E+00 0.000000E+00 0.000000E+00 0.000000E+00 0.000000E+00 0.000000E+00 0.000000E+00 0.000000E+00 0.000000E+00 0.000000E+00 0.000000E+00 0.000000E+00 0.000000E+00 0.000000E+00 0.000000E+00 0.000000E+00 0.000000E+00 0.000000E+00 0.000000E+00 0.000000E+00 0.000000E+00 0.000000E+00 0.000000E+00 0.000000E+00 0.000000E+00 0.000000E+00 0.000000E+00 0.000000E+00 0.000000E+00 0.000000E+00 0.000000E+00 0.000000E+00 0.000000E+00 0.000000E+00 0.000000E+00 0.000000E+00 0.000000E+00 0.000000E+00 0.000000E+00 0.000000E+00 0.000000E+00 0.000000E+00 0.000000E+00 0.000000E+00 0.000000E+00 0.000000E+00 0.000000E+00 0.000000E+00 0.000000E+00 0.000000E+00 0.000000E+00 0.000000E+00 0.000000E+00 0.000000E+00 0.000000E+00 0.000000E+00 0.000000E+00 0.000000E+00 0.000000E+00 0.000000E+00 0.000000E+00 0.000000E+00 0.000000E+00 0.000000E+00 0.000000E+00 0.000000E+00 0.000000E+00 0.000000E+00 0.000000E+00 0.000000E+00 0.000000E+00 0.000000E+00 0.000000E+00 0.000000E+00 0.000000E+00 0.000000E+00 0.000000E+00 0.000000E+00 0.000000E+00 0.000000E+00 0.000000E+00 
149 111 44 91 100 163 158 54 168 102 60 
194 26 11 90 193 
189 185 137 16 113 2 95 22 79 49 125 164 39 
93 64 53 127 112 154 
28 181 146 4 62 174 43 191 3 120 139 153 116 108 97 57 
5 10 38 65 169 46 78 94 1 172 121 73 106 61 109 132 115 27 47 
177 187 12 151 122 51 119 29 67 23 98 31 165 33 13 184 7 148 
142 176 155 156 48 81 99 186 68 
50 123 147 179 131 178 150 180 130 19 195 133 135 34 69 59 87 
134 124 143 32 144 118 157 42 25 71 160 83 77 
161 101 82 14 86 89 105 88 80 129 96 84 18 183 72 8 66 37 70 162 6 55 20 103 
0 
56 58 85 192 
76 17 41 30 140 159 136 182 21 74 141 92 175 63 35 
107 114 138 167 171 173 117 45 166 128 170 190 110 52 15 24 

============Find Best @ Round 4531================
==========Cluster 0, RcvInterf=0.00000e+00============
Node 148, SINR:0.00000e+00, BpsHz:0.00000e+00
Node 110, SINR:0.00000e+00, BpsHz:0.00000e+00
Node 43, SINR:0.00000e+00, BpsHz:0.00000e+00
Node 90, SINR:0.00000e+00, BpsHz:0.00000e+00
Node 99, SINR:0.00000e+00, BpsHz:0.00000e+00
Node 162, SINR:0.00000e+00, BpsHz:0.00000e+00
Node 157, SINR:0.00000e+00, BpsHz:0.00000e+00
Node 53, SINR:0.00000e+00, BpsHz:0.00000e+00
Node 167, SINR:0.00000e+00, BpsHz:0.00000e+00
Node 101, SINR:0.00000e+00, BpsHz:0.00000e+00
Node 59, SINR:0.00000e+00, BpsHz:0.00000e+00
---------------
==========Cluster 1, RcvInterf=0.00000e+00============
Node 193, SINR:0.00000e+00, BpsHz:0.00000e+00
Node 25, SINR:0.00000e+00, BpsHz:0.00000e+00
Node 10, SINR:0.00000e+00, BpsHz:0.00000e+00
Node 89, SINR:0.00000e+00, BpsHz:0.00000e+00
Node 192, SINR:0.00000e+00, BpsHz:0.00000e+00
---------------
==========Cluster 2, RcvInterf=0.00000e+00============
Node 188, SINR:0.00000e+00, BpsHz:0.00000e+00
Node 184, SINR:0.00000e+00, BpsHz:0.00000e+00
Node 136, SINR:0.00000e+00, BpsHz:0.00000e+00
Node 15, SINR:0.00000e+00, BpsHz:0.00000e+00
Node 112, SINR:0.00000e+00, BpsHz:0.00000e+00
Node 1, SINR:0.00000e+00, BpsHz:0.00000e+00
Node 94, SINR:0.00000e+00, BpsHz:0.00000e+00
Node 21, SINR:0.00000e+00, BpsHz:0.00000e+00
Node 78, SINR:0.00000e+00, BpsHz:0.00000e+00
Node 48, SINR:0.00000e+00, BpsHz:0.00000e+00
Node 124, SINR:0.00000e+00, BpsHz:0.00000e+00
Node 163, SINR:0.00000e+00, BpsHz:0.00000e+00
Node 38, SINR:0.00000e+00, BpsHz:0.00000e+00
---------------
==========Cluster 3, RcvInterf=0.00000e+00============
Node 92, SINR:0.00000e+00, BpsHz:0.00000e+00
Node 63, SINR:0.00000e+00, BpsHz:0.00000e+00
Node 52, SINR:0.00000e+00, BpsHz:0.00000e+00
Node 126, SINR:0.00000e+00, BpsHz:0.00000e+00
Node 111, SINR:0.00000e+00, BpsHz:0.00000e+00
Node 153, SINR:0.00000e+00, BpsHz:0.00000e+00
---------------
==========Cluster 4, RcvInterf=0.00000e+00============
Node 27, SINR:0.00000e+00, BpsHz:0.00000e+00
Node 180, SINR:0.00000e+00, BpsHz:0.00000e+00
Node 145, SINR:0.00000e+00, BpsHz:0.00000e+00
Node 3, SINR:0.00000e+00, BpsHz:0.00000e+00
Node 61, SINR:0.00000e+00, BpsHz:0.00000e+00
Node 173, SINR:0.00000e+00, BpsHz:0.00000e+00
Node 42, SINR:0.00000e+00, BpsHz:0.00000e+00
Node 190, SINR:0.00000e+00, BpsHz:0.00000e+00
Node 2, SINR:0.00000e+00, BpsHz:0.00000e+00
Node 119, SINR:0.00000e+00, BpsHz:0.00000e+00
Node 138, SINR:0.00000e+00, BpsHz:0.00000e+00
Node 152, SINR:0.00000e+00, BpsHz:0.00000e+00
Node 115, SINR:0.00000e+00, BpsHz:0.00000e+00
Node 107, SINR:0.00000e+00, BpsHz:0.00000e+00
Node 96, SINR:0.00000e+00, BpsHz:0.00000e+00
Node 56, SINR:0.00000e+00, BpsHz:0.00000e+00
---------------
==========Cluster 5, RcvInterf=0.00000e+00============
Node 4, SINR:0.00000e+00, BpsHz:0.00000e+00
Node 9, SINR:0.00000e+00, BpsHz:0.00000e+00
Node 37, SINR:0.00000e+00, BpsHz:0.00000e+00
Node 64, SINR:0.00000e+00, BpsHz:0.00000e+00
Node 168, SINR:0.00000e+00, BpsHz:0.00000e+00
Node 45, SINR:0.00000e+00, BpsHz:0.00000e+00
Node 77, SINR:0.00000e+00, BpsHz:0.00000e+00
Node 93, SINR:0.00000e+00, BpsHz:0.00000e+00
Node 0, SINR:0.00000e+00, BpsHz:0.00000e+00
Node 171, SINR:0.00000e+00, BpsHz:0.00000e+00
Node 120, SINR:0.00000e+00, BpsHz:0.00000e+00
Node 72, SINR:0.00000e+00, BpsHz:0.00000e+00
Node 105, SINR:0.00000e+00, BpsHz:0.00000e+00
Node 60, SINR:0.00000e+00, BpsHz:0.00000e+00
Node 108, SINR:0.00000e+00, BpsHz:0.00000e+00
Node 131, SINR:0.00000e+00, BpsHz:0.00000e+00
Node 114, SINR:0.00000e+00, BpsHz:0.00000e+00
Node 26, SINR:0.00000e+00, BpsHz:0.00000e+00
Node 46, SINR:0.00000e+00, BpsHz:0.00000e+00
---------------
==========Cluster 6, RcvInterf=0.00000e+00============
Node 176, SINR:0.00000e+00, BpsHz:0.00000e+00
Node 186, SINR:0.00000e+00, BpsHz:0.00000e+00
Node 11, SINR:0.00000e+00, BpsHz:0.00000e+00
Node 150, SINR:0.00000e+00, BpsHz:0.00000e+00
Node 121, SINR:0.00000e+00, BpsHz:0.00000e+00
Node 50, SINR:0.00000e+00, BpsHz:0.00000e+00
Node 118, SINR:0.00000e+00, BpsHz:0.00000e+00
Node 28, SINR:0.00000e+00, BpsHz:0.00000e+00
Node 66, SINR:0.00000e+00, BpsHz:0.00000e+00
Node 22, SINR:0.00000e+00, BpsHz:0.00000e+00
Node 97, SINR:0.00000e+00, BpsHz:0.00000e+00
Node 30, SINR:0.00000e+00, BpsHz:0.00000e+00
Node 164, SINR:0.00000e+00, BpsHz:0.00000e+00
Node 32, SINR:0.00000e+00, BpsHz:0.00000e+00
Node 12, SINR:0.00000e+00, BpsHz:0.00000e+00
Node 183, SINR:0.00000e+00, BpsHz:0.00000e+00
Node 6, SINR:0.00000e+00, BpsHz:0.00000e+00
Node 147, SINR:0.00000e+00, BpsHz:0.00000e+00
---------------
==========Cluster 7, RcvInterf=0.00000e+00============
Node 141, SINR:0.00000e+00, BpsHz:0.00000e+00
Node 175, SINR:0.00000e+00, BpsHz:0.00000e+00
Node 154, SINR:0.00000e+00, BpsHz:0.00000e+00
Node 155, SINR:0.00000e+00, BpsHz:0.00000e+00
Node 47, SINR:0.00000e+00, BpsHz:0.00000e+00
Node 80, SINR:0.00000e+00, BpsHz:0.00000e+00
Node 98, SINR:0.00000e+00, BpsHz:0.00000e+00
Node 185, SINR:0.00000e+00, BpsHz:0.00000e+00
Node 67, SINR:0.00000e+00, BpsHz:0.00000e+00
---------------
==========Cluster 8, RcvInterf=0.00000e+00============
Node 49, SINR:0.00000e+00, BpsHz:0.00000e+00
Node 122, SINR:0.00000e+00, BpsHz:0.00000e+00
Node 146, SINR:0.00000e+00, BpsHz:0.00000e+00
Node 178, SINR:0.00000e+00, BpsHz:0.00000e+00
Node 130, SINR:0.00000e+00, BpsHz:0.00000e+00
Node 177, SINR:0.00000e+00, BpsHz:0.00000e+00
Node 149, SINR:0.00000e+00, BpsHz:0.00000e+00
Node 179, SINR:0.00000e+00, BpsHz:0.00000e+00
Node 129, SINR:0.00000e+00, BpsHz:0.00000e+00
Node 18, SINR:0.00000e+00, BpsHz:0.00000e+00
Node 194, SINR:0.00000e+00, BpsHz:0.00000e+00
Node 132, SINR:0.00000e+00, BpsHz:0.00000e+00
Node 134, SINR:0.00000e+00, BpsHz:0.00000e+00
Node 33, SINR:0.00000e+00, BpsHz:0.00000e+00
Node 68, SINR:0.00000e+00, BpsHz:0.00000e+00
Node 58, SINR:0.00000e+00, BpsHz:0.00000e+00
Node 86, SINR:0.00000e+00, BpsHz:0.00000e+00
---------------
==========Cluster 9, RcvInterf=0.00000e+00============
Node 133, SINR:0.00000e+00, BpsHz:0.00000e+00
Node 123, SINR:0.00000e+00, BpsHz:0.00000e+00
Node 142, SINR:0.00000e+00, BpsHz:0.00000e+00
Node 31, SINR:0.00000e+00, BpsHz:0.00000e+00
Node 143, SINR:0.00000e+00, BpsHz:0.00000e+00
Node 117, SINR:0.00000e+00, BpsHz:0.00000e+00
Node 156, SINR:0.00000e+00, BpsHz:0.00000e+00
Node 41, SINR:0.00000e+00, BpsHz:0.00000e+00
Node 24, SINR:0.00000e+00, BpsHz:0.00000e+00
Node 70, SINR:0.00000e+00, BpsHz:0.00000e+00
Node 159, SINR:0.00000e+00, BpsHz:0.00000e+00
Node 82, SINR:0.00000e+00, BpsHz:0.00000e+00
Node 76, SINR:0.00000e+00, BpsHz:0.00000e+00
---------------
==========Cluster 10, RcvInterf=0.00000e+00============
Node 160, SINR:0.00000e+00, BpsHz:0.00000e+00
Node 100, SINR:0.00000e+00, BpsHz:0.00000e+00
Node 81, SINR:0.00000e+00, BpsHz:0.00000e+00
Node 13, SINR:0.00000e+00, BpsHz:0.00000e+00
Node 85, SINR:0.00000e+00, BpsHz:0.00000e+00
Node 88, SINR:0.00000e+00, BpsHz:0.00000e+00
Node 104, SINR:0.00000e+00, BpsHz:0.00000e+00
Node 87, SINR:0.00000e+00, BpsHz:0.00000e+00
Node 79, SINR:0.00000e+00, BpsHz:0.00000e+00
Node 128, SINR:0.00000e+00, BpsHz:0.00000e+00
Node 95, SINR:0.00000e+00, BpsHz:0.00000e+00
Node 83, SINR:0.00000e+00, BpsHz:0.00000e+00
Node 17, SINR:0.00000e+00, BpsHz:0.00000e+00
Node 182, SINR:0.00000e+00, BpsHz:0.00000e+00
Node 71, SINR:0.00000e+00, BpsHz:0.00000e+00
Node 7, SINR:0.00000e+00, BpsHz:0.00000e+00
Node 65, SINR:0.00000e+00, BpsHz:0.00000e+00
Node 36, SINR:0.00000e+00, BpsHz:0.00000e+00
Node 69, SINR:0.00000e+00, BpsHz:0.00000e+00
Node 161, SINR:0.00000e+00, BpsHz:0.00000e+00
Node 5, SINR:0.00000e+00, BpsHz:0.00000e+00
Node 54, SINR:0.00000e+00, BpsHz:0.00000e+00
Node 19, SINR:0.00000e+00, BpsHz:0.00000e+00
Node 102, SINR:0.00000e+00, BpsHz:0.00000e+00
---------------
==========Cluster 11, RcvInterf=0.00000e+00============
Node -1, SINR:3.32941e-311, BpsHz:3.32941e-311
---------------
==========Cluster 12, RcvInterf=0.00000e+00============
Node 55, SINR:0.00000e+00, BpsHz:0.00000e+00
Node 57, SINR:0.00000e+00, BpsHz:0.00000e+00
Node 84, SINR:0.00000e+00, BpsHz:0.00000e+00
Node 191, SINR:0.00000e+00, BpsHz:0.00000e+00
---------------
==========Cluster 13, RcvInterf=0.00000e+00============
Node 75, SINR:0.00000e+00, BpsHz:0.00000e+00
Node 16, SINR:0.00000e+00, BpsHz:0.00000e+00
Node 40, SINR:0.00000e+00, BpsHz:0.00000e+00
Node 29, SINR:0.00000e+00, BpsHz:0.00000e+00
Node 139, SINR:0.00000e+00, BpsHz:0.00000e+00
Node 158, SINR:0.00000e+00, BpsHz:0.00000e+00
Node 135, SINR:0.00000e+00, BpsHz:0.00000e+00
Node 181, SINR:0.00000e+00, BpsHz:0.00000e+00
Node 20, SINR:0.00000e+00, BpsHz:0.00000e+00
Node 73, SINR:0.00000e+00, BpsHz:0.00000e+00
Node 140, SINR:0.00000e+00, BpsHz:0.00000e+00
Node 91, SINR:0.00000e+00, BpsHz:0.00000e+00
Node 174, SINR:0.00000e+00, BpsHz:0.00000e+00
Node 62, SINR:0.00000e+00, BpsHz:0.00000e+00
Node 34, SINR:0.00000e+00, BpsHz:0.00000e+00
---------------
==========Cluster 14, RcvInterf=0.00000e+00============
Node 106, SINR:0.00000e+00, BpsHz:0.00000e+00
Node 113, SINR:0.00000e+00, BpsHz:0.00000e+00
Node 137, SINR:0.00000e+00, BpsHz:0.00000e+00
Node 166, SINR:0.00000e+00, BpsHz:0.00000e+00
Node 170, SINR:0.00000e+00, BpsHz:0.00000e+00
Node 172, SINR:0.00000e+00, BpsHz:0.00000e+00
Node 116, SINR:0.00000e+00, BpsHz:0.00000e+00
Node 44, SINR:0.00000e+00, BpsHz:0.00000e+00
Node 165, SINR:0.00000e+00, BpsHz:0.00000e+00
Node 127, SINR:0.00000e+00, BpsHz:0.00000e+00
Node 169, SINR:0.00000e+00, BpsHz:0.00000e+00
Node 189, SINR:0.00000e+00, BpsHz:0.00000e+00
Node 109, SINR:0.00000e+00, BpsHz:0.00000e+00
Node 51, SINR:0.00000e+00, BpsHz:0.00000e+00
Node 14, SINR:0.00000e+00, BpsHz:0.00000e+00
Node 23, SINR:0.00000e+00, BpsHz:0.00000e+00
---------------
