195
15
1.000000e-03
2.514297e-307
171
8000
4.245410e+00
4.838867e+00
4.245410e-06
5.381505e-06
0 0 0 0 0 0 0 0 0 0 1 0 0 0 0 0 0 0 0 0 0 0 0 0 0 1 0 0 0 0 0 1 0 0 0 0 0 0 0 0 0 1 0 0 0 0 0 0 0 0 0 0 0 0 0 0 0 0 0 0 0 0 0 0 0 0 0 0 0 0 0 0 0 0 0 0 0 0 0 0 0 0 0 0 0 0 0 0 0 1 1 0 0 0 0 0 0 0 0 0 0 1 0 0 0 0 0 0 0 0 0 0 0 0 0 0 0 1 0 0 0 0 0 0 0 0 0 0 0 0 0 0 0 1 0 0 0 0 0 0 0 0 0 0 1 0 0 0 1 0 0 0 0 0 0 0 0 0 0 0 0 0 0 0 0 0 0 0 0 0 0 0 0 0 0 0 0 0 0 0 0 0 0 0 0 0 0 0 0 0 0 0 1 1 0 
0 1 0 0 0 0 0 0 0 0 0 0 0 0 0 1 0 0 1 0 0 1 0 0 0 0 0 0 0 0 0 0 0 1 0 0 0 0 1 1 0 0 0 0 0 0 0 0 1 1 0 0 0 0 0 1 0 1 1 0 0 0 0 0 0 0 0 0 0 0 0 0 0 0 0 0 0 0 1 0 0 0 0 0 1 0 1 0 0 0 0 0 0 0 1 0 0 0 0 0 0 0 0 0 0 0 0 0 0 0 0 0 1 0 0 0 0 0 0 0 0 0 0 0 0 0 0 0 0 1 0 0 1 0 1 0 1 0 0 0 0 0 0 0 0 0 1 0 0 1 0 0 0 0 0 0 0 0 0 0 0 0 0 0 0 0 0 0 0 0 0 0 0 0 0 0 0 0 1 1 0 0 0 0 1 0 0 0 1 0 0 1 0 0 1 
0 0 0 0 0 0 0 0 0 0 0 0 0 0 0 0 0 0 0 0 0 0 0 0 0 0 0 0 0 0 0 0 0 0 0 0 0 0 0 0 0 0 0 0 0 0 0 0 0 0 0 0 0 0 0 0 0 0 0 0 0 0 0 1 0 0 0 0 0 0 0 0 0 0 0 0 0 0 0 0 0 0 0 0 0 0 0 0 0 0 0 0 1 0 0 0 0 0 0 0 0 0 0 0 0 0 0 0 0 0 0 0 0 0 0 0 0 0 0 0 0 0 0 0 0 0 1 0 0 0 0 0 0 0 0 0 0 0 0 0 0 0 0 0 0 0 0 0 0 0 0 0 0 0 0 0 0 0 0 0 0 0 0 0 0 0 0 0 0 0 0 0 0 0 0 0 0 0 0 0 0 0 0 0 0 0 0 0 0 0 0 0 0 0 0 
0 0 0 0 0 1 0 0 0 0 0 0 0 1 0 0 0 0 0 1 0 0 0 0 0 0 0 0 0 0 0 0 0 0 0 0 1 0 0 0 0 0 0 0 0 0 0 0 0 0 0 0 0 0 1 0 0 0 0 0 0 0 0 0 0 1 0 0 0 0 0 0 0 0 0 0 0 0 0 1 0 1 0 1 0 1 0 1 1 0 0 0 0 0 0 1 0 0 0 0 1 0 1 0 1 0 0 0 0 0 0 0 0 0 0 0 0 0 0 0 0 0 0 0 0 0 0 0 1 0 0 0 0 0 0 0 0 0 0 0 0 0 0 0 0 0 0 0 0 0 0 0 0 0 0 0 0 0 0 0 1 1 0 0 0 0 0 0 0 0 0 0 0 0 0 0 0 0 0 0 0 0 1 0 0 0 0 0 0 0 0 0 0 0 0 
0 0 0 0 0 0 0 0 0 0 0 0 0 0 0 0 1 0 0 0 1 0 0 0 0 0 0 0 0 0 0 0 0 0 1 0 0 0 0 0 1 0 0 0 0 0 0 0 0 0 0 0 0 0 0 0 0 0 0 0 0 0 0 0 0 0 0 0 0 0 0 0 0 0 0 1 0 0 0 0 0 0 0 0 0 0 0 0 0 0 0 0 0 0 0 0 0 0 0 0 0 0 0 0 0 0 0 0 0 0 0 0 0 0 0 0 0 0 0 0 0 0 0 0 0 0 0 0 0 0 0 0 0 0 0 0 0 0 0 0 1 0 0 0 0 0 0 0 0 0 0 0 0 0 0 0 0 0 1 0 0 0 0 0 0 0 0 0 0 0 0 0 0 0 0 0 0 0 0 0 0 0 0 0 0 0 0 0 0 0 0 0 0 0 0 
0 0 0 0 1 0 0 1 0 1 0 0 0 0 0 0 0 1 0 0 0 0 0 0 0 0 1 0 0 0 0 0 0 0 0 0 0 1 0 0 0 0 0 0 0 1 1 0 0 0 0 0 0 0 0 0 0 0 0 0 0 0 0 0 1 0 0 0 0 1 0 1 1 0 0 0 0 1 0 0 0 0 0 0 0 0 0 0 0 0 0 0 0 0 0 0 0 0 0 0 0 0 0 0 0 1 0 0 1 0 0 0 0 0 0 0 0 0 0 0 0 0 0 0 0 0 0 0 0 0 0 1 0 0 0 0 0 0 0 0 0 0 0 0 0 0 0 0 0 0 0 0 0 0 0 0 0 0 0 0 0 0 0 0 0 0 0 0 1 0 0 0 0 0 0 0 0 0 0 0 0 0 0 0 0 0 0 0 0 0 0 0 0 0 0 
0 0 0 0 0 0 1 0 0 0 0 1 0 0 0 0 0 0 0 0 0 0 0 0 0 0 0 0 1 0 1 0 0 0 0 0 0 0 0 0 0 0 0 0 0 0 0 0 0 0 1 0 0 0 0 0 0 0 0 0 0 0 0 0 0 0 1 0 0 0 0 0 0 0 0 0 0 0 0 0 0 0 0 0 0 0 0 0 0 0 0 0 0 0 0 0 0 1 0 0 0 0 0 0 0 0 0 0 0 0 0 0 0 0 0 0 0 0 1 0 0 1 0 0 1 0 0 0 0 0 0 0 0 0 0 0 0 0 0 0 0 0 0 0 0 0 0 1 0 0 1 0 0 0 0 0 0 0 0 0 0 0 0 1 0 0 0 0 0 0 0 0 0 0 0 0 1 0 0 0 0 0 0 1 0 0 1 0 0 0 0 0 0 0 0 
0 0 1 1 0 0 0 0 0 0 0 0 0 0 0 0 0 0 0 0 0 0 0 0 0 0 0 0 0 1 0 0 0 0 0 0 0 0 0 0 0 0 0 0 0 0 0 0 0 0 0 0 0 0 0 0 0 0 0 0 0 0 0 0 0 0 0 0 0 0 0 0 0 1 0 0 0 0 0 0 0 0 0 0 0 0 0 0 0 0 0 0 0 0 0 0 0 0 0 0 0 0 0 0 0 0 0 0 0 0 0 0 0 0 0 0 0 0 0 1 0 0 0 0 0 0 0 0 0 0 0 0 0 0 0 1 0 0 0 1 0 0 0 0 0 1 0 0 0 0 0 0 1 0 0 0 0 0 0 0 0 0 0 0 0 0 0 0 0 0 0 0 0 0 1 0 0 0 0 0 1 1 0 0 0 0 0 0 0 0 0 0 0 0 0 
1 0 0 0 0 0 0 0 0 0 0 0 0 0 0 0 0 0 0 0 0 0 0 0 0 0 0 0 0 0 0 0 0 0 0 0 0 0 0 0 0 0 0 1 0 0 0 1 0 0 0 0 0 1 0 0 0 0 0 1 1 0 0 0 0 0 0 1 0 0 0 0 0 0 0 0 0 0 0 0 0 0 0 0 0 0 0 0 0 0 0 0 0 1 0 0 0 0 0 0 0 0 0 0 0 0 0 0 0 0 1 0 0 0 1 0 0 0 0 0 1 0 0 0 0 1 0 0 0 0 0 0 0 0 0 0 0 0 0 0 0 0 0 0 0 0 0 0 0 0 0 0 0 0 0 1 0 0 0 0 0 0 1 0 0 0 0 1 0 0 0 1 0 0 0 0 0 0 0 0 0 0 0 0 0 0 0 0 0 0 0 0 0 0 0 
0 0 0 0 0 0 0 0 0 0 0 0 0 0 0 0 0 0 0 0 0 0 0 0 0 0 0 0 0 0 0 0 0 0 0 0 0 0 0 0 0 0 0 0 0 0 0 0 0 0 0 0 0 0 0 0 0 0 0 0 0 0 0 0 0 0 0 0 0 0 0 0 0 0 0 0 0 0 0 0 0 0 0 0 0 0 0 0 0 0 0 0 0 0 0 0 0 0 1 0 0 0 0 0 0 0 0 0 0 0 0 0 0 0 0 0 0 0 0 0 0 0 0 0 0 0 0 0 0 0 0 0 0 0 0 0 0 0 0 0 0 1 0 0 0 0 0 0 0 0 0 0 0 0 0 0 0 0 0 0 0 0 0 0 0 0 0 0 0 0 0 0 0 0 0 0 0 0 0 0 0 0 0 0 0 1 0 0 0 0 0 0 0 0 0 
0 0 0 0 0 0 0 0 0 0 0 0 0 0 0 0 0 0 0 0 0 0 0 0 0 0 0 0 0 0 0 0 0 0 0 0 0 0 0 0 0 0 0 0 0 0 0 0 0 0 0 0 0 0 0 0 0 0 0 0 0 0 0 0 0 0 0 0 0 0 0 0 0 0 0 0 0 0 0 0 0 0 0 0 0 0 0 0 0 0 0 0 0 0 0 0 0 0 0 0 0 0 0 0 0 0 0 1 0 0 0 1 0 0 0 0 0 0 0 0 0 0 0 0 0 0 0 0 0 0 0 0 0 0 0 0 0 0 0 0 0 0 0 0 0 0 0 0 0 0 0 0 0 0 0 0 0 0 0 0 0 0 0 0 0 0 0 0 0 0 0 0 0 0 0 0 0 0 0 0 0 0 0 0 0 0 0 0 0 0 0 0 0 0 0 
0 0 0 0 0 0 0 0 0 0 0 0 0 0 0 0 0 0 0 0 0 0 0 0 0 0 0 0 0 0 0 0 0 0 0 0 0 0 0 0 0 0 0 0 0 0 0 0 0 0 0 0 0 0 0 0 0 0 0 0 0 0 0 0 0 0 0 0 0 0 0 0 0 0 0 0 0 0 0 0 1 0 0 0 0 0 0 0 0 0 0 0 0 0 0 0 0 0 0 0 0 0 0 0 0 0 0 0 0 0 0 0 0 0 0 0 0 0 0 0 0 0 0 0 0 0 0 0 0 0 0 0 0 0 0 0 0 0 0 0 0 0 0 0 0 0 0 0 0 0 0 0 0 0 1 0 0 0 0 0 0 0 0 0 0 0 0 0 0 0 0 0 0 0 0 1 0 0 0 0 0 0 0 0 0 0 0 0 0 0 0 0 0 0 0 
0 0 0 0 0 0 0 0 0 0 0 0 1 0 0 0 0 0 0 0 0 0 0 0 1 0 0 0 0 0 0 0 1 0 0 0 0 0 0 0 0 0 0 0 0 0 0 0 0 0 0 0 0 0 0 0 0 0 0 0 0 0 0 0 0 0 0 0 0 0 1 0 0 0 0 0 1 0 0 0 0 0 1 0 0 0 0 0 0 0 0 0 0 0 0 0 0 0 0 0 0 0 0 1 0 0 0 0 0 0 0 0 0 0 0 0 0 0 0 0 0 0 0 1 0 0 0 0 0 0 0 0 0 0 0 0 0 0 0 0 0 0 1 1 0 0 0 0 0 0 0 1 0 1 0 0 1 0 0 1 0 0 0 0 1 0 0 0 0 0 0 0 0 0 0 0 0 0 0 0 0 0 0 0 0 0 0 1 0 0 0 0 0 0 0 
0 0 0 0 0 0 0 0 0 0 0 0 0 0 0 0 0 0 0 0 0 0 0 0 0 0 0 0 0 0 0 0 0 0 0 0 0 0 0 0 0 0 0 0 0 0 0 0 0 0 0 1 0 0 0 0 0 0 0 0 0 0 0 0 0 0 0 0 1 0 0 0 0 0 0 0 0 0 0 0 0 0 0 0 0 0 0 0 0 0 0 0 0 0 0 0 0 0 0 0 0 0 0 0 0 0 0 0 0 0 0 0 0 0 0 0 0 0 0 0 0 0 1 0 0 0 0 0 0 0 0 0 0 0 0 0 0 0 0 0 0 0 0 0 0 0 0 0 0 0 0 0 0 0 0 0 0 0 0 0 0 0 0 0 0 0 0 0 0 0 0 0 0 0 0 0 0 1 0 0 0 0 0 0 0 0 0 0 0 0 0 0 0 0 0 
0 0 0 0 0 0 0 0 0 0 0 0 0 0 1 0 0 0 0 0 0 0 0 1 0 0 0 1 0 0 0 0 0 0 0 1 0 0 0 0 0 0 1 0 1 0 0 0 0 0 0 0 0 0 0 0 1 0 0 0 0 1 1 0 0 0 0 0 0 0 0 0 0 0 0 0 0 0 0 0 0 0 0 0 0 0 0 0 0 0 0 0 0 0 0 0 1 0 0 0 0 0 0 0 0 0 1 0 0 1 0 0 0 1 0 0 1 0 0 0 0 0 0 0 0 0 0 1 0 0 0 0 0 0 0 0 0 1 1 0 0 0 0 0 0 0 0 0 0 0 0 0 0 0 0 0 0 0 0 0 0 0 0 0 0 1 1 0 0 1 1 0 1 1 0 0 0 0 0 0 0 0 0 0 0 0 0 0 0 1 1 0 0 0 0 
90 85 93 88 35 106 67 30 156 186 108 176 152 178 43 
3.242368E-05 6.461802E-04 6.918908E-07 1.307754E-05 2.908380E-06 2.051184E-05 1.670478E-04 1.535129E-06 0.000000E+00 3.641496E-05 4.380037E-07 1.400063E-05 1.992144E-04 2.849666E-05 2.218206E-04 2.924195E-04 1.017038E-09 7.303287E-07 9.995342E-04 2.337399E-05 1.452840E-08 2.692997E-04 0.000000E+00 4.215022E-05 2.688228E-05 1.042198E-07 2.085462E-05 1.450571E-04 6.564248E-06 0.000000E+00 1.499021E-08 2.404124E-05 6.822216E-06 6.253096E-04 0.000000E+00 1.049392E-04 5.138375E-05 5.247506E-05 5.341556E-05 6.124054E-04 5.755632E-08 7.216714E-05 0.000000E+00 2.325758E-05 3.271578E-04 1.475862E-04 6.449735E-06 2.970267E-08 3.245156E-05 2.842512E-05 5.615908E-06 3.119996E-04 0.000000E+00 5.293426E-04 4.330283E-05 2.694327E-06 7.913721E-04 1.069652E-06 3.760050E-05 1.000681E-05 2.390843E-04 3.052793E-07 7.144383E-04 7.517916E-11 1.615868E-04 7.361261E-05 0.000000E+00 2.127785E-08 2.148742E-04 3.171957E-08 4.388316E-06 3.188690E-06 1.745459E-04 2.679596E-05 0.000000E+00 2.633804E-09 9.302987E-05 3.165650E-06 1.385917E-04 1.608504E-05 2.840259E-08 4.512372E-08 6.892640E-05 9.514743E-06 0.000000E+00 1.652210E-05 1.903430E-04 0.000000E+00 1.181935E-06 0.000000E+00 1.854247E-05 0.000000E+00 0.000000E+00 3.793000E-06 3.056363E-05 2.519150E-06 3.855086E-04 9.203916E-09 3.187917E-08 0.000000E+00 8.500204E-06 7.915822E-08 2.088203E-05 1.380161E-07 1.648549E-07 0.000000E+00 2.410501E-04 0.000000E+00 3.468885E-04 7.607221E-04 4.998748E-05 3.413082E-09 1.143461E-04 8.518666E-05 5.515057E-04 0.000000E+00 2.558868E-04 1.559423E-04 1.163270E-04 2.480668E-06 1.140291E-07 4.444533E-06 1.480053E-06 5.918630E-05 3.863019E-04 4.323121E-05 2.587997E-09 1.217934E-04 8.358802E-07 7.058691E-04 0.000000E+00 4.357114E-04 5.143028E-04 8.621615E-06 5.830068E-05 9.487894E-06 4.028098E-04 1.500367E-05 4.228118E-04 3.064811E-06 1.551154E-05 4.020371E-09 5.250937E-05 9.224676E-05 2.887238E-06 1.177550E-05 1.991049E-05 2.631383E-05 3.032275E-06 2.147690E-04 5.492213E-06 0.000000E+00 5.123524E-05 8.219970E-08 1.564188E-09 0.000000E+00 2.112193E-04 0.000000E+00 6.280337E-06 2.183745E-04 4.791282E-06 1.160683E-04 1.140447E-04 3.465815E-06 2.104031E-05 6.212461E-04 1.932188E-05 2.366336E-05 4.692275E-06 3.938739E-05 1.355191E-04 9.249839E-07 1.590806E-04 4.049546E-08 6.244636E-07 0.000000E+00 9.965500E-05 0.000000E+00 8.324411E-05 6.538021E-04 3.562837E-05 2.631708E-06 2.129974E-05 2.248112E-04 8.615120E-05 0.000000E+00 1.381090E-04 5.721604E-06 2.717801E-04 6.377849E-04 3.014958E-07 1.321139E-06 1.697803E-08 1.828788E-08 2.955580E-04 
194 26 90 193 102 145 149 11 91 32 134 42 118 
16 39 87 137 185 130 180 147 133 150 40 189 22 113 2 19 95 195 34 58 49 50 79 59 85 135 56 192 179 
93 64 127 
161 101 80 105 82 88 129 96 84 55 89 14 37 103 20 86 6 66 183 162 
17 76 35 21 41 159 141 
8 18 72 70 106 47 5 10 169 38 65 46 73 109 27 78 132 
177 12 51 151 122 164 67 98 187 148 31 7 29 184 119 125 
146 4 182 120 136 140 175 3 181 30 74 153 
61 163 111 126 44 168 1 60 94 172 68 121 48 156 115 54 
186 142 99 
108 112 
155 176 81 
25 71 77 83 144 124 188 165 33 104 154 152 13 160 157 143 
178 123 69 52 
128 170 28 45 24 171 114 117 15 173 138 190 36 97 139 167 62 174 166 43 110 191 63 57 107 

============Find Best @ Round 7433================
==========Cluster 0, RcvInterf=1.56606e-14============
Node 193, SINR:1.00700e-01, BpsHz:1.15352e-02
Node 25, SINR:1.00700e-01, BpsHz:1.15352e-02
Node 89, SINR:0.00000e+00, BpsHz:0.00000e+00
Node 192, SINR:1.00700e-01, BpsHz:1.15352e-02
Node 101, SINR:1.00700e-01, BpsHz:1.15352e-02
Node 144, SINR:1.00700e-01, BpsHz:1.15352e-02
Node 148, SINR:1.00700e-01, BpsHz:1.15352e-02
Node 10, SINR:1.00700e-01, BpsHz:1.15352e-02
Node 90, SINR:1.00700e-01, BpsHz:1.15352e-02
Node 31, SINR:1.00700e-01, BpsHz:1.15352e-02
Node 133, SINR:1.00700e-01, BpsHz:1.15352e-02
Node 41, SINR:1.00700e-01, BpsHz:1.15352e-02
Node 117, SINR:1.00700e-01, BpsHz:1.15352e-02
---------------
==========Cluster 1, RcvInterf=9.22882e-15============
Node 15, SINR:2.50916e-01, BpsHz:1.15352e-02
Node 38, SINR:2.50916e-01, BpsHz:1.15352e-02
Node 86, SINR:2.50916e-01, BpsHz:1.15352e-02
Node 136, SINR:2.50916e-01, BpsHz:1.15352e-02
Node 184, SINR:2.50916e-01, BpsHz:1.15352e-02
Node 129, SINR:2.50916e-01, BpsHz:1.15352e-02
Node 179, SINR:2.50916e-01, BpsHz:1.15352e-02
Node 146, SINR:2.50916e-01, BpsHz:1.15352e-02
Node 132, SINR:2.50916e-01, BpsHz:1.15352e-02
Node 149, SINR:2.50916e-01, BpsHz:1.15352e-02
Node 39, SINR:2.50916e-01, BpsHz:1.15352e-02
Node 188, SINR:2.50916e-01, BpsHz:1.15352e-02
Node 21, SINR:2.50916e-01, BpsHz:1.15352e-02
Node 112, SINR:2.50916e-01, BpsHz:1.15352e-02
Node 1, SINR:2.50916e-01, BpsHz:1.15352e-02
Node 18, SINR:2.50916e-01, BpsHz:1.15352e-02
Node 94, SINR:2.50916e-01, BpsHz:1.15352e-02
Node 194, SINR:2.50916e-01, BpsHz:1.15352e-02
Node 33, SINR:2.50916e-01, BpsHz:1.15352e-02
Node 57, SINR:2.50916e-01, BpsHz:1.15352e-02
Node 48, SINR:2.50916e-01, BpsHz:1.15352e-02
Node 49, SINR:2.50916e-01, BpsHz:1.15352e-02
Node 78, SINR:2.50916e-01, BpsHz:1.15352e-02
Node 58, SINR:2.50916e-01, BpsHz:1.15352e-02
Node 84, SINR:0.00000e+00, BpsHz:0.00000e+00
Node 134, SINR:2.50916e-01, BpsHz:1.15352e-02
Node 55, SINR:2.50916e-01, BpsHz:1.15352e-02
Node 191, SINR:2.50916e-01, BpsHz:1.15352e-02
Node 178, SINR:2.50916e-01, BpsHz:1.15352e-02
---------------
==========Cluster 2, RcvInterf=9.72095e-15============
Node 92, SINR:0.00000e+00, BpsHz:0.00000e+00
Node 63, SINR:1.61197e-02, BpsHz:1.15352e-02
Node 126, SINR:1.61197e-02, BpsHz:1.15352e-02
---------------
==========Cluster 3, RcvInterf=1.37620e-14============
Node 160, SINR:1.64062e-01, BpsHz:1.15352e-02
Node 100, SINR:1.64062e-01, BpsHz:1.15352e-02
Node 79, SINR:1.64062e-01, BpsHz:1.15352e-02
Node 104, SINR:1.64062e-01, BpsHz:1.15352e-02
Node 81, SINR:1.64062e-01, BpsHz:1.15352e-02
Node 87, SINR:0.00000e+00, BpsHz:0.00000e+00
Node 128, SINR:1.64062e-01, BpsHz:1.15352e-02
Node 95, SINR:1.64062e-01, BpsHz:1.15352e-02
Node 83, SINR:1.64062e-01, BpsHz:1.15352e-02
Node 54, SINR:1.64062e-01, BpsHz:1.15352e-02
Node 88, SINR:1.64062e-01, BpsHz:1.15352e-02
Node 13, SINR:1.64062e-01, BpsHz:1.15352e-02
Node 36, SINR:1.64062e-01, BpsHz:1.15352e-02
Node 102, SINR:1.64062e-01, BpsHz:1.15352e-02
Node 19, SINR:1.64062e-01, BpsHz:1.15352e-02
Node 85, SINR:1.64062e-01, BpsHz:1.15352e-02
Node 5, SINR:1.64062e-01, BpsHz:1.15352e-02
Node 65, SINR:1.64062e-01, BpsHz:1.15352e-02
Node 182, SINR:1.64062e-01, BpsHz:1.15352e-02
Node 161, SINR:1.64062e-01, BpsHz:1.15352e-02
---------------
==========Cluster 4, RcvInterf=1.47007e-14============
Node 16, SINR:4.91427e-02, BpsHz:1.15352e-02
Node 75, SINR:4.91427e-02, BpsHz:1.15352e-02
Node 34, SINR:0.00000e+00, BpsHz:0.00000e+00
Node 20, SINR:4.91427e-02, BpsHz:1.15352e-02
Node 40, SINR:4.91427e-02, BpsHz:1.15352e-02
Node 158, SINR:4.91427e-02, BpsHz:1.15352e-02
Node 140, SINR:4.91427e-02, BpsHz:1.15352e-02
---------------
==========Cluster 5, RcvInterf=1.26221e-14============
Node 7, SINR:1.36472e-01, BpsHz:1.15352e-02
Node 17, SINR:1.36472e-01, BpsHz:1.15352e-02
Node 71, SINR:1.36472e-01, BpsHz:1.15352e-02
Node 69, SINR:1.36472e-01, BpsHz:1.15352e-02
Node 105, SINR:0.00000e+00, BpsHz:0.00000e+00
Node 46, SINR:1.36472e-01, BpsHz:1.15352e-02
Node 4, SINR:1.36472e-01, BpsHz:1.15352e-02
Node 9, SINR:1.36472e-01, BpsHz:1.15352e-02
Node 168, SINR:1.36472e-01, BpsHz:1.15352e-02
Node 37, SINR:1.36472e-01, BpsHz:1.15352e-02
Node 64, SINR:1.36472e-01, BpsHz:1.15352e-02
Node 45, SINR:1.36472e-01, BpsHz:1.15352e-02
Node 72, SINR:1.36472e-01, BpsHz:1.15352e-02
Node 108, SINR:1.36472e-01, BpsHz:1.15352e-02
Node 26, SINR:1.36472e-01, BpsHz:1.15352e-02
Node 77, SINR:1.36472e-01, BpsHz:1.15352e-02
Node 131, SINR:1.36472e-01, BpsHz:1.15352e-02
---------------
==========Cluster 6, RcvInterf=3.17102e-14============
Node 176, SINR:1.27422e-01, BpsHz:1.15352e-02
Node 11, SINR:1.27422e-01, BpsHz:1.15352e-02
Node 50, SINR:1.27422e-01, BpsHz:1.15352e-02
Node 150, SINR:1.27422e-01, BpsHz:1.15352e-02
Node 121, SINR:1.27422e-01, BpsHz:1.15352e-02
Node 163, SINR:1.27422e-01, BpsHz:1.15352e-02
Node 66, SINR:0.00000e+00, BpsHz:0.00000e+00
Node 97, SINR:1.27422e-01, BpsHz:1.15352e-02
Node 186, SINR:1.27422e-01, BpsHz:1.15352e-02
Node 147, SINR:1.27422e-01, BpsHz:1.15352e-02
Node 30, SINR:1.27422e-01, BpsHz:1.15352e-02
Node 6, SINR:1.27422e-01, BpsHz:1.15352e-02
Node 28, SINR:1.27422e-01, BpsHz:1.15352e-02
Node 183, SINR:1.27422e-01, BpsHz:1.15352e-02
Node 118, SINR:1.27422e-01, BpsHz:1.15352e-02
Node 124, SINR:1.27422e-01, BpsHz:1.15352e-02
---------------
==========Cluster 7, RcvInterf=1.77675e-14============
Node 145, SINR:9.19348e-02, BpsHz:1.15352e-02
Node 3, SINR:9.19348e-02, BpsHz:1.15352e-02
Node 181, SINR:9.19348e-02, BpsHz:1.15352e-02
Node 119, SINR:9.19348e-02, BpsHz:1.15352e-02
Node 135, SINR:9.19348e-02, BpsHz:1.15352e-02
Node 139, SINR:9.19348e-02, BpsHz:1.15352e-02
Node 174, SINR:9.19348e-02, BpsHz:1.15352e-02
Node 2, SINR:9.19348e-02, BpsHz:1.15352e-02
Node 180, SINR:9.19348e-02, BpsHz:1.15352e-02
Node 29, SINR:0.00000e+00, BpsHz:0.00000e+00
Node 73, SINR:9.19348e-02, BpsHz:1.15352e-02
Node 152, SINR:9.19348e-02, BpsHz:1.15352e-02
---------------
==========Cluster 8, RcvInterf=7.65039e-15============
Node 60, SINR:1.27422e-01, BpsHz:1.15352e-02
Node 162, SINR:1.27422e-01, BpsHz:1.15352e-02
Node 110, SINR:1.27422e-01, BpsHz:1.15352e-02
Node 125, SINR:1.27422e-01, BpsHz:1.15352e-02
Node 43, SINR:1.27422e-01, BpsHz:1.15352e-02
Node 167, SINR:1.27422e-01, BpsHz:1.15352e-02
Node 0, SINR:1.27422e-01, BpsHz:1.15352e-02
Node 59, SINR:1.27422e-01, BpsHz:1.15352e-02
Node 93, SINR:1.27422e-01, BpsHz:1.15352e-02
Node 171, SINR:1.27422e-01, BpsHz:1.15352e-02
Node 67, SINR:1.27422e-01, BpsHz:1.15352e-02
Node 120, SINR:1.27422e-01, BpsHz:1.15352e-02
Node 47, SINR:1.27422e-01, BpsHz:1.15352e-02
Node 155, SINR:0.00000e+00, BpsHz:0.00000e+00
Node 114, SINR:1.27422e-01, BpsHz:1.15352e-02
Node 53, SINR:1.27422e-01, BpsHz:1.15352e-02
---------------
==========Cluster 9, RcvInterf=8.25627e-15============
Node 185, SINR:0.00000e+00, BpsHz:0.00000e+00
Node 141, SINR:1.61197e-02, BpsHz:1.15352e-02
Node 98, SINR:1.61197e-02, BpsHz:1.15352e-02
---------------
==========Cluster 10, RcvInterf=1.68462e-14============
Node 107, SINR:0.00000e+00, BpsHz:0.00000e+00
Node 111, SINR:8.02755e-03, BpsHz:1.15351e-02
---------------
==========Cluster 11, RcvInterf=9.53986e-15============
Node 154, SINR:1.61197e-02, BpsHz:1.15352e-02
Node 175, SINR:0.00000e+00, BpsHz:0.00000e+00
Node 80, SINR:1.61197e-02, BpsHz:1.15352e-02
---------------
==========Cluster 12, RcvInterf=1.58121e-14============
Node 24, SINR:1.27422e-01, BpsHz:1.15352e-02
Node 70, SINR:1.27422e-01, BpsHz:1.15352e-02
Node 76, SINR:1.27422e-01, BpsHz:1.15352e-02
Node 82, SINR:1.27422e-01, BpsHz:1.15352e-02
Node 143, SINR:1.27422e-01, BpsHz:1.15352e-02
Node 123, SINR:1.27422e-01, BpsHz:1.15352e-02
Node 187, SINR:1.27422e-01, BpsHz:1.15352e-02
Node 164, SINR:1.27422e-01, BpsHz:1.15352e-02
Node 32, SINR:1.27422e-01, BpsHz:1.15352e-02
Node 103, SINR:1.27422e-01, BpsHz:1.15352e-02
Node 153, SINR:1.27422e-01, BpsHz:1.15352e-02
Node 151, SINR:0.00000e+00, BpsHz:0.00000e+00
Node 12, SINR:1.27422e-01, BpsHz:1.15352e-02
Node 159, SINR:1.27422e-01, BpsHz:1.15352e-02
Node 156, SINR:1.27422e-01, BpsHz:1.15352e-02
Node 142, SINR:1.27422e-01, BpsHz:1.15352e-02
---------------
==========Cluster 13, RcvInterf=1.65934e-12============
Node 177, SINR:0.00000e+00, BpsHz:0.00000e+00
Node 122, SINR:2.42767e-02, BpsHz:1.15352e-02
Node 68, SINR:2.42767e-02, BpsHz:1.15352e-02
Node 51, SINR:2.42767e-02, BpsHz:1.15352e-02
---------------
==========Cluster 14, RcvInterf=1.54786e-14============
Node 127, SINR:2.11541e-01, BpsHz:1.15352e-02
Node 169, SINR:2.11541e-01, BpsHz:1.15352e-02
Node 27, SINR:2.11541e-01, BpsHz:1.15352e-02
Node 44, SINR:2.11541e-01, BpsHz:1.15352e-02
Node 23, SINR:2.11541e-01, BpsHz:1.15352e-02
Node 170, SINR:2.11541e-01, BpsHz:1.15352e-02
Node 113, SINR:2.11541e-01, BpsHz:1.15352e-02
Node 116, SINR:2.11541e-01, BpsHz:1.15352e-02
Node 14, SINR:2.11541e-01, BpsHz:1.15352e-02
Node 172, SINR:2.11541e-01, BpsHz:1.15352e-02
Node 137, SINR:2.11541e-01, BpsHz:1.15352e-02
Node 189, SINR:2.11541e-01, BpsHz:1.15352e-02
Node 35, SINR:2.11541e-01, BpsHz:1.15352e-02
Node 96, SINR:2.11541e-01, BpsHz:1.15352e-02
Node 138, SINR:2.11541e-01, BpsHz:1.15352e-02
Node 166, SINR:2.11541e-01, BpsHz:1.15352e-02
Node 61, SINR:2.11541e-01, BpsHz:1.15352e-02
Node 173, SINR:2.11541e-01, BpsHz:1.15352e-02
Node 165, SINR:2.11541e-01, BpsHz:1.15352e-02
Node 42, SINR:0.00000e+00, BpsHz:0.00000e+00
Node 109, SINR:2.11541e-01, BpsHz:1.15352e-02
Node 190, SINR:2.11541e-01, BpsHz:1.15352e-02
Node 62, SINR:2.11541e-01, BpsHz:1.15352e-02
Node 56, SINR:2.11541e-01, BpsHz:1.15352e-02
Node 106, SINR:2.11541e-01, BpsHz:1.15352e-02
---------------
