195
15
1.000000e-03
2.525175e-312
171
8000
5.112980e+00
3.002930e+00
5.112981e-06
3.106688e-06
0 0 0 0 0 0 0 0 0 0 0 0 0 0 0 0 0 0 0 0 0 0 0 0 0 1 0 0 0 0 0 0 0 0 0 0 0 0 0 0 0 0 0 0 0 0 0 0 0 0 0 0 0 0 0 0 0 0 0 0 0 0 0 0 0 0 0 0 0 0 0 0 0 0 0 0 0 0 0 0 0 0 0 0 0 0 0 0 0 1 0 0 0 0 0 0 0 0 0 0 0 1 0 0 0 0 0 0 0 0 0 0 0 0 0 0 0 0 0 0 0 0 0 0 0 0 0 0 0 0 0 0 0 0 0 0 0 0 0 0 0 0 0 0 0 0 0 0 0 0 0 0 0 0 0 0 0 0 0 0 0 0 0 0 0 0 0 0 0 0 0 0 0 0 0 0 0 0 0 0 0 0 0 0 0 0 0 0 0 0 0 0 1 1 0 
0 0 0 0 0 0 0 0 0 0 0 0 0 0 0 0 0 0 0 0 0 0 0 0 0 0 0 0 0 0 0 0 0 0 0 0 0 0 0 0 0 0 0 0 0 0 0 0 0 0 0 0 0 0 0 0 0 0 0 0 0 0 0 1 0 0 0 0 0 0 0 0 0 0 0 0 0 0 0 0 0 0 0 0 0 0 0 0 0 0 0 0 1 0 0 0 0 0 0 0 0 0 0 0 0 0 0 0 0 0 0 0 0 0 0 0 0 0 0 0 0 0 0 0 0 0 1 0 0 0 0 0 0 0 0 0 0 0 0 0 0 0 0 0 0 0 0 0 0 0 0 0 0 0 0 0 0 0 0 0 0 0 0 0 0 0 0 0 0 0 0 0 0 0 0 0 0 0 0 0 0 0 0 0 0 0 0 0 0 0 0 0 0 0 0 
0 0 0 0 0 0 0 0 0 0 0 0 1 0 0 0 0 0 0 0 0 0 1 0 1 0 0 0 0 0 0 0 1 0 0 0 0 0 0 0 0 0 0 0 0 0 0 0 0 0 0 0 0 0 0 0 0 0 0 0 0 0 0 0 0 0 0 0 0 0 1 0 0 0 0 0 1 0 0 0 0 0 1 0 0 0 0 0 0 0 0 0 0 0 0 0 0 0 0 0 0 0 0 0 0 0 0 0 0 0 0 0 0 0 0 0 0 0 1 0 0 0 0 1 0 0 0 0 0 0 0 0 0 0 0 0 0 0 0 0 0 0 0 1 0 0 0 0 0 0 0 0 0 0 0 0 1 0 0 1 0 0 0 0 1 0 0 0 0 0 0 0 0 0 0 0 0 0 0 0 0 0 0 0 0 0 0 0 0 0 0 0 0 0 0 
0 0 1 0 0 0 0 0 0 0 0 0 0 0 0 0 0 0 0 0 0 0 0 1 0 0 0 0 0 0 0 0 0 0 0 1 0 0 0 0 0 0 1 0 1 0 0 0 0 0 0 0 0 0 0 0 0 0 0 0 0 1 0 0 0 0 0 0 0 0 0 0 0 0 0 0 0 0 0 0 0 0 0 0 0 0 0 0 0 0 0 0 0 0 0 0 0 0 0 0 0 0 0 0 0 0 0 0 0 0 0 0 0 1 0 0 1 0 0 0 0 0 0 0 0 0 0 1 0 0 0 0 0 0 0 0 0 1 0 0 0 0 0 0 0 0 0 0 0 0 0 0 0 0 0 0 0 0 0 0 0 0 0 0 0 0 1 0 0 1 1 0 1 1 0 0 0 0 0 0 0 0 0 0 0 0 0 0 0 0 1 0 0 0 0 
0 0 0 0 0 0 0 0 0 0 0 0 0 0 0 0 0 0 0 0 0 0 0 0 0 0 0 0 0 0 0 0 0 0 0 0 0 0 0 0 0 0 0 0 0 0 0 0 0 0 0 0 0 0 0 0 0 0 0 0 0 0 0 0 0 0 0 1 0 0 0 0 0 0 0 0 0 0 0 0 0 0 0 0 0 0 0 0 0 0 0 0 0 0 0 0 0 0 1 0 0 0 0 0 0 0 0 0 0 0 0 0 0 0 0 0 0 0 0 0 0 0 0 0 0 0 0 0 0 0 0 0 0 0 0 0 0 0 0 0 0 1 0 0 0 0 0 0 0 0 0 0 0 0 0 1 0 0 0 0 0 0 0 0 0 0 0 0 0 0 0 0 0 0 0 0 0 0 0 0 0 0 0 0 0 1 0 0 0 0 0 0 0 0 0 
0 0 0 0 0 0 0 1 0 0 0 0 0 0 0 0 0 1 0 0 1 0 0 0 0 0 0 0 0 0 0 0 0 0 0 0 0 0 0 0 0 0 0 0 0 0 0 0 0 0 0 0 0 0 1 0 0 0 0 0 0 0 0 0 0 0 0 0 0 1 0 1 0 0 0 1 0 0 0 1 0 1 0 1 0 0 0 1 1 0 0 0 0 0 0 1 0 0 0 0 1 0 0 0 1 1 0 0 0 0 0 0 0 0 0 0 0 0 0 0 0 0 0 0 0 0 0 0 1 0 0 0 0 0 0 0 0 0 0 0 0 0 0 0 0 0 0 0 0 0 0 0 0 0 0 0 0 0 0 0 1 0 0 0 0 0 0 0 0 0 0 0 0 0 0 0 0 0 0 0 0 0 0 0 0 0 0 0 0 0 0 0 0 0 0 
0 0 0 0 0 0 0 0 0 0 0 0 0 0 0 0 0 0 0 0 0 0 0 0 0 0 0 0 1 0 1 0 0 0 0 0 0 0 0 0 0 0 0 0 0 0 0 0 0 0 0 0 0 0 0 0 0 0 0 0 0 0 0 0 0 0 1 0 0 0 0 0 0 0 0 0 0 0 0 0 0 0 0 0 0 0 0 0 0 0 0 0 0 0 0 0 0 1 0 0 0 0 0 1 0 0 0 0 0 0 0 0 0 0 0 0 0 0 0 0 0 1 0 0 0 0 0 0 0 0 0 0 0 0 0 0 0 0 0 0 0 0 0 0 0 0 0 1 0 0 0 1 0 1 0 0 0 0 0 0 0 0 0 0 0 0 0 0 0 0 0 0 0 0 0 0 0 0 0 0 0 0 0 0 0 0 0 0 0 0 0 0 0 0 0 
0 0 0 0 0 0 0 0 0 0 0 0 0 0 0 0 0 0 0 0 0 0 0 0 0 0 0 0 0 0 0 0 0 0 1 0 0 0 0 0 0 0 0 0 0 0 0 1 0 0 0 0 0 0 0 0 0 0 0 0 0 0 0 0 0 0 0 0 0 0 0 0 0 0 0 0 0 0 0 0 1 0 0 0 0 0 0 0 0 0 0 0 0 0 0 0 0 0 0 0 0 0 0 0 0 0 0 0 0 0 0 0 0 0 0 0 0 0 0 0 0 0 0 0 0 0 0 0 0 0 0 0 0 0 0 0 0 0 0 0 0 0 0 0 0 0 0 0 0 0 0 0 0 0 1 0 0 0 0 0 0 0 0 0 0 0 0 0 0 0 0 0 0 0 0 1 0 0 0 0 0 0 0 0 0 0 0 0 0 0 0 0 0 0 0 
0 0 0 0 0 0 0 0 0 0 0 0 0 0 0 0 0 0 1 0 0 0 0 0 0 0 0 0 0 0 0 0 0 1 0 0 0 0 0 0 0 0 0 0 0 0 0 0 0 1 0 1 0 0 0 0 0 0 1 0 0 0 0 0 0 0 0 0 1 0 0 0 0 0 0 0 0 0 0 0 0 0 0 0 0 0 1 0 0 0 0 0 0 0 0 0 0 0 0 0 0 0 0 0 0 0 0 0 0 1 0 0 0 0 0 0 0 0 0 0 0 0 1 0 0 0 0 0 0 1 1 0 1 0 1 0 0 0 0 0 0 0 0 0 0 0 1 0 0 1 0 0 0 0 0 0 0 0 0 0 0 0 0 0 0 1 0 0 0 0 0 0 0 0 0 0 0 1 1 1 0 0 0 0 0 0 0 0 0 1 0 0 0 0 1 
1 0 0 0 1 1 0 0 0 1 0 0 0 0 0 0 0 0 0 0 0 0 0 0 0 0 1 0 0 0 0 0 0 0 0 0 1 1 0 0 0 0 0 1 0 1 1 0 0 0 0 0 0 1 0 0 0 0 0 0 1 0 0 0 1 0 0 0 0 0 0 0 1 0 0 0 0 1 0 0 0 0 0 0 0 0 0 0 0 0 0 0 0 1 0 0 0 0 0 1 0 0 0 0 0 0 0 0 1 0 1 0 0 0 1 0 0 0 0 0 0 0 0 0 0 0 0 0 0 0 0 1 0 0 0 0 0 0 0 0 0 0 0 0 0 0 0 0 0 0 0 0 0 0 0 0 0 0 0 0 0 0 1 0 0 0 0 1 1 0 0 1 0 0 0 0 0 0 0 0 0 0 0 0 0 0 0 0 0 0 0 0 0 0 0 
0 1 0 0 0 0 1 0 1 0 0 1 0 0 0 1 0 0 0 0 0 1 0 0 0 0 0 0 0 0 0 0 0 0 0 0 0 0 1 1 0 0 0 0 0 0 0 0 1 0 1 0 0 0 0 1 0 1 0 0 0 0 0 0 0 0 0 0 0 0 0 0 0 0 0 0 0 0 1 0 0 0 0 0 1 0 0 0 0 0 0 0 0 0 1 0 0 0 0 0 0 0 0 0 0 0 0 0 0 0 0 0 1 0 0 0 0 0 0 0 0 0 0 0 1 0 0 0 0 0 0 0 0 0 0 0 0 0 0 0 0 0 0 0 0 0 0 0 0 0 1 0 0 0 0 0 0 0 0 0 0 0 0 1 0 0 0 0 0 0 0 0 0 0 0 0 1 0 0 0 0 0 0 1 1 0 1 0 1 0 0 1 0 0 0 
0 0 0 0 0 0 0 0 0 0 0 0 0 0 0 0 0 0 0 0 0 0 0 0 0 0 0 0 0 0 0 0 0 0 0 0 0 0 0 0 0 0 0 0 0 0 0 0 0 0 0 0 0 0 0 0 0 0 0 0 0 0 0 0 0 0 0 0 0 0 0 0 0 0 0 0 0 0 0 0 0 0 0 0 0 0 0 0 0 0 0 0 0 0 0 0 0 0 0 0 0 0 0 0 0 0 0 0 0 0 0 0 0 0 0 0 0 0 0 0 0 0 0 0 0 0 0 0 0 0 0 0 0 0 0 0 1 0 0 0 0 0 0 0 0 0 0 0 0 0 0 0 0 0 0 0 0 0 0 0 0 0 0 0 0 0 0 0 0 0 0 0 0 0 0 0 0 0 0 0 0 0 0 0 0 0 0 0 0 0 0 0 0 0 0 
0 0 0 0 0 0 0 0 0 0 0 0 0 0 0 0 0 0 0 0 0 0 0 0 0 0 0 0 0 0 0 1 0 0 0 0 0 0 0 0 0 1 0 0 0 0 0 0 0 0 0 0 0 0 0 0 0 0 0 0 0 0 0 0 0 0 0 0 0 0 0 0 0 0 0 0 0 0 0 0 0 0 0 0 0 0 0 0 0 0 1 0 0 0 0 0 0 0 0 0 0 0 0 0 0 0 0 0 0 0 0 0 0 0 0 0 0 1 0 0 0 0 0 0 0 0 0 0 0 0 0 0 0 1 0 0 0 0 0 0 0 0 1 0 1 0 0 0 0 0 0 0 0 0 0 0 0 1 0 0 0 0 0 0 0 0 0 0 0 0 0 0 0 0 0 0 0 0 0 0 0 0 0 0 0 0 0 1 0 0 0 0 0 0 0 
0 0 0 1 0 0 0 0 0 0 0 0 0 1 0 0 0 0 0 1 0 0 0 0 0 0 0 1 0 1 0 0 0 0 0 0 0 0 0 0 1 0 0 0 0 0 0 0 0 0 0 0 0 0 0 0 1 0 0 0 0 0 1 0 0 1 0 0 0 0 0 0 0 1 0 0 0 0 0 0 0 0 0 0 0 1 0 0 0 0 0 1 0 0 0 0 1 0 0 0 0 0 1 0 0 0 0 0 0 0 0 0 0 0 0 1 0 0 0 1 0 0 0 0 0 0 0 0 0 0 0 0 0 0 0 1 0 0 1 1 1 0 0 0 0 1 0 0 0 0 0 0 1 0 0 0 0 0 1 0 0 1 0 0 0 0 0 0 0 0 0 0 0 0 1 0 0 0 0 0 1 1 1 0 0 0 0 0 0 0 0 0 0 0 0 
0 0 0 0 0 0 0 0 0 0 0 0 0 0 0 0 0 0 0 0 0 0 0 0 0 0 0 0 0 0 0 0 0 0 0 0 0 0 0 0 0 0 0 0 0 0 0 0 0 0 0 0 0 0 0 0 0 0 0 0 0 0 0 0 0 0 0 0 0 0 0 0 0 0 1 0 0 0 0 0 0 0 0 0 0 0 0 0 0 0 0 0 0 0 0 0 0 0 0 0 0 0 0 0 0 0 0 1 0 0 0 1 0 0 0 0 0 0 0 0 0 0 0 0 0 0 0 0 0 0 0 0 0 0 0 0 0 0 0 0 0 0 0 0 0 0 0 0 0 0 0 0 0 0 0 0 0 0 0 0 0 0 0 0 0 0 0 0 0 0 0 0 0 0 0 0 0 0 0 0 0 0 0 0 0 0 0 0 0 0 0 0 0 0 0 
194 127 71 191 99 70 154 155 147 78 56 137 134 140 75 
4.810361E-06 4.946197E-04 4.702582E-07 1.895557E-06 2.905975E-07 1.702962E-05 9.952671E-04 8.933125E-07 9.002636E-08 1.568545E-05 0.000000E+00 1.736835E-04 6.297752E-05 2.508074E-04 0.000000E+00 5.513895E-04 0.000000E+00 1.339638E-07 4.355566E-04 1.005281E-04 5.295238E-06 2.056053E-04 2.865081E-05 1.291325E-04 6.943413E-07 1.367630E-09 1.551101E-05 2.442636E-04 7.531290E-06 1.140851E-05 6.608790E-08 5.542190E-07 2.141243E-06 1.850095E-04 9.813407E-07 3.296316E-04 8.297418E-05 1.680920E-05 1.035393E-04 6.281973E-04 1.201837E-05 1.045081E-05 3.733130E-07 2.205350E-05 7.034292E-04 5.031314E-05 1.919172E-06 3.278243E-07 1.348941E-05 9.328497E-09 7.194268E-05 6.329140E-04 0.000000E+00 3.875548E-04 3.989733E-04 0.000000E+00 2.265188E-04 2.424012E-06 2.314639E-05 0.000000E+00 7.436587E-05 2.807835E-06 1.467786E-04 9.041342E-09 7.462591E-05 1.465344E-04 4.360080E-07 2.759316E-07 4.233172E-04 0.000000E+00 0.000000E+00 2.261442E-06 1.015772E-04 1.961930E-06 0.000000E+00 7.837868E-06 1.385736E-05 0.000000E+00 7.300742E-05 1.628943E-04 6.776603E-09 9.695327E-06 7.515909E-06 3.523073E-05 3.737663E-06 4.575156E-05 1.336487E-04 3.757900E-06 2.447937E-05 8.432470E-09 4.640640E-06 4.850697E-06 4.153768E-09 1.052178E-07 2.161250E-05 1.113139E-05 1.158918E-04 2.140294E-07 0.000000E+00 5.165784E-04 1.168042E-04 2.943785E-07 8.654522E-05 2.394655E-07 2.120887E-05 6.428846E-08 0.000000E+00 7.629853E-08 2.605167E-04 7.198833E-04 5.033251E-05 2.344246E-08 9.981982E-05 2.492745E-04 3.333101E-04 2.170315E-05 5.909809E-04 1.839169E-05 1.599419E-04 1.009195E-06 0.000000E+00 1.444557E-05 1.780566E-06 4.266012E-06 9.631638E-04 0.000000E+00 0.000000E+00 2.542737E-04 1.045788E-05 2.527399E-04 7.484315E-06 2.705055E-04 2.266005E-04 0.000000E+00 2.200596E-05 7.282858E-08 0.000000E+00 7.045311E-05 7.305988E-05 0.000000E+00 4.093337E-06 2.547984E-08 9.218703E-07 8.399206E-06 2.157216E-06 3.924750E-06 0.000000E+00 4.653459E-05 0.000000E+00 2.056943E-05 7.916444E-05 1.003748E-07 1.262869E-05 0.000000E+00 0.000000E+00 1.632911E-07 3.746716E-05 4.054361E-05 1.159315E-06 4.037356E-05 9.999774E-05 1.029120E-04 1.016129E-04 8.475568E-06 4.239163E-06 8.987689E-04 8.785594E-05 8.986448E-06 1.338381E-08 7.732487E-05 3.574697E-04 2.944345E-06 4.492165E-04 5.149374E-08 9.086957E-07 6.852055E-09 5.535237E-04 1.254784E-05 1.756948E-06 2.036770E-04 7.462137E-06 1.106776E-08 3.047439E-05 9.992070E-04 9.483818E-05 1.037060E-07 7.859851E-04 2.408420E-09 2.468134E-04 7.398507E-04 0.000000E+00 2.639853E-09 1.319758E-07 0.000000E+00 6.642723E-05 
102 90 193 194 26 
93 127 64 
77 23 83 144 165 13 25 160 71 157 124 33 119 
174 191 62 43 170 138 167 24 128 114 171 117 3 45 173 36 
99 142 156 68 186 
88 106 82 70 101 80 161 18 72 8 105 96 129 21 76 89 84 55 
122 98 31 154 67 152 104 29 148 
155 176 81 48 35 
131 150 130 133 180 19 87 178 34 69 50 123 179 195 135 52 147 110 59 190 166 
132 1 168 44 61 65 46 94 172 73 109 169 38 78 10 37 5 115 47 54 27 100 6 111 163 
113 95 189 49 58 79 164 185 22 2 125 184 51 39 40 177 151 12 187 192 56 7 85 16 9 
137 
188 134 143 32 42 91 118 145 158 
103 162 183 141 92 159 63 116 57 139 153 20 86 66 140 181 4 97 175 41 182 120 74 136 146 14 28 30 
112 75 108 

============Find Best @ Round 3262================
==========Cluster 0, RcvInterf=1.15528e-14============
Node 101, SINR:5.28867e-02, BpsHz:1.85876e-02
Node 89, SINR:5.28867e-02, BpsHz:1.85876e-02
Node 192, SINR:5.28867e-02, BpsHz:1.85876e-02
Node 193, SINR:0.00000e+00, BpsHz:0.00000e+00
Node 25, SINR:5.28867e-02, BpsHz:1.85876e-02
---------------
==========Cluster 1, RcvInterf=9.47635e-15============
Node 92, SINR:2.61027e-02, BpsHz:1.85875e-02
Node 126, SINR:0.00000e+00, BpsHz:0.00000e+00
Node 63, SINR:2.61027e-02, BpsHz:1.85875e-02
---------------
==========Cluster 2, RcvInterf=2.34205e-14============
Node 76, SINR:1.67199e-01, BpsHz:1.85875e-02
Node 22, SINR:1.67199e-01, BpsHz:1.85875e-02
Node 82, SINR:1.67199e-01, BpsHz:1.85875e-02
Node 143, SINR:1.67199e-01, BpsHz:1.85875e-02
Node 164, SINR:1.67199e-01, BpsHz:1.85875e-02
Node 12, SINR:1.67199e-01, BpsHz:1.85875e-02
Node 24, SINR:1.67199e-01, BpsHz:1.85875e-02
Node 159, SINR:1.67199e-01, BpsHz:1.85875e-02
Node 70, SINR:0.00000e+00, BpsHz:0.00000e+00
Node 156, SINR:1.67199e-01, BpsHz:1.85875e-02
Node 123, SINR:1.67199e-01, BpsHz:1.85875e-02
Node 32, SINR:1.67199e-01, BpsHz:1.85875e-02
Node 118, SINR:1.67199e-01, BpsHz:1.85875e-02
---------------
==========Cluster 3, RcvInterf=2.31315e-14============
Node 173, SINR:2.13196e-01, BpsHz:1.85875e-02
Node 190, SINR:0.00000e+00, BpsHz:0.00000e+00
Node 61, SINR:2.13196e-01, BpsHz:1.85875e-02
Node 42, SINR:2.13196e-01, BpsHz:1.85875e-02
Node 169, SINR:2.13196e-01, BpsHz:1.85875e-02
Node 137, SINR:2.13196e-01, BpsHz:1.85875e-02
Node 166, SINR:2.13196e-01, BpsHz:1.85875e-02
Node 23, SINR:2.13196e-01, BpsHz:1.85875e-02
Node 127, SINR:2.13196e-01, BpsHz:1.85875e-02
Node 113, SINR:2.13196e-01, BpsHz:1.85875e-02
Node 170, SINR:2.13196e-01, BpsHz:1.85875e-02
Node 116, SINR:2.13196e-01, BpsHz:1.85875e-02
Node 2, SINR:2.13196e-01, BpsHz:1.85875e-02
Node 44, SINR:2.13196e-01, BpsHz:1.85875e-02
Node 172, SINR:2.13196e-01, BpsHz:1.85875e-02
Node 35, SINR:2.13196e-01, BpsHz:1.85875e-02
---------------
==========Cluster 4, RcvInterf=8.03398e-15============
Node 98, SINR:0.00000e+00, BpsHz:0.00000e+00
Node 141, SINR:5.28867e-02, BpsHz:1.85876e-02
Node 155, SINR:5.28867e-02, BpsHz:1.85876e-02
Node 67, SINR:5.28867e-02, BpsHz:1.85876e-02
Node 185, SINR:5.28867e-02, BpsHz:1.85876e-02
---------------
==========Cluster 5, RcvInterf=1.65908e-14============
Node 87, SINR:2.44864e-01, BpsHz:1.85875e-02
Node 105, SINR:2.44864e-01, BpsHz:1.85875e-02
Node 81, SINR:2.44864e-01, BpsHz:1.85875e-02
Node 69, SINR:0.00000e+00, BpsHz:0.00000e+00
Node 100, SINR:2.44864e-01, BpsHz:1.85875e-02
Node 79, SINR:2.44864e-01, BpsHz:1.85875e-02
Node 160, SINR:2.44864e-01, BpsHz:1.85875e-02
Node 17, SINR:2.44864e-01, BpsHz:1.85875e-02
Node 71, SINR:2.44864e-01, BpsHz:1.85875e-02
Node 7, SINR:2.44864e-01, BpsHz:1.85875e-02
Node 104, SINR:2.44864e-01, BpsHz:1.85875e-02
Node 95, SINR:2.44864e-01, BpsHz:1.85875e-02
Node 128, SINR:2.44864e-01, BpsHz:1.85875e-02
Node 20, SINR:2.44864e-01, BpsHz:1.85875e-02
Node 75, SINR:2.44864e-01, BpsHz:1.85875e-02
Node 88, SINR:2.44864e-01, BpsHz:1.85875e-02
Node 83, SINR:2.44864e-01, BpsHz:1.85875e-02
Node 54, SINR:2.44864e-01, BpsHz:1.85875e-02
---------------
==========Cluster 6, RcvInterf=3.04573e-14============
Node 121, SINR:1.08570e-01, BpsHz:1.85875e-02
Node 97, SINR:1.08570e-01, BpsHz:1.85875e-02
Node 30, SINR:1.08570e-01, BpsHz:1.85875e-02
Node 153, SINR:0.00000e+00, BpsHz:0.00000e+00
Node 66, SINR:1.08570e-01, BpsHz:1.85875e-02
Node 151, SINR:1.08570e-01, BpsHz:1.85875e-02
Node 103, SINR:1.08570e-01, BpsHz:1.85875e-02
Node 28, SINR:1.08570e-01, BpsHz:1.85875e-02
Node 147, SINR:1.08570e-01, BpsHz:1.85875e-02
---------------
==========Cluster 7, RcvInterf=1.87709e-14============
Node 154, SINR:0.00000e+00, BpsHz:0.00000e+00
Node 175, SINR:5.28867e-02, BpsHz:1.85876e-02
Node 80, SINR:5.28867e-02, BpsHz:1.85876e-02
Node 47, SINR:5.28867e-02, BpsHz:1.85876e-02
Node 34, SINR:5.28867e-02, BpsHz:1.85876e-02
---------------
==========Cluster 8, RcvInterf=6.58611e-14============
Node 130, SINR:2.93922e-01, BpsHz:1.85875e-02
Node 149, SINR:2.93922e-01, BpsHz:1.85875e-02
Node 129, SINR:2.93922e-01, BpsHz:1.85875e-02
Node 132, SINR:2.93922e-01, BpsHz:1.85875e-02
Node 179, SINR:2.93922e-01, BpsHz:1.85875e-02
Node 18, SINR:2.93922e-01, BpsHz:1.85875e-02
Node 86, SINR:2.93922e-01, BpsHz:1.85875e-02
Node 177, SINR:2.93922e-01, BpsHz:1.85875e-02
Node 33, SINR:2.93922e-01, BpsHz:1.85875e-02
Node 68, SINR:2.93922e-01, BpsHz:1.85875e-02
Node 49, SINR:2.93922e-01, BpsHz:1.85875e-02
Node 122, SINR:2.93922e-01, BpsHz:1.85875e-02
Node 178, SINR:2.93922e-01, BpsHz:1.85875e-02
Node 194, SINR:2.93922e-01, BpsHz:1.85875e-02
Node 134, SINR:2.93922e-01, BpsHz:1.85875e-02
Node 51, SINR:2.93922e-01, BpsHz:1.85875e-02
Node 146, SINR:0.00000e+00, BpsHz:0.00000e+00
Node 109, SINR:2.93922e-01, BpsHz:1.85875e-02
Node 58, SINR:2.93922e-01, BpsHz:1.85875e-02
Node 189, SINR:2.93922e-01, BpsHz:1.85875e-02
Node 165, SINR:2.93922e-01, BpsHz:1.85875e-02
---------------
==========Cluster 9, RcvInterf=9.76571e-15============
Node 131, SINR:3.62353e-01, BpsHz:1.85875e-02
Node 0, SINR:3.62353e-01, BpsHz:1.85875e-02
Node 167, SINR:3.62353e-01, BpsHz:1.85875e-02
Node 43, SINR:3.62353e-01, BpsHz:1.85875e-02
Node 60, SINR:3.62353e-01, BpsHz:1.85875e-02
Node 64, SINR:3.62353e-01, BpsHz:1.85875e-02
Node 45, SINR:3.62353e-01, BpsHz:1.85875e-02
Node 93, SINR:3.62353e-01, BpsHz:1.85875e-02
Node 171, SINR:3.62353e-01, BpsHz:1.85875e-02
Node 72, SINR:3.62353e-01, BpsHz:1.85875e-02
Node 108, SINR:3.62353e-01, BpsHz:1.85875e-02
Node 168, SINR:3.62353e-01, BpsHz:1.85875e-02
Node 37, SINR:3.62353e-01, BpsHz:1.85875e-02
Node 77, SINR:0.00000e+00, BpsHz:0.00000e+00
Node 9, SINR:3.62353e-01, BpsHz:1.85875e-02
Node 36, SINR:3.62353e-01, BpsHz:1.85875e-02
Node 4, SINR:3.62353e-01, BpsHz:1.85875e-02
Node 114, SINR:3.62353e-01, BpsHz:1.85875e-02
Node 46, SINR:3.62353e-01, BpsHz:1.85875e-02
Node 53, SINR:3.62353e-01, BpsHz:1.85875e-02
Node 26, SINR:3.62353e-01, BpsHz:1.85875e-02
Node 99, SINR:3.62353e-01, BpsHz:1.85875e-02
Node 5, SINR:3.62353e-01, BpsHz:1.85875e-02
Node 110, SINR:3.62353e-01, BpsHz:1.85875e-02
Node 162, SINR:3.62353e-01, BpsHz:1.85875e-02
---------------
==========Cluster 10, RcvInterf=8.15615e-15============
Node 112, SINR:3.62353e-01, BpsHz:1.85875e-02
Node 94, SINR:3.62353e-01, BpsHz:1.85875e-02
Node 188, SINR:3.62353e-01, BpsHz:1.85875e-02
Node 48, SINR:3.62353e-01, BpsHz:1.85875e-02
Node 57, SINR:3.62353e-01, BpsHz:1.85875e-02
Node 78, SINR:3.62353e-01, BpsHz:1.85875e-02
Node 163, SINR:3.62353e-01, BpsHz:1.85875e-02
Node 184, SINR:3.62353e-01, BpsHz:1.85875e-02
Node 21, SINR:3.62353e-01, BpsHz:1.85875e-02
Node 1, SINR:3.62353e-01, BpsHz:1.85875e-02
Node 124, SINR:3.62353e-01, BpsHz:1.85875e-02
Node 183, SINR:3.62353e-01, BpsHz:1.85875e-02
Node 50, SINR:3.62353e-01, BpsHz:1.85875e-02
Node 38, SINR:3.62353e-01, BpsHz:1.85875e-02
Node 39, SINR:3.62353e-01, BpsHz:1.85875e-02
Node 176, SINR:3.62353e-01, BpsHz:1.85875e-02
Node 150, SINR:3.62353e-01, BpsHz:1.85875e-02
Node 11, SINR:3.62353e-01, BpsHz:1.85875e-02
Node 186, SINR:3.62353e-01, BpsHz:1.85875e-02
Node 191, SINR:3.62353e-01, BpsHz:1.85875e-02
Node 55, SINR:0.00000e+00, BpsHz:0.00000e+00
Node 6, SINR:3.62353e-01, BpsHz:1.85875e-02
Node 84, SINR:3.62353e-01, BpsHz:1.85875e-02
Node 15, SINR:3.62353e-01, BpsHz:1.85875e-02
Node 8, SINR:3.62353e-01, BpsHz:1.85875e-02
---------------
==========Cluster 11, RcvInterf=5.67702e-10============
Node 136, SINR:0.00000e+00, BpsHz:-nan
---------------
==========Cluster 12, RcvInterf=2.22648e-14============
Node 187, SINR:1.08570e-01, BpsHz:1.85875e-02
Node 133, SINR:0.00000e+00, BpsHz:0.00000e+00
Node 142, SINR:1.08570e-01, BpsHz:1.85875e-02
Node 31, SINR:1.08570e-01, BpsHz:1.85875e-02
Node 41, SINR:1.08570e-01, BpsHz:1.85875e-02
Node 90, SINR:1.08570e-01, BpsHz:1.85875e-02
Node 117, SINR:1.08570e-01, BpsHz:1.85875e-02
Node 144, SINR:1.08570e-01, BpsHz:1.85875e-02
Node 157, SINR:1.08570e-01, BpsHz:1.85875e-02
---------------
==========Cluster 13, RcvInterf=1.14210e-14============
Node 102, SINR:4.16041e-01, BpsHz:1.85875e-02
Node 161, SINR:4.16041e-01, BpsHz:1.85875e-02
Node 182, SINR:4.16041e-01, BpsHz:1.85875e-02
Node 140, SINR:4.16042e-01, BpsHz:1.85875e-02
Node 91, SINR:4.16041e-01, BpsHz:1.85875e-02
Node 158, SINR:4.16041e-01, BpsHz:1.85875e-02
Node 62, SINR:4.16041e-01, BpsHz:1.85875e-02
Node 115, SINR:4.16041e-01, BpsHz:1.85875e-02
Node 56, SINR:4.16041e-01, BpsHz:1.85875e-02
Node 138, SINR:4.16041e-01, BpsHz:1.85875e-02
Node 152, SINR:4.16042e-01, BpsHz:1.85875e-02
Node 19, SINR:4.16041e-01, BpsHz:1.85875e-02
Node 85, SINR:4.16041e-01, BpsHz:1.85875e-02
Node 65, SINR:4.16041e-01, BpsHz:1.85875e-02
Node 139, SINR:0.00000e+00, BpsHz:0.00000e+00
Node 180, SINR:4.16041e-01, BpsHz:1.85875e-02
Node 3, SINR:4.16041e-01, BpsHz:1.85875e-02
Node 96, SINR:4.16042e-01, BpsHz:1.85875e-02
Node 174, SINR:4.16041e-01, BpsHz:1.85875e-02
Node 40, SINR:4.16042e-01, BpsHz:1.85875e-02
Node 181, SINR:4.16041e-01, BpsHz:1.85875e-02
Node 119, SINR:4.16041e-01, BpsHz:1.85875e-02
Node 73, SINR:4.16041e-01, BpsHz:1.85875e-02
Node 135, SINR:4.16042e-01, BpsHz:1.85875e-02
Node 145, SINR:4.16041e-01, BpsHz:1.85875e-02
Node 13, SINR:4.16042e-01, BpsHz:1.85875e-02
Node 27, SINR:4.16042e-01, BpsHz:1.85875e-02
Node 29, SINR:4.16041e-01, BpsHz:1.85875e-02
---------------
==========Cluster 14, RcvInterf=1.30068e-14============
Node 111, SINR:2.61027e-02, BpsHz:1.85875e-02
Node 74, SINR:0.00000e+00, BpsHz:0.00000e+00
Node 107, SINR:2.61027e-02, BpsHz:1.85875e-02
---------------
