195
15
1.000000e-03
2.525175e-312
171
8000
5.640271e+00
2.279053e+00
5.640272e-06
3.442673e-06
0 0 0 0 0 0 0 0 0 0 0 0 0 0 0 0 0 0 0 0 0 0 0 0 0 0 0 0 0 0 0 1 0 0 0 0 0 0 0 0 0 1 0 1 0 0 0 0 0 0 0 0 0 1 0 0 0 0 0 1 0 0 0 0 0 0 0 0 0 0 0 0 0 0 0 0 0 0 0 0 0 0 0 0 0 0 0 0 0 0 1 0 0 0 0 0 0 0 0 1 0 1 0 0 0 0 0 0 0 0 1 0 0 0 0 0 0 1 0 0 0 0 0 1 0 1 0 0 0 0 0 0 0 0 0 0 0 0 0 0 0 0 1 0 1 0 0 0 1 0 0 0 0 0 0 0 0 1 0 0 0 0 1 0 0 0 0 0 0 0 0 0 0 0 0 0 0 0 0 0 0 0 0 0 0 0 0 0 0 0 0 0 1 0 0 
0 0 0 0 0 0 0 0 0 0 1 0 0 0 0 0 0 0 0 0 0 0 0 0 0 0 0 0 0 0 0 0 0 0 0 0 0 0 0 0 0 0 0 0 0 0 0 0 0 0 0 0 0 0 0 0 0 0 0 0 0 0 0 0 0 0 0 0 0 0 0 0 0 0 0 0 0 0 0 0 0 0 0 0 0 0 0 0 0 1 0 0 0 0 0 0 0 0 0 0 0 0 0 0 0 0 0 0 0 0 0 0 0 0 0 0 0 0 0 0 0 0 0 0 0 0 0 0 0 0 0 0 0 0 0 0 0 0 0 0 0 0 0 0 0 0 0 0 0 0 0 0 0 0 0 0 0 0 0 0 0 0 0 0 0 0 0 0 0 0 0 0 0 0 0 0 0 0 0 0 0 0 0 0 0 0 0 0 0 0 0 0 0 1 0 
0 0 0 0 0 0 0 0 0 0 0 0 0 0 0 0 0 0 0 0 0 0 0 0 0 0 0 0 0 0 0 0 0 0 0 0 0 0 0 0 0 0 0 0 0 0 0 0 0 0 0 0 1 0 0 0 0 0 0 0 0 0 0 1 0 0 0 0 0 0 0 0 0 0 1 0 0 0 0 0 0 0 0 0 0 0 0 0 0 0 0 0 1 0 0 0 0 0 0 0 0 0 0 0 0 0 0 0 0 0 0 1 0 0 0 0 0 0 0 0 0 0 0 0 0 0 1 0 0 0 0 0 0 0 0 0 0 0 0 0 0 0 0 0 0 0 0 0 0 0 0 0 0 0 0 0 0 0 0 0 0 0 0 0 0 0 0 0 0 0 0 0 0 0 0 0 0 0 0 0 0 0 0 0 0 0 0 0 0 0 0 0 0 0 0 
0 0 1 0 0 0 0 0 0 0 0 0 0 0 0 0 0 0 0 0 0 0 0 0 0 0 0 0 0 0 0 0 0 0 0 0 0 0 0 0 0 0 1 0 0 0 0 0 0 0 0 0 0 0 0 0 1 0 0 0 0 1 1 0 0 0 0 0 0 0 0 0 0 0 0 0 0 0 0 0 0 0 0 0 0 0 0 0 0 0 0 0 0 0 0 0 1 0 0 0 0 0 0 0 0 0 0 1 0 0 0 0 0 0 0 0 0 0 0 1 0 0 0 0 0 0 0 0 0 0 0 0 0 0 0 0 0 0 1 0 0 0 0 0 0 1 0 0 0 0 0 0 1 0 0 0 0 0 0 0 0 0 0 0 0 0 0 0 0 0 0 0 0 1 1 0 0 0 0 0 1 0 0 0 0 0 0 0 0 0 1 0 0 0 0 
0 0 0 0 0 0 0 0 0 0 0 0 0 0 0 0 1 0 0 0 0 0 0 0 0 0 0 0 0 1 0 0 0 0 1 0 0 0 0 0 1 0 0 0 0 0 0 0 0 0 0 0 0 0 0 0 0 0 0 0 0 0 0 0 0 0 0 0 0 0 0 0 0 1 0 1 0 0 0 0 0 0 0 0 0 0 0 0 0 0 0 1 0 0 0 0 0 0 0 0 0 0 0 0 0 0 0 0 0 0 0 0 0 0 0 0 0 0 0 0 0 0 0 0 0 0 0 0 0 0 0 0 0 0 0 1 0 0 0 1 1 0 0 0 0 0 0 0 0 0 0 0 0 0 0 0 0 0 0 0 0 0 0 0 0 0 0 0 0 0 0 0 0 0 0 0 0 0 0 0 0 0 0 0 0 0 0 0 0 0 0 0 0 0 0 
1 0 0 0 0 0 0 0 0 0 0 0 0 0 0 0 0 0 0 0 0 0 0 0 0 0 0 0 0 0 0 0 0 0 0 0 0 1 0 0 0 0 0 0 0 1 0 1 0 0 0 0 0 0 0 0 0 0 0 0 1 0 0 0 1 0 0 1 0 0 0 0 0 0 0 0 0 1 0 0 0 0 0 0 0 0 0 0 0 0 0 0 0 1 0 0 0 0 0 0 0 0 0 0 0 0 0 0 0 0 0 0 0 0 0 0 0 0 0 0 1 0 0 0 0 0 0 0 0 0 0 1 0 0 0 0 0 0 0 0 0 0 0 0 0 0 0 0 0 0 0 0 0 0 0 0 0 0 0 0 0 0 0 0 0 0 0 1 1 0 0 1 0 0 0 0 0 0 0 0 0 0 0 0 0 0 0 0 0 0 0 0 0 0 0 
0 1 0 0 0 0 0 0 1 0 0 0 0 0 0 0 0 0 0 0 0 1 0 0 0 0 0 0 0 0 0 0 0 0 0 0 0 0 0 0 0 0 0 0 0 0 0 0 1 0 0 0 0 0 0 1 0 1 0 0 0 0 0 0 0 0 0 0 0 0 0 0 0 0 0 0 0 0 1 0 0 0 0 0 1 0 0 0 0 0 0 0 0 0 1 0 0 0 0 0 0 0 0 0 0 0 0 0 0 0 0 0 0 0 0 0 0 0 0 0 0 0 0 0 1 0 0 0 0 0 0 0 0 0 0 0 0 0 0 0 0 0 0 0 0 0 0 0 0 0 0 0 0 0 0 0 0 0 0 0 0 0 0 1 0 0 0 0 0 0 0 0 0 0 0 0 0 0 0 0 0 0 0 0 0 0 0 0 0 0 0 1 0 0 0 
0 0 0 0 1 1 0 1 0 1 0 0 0 0 0 0 0 1 0 0 0 0 0 0 0 0 1 0 0 0 0 0 0 0 0 0 1 0 0 0 0 0 0 0 0 0 1 0 0 0 0 0 0 0 0 0 0 0 0 0 0 0 0 0 0 0 0 0 0 1 0 1 0 0 0 0 0 0 0 1 0 0 0 1 0 0 0 1 0 0 0 0 0 0 0 1 0 0 0 0 1 0 0 0 0 1 0 0 0 0 0 0 0 0 0 0 0 0 0 0 0 0 0 0 0 0 0 0 1 0 0 0 0 0 0 0 0 0 0 0 0 0 0 0 0 0 0 0 0 0 0 0 0 0 0 0 0 0 0 0 0 0 0 0 0 0 0 0 0 0 0 0 0 0 0 0 0 0 0 0 0 0 0 0 0 0 0 0 0 0 0 0 0 0 0 
0 0 0 0 0 0 0 0 0 0 0 0 0 0 0 0 0 0 1 0 0 0 0 0 0 0 0 0 0 0 0 0 0 1 0 0 0 0 0 0 0 0 0 0 0 0 0 0 0 1 0 0 0 0 0 0 0 0 0 0 0 0 0 0 0 0 0 0 1 0 0 0 0 0 0 0 0 0 0 0 0 0 0 0 0 0 0 0 0 0 0 0 0 0 0 0 0 0 0 0 0 0 0 0 0 0 0 0 0 0 0 0 0 0 0 0 0 0 0 0 0 0 1 0 0 0 0 0 0 0 1 0 0 0 0 0 0 0 0 0 0 0 0 0 0 0 1 0 0 1 0 0 0 0 0 0 0 0 0 0 0 0 0 0 0 0 0 0 0 0 0 0 0 0 0 0 0 1 1 1 0 0 0 0 0 0 0 0 0 0 0 0 0 0 0 
0 0 0 0 0 0 0 0 0 0 0 0 0 0 0 0 0 0 0 0 0 0 0 0 0 0 0 0 0 0 0 0 0 0 0 0 0 0 0 0 0 0 0 0 0 0 0 0 0 0 0 0 0 0 0 0 0 0 0 0 0 0 0 0 0 0 0 0 0 0 0 0 0 0 0 0 0 0 0 0 1 0 0 0 0 0 0 0 0 0 0 0 0 0 0 0 0 0 1 0 0 0 0 0 0 0 0 0 0 0 0 0 0 0 0 0 0 0 0 0 0 0 0 0 0 0 0 0 0 0 0 0 0 0 0 0 0 0 0 0 0 1 0 0 0 0 0 0 0 0 0 0 0 0 1 1 0 0 0 0 0 0 0 0 0 0 0 0 0 0 0 0 0 0 0 1 0 0 0 0 0 0 0 0 0 1 0 0 0 0 0 0 0 0 0 
0 0 0 0 0 0 0 0 0 0 0 0 0 0 0 1 0 0 0 0 0 0 0 0 0 0 0 0 0 0 0 0 0 0 0 0 0 0 1 1 0 0 0 0 0 0 0 0 0 0 0 0 0 0 0 0 0 0 1 0 0 0 0 0 0 0 0 0 0 0 0 0 0 0 0 0 0 0 0 0 0 0 0 0 0 0 1 0 0 0 0 0 0 0 0 0 0 0 0 0 0 0 0 0 0 0 0 0 0 0 0 0 1 0 0 0 0 0 0 0 0 0 0 0 0 0 0 0 0 1 0 0 1 0 1 0 1 0 0 0 0 0 0 0 0 0 0 0 0 0 0 0 0 0 0 0 0 0 0 0 0 0 0 0 0 0 0 0 0 0 0 0 0 0 0 0 0 0 0 0 0 0 0 0 1 0 0 0 1 0 0 0 0 0 1 
0 0 0 0 0 0 1 0 0 0 0 1 0 0 0 0 0 0 0 0 0 0 1 0 0 0 0 0 1 0 1 0 1 0 0 0 0 0 0 0 0 0 0 0 0 0 0 0 0 0 1 0 0 0 0 0 0 0 0 0 0 0 0 0 0 0 1 0 0 0 0 0 0 0 0 0 0 0 0 0 0 0 0 0 0 0 0 0 0 0 0 0 0 0 0 0 0 1 0 0 0 0 0 0 0 0 0 0 0 0 0 0 0 0 0 0 0 0 1 0 0 1 0 0 0 0 0 0 0 0 0 0 0 0 0 0 0 0 0 0 0 0 0 0 0 0 0 1 0 0 1 0 0 0 0 0 0 0 0 0 0 0 0 0 1 0 0 0 0 0 0 0 0 0 0 0 1 0 0 0 0 0 0 1 0 0 1 0 0 0 0 0 0 0 0 
0 0 0 0 0 0 0 0 0 0 0 0 0 0 0 0 0 0 0 0 0 0 0 0 1 1 0 0 0 0 0 0 0 0 0 0 0 0 0 0 0 0 0 0 0 0 0 0 0 0 0 0 0 0 0 0 0 0 0 0 0 0 0 0 0 0 0 0 0 0 1 0 0 0 0 0 1 0 0 0 0 0 1 0 0 0 0 0 0 0 0 0 0 0 0 0 0 0 0 0 0 0 0 1 0 0 0 0 0 0 0 0 0 0 0 0 0 0 0 0 0 0 0 0 0 0 0 0 0 0 0 0 0 1 0 0 0 0 0 0 0 0 0 1 0 0 0 0 0 0 0 1 0 1 0 0 1 0 0 1 0 0 0 0 0 0 0 0 0 0 0 0 0 0 0 0 0 0 0 0 0 0 0 0 0 0 0 1 0 0 0 0 0 0 0 
0 0 0 0 0 0 0 0 0 0 0 0 0 1 0 0 0 0 0 1 1 0 0 0 0 0 0 0 0 0 0 0 0 0 0 0 0 0 0 0 0 0 0 0 0 0 0 0 0 0 0 0 0 0 0 0 0 0 0 0 0 0 0 0 0 1 0 0 0 0 0 0 0 0 0 0 0 0 0 0 0 1 0 0 0 1 0 0 1 0 0 0 0 0 0 0 0 0 0 0 0 0 1 0 1 0 0 0 0 0 0 0 0 0 0 0 0 0 0 0 0 0 0 0 0 0 0 0 0 0 0 0 0 0 0 0 0 0 0 0 0 0 0 0 0 0 0 0 0 0 0 0 0 0 0 0 0 0 1 0 1 1 0 0 0 0 0 0 0 0 0 0 0 0 0 0 0 0 0 0 0 0 1 0 0 0 0 0 0 0 0 0 0 0 0 
0 0 0 0 0 0 0 0 0 0 0 0 0 0 1 0 0 0 0 0 0 0 0 1 0 0 0 1 0 0 0 0 0 0 0 1 0 0 0 0 0 0 0 0 1 0 0 0 0 0 0 0 0 0 0 0 0 0 0 0 0 0 0 0 0 0 0 0 0 0 0 0 0 0 0 0 0 0 0 0 0 0 0 0 0 0 0 0 0 0 0 0 0 0 0 0 0 0 0 0 0 0 0 0 0 0 1 0 0 1 0 0 0 1 0 0 1 0 0 0 0 0 0 0 0 0 0 1 0 0 0 0 0 0 0 0 0 1 0 0 0 0 0 0 0 0 0 0 0 0 0 0 0 0 0 0 0 0 0 0 0 0 0 0 0 1 1 0 0 1 1 0 1 0 0 0 0 0 0 0 0 0 0 0 0 0 0 0 0 1 0 0 0 0 0 
149 11 127 191 76 172 9 106 147 142 59 67 152 21 138 
1.078334E-05 4.564236E-04 5.833750E-07 0.000000E+00 1.180940E-05 9.178831E-05 5.403698E-04 6.233353E-06 0.000000E+00 1.478621E-04 0.000000E+00 4.528956E-05 0.000000E+00 2.613422E-04 1.975780E-05 1.064365E-05 1.091290E-10 2.965482E-06 1.713672E-04 1.345742E-04 0.000000E+00 1.890288E-04 2.465769E-04 9.958302E-07 8.330771E-05 7.305221E-07 8.467967E-05 1.421368E-04 2.123417E-05 5.722631E-06 4.849066E-08 1.156251E-05 2.925736E-05 7.279091E-05 1.680612E-08 3.451656E-06 3.381294E-04 1.627717E-04 2.054435E-07 1.570335E-04 6.242659E-08 3.385159E-05 4.631105E-07 5.495187E-06 5.464781E-05 2.421413E-04 2.618899E-05 2.872157E-06 1.552999E-05 3.670243E-09 1.816646E-05 0.000000E+00 7.060382E-07 6.981394E-04 0.000000E+00 6.239249E-08 9.997069E-04 8.354476E-07 0.000000E+00 1.619122E-07 2.396651E-04 3.483238E-06 8.520619E-04 3.682755E-08 3.799978E-04 3.311006E-04 0.000000E+00 9.141224E-07 1.665517E-04 1.287966E-07 1.359932E-05 1.294760E-05 0.000000E+00 1.242412E-04 2.034416E-07 0.000000E+00 2.882979E-04 3.612968E-06 7.912933E-05 6.041793E-04 9.193598E-07 1.429246E-05 2.136017E-04 1.402323E-04 2.711778E-07 6.239612E-05 2.933711E-06 2.977148E-05 1.129309E-05 1.710250E-07 1.448856E-06 9.104495E-05 1.691929E-08 2.760447E-07 1.929028E-05 5.677329E-05 4.899392E-04 2.977303E-08 8.978491E-08 9.967901E-04 4.574058E-04 1.558843E-06 1.139799E-04 4.277095E-07 8.042863E-05 0.000000E+00 3.050219E-05 6.469849E-06 0.000000E+00 2.334727E-04 8.836366E-06 1.847482E-06 2.191298E-05 1.944333E-06 0.000000E+00 0.000000E+00 2.965548E-05 1.558399E-04 3.762971E-04 9.826173E-06 1.536858E-07 1.437727E-05 7.005535E-07 2.053615E-04 8.772566E-04 1.366557E-06 0.000000E+00 2.822894E-05 5.964021E-05 1.815885E-04 2.944661E-06 8.845479E-04 5.567631E-05 2.067328E-05 1.698724E-08 6.157983E-05 2.267425E-05 0.000000E+00 4.898480E-04 2.790218E-05 6.840662E-05 0.000000E+00 5.049812E-05 2.858711E-04 8.644791E-09 2.683898E-05 0.000000E+00 8.512056E-05 0.000000E+00 8.092922E-06 1.776633E-05 0.000000E+00 1.907442E-04 2.547355E-07 2.382567E-07 1.967192E-07 6.545648E-04 1.239134E-04 3.776899E-05 6.767387E-04 2.609495E-04 3.762925E-04 3.868480E-05 1.531816E-05 8.500804E-05 1.454151E-04 2.738270E-09 6.409209E-06 1.022909E-05 2.403113E-05 6.886463E-06 0.000000E+00 7.661307E-06 6.388014E-08 6.602940E-06 4.241510E-08 3.223662E-04 4.936877E-06 6.912612E-07 8.013556E-05 1.267311E-04 0.000000E+00 5.842619E-05 7.272240E-04 7.523699E-06 4.608604E-08 4.467580E-04 1.773115E-05 6.239559E-05 1.655484E-04 0.000000E+00 1.420424E-08 3.496724E-06 6.315248E-08 2.986365E-05 
32 42 60 91 111 126 145 149 158 44 143 118 163 102 193 54 100 124 
194 11 90 
93 64 127 53 75 112 
120 146 181 175 3 191 174 43 62 97 108 57 139 153 63 
17 35 76 30 136 140 141 41 74 92 
38 169 78 46 61 1 94 172 121 68 48 65 168 132 
125 2 79 164 49 95 192 58 56 9 85 22 
106 70 129 18 8 96 88 72 84 27 37 6 47 5 10 80 101 
50 123 147 179 131 150 178 34 180 19 69 
142 99 176 186 155 156 81 
59 135 87 39 137 16 185 113 133 195 189 40 130 
67 98 31 122 29 148 33 151 12 165 23 119 7 51 187 177 184 
25 71 104 152 154 83 188 134 26 77 144 160 157 
20 86 89 103 183 82 21 159 14 66 105 162 161 
15 24 36 107 114 117 166 167 171 173 45 128 138 170 28 190 110 

============Find Best @ Round 5509================
==========Cluster 0, RcvInterf=3.37513e-14============
Node 31, SINR:3.34550e-01, BpsHz:2.44914e-02
Node 41, SINR:3.34550e-01, BpsHz:2.44914e-02
Node 59, SINR:3.34550e-01, BpsHz:2.44914e-02
Node 90, SINR:3.34550e-01, BpsHz:2.44914e-02
Node 110, SINR:3.34550e-01, BpsHz:2.44914e-02
Node 125, SINR:3.34550e-01, BpsHz:2.44914e-02
Node 144, SINR:3.34550e-01, BpsHz:2.44914e-02
Node 148, SINR:0.00000e+00, BpsHz:0.00000e+00
Node 157, SINR:3.34550e-01, BpsHz:2.44914e-02
Node 43, SINR:3.34550e-01, BpsHz:2.44914e-02
Node 142, SINR:3.34550e-01, BpsHz:2.44914e-02
Node 117, SINR:3.34550e-01, BpsHz:2.44914e-02
Node 162, SINR:3.34550e-01, BpsHz:2.44914e-02
Node 101, SINR:3.34550e-01, BpsHz:2.44914e-02
Node 192, SINR:3.34550e-01, BpsHz:2.44914e-02
Node 53, SINR:3.34550e-01, BpsHz:2.44914e-02
Node 99, SINR:3.34550e-01, BpsHz:2.44914e-02
Node 123, SINR:3.34550e-01, BpsHz:2.44914e-02
---------------
==========Cluster 1, RcvInterf=2.03242e-14============
Node 193, SINR:3.45352e-02, BpsHz:2.44913e-02
Node 10, SINR:0.00000e+00, BpsHz:0.00000e+00
Node 89, SINR:3.45352e-02, BpsHz:2.44913e-02
---------------
==========Cluster 2, RcvInterf=1.49772e-14============
Node 92, SINR:8.85870e-02, BpsHz:2.44914e-02
Node 63, SINR:8.85870e-02, BpsHz:2.44914e-02
Node 126, SINR:0.00000e+00, BpsHz:0.00000e+00
Node 52, SINR:8.85870e-02, BpsHz:2.44914e-02
Node 74, SINR:8.85870e-02, BpsHz:2.44914e-02
Node 111, SINR:8.85870e-02, BpsHz:2.44914e-02
---------------
==========Cluster 3, RcvInterf=2.25481e-14============
Node 119, SINR:2.68285e-01, BpsHz:2.44913e-02
Node 145, SINR:2.68285e-01, BpsHz:2.44913e-02
Node 180, SINR:2.68285e-01, BpsHz:2.44913e-02
Node 174, SINR:2.68285e-01, BpsHz:2.44913e-02
Node 2, SINR:2.68285e-01, BpsHz:2.44913e-02
Node 190, SINR:0.00000e+00, BpsHz:0.00000e+00
Node 173, SINR:2.68285e-01, BpsHz:2.44913e-02
Node 42, SINR:2.68285e-01, BpsHz:2.44913e-02
Node 61, SINR:2.68285e-01, BpsHz:2.44913e-02
Node 96, SINR:2.68285e-01, BpsHz:2.44913e-02
Node 107, SINR:2.68285e-01, BpsHz:2.44913e-02
Node 56, SINR:2.68285e-01, BpsHz:2.44913e-02
Node 138, SINR:2.68285e-01, BpsHz:2.44913e-02
Node 152, SINR:2.68285e-01, BpsHz:2.44913e-02
Node 62, SINR:2.68285e-01, BpsHz:2.44913e-02
---------------
==========Cluster 4, RcvInterf=4.41184e-14============
Node 16, SINR:1.65074e-01, BpsHz:2.44914e-02
Node 34, SINR:1.65074e-01, BpsHz:2.44914e-02
Node 75, SINR:0.00000e+00, BpsHz:0.00000e+00
Node 29, SINR:1.65074e-01, BpsHz:2.44914e-02
Node 135, SINR:1.65074e-01, BpsHz:2.44914e-02
Node 139, SINR:1.65074e-01, BpsHz:2.44914e-02
Node 140, SINR:1.65074e-01, BpsHz:2.44914e-02
Node 40, SINR:1.65074e-01, BpsHz:2.44914e-02
Node 73, SINR:1.65074e-01, BpsHz:2.44914e-02
Node 91, SINR:1.65074e-01, BpsHz:2.44914e-02
---------------
==========Cluster 5, RcvInterf=3.19956e-14============
Node 37, SINR:2.46936e-01, BpsHz:2.44913e-02
Node 168, SINR:2.46936e-01, BpsHz:2.44913e-02
Node 77, SINR:2.46936e-01, BpsHz:2.44913e-02
Node 45, SINR:2.46936e-01, BpsHz:2.44913e-02
Node 60, SINR:2.46936e-01, BpsHz:2.44913e-02
Node 0, SINR:2.46936e-01, BpsHz:2.44913e-02
Node 93, SINR:2.46936e-01, BpsHz:2.44913e-02
Node 171, SINR:0.00000e+00, BpsHz:0.00000e+00
Node 120, SINR:2.46936e-01, BpsHz:2.44913e-02
Node 67, SINR:2.46936e-01, BpsHz:2.44913e-02
Node 47, SINR:2.46936e-01, BpsHz:2.44913e-02
Node 64, SINR:2.46936e-01, BpsHz:2.44913e-02
Node 167, SINR:2.46936e-01, BpsHz:2.44913e-02
Node 131, SINR:2.46936e-01, BpsHz:2.44913e-02
---------------
==========Cluster 6, RcvInterf=1.39932e-14============
Node 124, SINR:2.05310e-01, BpsHz:2.44913e-02
Node 1, SINR:2.05310e-01, BpsHz:2.44913e-02
Node 78, SINR:2.05310e-01, BpsHz:2.44913e-02
Node 163, SINR:2.05310e-01, BpsHz:2.44913e-02
Node 48, SINR:2.05310e-01, BpsHz:2.44913e-02
Node 94, SINR:2.05310e-01, BpsHz:2.44913e-02
Node 191, SINR:2.05310e-01, BpsHz:2.44913e-02
Node 57, SINR:2.05310e-01, BpsHz:2.44913e-02
Node 55, SINR:2.05310e-01, BpsHz:2.44913e-02
Node 8, SINR:0.00000e+00, BpsHz:0.00000e+00
Node 84, SINR:2.05310e-01, BpsHz:2.44913e-02
Node 21, SINR:2.05310e-01, BpsHz:2.44913e-02
---------------
==========Cluster 7, RcvInterf=3.63730e-14============
Node 105, SINR:0.00000e+00, BpsHz:0.00000e+00
Node 69, SINR:3.12085e-01, BpsHz:2.44914e-02
Node 128, SINR:3.12085e-01, BpsHz:2.44914e-02
Node 17, SINR:3.12085e-01, BpsHz:2.44914e-02
Node 7, SINR:3.12085e-01, BpsHz:2.44914e-02
Node 95, SINR:3.12085e-01, BpsHz:2.44914e-02
Node 87, SINR:3.12085e-01, BpsHz:2.44914e-02
Node 71, SINR:3.12085e-01, BpsHz:2.44914e-02
Node 83, SINR:3.12085e-01, BpsHz:2.44914e-02
Node 26, SINR:3.12085e-01, BpsHz:2.44914e-02
Node 36, SINR:3.12085e-01, BpsHz:2.44914e-02
Node 5, SINR:3.12085e-01, BpsHz:2.44914e-02
Node 46, SINR:3.12085e-01, BpsHz:2.44914e-02
Node 4, SINR:3.12085e-01, BpsHz:2.44914e-02
Node 9, SINR:3.12085e-01, BpsHz:2.44914e-02
Node 79, SINR:3.12085e-01, BpsHz:2.44914e-02
Node 100, SINR:3.12085e-01, BpsHz:2.44914e-02
---------------
==========Cluster 8, RcvInterf=3.44147e-14============
Node 49, SINR:1.85022e-01, BpsHz:2.44914e-02
Node 122, SINR:1.85022e-01, BpsHz:2.44914e-02
Node 146, SINR:0.00000e+00, BpsHz:0.00000e+00
Node 178, SINR:1.85022e-01, BpsHz:2.44914e-02
Node 130, SINR:1.85022e-01, BpsHz:2.44914e-02
Node 149, SINR:1.85022e-01, BpsHz:2.44914e-02
Node 177, SINR:1.85022e-01, BpsHz:2.44914e-02
Node 33, SINR:1.85022e-01, BpsHz:2.44914e-02
Node 179, SINR:1.85022e-01, BpsHz:2.44914e-02
Node 18, SINR:1.85022e-01, BpsHz:2.44914e-02
Node 68, SINR:1.85022e-01, BpsHz:2.44914e-02
---------------
==========Cluster 9, RcvInterf=2.72480e-14============
Node 141, SINR:0.00000e+00, BpsHz:0.00000e+00
Node 98, SINR:1.07225e-01, BpsHz:2.44913e-02
Node 175, SINR:1.07225e-01, BpsHz:2.44913e-02
Node 185, SINR:1.07225e-01, BpsHz:2.44913e-02
Node 154, SINR:1.07225e-01, BpsHz:2.44913e-02
Node 155, SINR:1.07225e-01, BpsHz:2.44913e-02
Node 80, SINR:1.07225e-01, BpsHz:2.44913e-02
---------------
==========Cluster 10, RcvInterf=4.53711e-14============
Node 58, SINR:0.00000e+00, BpsHz:0.00000e+00
Node 134, SINR:2.25947e-01, BpsHz:2.44914e-02
Node 86, SINR:2.25947e-01, BpsHz:2.44914e-02
Node 38, SINR:2.25947e-01, BpsHz:2.44914e-02
Node 136, SINR:2.25947e-01, BpsHz:2.44914e-02
Node 15, SINR:2.25947e-01, BpsHz:2.44914e-02
Node 184, SINR:2.25947e-01, BpsHz:2.44914e-02
Node 112, SINR:2.25947e-01, BpsHz:2.44914e-02
Node 132, SINR:2.25947e-01, BpsHz:2.44914e-02
Node 194, SINR:2.25947e-01, BpsHz:2.44914e-02
Node 188, SINR:2.25947e-01, BpsHz:2.44914e-02
Node 39, SINR:2.25947e-01, BpsHz:2.44914e-02
Node 129, SINR:2.25947e-01, BpsHz:2.44914e-02
---------------
==========Cluster 11, RcvInterf=4.76547e-14============
Node 66, SINR:0.00000e+00, BpsHz:0.00000e+00
Node 97, SINR:3.12085e-01, BpsHz:2.44914e-02
Node 30, SINR:3.12085e-01, BpsHz:2.44914e-02
Node 121, SINR:3.12085e-01, BpsHz:2.44914e-02
Node 28, SINR:3.12085e-01, BpsHz:2.44914e-02
Node 147, SINR:3.12085e-01, BpsHz:2.44913e-02
Node 32, SINR:3.12085e-01, BpsHz:2.44914e-02
Node 150, SINR:3.12085e-01, BpsHz:2.44914e-02
Node 11, SINR:3.12085e-01, BpsHz:2.44914e-02
Node 164, SINR:3.12085e-01, BpsHz:2.44914e-02
Node 22, SINR:3.12085e-01, BpsHz:2.44913e-02
Node 118, SINR:3.12085e-01, BpsHz:2.44914e-02
Node 6, SINR:3.12085e-01, BpsHz:2.44914e-02
Node 50, SINR:3.12085e-01, BpsHz:2.44914e-02
Node 186, SINR:3.12085e-01, BpsHz:2.44914e-02
Node 176, SINR:3.12085e-01, BpsHz:2.44913e-02
Node 183, SINR:3.12085e-01, BpsHz:2.44914e-02
---------------
==========Cluster 12, RcvInterf=4.10921e-14============
Node 24, SINR:2.25947e-01, BpsHz:2.44914e-02
Node 70, SINR:2.25947e-01, BpsHz:2.44914e-02
Node 103, SINR:2.25947e-01, BpsHz:2.44914e-02
Node 151, SINR:0.00000e+00, BpsHz:0.00000e+00
Node 153, SINR:2.25947e-01, BpsHz:2.44914e-02
Node 82, SINR:2.25947e-01, BpsHz:2.44914e-02
Node 187, SINR:2.25947e-01, BpsHz:2.44914e-02
Node 133, SINR:2.25947e-01, BpsHz:2.44914e-02
Node 25, SINR:2.25947e-01, BpsHz:2.44914e-02
Node 76, SINR:2.25947e-01, BpsHz:2.44914e-02
Node 143, SINR:2.25947e-01, BpsHz:2.44914e-02
Node 159, SINR:2.25947e-01, BpsHz:2.44914e-02
Node 156, SINR:2.25947e-01, BpsHz:2.44914e-02
---------------
==========Cluster 13, RcvInterf=4.67698e-14============
Node 19, SINR:2.25947e-01, BpsHz:2.44914e-02
Node 85, SINR:2.25947e-01, BpsHz:2.44914e-02
Node 88, SINR:2.25947e-01, BpsHz:2.44914e-02
Node 102, SINR:2.25947e-01, BpsHz:2.44914e-02
Node 182, SINR:2.25947e-01, BpsHz:2.44914e-02
Node 81, SINR:2.25947e-01, BpsHz:2.44914e-02
Node 20, SINR:0.00000e+00, BpsHz:0.00000e+00
Node 158, SINR:2.25947e-01, BpsHz:2.44914e-02
Node 13, SINR:2.25947e-01, BpsHz:2.44914e-02
Node 65, SINR:2.25947e-01, BpsHz:2.44914e-02
Node 104, SINR:2.25947e-01, BpsHz:2.44914e-02
Node 161, SINR:2.25947e-01, BpsHz:2.44914e-02
Node 160, SINR:2.25947e-01, BpsHz:2.44914e-02
---------------
==========Cluster 14, RcvInterf=2.32309e-14============
Node 14, SINR:3.12085e-01, BpsHz:2.44914e-02
Node 23, SINR:3.12085e-01, BpsHz:2.44914e-02
Node 35, SINR:3.12085e-01, BpsHz:2.44914e-02
Node 106, SINR:3.12085e-01, BpsHz:2.44914e-02
Node 113, SINR:3.12085e-01, BpsHz:2.44913e-02
Node 116, SINR:3.12085e-01, BpsHz:2.44914e-02
Node 165, SINR:3.12085e-01, BpsHz:2.44914e-02
Node 166, SINR:3.12085e-01, BpsHz:2.44914e-02
Node 170, SINR:3.12085e-01, BpsHz:2.44914e-02
Node 172, SINR:3.12085e-01, BpsHz:2.44914e-02
Node 44, SINR:3.12085e-01, BpsHz:2.44914e-02
Node 127, SINR:3.12085e-01, BpsHz:2.44914e-02
Node 137, SINR:0.00000e+00, BpsHz:0.00000e+00
Node 169, SINR:3.12085e-01, BpsHz:2.44914e-02
Node 27, SINR:3.12085e-01, BpsHz:2.44914e-02
Node 189, SINR:3.12085e-01, BpsHz:2.44914e-02
Node 109, SINR:3.12085e-01, BpsHz:2.44914e-02
---------------
