2013-08-03_17-02  26 2 8.09e-001    16.3 2.33e-008 9.8e-013 1.0e-003 0.02 
2013-08-03_17-02  159 19 6.25e-001    119.3 1.17e-006 3.7e-007 1.0e-003 1.17 
2013-08-03_17-02  175 9 6.81e-001    61.6 2.56e-007 5.1e-008 1.0e-003 0.26 
2013-08-03_17-02  43 6 8.48e-001    51.1 1.50e-007 3.7e-008 1.0e-003 0.15 
2013-08-03_17-02  68 5 7.49e-001    37.7 4.56e-008 2.9e-010 1.0e-003 0.05 
2013-08-03_17-02  186 7 7.33e-001    51.5 2.80e-008 9.6e-010 1.0e-003 0.03 
2013-08-03_17-02  85 8 7.46e-001    60.0 9.31e-008 1.2e-008 1.0e-003 0.09 
2013-08-03_17-02  164 21 6.85e-001    144.5 8.46e-007 3.2e-007 1.0e-003 0.85 
2013-08-03_17-02  123 28 5.99e-001    168.6 7.75e-007 6.9e-007 1.0e-003 0.78 
2013-08-03_17-02  193 5 6.44e-001    32.4 5.32e-008 6.6e-010 1.0e-003 0.05 
2013-08-03_17-02  168 27 6.21e-001    168.6 9.10e-007 4.7e-007 1.0e-003 0.91 
2013-08-03_17-02  154 12 7.33e-001    88.3 2.73e-007 7.6e-008 1.0e-003 0.27 
2013-08-03_17-02  134 15 7.15e-001    107.7 5.75e-007 9.1e-008 1.0e-003 0.58 
2013-08-03_17-02  35 18 5.99e-001    108.3 2.49e-007 3.4e-007 1.0e-003 0.25 
2013-08-03_17-02  112 4 8.38e-001    33.7 3.85e-008 1.2e-010 1.0e-003 0.04 

2013-08-03_17-05  147 14 7.95e-001    111.8 5.94e-007 1.0e-007 1.0e-003 0.59 
2013-08-03_17-05  93 7 8.00e-001    56.3 3.60e-008 1.4e-009 1.0e-003 0.04 
2013-08-03_17-05  33 10 8.47e-001    85.1 7.52e-007 4.4e-008 1.0e-003 0.75 
2013-08-03_17-05  3 4 9.07e-001    36.5 1.16e-007 3.9e-010 1.0e-003 0.12 
2013-08-03_17-05  102 9 6.88e-001    62.3 1.16e-007 4.9e-009 1.0e-003 0.12 
2013-08-03_17-05  182 22 6.40e-001    141.5 8.87e-007 1.8e-007 1.0e-003 0.89 
2013-08-03_17-05  154 10 7.85e-001    78.9 2.44e-007 5.9e-008 1.0e-003 0.24 
2013-08-03_17-05  134 11 8.34e-001    92.2 4.92e-007 3.7e-008 1.0e-003 0.49 
2013-08-03_17-05  123 12 6.97e-001    84.0 3.86e-007 1.9e-007 1.0e-003 0.39 
2013-08-03_17-05  142 9 7.17e-001    64.8 4.40e-008 9.3e-010 1.0e-003 0.04 
2013-08-03_17-05  9 5 7.81e-001    39.2 6.14e-008 1.8e-010 1.0e-003 0.06 
2013-08-03_17-05  1 24 6.99e-001    168.5 1.13e-006 2.8e-007 1.0e-003 1.13 
2013-08-03_17-05  164 13 7.56e-001    98.8 5.79e-007 8.7e-008 1.0e-003 0.58 
2013-08-03_17-05  21 22 6.95e-001    153.6 5.04e-007 4.7e-007 1.0e-003 0.50 
2013-08-03_17-05  43 14 7.60e-001    106.9 3.14e-007 2.4e-007 1.0e-003 0.31 

2013-08-03_17-09  17 5 5.11e-001    25.7 7.25e-008 1.6e-011 1.0e-003 0.07 
2013-08-03_17-09  0 0 1.#Je+000    10.0 1.56e-008 1.1e-009 1.0e-003 0.02 
2013-08-03_17-09  127 6 7.62e-001    45.9 2.08e-008 1.2e-007 1.0e-003 0.02 
2013-08-03_17-09  174 16 6.59e-001    105.9 3.32e-007 5.7e-008 1.0e-003 0.33 
2013-08-03_17-09  183 13 6.51e-001    85.0 1.29e-006 4.3e-011 1.0e-003 1.29 
2013-08-03_17-09  156 3 8.67e-001    26.1 2.74e-008 8.1e-007 1.0e-003 0.03 
2013-08-03_17-09  56 27 7.13e-001    193.4 3.63e-007 2.8e-010 1.0e-003 0.36 
2013-08-03_17-09  142 6 7.43e-001    44.8 3.04e-008 3.7e-007 1.0e-003 0.03 
2013-08-03_17-09  147 24 6.60e-001    159.2 8.46e-007 3.7e-007 1.0e-003 0.85 
2013-08-03_17-09  94 24 7.11e-001    171.4 5.57e-007 1.5e-007 1.0e-003 0.56 
2013-08-03_17-09  170 8 8.58e-001    69.0 1.11e-006 2.5e-007 1.0e-003 1.11 
2013-08-03_17-09  188 24 7.68e-001    185.3 1.08e-006 3.0e-009 1.0e-003 1.08 
2013-08-03_17-09  90 8 6.66e-001    53.5 6.89e-008 8.7e-008 1.0e-003 0.07 
2013-08-03_17-09  106 12 7.27e-001    87.7 2.46e-007 2.1e-007 1.0e-003 0.25 
2013-08-03_17-09  43 10 7.58e-001    76.2 2.24e-007 0.0e+000 1.0e-003 0.22 

2013-08-03_17-16  26 4 8.52e-001    34.2 4.90e-008 2.6e-009 1.0e-003 0.05 
2013-08-03_17-16  85 4 8.24e-001    33.1 5.14e-008 5.7e-010 1.0e-003 0.05 
2013-08-03_17-16  172 22 6.97e-001    154.1 3.36e-007 8.1e-007 1.0e-003 0.34 
2013-08-03_17-16  191 15 8.26e-001    124.4 2.91e-007 8.1e-007 1.0e-003 0.29 
2013-08-03_17-16  123 21 6.03e-001    127.3 5.85e-007 5.3e-007 1.0e-003 0.59 
2013-08-03_17-16  121 11 6.10e-001    67.4 1.14e-007 2.7e-007 1.0e-003 0.11 
2013-08-03_17-16  59 12 7.34e-001    88.5 7.79e-007 7.0e-008 1.0e-003 0.78 
2013-08-03_17-16  33 14 7.80e-001    109.7 9.69e-007 8.7e-008 1.0e-003 0.97 
2013-08-03_17-16  67 14 7.59e-001    106.7 4.27e-007 4.4e-007 1.0e-003 0.43 
2013-08-03_17-16  156 8 6.84e-001    55.0 5.77e-008 1.4e-009 1.0e-003 0.06 
2013-08-03_17-16  30 14 6.48e-001    91.2 1.91e-007 1.8e-007 1.0e-003 0.19 
2013-08-03_17-16  127 6 7.32e-001    44.1 1.99e-008 1.4e-009 1.0e-003 0.02 
2013-08-03_17-16  194 4 7.96e-001    32.0 3.92e-008 3.7e-010 1.0e-003 0.04 
2013-08-03_17-16  21 23 5.86e-001    135.4 4.44e-007 6.4e-007 1.0e-003 0.44 
2013-08-03_17-16  134 14 7.72e-001    108.5 5.80e-007 5.6e-008 1.0e-003 0.58 

2013-08-03_17-16  11 4 8.69e-001    34.9 2.58e-008 9.5e-010 1.0e-003 0.03 
2013-08-03_17-16  9 4 8.16e-001    32.8 5.13e-008 1.7e-010 1.0e-003 0.05 
2013-08-03_17-16  127 7 8.26e-001    58.1 2.63e-008 2.7e-009 1.0e-003 0.03 
2013-08-03_17-16  3 6 8.83e-001    53.3 1.70e-007 9.8e-010 1.0e-003 0.17 
2013-08-03_17-16  142 7 8.05e-001    56.6 3.84e-008 3.8e-010 1.0e-003 0.04 
2013-08-03_17-16  121 4 9.07e-001    36.5 6.17e-008 1.0e-009 1.0e-003 0.06 
2013-08-03_17-16  164 17 8.37e-001    142.9 8.37e-007 2.9e-007 1.0e-003 0.84 
2013-08-03_17-16  60 16 8.34e-001    134.1 3.79e-007 2.6e-007 1.0e-003 0.38 
2013-08-03_17-16  147 13 8.16e-001    106.6 5.66e-007 2.2e-007 1.0e-003 0.57 
2013-08-03_17-16  78 22 7.38e-001    163.0 7.29e-007 2.5e-007 1.0e-003 0.73 
2013-08-03_17-16  140 22 7.21e-001    159.4 1.06e-006 2.7e-007 1.0e-003 1.06 
2013-08-03_17-16  39 9 8.22e-001    74.4 7.58e-007 2.8e-008 1.0e-003 0.76 
2013-08-03_17-16  152 23 8.27e-001    191.2 4.58e-007 4.5e-007 1.0e-003 0.46 
2013-08-03_17-16  21 12 7.71e-001    93.0 3.05e-007 1.6e-007 1.0e-003 0.30 
2013-08-03_17-16  62 20 7.93e-001    159.4 8.16e-007 4.5e-007 1.0e-003 0.82 

2013-08-03_17-17  0 0 1.#Je+000    10.0 7.44e-009 1.4e-007 1.0e-003 0.01 
2013-08-03_17-17  134 17 8.25e-001    140.9 7.52e-007 1.2e-007 1.0e-003 0.75 
2013-08-03_17-17  147 12 8.15e-001    98.3 5.22e-007 7.7e-007 1.0e-003 0.52 
2013-08-03_17-17  174 28 7.71e-001    217.0 6.81e-007 4.3e-008 1.0e-003 0.68 
2013-08-03_17-17  49 12 8.12e-001    97.9 6.32e-007 2.7e-007 1.0e-003 0.63 
2013-08-03_17-17  106 16 7.09e-001    114.0 3.20e-007 1.6e-007 1.0e-003 0.32 
2013-08-03_17-17  67 16 7.88e-001    126.7 5.07e-007 4.9e-008 1.0e-003 0.51 
2013-08-03_17-17  194 10 7.04e-001    70.7 8.66e-008 1.1e-010 1.0e-003 0.09 
2013-08-03_17-17  127 4 8.09e-001    32.5 1.47e-008 6.1e-007 1.0e-003 0.01 
2013-08-03_17-17  121 14 8.45e-001    118.8 2.01e-007 4.3e-010 1.0e-003 0.20 
2013-08-03_17-17  142 6 7.87e-001    47.5 3.22e-008 9.6e-010 1.0e-003 0.03 
2013-08-03_17-17  85 6 8.23e-001    49.6 7.70e-008 8.8e-011 1.0e-003 0.08 
2013-08-03_17-17  154 3 9.14e-001    27.6 8.51e-008 2.0e-007 1.0e-003 0.09 
2013-08-03_17-17  82 24 7.39e-001    178.3 1.76e-006 3.0e-007 1.0e-003 1.76 
2013-08-03_17-17  123 18 7.31e-001    132.2 6.08e-007 0.0e+000 1.0e-003 0.61 

2013-08-03_17-19  99 6 7.67e-001    46.2 2.71e-008 1.2e-009 1.0e-003 0.03 
2013-08-03_17-19  193 4 7.30e-001    29.3 4.82e-008 1.1e-009 1.0e-003 0.05 
2013-08-03_17-19  56 15 7.45e-001    112.3 2.11e-007 2.9e-007 1.0e-003 0.21 
2013-08-03_17-19  75 6 8.17e-001    49.3 3.64e-008 5.2e-010 1.0e-003 0.04 
2013-08-03_17-19  30 17 6.01e-001    102.7 2.15e-007 3.3e-007 1.0e-003 0.21 
2013-08-03_17-19  106 4 8.86e-001    35.6 9.99e-008 1.9e-009 1.0e-003 0.10 
2013-08-03_17-19  154 21 7.33e-001    154.6 4.77e-007 5.7e-007 1.0e-003 0.48 
2013-08-03_17-19  35 6 5.65e-001    34.1 7.83e-008 5.1e-010 1.0e-003 0.08 
2013-08-03_17-19  147 26 6.70e-001    174.9 9.30e-007 4.3e-007 1.0e-003 0.93 
2013-08-03_17-19  172 19 7.64e-001    145.9 3.19e-007 4.1e-007 1.0e-003 0.32 
2013-08-03_17-19  32 13 8.51e-001    111.1 8.61e-007 1.2e-007 1.0e-003 0.86 
2013-08-03_17-19  11 5 8.10e-001    40.7 3.01e-008 7.5e-010 1.0e-003 0.03 
2013-08-03_17-19  152 3 9.18e-001    27.7 6.62e-008 1.4e-009 1.0e-003 0.07 
2013-08-03_17-19  88 24 6.46e-001    155.8 1.46e-006 2.7e-007 1.0e-003 1.46 
2013-08-03_17-19  191 17 7.47e-001    127.6 2.99e-007 8.9e-007 1.0e-003 0.30 

2013-08-03_17-26  70 22 6.71e-001    148.3 5.86e-007 3.3e-007 1.0e-003 0.59 
2013-08-03_17-26  0 0 1.#Je+000    10.0 4.41e-007 5.7e-007 1.0e-003 0.44 
2013-08-03_17-26  191 23 7.45e-001    172.1 4.03e-007 4.7e-007 1.0e-003 0.40 
2013-08-03_17-26  0 0 1.#Je+000    10.0 4.41e-007 6.5e-010 1.0e-003 0.44 
2013-08-03_17-26  194 11 8.14e-001    89.9 1.10e-007 5.0e-007 1.0e-003 0.11 
2013-08-03_17-26  142 8 7.36e-001    59.2 4.01e-008 5.7e-009 1.0e-003 0.04 
2013-08-03_17-26  31 19 7.52e-001    143.5 5.75e-007 1.9e-007 1.0e-003 0.57 
2013-08-03_17-26  53 5 8.65e-001    43.5 4.41e-008 9.0e-007 1.0e-003 0.04 
2013-08-03_17-26  90 10 7.66e-001    77.0 9.92e-008 1.3e-007 1.0e-003 0.10 
2013-08-03_17-26  172 21 8.03e-001    169.5 3.70e-007 2.1e-007 1.0e-003 0.37 
2013-08-03_17-26  49 13 8.13e-001    106.2 6.86e-007 1.3e-008 1.0e-003 0.69 
2013-08-03_17-26  178 23 6.74e-001    155.7 1.15e-006 2.7e-007 1.0e-003 1.15 
2013-08-03_17-26  59 9 8.16e-001    73.8 6.50e-007 8.9e-010 1.0e-003 0.65 
2013-08-03_17-26  76 17 6.00e-001    102.5 3.03e-007 9.8e-315 1.0e-003 0.30 
2013-08-03_17-26  64 5 8.18e-001    41.1 2.67e-008 0.0e+000 1.0e-003 0.03 

2013-08-03_17-29  194 3 8.28e-001    25.0 3.06e-008 1.2e-010 1.0e-003 0.03 
2013-08-03_17-29  123 19 7.37e-001    140.8 6.47e-007 3.5e-007 1.0e-003 0.65 
2013-08-03_17-29  108 8 8.14e-001    65.5 8.68e-008 2.3e-008 1.0e-003 0.09 
2013-08-03_17-29  76 15 6.17e-001    93.1 2.75e-007 3.0e-007 1.0e-003 0.28 
2013-08-03_17-29  172 18 7.77e-001    140.5 3.07e-007 8.1e-007 1.0e-003 0.31 
2013-08-03_17-29  155 5 7.47e-001    37.5 3.78e-008 2.1e-010 1.0e-003 0.04 
2013-08-03_17-29  127 7 7.95e-001    55.9 2.53e-008 5.3e-009 1.0e-003 0.03 
2013-08-03_17-29  67 20 7.34e-001    147.5 5.91e-007 5.0e-007 1.0e-003 0.59 
2013-08-03_17-29  33 17 7.92e-001    135.2 1.19e-006 1.3e-007 1.0e-003 1.19 
2013-08-03_17-29  68 4 8.52e-001    34.2 4.15e-008 4.2e-010 1.0e-003 0.04 
2013-08-03_17-29  167 18 6.19e-001    111.9 1.22e-006 1.3e-007 1.0e-003 1.22 
2013-08-03_17-29  152 4 9.07e-001    36.5 8.73e-008 2.0e-009 1.0e-003 0.09 
2013-08-03_17-29  102 14 7.33e-001    103.0 1.92e-007 1.1e-007 1.0e-003 0.19 
2013-08-03_17-29  106 18 6.13e-001    110.9 3.11e-007 2.8e-007 1.0e-003 0.31 
2013-08-03_17-29  4 16 6.08e-001    97.8 9.38e-007 1.6e-007 1.0e-003 0.94 

2013-08-03_17-30  194 8 6.24e-001    50.2 6.15e-008 2.8e-009 1.0e-003 0.06 
2013-08-03_17-30  64 7 7.70e-001    54.2 3.52e-008 3.3e-007 1.0e-003 0.04 
2013-08-03_17-30  123 9 7.82e-001    70.7 3.25e-007 9.1e-008 1.0e-003 0.33 
2013-08-03_17-30  150 9 6.66e-001    60.2 8.96e-007 1.8e-008 1.0e-003 0.90 
2013-08-03_17-30  142 6 7.12e-001    42.9 2.91e-008 1.2e-009 1.0e-003 0.03 
2013-08-03_17-30  70 20 5.72e-001    114.9 4.54e-007 2.3e-007 1.0e-003 0.45 
2013-08-03_17-30  192 19 6.81e-001    130.0 2.48e-007 6.7e-007 1.0e-003 0.25 
2013-08-03_17-30  147 5 7.87e-001    39.5 2.10e-007 9.0e-009 1.0e-003 0.21 
2013-08-03_17-30  191 15 6.05e-001    91.2 2.14e-007 5.2e-007 1.0e-003 0.21 
2013-08-03_17-30  172 25 6.85e-001    172.1 3.76e-007 6.9e-007 1.0e-003 0.38 
2013-08-03_17-30  0 0 1.#Je+000    10.0 2.20e-007 2.4e-007 1.0e-003 0.22 
2013-08-03_17-30  43 14 7.45e-001    104.8 3.08e-007 2.1e-007 1.0e-003 0.31 
2013-08-03_17-30  188 22 7.13e-001    157.6 9.21e-007 1.9e-007 1.0e-003 0.92 
2013-08-03_17-30  17 17 5.41e-001    92.4 2.61e-007 4.7e-008 1.0e-003 0.26 
2013-08-03_17-30  185 10 7.88e-001    79.1 9.43e-007 0.0e+000 1.0e-003 0.94 

2013-08-03_17-33  164 26 7.60e-001    198.6 1.16e-006 4.0e-007 1.0e-003 1.16 
2013-08-03_17-33  85 8 8.08e-001    64.9 1.01e-007 2.8e-008 1.0e-003 0.10 
2013-08-03_17-33  188 15 7.81e-001    117.7 6.88e-007 1.3e-007 1.0e-003 0.69 
2013-08-03_17-33  43 17 8.46e-001    144.5 4.24e-007 5.1e-007 1.0e-003 0.42 
2013-08-03_17-33  0 0 1.#Je+000    10.0 2.03e-007 1.6e-008 1.0e-003 0.20 
2013-08-03_17-33  0 0 1.#Je+000    10.0 4.41e-007 3.2e-007 1.0e-003 0.44 
2013-08-03_17-33  152 7 7.82e-001    55.0 1.32e-007 3.9e-009 1.0e-003 0.13 
2013-08-03_17-33  35 17 6.73e-001    114.9 2.64e-007 8.1e-009 1.0e-003 0.26 
2013-08-03_17-33  127 6 8.23e-001    49.6 2.24e-008 1.4e-007 1.0e-003 0.02 
2013-08-03_17-33  156 5 8.29e-001    41.6 4.37e-008 7.8e-009 1.0e-003 0.04 
2013-08-03_17-33  106 15 6.19e-001    93.3 2.62e-007 3.2e-007 1.0e-003 0.26 
2013-08-03_17-33  11 6 6.68e-001    40.3 2.98e-008 1.1e-007 1.0e-003 0.03 
2013-08-03_17-33  168 21 7.94e-001    167.6 9.05e-007 4.5e-007 1.0e-003 0.90 
2013-08-03_17-33  89 17 6.83e-001    116.7 1.17e-006 9.8e-315 1.0e-003 1.17 
2013-08-03_17-33  178 26 6.91e-001    180.4 1.33e-006 0.0e+000 1.0e-003 1.33 

2013-08-03_17-37  58 25 7.16e-001    179.9 5.31e-007 5.9e-007 1.0e-003 0.53 
2013-08-03_17-37  43 15 7.27e-001    109.6 3.22e-007 2.3e-007 1.0e-003 0.32 
2013-08-03_17-37  64 2 7.68e-001    15.4 1.00e-008 2.3e-013 1.0e-003 0.01 
2013-08-03_17-37  53 4 9.02e-001    36.2 3.68e-008 3.3e-010 1.0e-003 0.04 
2013-08-03_17-37  90 18 6.87e-001    124.2 1.60e-007 2.8e-007 1.0e-003 0.16 
2013-08-03_17-37  0 0 1.#Je+000    10.0 1.06e-007 5.8e-007 1.0e-003 0.11 
2013-08-03_17-37  152 19 7.49e-001    143.0 3.42e-007 5.3e-007 1.0e-003 0.34 
2013-08-03_17-37  134 6 8.07e-001    48.7 2.60e-007 2.3e-007 1.0e-003 0.26 
2013-08-03_17-37  175 23 6.28e-001    145.1 6.03e-007 3.4e-007 1.0e-003 0.60 
2013-08-03_17-37  68 17 7.32e-001    125.0 1.51e-007 7.7e-010 1.0e-003 0.15 
2013-08-03_17-37  30 2 9.87e-001    19.8 4.15e-008 5.2e-007 1.0e-003 0.04 
2013-08-03_17-37  0 0 1.#Je+000    10.0 3.22e-007 1.2e-007 1.0e-003 0.32 
2013-08-03_17-37  70 25 6.57e-001    165.1 6.53e-007 2.9e-007 1.0e-003 0.65 
2013-08-03_17-37  35 9 6.49e-001    58.7 1.35e-007 9.8e-315 1.0e-003 0.13 
2013-08-03_17-37  123 21 6.68e-001    140.9 6.48e-007 0.0e+000 1.0e-003 0.65 

2013-08-03_17-38  90 14 8.01e-001    112.7 1.45e-007 1.9e-007 1.0e-003 0.15 
2013-08-03_17-38  136 10 7.46e-001    75.0 7.10e-007 2.8e-008 1.0e-003 0.71 
2013-08-03_17-38  81 12 8.88e-001    107.0 1.13e-007 5.8e-007 1.0e-003 0.11 
2013-08-03_17-38  108 4 9.38e-001    37.7 5.00e-008 9.1e-010 1.0e-003 0.05 
2013-08-03_17-38  62 21 7.73e-001    163.0 8.35e-007 8.9e-007 1.0e-003 0.84 
2013-08-03_17-38  70 22 7.40e-001    163.5 6.47e-007 3.9e-007 1.0e-003 0.65 
2013-08-03_17-38  85 6 8.44e-001    50.9 7.90e-008 1.0e-009 1.0e-003 0.08 
2013-08-03_17-38  164 18 8.41e-001    152.0 8.91e-007 2.1e-007 1.0e-003 0.89 
2013-08-03_17-38  87 6 9.03e-001    54.5 1.04e-006 1.9e-008 1.0e-003 1.04 
2013-08-03_17-38  121 21 8.34e-001    176.0 2.98e-007 8.6e-007 1.0e-003 0.30 
2013-08-03_17-38  64 3 8.04e-001    24.2 1.58e-008 1.5e-011 1.0e-003 0.02 
2013-08-03_17-38  59 3 8.59e-001    25.9 2.28e-007 2.5e-011 1.0e-003 0.23 
2013-08-03_17-38  152 21 8.34e-001    175.9 4.21e-007 4.8e-007 1.0e-003 0.42 
2013-08-03_17-38  76 15 7.50e-001    113.0 3.34e-007 2.8e-007 1.0e-003 0.33 
2013-08-03_17-38  147 10 8.45e-001    84.9 4.51e-007 8.0e-008 1.0e-003 0.45 

2013-08-03_17-42  50 3 8.69e-001    26.2 1.66e-007 0.0e+000 1.0e-003 0.17 
2013-08-03_17-42  9 6 8.11e-001    48.9 7.66e-008 0.0e+000 1.0e-003 0.08 
2013-08-03_17-42  108 1 1.00e+000    10.0 1.33e-008 0.0e+000 1.0e-003 0.01 
2013-08-03_17-42  191 6 8.76e-001    52.8 1.24e-007 0.0e+000 1.0e-003 0.12 
2013-08-03_17-42  3 21 6.50e-001    137.2 4.38e-007 0.0e+000 1.0e-003 0.44 
2013-08-03_17-42  27 19 6.69e-001    127.8 1.78e-006 0.0e+000 1.0e-003 1.78 
2013-08-03_17-42  31 16 7.44e-001    119.6 4.79e-007 0.0e+000 1.0e-003 0.48 
2013-08-03_17-42  93 3 8.49e-001    25.6 1.64e-008 0.0e+000 1.0e-003 0.02 
2013-08-03_17-42  135 17 7.94e-001    135.6 1.43e-006 0.0e+000 1.0e-003 1.43 
2013-08-03_17-42  168 21 7.78e-001    164.1 8.86e-007 0.0e+000 1.0e-003 0.89 
2013-08-03_17-42  134 17 8.01e-001    136.8 7.31e-007 0.0e+000 1.0e-003 0.73 
2013-08-03_17-42  152 6 8.98e-001    54.1 1.30e-007 0.0e+000 1.0e-003 0.13 
2013-08-03_17-42  11 7 7.87e-001    55.3 4.10e-008 0.0e+000 1.0e-003 0.04 
2013-08-03_17-42  88 20 7.09e-001    142.4 1.33e-006 0.0e+000 1.0e-003 1.33 
2013-08-03_17-42  178 23 6.60e-001    152.4 1.12e-006 0.0e+000 1.0e-003 1.12 

2013-08-03_17-43  147 5 8.08e-001    40.6 2.16e-007 3.3e-008 1.0e-003 0.22 
2013-08-03_17-43  94 22 7.08e-001    156.4 5.09e-007 7.0e-007 1.0e-003 0.51 
2013-08-03_17-43  43 7 8.54e-001    60.0 1.76e-007 6.2e-008 1.0e-003 0.18 
2013-08-03_17-43  175 23 5.79e-001    133.8 5.56e-007 3.5e-007 1.0e-003 0.56 
2013-08-03_17-43  154 11 7.66e-001    84.6 2.61e-007 2.0e-007 1.0e-003 0.26 
2013-08-03_17-43  70 30 5.25e-001    158.2 6.26e-007 4.3e-007 1.0e-003 0.63 
2013-08-03_17-43  131 1 1.00e+000    10.0 9.03e-008 6.4e-008 1.0e-003 0.09 
2013-08-03_17-43  31 9 7.65e-001    69.2 2.77e-007 2.7e-007 1.0e-003 0.28 
2013-08-03_17-43  178 11 6.47e-001    71.5 5.27e-007 1.6e-009 1.0e-003 0.53 
2013-08-03_17-43  176 8 6.71e-001    53.9 5.09e-008 1.3e-009 1.0e-003 0.05 
2013-08-03_17-43  93 6 7.32e-001    44.1 2.82e-008 1.7e-007 1.0e-003 0.03 
2013-08-03_17-43  193 18 6.57e-001    118.7 1.95e-007 5.8e-007 1.0e-003 0.20 
2013-08-03_17-43  56 19 7.19e-001    137.2 2.57e-007 1.5e-007 1.0e-003 0.26 
2013-08-03_17-43  0 0 1.#Je+000    10.0 7.44e-009 9.8e-315 1.0e-003 0.01 
2013-08-03_17-43  179 16 6.52e-001    104.9 8.95e-007 0.0e+000 1.0e-003 0.89 

2013-08-03_17-44  0 0 1.#Je+000    10.0 4.41e-007 2.7e-007 1.0e-003 0.44 
2013-08-03_17-44  44 15 8.36e-001    126.0 6.08e-007 1.9e-009 1.0e-003 0.61 
2013-08-03_17-44  93 7 8.23e-001    57.9 3.70e-008 4.2e-007 1.0e-003 0.04 
2013-08-03_17-44  43 15 7.80e-001    117.6 3.45e-007 4.8e-007 1.0e-003 0.35 
2013-08-03_17-44  3 18 7.16e-001    129.5 4.13e-007 7.2e-008 1.0e-003 0.41 
2013-08-03_17-44  106 16 6.25e-001    100.4 2.82e-007 4.7e-008 1.0e-003 0.28 
2013-08-03_17-44  134 6 7.86e-001    47.4 2.53e-007 1.4e-007 1.0e-003 0.25 
2013-08-03_17-44  91 10 8.75e-001    87.9 5.29e-007 1.4e-008 1.0e-003 0.53 
2013-08-03_17-44  9 6 8.33e-001    50.2 7.86e-008 2.0e-009 1.0e-003 0.08 
2013-08-03_17-44  176 10 7.40e-001    74.3 7.02e-008 3.4e-007 1.0e-003 0.07 
2013-08-03_17-44  164 21 7.94e-001    167.5 9.81e-007 1.2e-007 1.0e-003 0.98 
2013-08-03_17-44  152 14 7.86e-001    110.5 2.64e-007 4.8e-010 1.0e-003 0.26 
2013-08-03_17-44  149 5 7.44e-001    37.4 1.15e-007 1.9e-007 1.0e-003 0.12 
2013-08-03_17-44  82 23 7.37e-001    170.4 1.68e-006 5.2e-007 1.0e-003 1.68 
2013-08-03_17-44  123 20 7.32e-001    147.2 6.77e-007 0.0e+000 1.0e-003 0.68 

2013-08-03_17-50  175 21 6.43e-001    135.6 5.64e-007 2.5e-007 1.0e-003 0.56 
2013-08-03_17-50  53 9 7.69e-001    69.5 7.05e-008 5.2e-009 1.0e-003 0.07 
2013-08-03_17-50  104 21 7.77e-001    164.0 6.60e-007 6.2e-007 1.0e-003 0.66 
2013-08-03_17-50  43 13 7.97e-001    104.1 3.05e-007 1.9e-007 1.0e-003 0.31 
2013-08-03_17-50  11 1 1.00e+000    10.0 7.44e-009 5.6e-007 1.0e-003 0.01 
2013-08-03_17-50  106 24 6.03e-001    145.4 4.08e-007 2.0e-007 1.0e-003 0.41 
2013-08-03_17-50  152 12 6.96e-001    84.0 2.01e-007 6.2e-007 1.0e-003 0.20 
2013-08-03_17-50  108 1 1.00e+000    10.0 1.33e-008 1.0e-006 1.0e-003 0.01 
2013-08-03_17-50  58 18 7.28e-001    131.6 3.88e-007 3.9e-010 1.0e-003 0.39 
2013-08-03_17-50  121 15 7.98e-001    120.3 2.04e-007 1.6e-007 1.0e-003 0.20 
2013-08-03_17-50  142 6 7.43e-001    44.8 3.04e-008 1.0e-007 1.0e-003 0.03 
2013-08-03_17-50  150 16 6.88e-001    110.7 1.65e-006 3.3e-007 1.0e-003 1.65 
2013-08-03_17-50  193 12 7.04e-001    84.8 1.39e-007 4.3e-010 1.0e-003 0.14 
2013-08-03_17-50  35 13 6.43e-001    84.0 1.93e-007 9.8e-315 1.0e-003 0.19 
2013-08-03_17-50  123 4 8.17e-001    32.8 1.51e-007 0.0e+000 1.0e-003 0.15 

2013-08-03_17-50  159 11 6.33e-001    70.0 6.86e-007 4.2e-008 1.0e-003 0.69 
2013-08-03_17-50  64 11 6.93e-001    76.5 4.98e-008 1.1e-008 1.0e-003 0.05 
2013-08-03_17-50  147 11 7.18e-001    79.3 4.22e-007 9.4e-008 1.0e-003 0.42 
2013-08-03_17-50  191 10 7.67e-001    77.0 1.81e-007 7.2e-009 1.0e-003 0.18 
2013-08-03_17-50  74 10 6.44e-001    64.7 9.17e-007 2.8e-008 1.0e-003 0.92 
2013-08-03_17-50  106 6 5.89e-001    35.5 9.96e-008 7.9e-009 1.0e-003 0.10 
2013-08-03_17-50  134 20 7.15e-001    143.7 7.67e-007 2.1e-007 1.0e-003 0.77 
2013-08-03_17-50  156 10 6.31e-001    63.4 6.66e-008 2.2e-009 1.0e-003 0.07 
2013-08-03_17-50  59 10 7.67e-001    77.1 6.79e-007 6.5e-008 1.0e-003 0.68 
2013-08-03_17-50  94 21 7.01e-001    147.9 4.81e-007 5.0e-007 1.0e-003 0.48 
2013-08-03_17-50  164 21 6.93e-001    146.3 8.57e-007 4.6e-007 1.0e-003 0.86 
2013-08-03_17-50  194 6 7.39e-001    44.5 5.46e-008 2.8e-009 1.0e-003 0.05 
2013-08-03_17-50  102 5 6.75e-001    33.9 6.33e-008 9.5e-010 1.0e-003 0.06 
2013-08-03_17-50  18 18 5.89e-001    106.5 6.57e-007 1.6e-007 1.0e-003 0.66 
2013-08-03_17-50  138 16 6.14e-001    98.8 1.04e-006 7.4e-008 1.0e-003 1.04 

2013-08-03_17-54  194 2 9.47e-001    19.0 2.33e-008 7.3e-011 1.0e-003 0.02 
2013-08-03_17-54  30 21 6.76e-001    142.7 2.98e-007 7.4e-007 1.0e-003 0.30 
2013-08-03_17-54  106 11 8.49e-001    93.9 2.63e-007 2.8e-007 1.0e-003 0.26 
2013-08-03_17-54  26 15 8.35e-001    125.8 1.80e-007 6.7e-007 1.0e-003 0.18 
2013-08-03_17-54  108 9 8.99e-001    81.3 1.08e-007 4.1e-007 1.0e-003 0.11 
2013-08-03_17-54  147 13 7.99e-001    104.4 5.55e-007 1.3e-007 1.0e-003 0.55 
2013-08-03_17-54  85 4 8.59e-001    34.5 5.36e-008 4.9e-010 1.0e-003 0.05 
2013-08-03_17-54  164 23 7.57e-001    175.0 1.02e-006 2.8e-007 1.0e-003 1.02 
2013-08-03_17-54  123 20 6.80e-001    136.7 6.28e-007 5.0e-007 1.0e-003 0.63 
2013-08-03_17-54  68 7 7.76e-001    54.6 6.61e-008 4.8e-009 1.0e-003 0.07 
2013-08-03_17-54  93 4 7.82e-001    31.4 2.01e-008 1.0e-010 1.0e-003 0.02 
2013-08-03_17-54  78 24 7.20e-001    173.7 7.77e-007 4.9e-007 1.0e-003 0.78 
2013-08-03_17-54  193 14 7.62e-001    107.2 1.76e-007 2.0e-007 1.0e-003 0.18 
2013-08-03_17-54  76 14 6.26e-001    88.0 2.60e-007 2.4e-007 1.0e-003 0.26 
2013-08-03_17-54  104 5 9.88e-001    49.6 2.00e-007 5.6e-007 1.0e-003 0.20 

2013-08-03_17-58  194 5 8.07e-001    40.5 4.96e-008 1.9e-010 1.0e-003 0.05 
2013-08-03_17-58  75 7 8.26e-001    58.1 4.29e-008 8.2e-010 1.0e-003 0.04 
2013-08-03_17-58  140 16 7.82e-001    125.8 8.39e-007 9.5e-008 1.0e-003 0.84 
2013-08-03_17-58  3 4 9.36e-001    37.6 1.20e-007 3.7e-010 1.0e-003 0.12 
2013-08-03_17-58  99 6 8.14e-001    49.1 2.87e-008 2.5e-009 1.0e-003 0.03 
2013-08-03_17-58  70 4 9.12e-001    36.7 1.45e-007 2.4e-009 1.0e-003 0.15 
2013-08-03_17-58  192 18 8.30e-001    150.0 2.86e-007 5.1e-007 1.0e-003 0.29 
2013-08-03_17-58  120 5 8.86e-001    44.5 2.43e-007 1.6e-008 1.0e-003 0.24 
2013-08-03_17-58  147 22 7.90e-001    174.7 9.28e-007 3.9e-007 1.0e-003 0.93 
2013-08-03_17-58  121 17 8.43e-001    144.0 2.44e-007 4.8e-007 1.0e-003 0.24 
2013-08-03_17-58  41 7 6.98e-001    49.1 1.87e-007 1.1e-008 1.0e-003 0.19 
2013-08-03_17-58  152 15 8.51e-001    128.2 3.07e-007 3.3e-007 1.0e-003 0.31 
2013-08-03_17-58  134 18 8.37e-001    151.3 8.08e-007 1.1e-007 1.0e-003 0.81 
2013-08-03_17-58  8 24 7.50e-001    180.8 1.27e-006 2.5e-007 1.0e-003 1.27 
2013-08-03_17-58  43 18 7.99e-001    144.5 4.24e-007 5.5e-007 1.0e-003 0.42 

2013-08-03_18-00  60 13 7.29e-001    95.2 2.69e-007 7.5e-008 1.0e-003 0.27 
2013-08-03_18-00  192 4 8.24e-001    33.1 6.31e-008 5.3e-010 1.0e-003 0.06 
2013-08-03_18-00  170 6 9.39e-001    56.6 9.11e-007 3.9e-008 1.0e-003 0.91 
2013-08-03_18-00  182 17 6.09e-001    104.0 6.52e-007 6.7e-008 1.0e-003 0.65 
2013-08-03_18-00  123 19 7.38e-001    140.8 6.48e-007 3.5e-007 1.0e-003 0.65 
2013-08-03_18-00  35 15 6.42e-001    96.7 2.22e-007 4.3e-007 1.0e-003 0.22 
2013-08-03_18-00  152 20 7.20e-001    144.8 3.46e-007 5.0e-007 1.0e-003 0.35 
2013-08-03_18-00  176 8 7.10e-001    57.0 5.39e-008 7.4e-010 1.0e-003 0.05 
2013-08-03_18-00  138 16 6.65e-001    106.9 1.13e-006 1.1e-007 1.0e-003 1.13 
2013-08-03_18-00  172 4 8.98e-001    36.1 7.88e-008 1.7e-009 1.0e-003 0.08 
2013-08-03_18-00  164 23 7.31e-001    168.9 9.89e-007 3.6e-007 1.0e-003 0.99 
2013-08-03_18-00  127 7 7.53e-001    53.0 2.40e-008 3.2e-009 1.0e-003 0.02 
2013-08-03_18-00  90 6 6.44e-001    38.8 5.00e-008 3.3e-010 1.0e-003 0.05 
2013-08-03_18-00  78 25 6.17e-001    155.0 6.93e-007 3.8e-007 1.0e-003 0.69 
2013-08-03_18-00  30 3 9.43e-001    28.4 5.94e-008 1.5e-009 1.0e-003 0.06 

2013-08-03_18-04  136 5 9.13e-001    45.8 4.34e-007 4.4e-007 1.0e-003 0.43 
2013-08-03_18-04  56 5 7.81e-001    39.2 7.36e-008 3.9e-009 1.0e-003 0.07 
2013-08-03_18-04  168 13 8.08e-001    105.6 5.70e-007 1.8e-007 1.0e-003 0.57 
2013-08-03_18-04  193 11 7.34e-001    81.1 1.33e-007 5.7e-008 1.0e-003 0.13 
2013-08-03_18-04  175 13 6.89e-001    89.9 3.74e-007 1.6e-007 1.0e-003 0.37 
2013-08-03_18-04  48 5 8.55e-001    42.9 5.99e-008 9.3e-010 1.0e-003 0.06 
2013-08-03_18-04  49 21 7.72e-001    162.8 1.05e-006 4.4e-007 1.0e-003 1.05 
2013-08-03_18-04  142 6 7.64e-001    46.0 3.12e-008 3.6e-010 1.0e-003 0.03 
2013-08-03_18-04  123 25 7.17e-001    180.1 8.28e-007 5.5e-007 1.0e-003 0.83 
2013-08-03_18-04  169 22 6.41e-001    141.7 8.10e-007 2.1e-007 1.0e-003 0.81 
2013-08-03_18-04  127 5 7.90e-001    39.7 1.79e-008 4.7e-010 1.0e-003 0.02 
2013-08-03_18-04  194 5 8.22e-001    41.3 5.06e-008 3.3e-009 1.0e-003 0.05 
2013-08-03_18-04  33 22 7.99e-001    176.5 1.56e-006 4.2e-007 1.0e-003 1.56 
2013-08-03_18-04  76 20 6.64e-001    133.4 3.94e-007 4.2e-007 1.0e-003 0.39 
2013-08-03_18-04  191 8 8.92e-001    71.7 1.68e-007 1.1e-007 1.0e-003 0.17 

2013-08-03_18-06  135 2 8.51e-001    17.1 1.80e-007 9.5e-012 1.0e-003 0.18 
2013-08-03_18-06  87 6 8.88e-001    53.5 1.02e-006 6.7e-007 1.0e-003 1.02 
2013-08-03_18-06  127 4 8.34e-001    33.5 1.52e-008 6.4e-010 1.0e-003 0.02 
2013-08-03_18-06  43 16 7.71e-001    124.0 3.64e-007 2.9e-007 1.0e-003 0.36 
2013-08-03_18-06  0 0 1.#Je+000    10.0 3.22e-007 2.6e-007 1.0e-003 0.32 
2013-08-03_18-06  41 22 6.75e-001    149.2 5.70e-007 9.7e-007 1.0e-003 0.57 
2013-08-03_18-06  56 25 7.85e-001    197.1 3.70e-007 3.0e-007 1.0e-003 0.37 
2013-08-03_18-06  60 17 8.16e-001    139.3 3.93e-007 2.8e-007 1.0e-003 0.39 
2013-08-03_18-06  123 19 7.25e-001    138.4 6.36e-007 2.4e-007 1.0e-003 0.64 
2013-08-03_18-06  94 23 7.09e-001    163.7 5.33e-007 1.0e-009 1.0e-003 0.53 
2013-08-03_18-06  186 6 7.78e-001    46.9 2.55e-008 1.3e-009 1.0e-003 0.03 
2013-08-03_18-06  26 6 8.11e-001    48.9 7.00e-008 1.9e-007 1.0e-003 0.07 
2013-08-03_18-06  134 18 8.16e-001    147.6 7.88e-007 1.5e-007 1.0e-003 0.79 
2013-08-03_18-06  3 17 7.20e-001    123.0 3.92e-007 1.3e-009 1.0e-003 0.39 
2013-08-03_18-06  112 5 8.95e-001    45.0 5.14e-008 0.0e+000 1.0e-003 0.05 

2013-08-03_18-07  194 14 6.41e-001    90.1 1.10e-007 1.9e-007 1.0e-003 0.11 
2013-08-03_18-07  9 5 7.36e-001    37.0 5.79e-008 2.1e-010 1.0e-003 0.06 
2013-08-03_18-07  175 9 7.78e-001    70.3 2.92e-007 2.8e-008 1.0e-003 0.29 
2013-08-03_18-07  76 16 6.68e-001    107.4 3.17e-007 4.0e-007 1.0e-003 0.32 
2013-08-03_18-07  62 14 6.58e-001    92.5 4.74e-007 5.8e-007 1.0e-003 0.47 
2013-08-03_18-07  78 33 5.66e-001    187.6 8.38e-007 4.6e-007 1.0e-003 0.84 
2013-08-03_18-07  164 14 7.21e-001    101.5 5.94e-007 2.1e-007 1.0e-003 0.59 
2013-08-03_18-07  186 9 6.45e-001    58.3 3.17e-008 3.4e-009 1.0e-003 0.03 
2013-08-03_18-07  135 1 1.00e+000    10.0 1.06e-007 1.0e-006 1.0e-003 0.11 
2013-08-03_18-07  50 18 6.26e-001    113.1 7.17e-007 1.7e-008 1.0e-003 0.72 
2013-08-03_18-07  93 4 8.09e-001    32.5 2.08e-008 1.4e-010 1.0e-003 0.02 
2013-08-03_18-07  75 3 8.72e-001    26.3 1.94e-008 3.5e-007 1.0e-003 0.02 
2013-08-03_18-07  152 15 7.24e-001    109.2 2.61e-007 1.7e-007 1.0e-003 0.26 
2013-08-03_18-07  182 16 6.31e-001    101.4 6.35e-007 1.5e-007 1.0e-003 0.64 
2013-08-03_18-07  49 15 7.25e-001    109.2 7.05e-007 0.0e+000 1.0e-003 0.71 

2013-08-03_18-10  11 4 7.85e-001    31.6 2.34e-008 4.7e-009 1.0e-003 0.02 
2013-08-03_18-10  0 0 1.#Je+000    10.0 6.54e-009 3.2e-008 1.0e-003 0.01 
2013-08-03_18-10  149 10 8.22e-001    82.6 2.55e-007 1.4e-009 1.0e-003 0.25 
2013-08-03_18-10  53 5 8.44e-001    42.4 4.30e-008 1.1e-007 1.0e-003 0.04 
2013-08-03_18-10  188 14 8.38e-001    117.8 6.89e-007 2.5e-007 1.0e-003 0.69 
2013-08-03_18-10  35 15 7.52e-001    113.4 2.61e-007 8.8e-007 1.0e-003 0.26 
2013-08-03_18-10  56 18 8.47e-001    153.2 2.87e-007 5.7e-010 1.0e-003 0.29 
2013-08-03_18-10  99 5 8.69e-001    43.6 2.56e-008 1.4e-007 1.0e-003 0.03 
2013-08-03_18-10  123 8 8.44e-001    67.8 3.12e-007 5.9e-007 1.0e-003 0.31 
2013-08-03_18-10  172 21 8.50e-001    179.3 3.92e-007 1.6e-007 1.0e-003 0.39 
2013-08-03_18-10  179 17 7.76e-001    132.6 1.13e-006 4.9e-007 1.0e-003 1.13 
2013-08-03_18-10  152 20 8.03e-001    161.4 3.86e-007 2.3e-007 1.0e-003 0.39 
2013-08-03_18-10  191 17 7.51e-001    128.3 3.01e-007 3.0e-007 1.0e-003 0.30 
2013-08-03_18-10  70 18 7.72e-001    139.7 5.52e-007 1.4e-007 1.0e-003 0.55 
2013-08-03_18-10  62 14 7.95e-001    111.9 5.73e-007 0.0e+000 1.0e-003 0.57 

2013-08-03_18-16  102 15 8.11e-001    122.3 2.28e-007 2.0e-007 1.0e-003 0.23 
2013-08-03_18-16  194 4 8.14e-001    32.7 4.01e-008 8.9e-011 1.0e-003 0.04 
2013-08-03_18-16  36 13 6.64e-001    86.7 1.68e-006 2.6e-008 1.0e-003 1.68 
2013-08-03_18-16  3 15 7.55e-001    113.8 3.63e-007 1.6e-007 1.0e-003 0.36 
2013-08-03_18-16  138 6 8.64e-001    52.1 5.50e-007 6.7e-009 1.0e-003 0.55 
2013-08-03_18-16  5 31 7.11e-001    221.6 1.41e-006 3.8e-007 1.0e-003 1.41 
2013-08-03_18-16  127 8 8.37e-001    67.2 3.04e-008 3.2e-009 1.0e-003 0.03 
2013-08-03_18-16  121 8 7.98e-001    64.2 1.09e-007 3.9e-009 1.0e-003 0.11 
2013-08-03_18-16  147 7 8.43e-001    59.3 3.15e-007 4.6e-008 1.0e-003 0.32 
2013-08-03_18-16  123 3 8.94e-001    27.0 1.24e-007 1.4e-010 1.0e-003 0.12 
2013-08-03_18-16  191 4 8.54e-001    34.3 8.04e-008 5.2e-010 1.0e-003 0.08 
2013-08-03_18-16  140 20 6.90e-001    138.7 9.25e-007 3.3e-007 1.0e-003 0.93 
2013-08-03_18-16  154 29 7.76e-001    226.2 6.98e-007 6.2e-007 1.0e-003 0.70 
2013-08-03_18-16  59 17 8.07e-001    137.9 1.21e-006 1.5e-007 1.0e-003 1.21 
2013-08-03_18-16  9 6 8.31e-001    50.1 7.84e-008 3.3e-009 1.0e-003 0.08 

2013-08-03_18-19  0 0 1.#Je+000    10.0 5.36e-008 3.3e-007 1.0e-003 0.05 
2013-08-03_18-19  182 29 7.20e-001    209.7 1.31e-006 1.7e-007 1.0e-003 1.31 
2013-08-03_18-19  43 13 8.63e-001    112.8 3.31e-007 3.9e-007 1.0e-003 0.33 
2013-08-03_18-19  35 11 7.34e-001    81.1 1.86e-007 1.8e-007 1.0e-003 0.19 
2013-08-03_18-19  156 10 8.52e-001    85.6 8.98e-008 6.0e-008 1.0e-003 0.09 
2013-08-03_18-19  90 11 7.78e-001    85.9 1.11e-007 1.0e-010 1.0e-003 0.11 
2013-08-03_18-19  127 4 8.28e-001    33.3 1.50e-008 9.4e-007 1.0e-003 0.02 
2013-08-03_18-19  152 31 8.07e-001    251.3 6.01e-007 2.0e-007 1.0e-003 0.60 
2013-08-03_18-19  147 16 8.53e-001    137.1 7.29e-007 1.1e-006 1.0e-003 0.73 
2013-08-03_18-19  172 28 8.23e-001    231.5 5.05e-007 3.5e-010 1.0e-003 0.51 
2013-08-03_18-19  0 0 1.#Je+000    10.0 4.54e-009 3.0e-007 1.0e-003 0.00 
2013-08-03_18-19  142 6 8.14e-001    49.1 3.33e-008 1.7e-007 1.0e-003 0.03 
2013-08-03_18-19  0 0 1.#Je+000    10.0 1.23e-008 0.0e+000 1.0e-003 0.01 
2013-08-03_18-19  85 15 8.38e-001    126.3 1.96e-007 9.8e-315 1.0e-003 0.20 
2013-08-03_18-19  123 12 7.54e-001    90.9 4.18e-007 0.0e+000 1.0e-003 0.42 

2013-08-03_18-24  44 19 7.99e-001    152.4 7.36e-007 2.2e-007 1.0e-003 0.74 
2013-08-03_18-24  127 4 8.00e-001    32.2 1.45e-008 2.8e-010 1.0e-003 0.01 
2013-08-03_18-24  108 3 9.36e-001    28.2 3.74e-008 6.8e-010 1.0e-003 0.04 
2013-08-03_18-24  30 18 7.07e-001    127.8 2.67e-007 4.7e-007 1.0e-003 0.27 
2013-08-03_18-24  147 16 8.18e-001    131.4 6.99e-007 2.4e-007 1.0e-003 0.70 
2013-08-03_18-24  70 23 6.72e-001    155.3 6.14e-007 1.6e-007 1.0e-003 0.61 
2013-08-03_18-24  164 24 7.77e-001    187.4 1.10e-006 2.7e-007 1.0e-003 1.10 
2013-08-03_18-24  142 4 9.04e-001    36.3 2.46e-008 2.9e-010 1.0e-003 0.02 
2013-08-03_18-24  178 4 9.21e-001    37.0 2.73e-007 7.1e-008 1.0e-003 0.27 
2013-08-03_18-24  156 7 8.09e-001    56.9 5.98e-008 1.9e-009 1.0e-003 0.06 
2013-08-03_18-24  11 6 6.95e-001    41.9 3.10e-008 2.9e-009 1.0e-003 0.03 
2013-08-03_18-24  56 5 8.82e-001    44.3 8.31e-008 4.5e-009 1.0e-003 0.08 
2013-08-03_18-24  188 19 8.17e-001    155.9 9.11e-007 1.3e-007 1.0e-003 0.91 
2013-08-03_18-24  35 16 6.20e-001    99.7 2.29e-007 2.6e-007 1.0e-003 0.23 
2013-08-03_18-24  62 18 7.74e-001    140.0 7.17e-007 6.2e-007 1.0e-003 0.72 

2013-08-03_18-26  102 16 8.22e-001    132.1 2.47e-007 1.2e-007 1.0e-003 0.25 
2013-08-03_18-26  75 7 8.26e-001    58.1 4.29e-008 9.0e-010 1.0e-003 0.04 
2013-08-03_18-26  186 6 8.14e-001    49.1 2.66e-008 5.4e-010 1.0e-003 0.03 
2013-08-03_18-26  191 19 8.46e-001    161.5 3.78e-007 7.1e-007 1.0e-003 0.38 
2013-08-03_18-26  85 2 9.60e-001    19.3 2.99e-008 4.1e-010 1.0e-003 0.03 
2013-08-03_18-26  172 19 8.43e-001    161.0 3.52e-007 8.0e-007 1.0e-003 0.35 
2013-08-03_18-26  67 22 8.39e-001    185.4 7.42e-007 4.5e-007 1.0e-003 0.74 
2013-08-03_18-26  135 3 9.98e-001    30.1 3.16e-007 1.5e-007 1.0e-003 0.32 
2013-08-03_18-26  147 16 8.76e-001    140.8 7.48e-007 3.2e-007 1.0e-003 0.75 
2013-08-03_18-26  194 2 8.53e-001    17.1 2.10e-008 1.1e-012 1.0e-003 0.02 
2013-08-03_18-26  106 24 7.49e-001    180.6 5.07e-007 6.2e-007 1.0e-003 0.51 
2013-08-03_18-26  11 1 1.00e+000    10.0 7.44e-009 3.4e-007 1.0e-003 0.01 
2013-08-03_18-26  154 13 8.62e-001    112.5 3.47e-007 7.8e-007 1.0e-003 0.35 
2013-08-03_18-26  30 19 6.97e-001    133.1 2.78e-007 3.2e-007 1.0e-003 0.28 
2013-08-03_18-26  123 17 7.60e-001    129.8 5.97e-007 0.0e+000 1.0e-003 0.60 

2013-08-03_18-32  152 21 8.08e-001    170.4 4.08e-007 6.5e-007 1.0e-003 0.41 
2013-08-03_18-32  59 16 8.03e-001    129.1 1.14e-006 1.9e-007 1.0e-003 1.14 
2013-08-03_18-32  30 19 6.78e-001    129.5 2.71e-007 2.6e-007 1.0e-003 0.27 
2013-08-03_18-32  104 5 9.45e-001    47.5 1.91e-007 4.4e-007 1.0e-003 0.19 
2013-08-03_18-32  142 8 7.57e-001    60.8 4.13e-008 9.2e-010 1.0e-003 0.04 
2013-08-03_18-32  106 21 7.03e-001    148.3 4.16e-007 3.6e-007 1.0e-003 0.42 
2013-08-03_18-32  126 14 8.72e-001    122.7 6.67e-007 2.8e-007 1.0e-003 0.67 
2013-08-03_18-32  191 13 9.18e-001    120.0 2.81e-007 3.7e-007 1.0e-003 0.28 
2013-08-03_18-32  123 17 7.10e-001    121.3 5.58e-007 4.4e-007 1.0e-003 0.56 
2013-08-03_18-32  60 6 8.27e-001    49.8 1.41e-007 3.6e-009 1.0e-003 0.14 
2013-08-03_18-32  11 5 7.82e-001    39.3 2.91e-008 1.2e-009 1.0e-003 0.03 
2013-08-03_18-32  147 9 8.49e-001    76.8 4.08e-007 6.8e-008 1.0e-003 0.41 
2013-08-03_18-32  85 11 8.55e-001    94.5 1.47e-007 5.8e-007 1.0e-003 0.15 
2013-08-03_18-32  88 16 7.46e-001    120.0 1.12e-006 1.2e-007 1.0e-003 1.12 
2013-08-03_18-32  127 5 8.18e-001    41.1 1.86e-008 8.9e-010 1.0e-003 0.02 

