50
5
1.000000e-03
1.675633e+67
45
0
3.614114e+00
7.148438e+00
3.614114e-03
2.212044e-06
1 0 0 0 0 0 0 0 0 0 0 0 0 0 0 0 0 0 0 0 0 0 0 0 0 1 0 0 0 0 0 0 0 0 1 0 0 0 0 0 0 1 0 0 0 0 0 0 0 0 
0 1 0 0 0 0 0 0 1 1 0 0 1 1 0 0 0 0 1 1 1 1 1 0 0 0 0 1 0 0 0 0 0 1 0 1 0 1 1 1 1 0 0 1 1 0 0 0 0 0 
0 0 1 0 0 0 0 1 0 0 1 1 0 0 0 1 0 0 0 0 0 0 0 0 0 0 0 0 0 1 0 1 0 0 0 0 0 0 0 0 0 0 0 0 0 0 0 1 1 1 
0 0 0 1 0 1 0 0 0 0 0 0 0 0 0 0 0 0 0 0 0 0 0 0 1 0 1 0 0 0 0 0 0 0 0 0 0 0 0 0 0 0 0 0 0 1 0 0 0 0 
0 0 0 0 1 0 1 0 0 0 0 0 0 0 1 0 1 1 0 0 0 0 0 1 0 0 0 0 1 0 1 0 1 0 0 0 1 0 0 0 0 0 1 0 0 0 1 0 0 0 
1 2 3 4 5 
0.000000E+00 0.000000E+00 0.000000E+00 0.000000E+00 0.000000E+00 3.142806E-06 6.032509E-08 1.943180E-06 1.090013E-05 3.316231E-04 6.912295E-05 1.460480E-05 6.330340E-04 4.343752E-07 5.393412E-05 7.159561E-06 5.804351E-07 3.575096E-06 7.040421E-06 5.864385E-05 9.998165E-04 4.298585E-07 1.680632E-06 6.697334E-05 1.478411E-07 7.082156E-07 1.177223E-05 1.085170E-05 3.362148E-06 6.051874E-05 1.546586E-06 1.612343E-05 2.852560E-06 2.603221E-04 2.684317E-08 6.861745E-04 6.948827E-06 1.919056E-04 4.427240E-06 2.286864E-04 2.580147E-04 1.492075E-05 1.648501E-05 6.905241E-04 1.114456E-04 4.586663E-06 8.366950E-06 1.245839E-04 7.408276E-06 1.463567E-05 
1 26 35 42 
2 9 10 13 14 19 20 21 22 23 28 34 36 38 39 40 41 44 45 
3 8 11 12 16 30 32 48 49 50 
4 6 25 27 46 
5 7 15 17 18 24 29 31 33 37 43 47 

============Find Best @ Round 0================
==========Cluster 0, RcvInterf=2.84122e-15============
Node 0, SINR:0.00000e+00, BpsHz:0.00000e+00
Node 25, SINR:1.63695e-02, BpsHz:7.80831e-03
Node 34, SINR:1.63695e-02, BpsHz:7.80831e-03
Node 41, SINR:1.63695e-02, BpsHz:7.80831e-03
---------------
==========Cluster 1, RcvInterf=1.28069e-15============
Node 1, SINR:0.00000e+00, BpsHz:0.00000e+00
Node 8, SINR:1.02325e-01, BpsHz:7.80829e-03
Node 9, SINR:1.02325e-01, BpsHz:7.80829e-03
Node 12, SINR:1.02325e-01, BpsHz:7.80829e-03
Node 13, SINR:1.02325e-01, BpsHz:7.80829e-03
Node 18, SINR:1.02325e-01, BpsHz:7.80829e-03
Node 19, SINR:1.02325e-01, BpsHz:7.80829e-03
Node 20, SINR:1.02325e-01, BpsHz:7.80829e-03
Node 21, SINR:1.02325e-01, BpsHz:7.80829e-03
Node 22, SINR:1.02325e-01, BpsHz:7.80829e-03
Node 27, SINR:1.02325e-01, BpsHz:7.80829e-03
Node 33, SINR:1.02325e-01, BpsHz:7.80829e-03
Node 35, SINR:1.02325e-01, BpsHz:7.80829e-03
Node 37, SINR:1.02325e-01, BpsHz:7.80829e-03
Node 38, SINR:1.02325e-01, BpsHz:7.80829e-03
Node 39, SINR:1.02325e-01, BpsHz:7.80829e-03
Node 40, SINR:1.02325e-01, BpsHz:7.80829e-03
Node 43, SINR:1.02325e-01, BpsHz:7.80829e-03
Node 44, SINR:1.02325e-01, BpsHz:7.80829e-03
---------------
==========Cluster 2, RcvInterf=2.07364e-15============
Node 2, SINR:0.00000e+00, BpsHz:0.00000e+00
Node 7, SINR:4.99165e-02, BpsHz:7.80829e-03
Node 10, SINR:4.99165e-02, BpsHz:7.80829e-03
Node 11, SINR:4.99165e-02, BpsHz:7.80829e-03
Node 15, SINR:4.99165e-02, BpsHz:7.80829e-03
Node 29, SINR:4.99165e-02, BpsHz:7.80829e-03
Node 31, SINR:4.99165e-02, BpsHz:7.80829e-03
Node 47, SINR:4.99165e-02, BpsHz:7.80829e-03
Node 48, SINR:4.99165e-02, BpsHz:7.80829e-03
Node 49, SINR:4.99165e-02, BpsHz:7.80829e-03
---------------
==========Cluster 3, RcvInterf=2.56876e-15============
Node 3, SINR:0.00000e+00, BpsHz:0.00000e+00
Node 5, SINR:2.18853e-02, BpsHz:7.80831e-03
Node 24, SINR:2.18853e-02, BpsHz:7.80831e-03
Node 26, SINR:2.18853e-02, BpsHz:7.80831e-03
Node 45, SINR:2.18853e-02, BpsHz:7.80831e-03
---------------
==========Cluster 4, RcvInterf=2.48902e-15============
Node 4, SINR:0.00000e+00, BpsHz:0.00000e+00
Node 6, SINR:6.13432e-02, BpsHz:7.80829e-03
Node 14, SINR:6.13432e-02, BpsHz:7.80829e-03
Node 16, SINR:6.13432e-02, BpsHz:7.80829e-03
Node 17, SINR:6.13432e-02, BpsHz:7.80829e-03
Node 23, SINR:6.13432e-02, BpsHz:7.80829e-03
Node 28, SINR:6.13432e-02, BpsHz:7.80829e-03
Node 30, SINR:6.13432e-02, BpsHz:7.80829e-03
Node 32, SINR:6.13432e-02, BpsHz:7.80829e-03
Node 36, SINR:6.13432e-02, BpsHz:7.80829e-03
Node 42, SINR:6.13432e-02, BpsHz:7.80829e-03
Node 46, SINR:6.13432e-02, BpsHz:7.80829e-03
---------------
