195
11
1.000000e-03
2.121996e-314
184
0
1.643504e+01
0.000000e+00
1.643504e-02
0.000000e+00
1 0 0 0 0 0 0 0 0 0 0 0 0 0 0 0 0 0 0 0 0 0 0 0 0 0 0 0 0 0 0 0 0 0 0 0 0 0 0 0 0 0 0 0 0 0 0 0 0 0 0 0 0 0 1 0 0 0 0 0 0 0 0 0 0 0 0 0 0 0 0 0 1 0 0 0 0 0 0 0 0 0 0 0 0 0 0 0 0 0 0 0 0 0 0 0 0 0 0 0 0 0 0 1 0 0 0 0 0 0 0 0 0 0 1 0 0 0 0 0 0 0 0 0 0 0 0 0 0 0 0 0 0 0 0 0 0 0 0 0 0 0 0 0 0 0 0 0 0 0 0 0 0 0 0 0 0 1 0 0 0 0 1 0 0 0 0 0 0 0 0 0 1 0 0 0 0 0 0 0 0 0 0 0 0 0 0 0 0 0 0 0 0 0 0 
0 0 0 0 0 0 0 0 0 0 0 0 0 0 0 0 1 0 0 1 0 0 0 0 0 0 0 0 1 0 0 1 0 0 0 0 0 0 0 0 0 0 0 0 0 0 1 0 0 0 0 1 0 1 0 0 0 0 0 0 0 0 0 0 0 0 0 0 0 0 1 0 0 0 0 0 0 0 0 0 0 0 0 0 0 1 0 0 0 0 0 0 0 0 1 0 0 0 1 0 0 0 0 0 0 0 0 0 0 0 0 0 0 0 0 0 0 1 0 0 0 0 0 0 0 0 0 0 0 0 0 0 0 0 0 0 0 0 0 0 0 0 0 0 0 0 0 0 0 1 0 0 0 0 0 0 1 0 0 0 0 0 0 0 0 0 0 0 0 0 0 0 0 0 0 0 0 1 0 0 0 0 0 0 0 0 0 0 0 0 0 0 0 0 0 
0 1 1 0 0 0 0 0 0 0 0 0 0 0 0 0 0 0 0 0 0 0 1 0 0 0 0 0 0 0 1 0 0 0 0 0 0 0 1 0 0 0 0 0 0 0 0 0 0 0 0 0 0 0 0 0 1 0 0 0 0 0 0 1 0 0 0 0 0 0 0 0 0 0 0 0 0 0 0 0 1 0 0 0 0 0 0 0 0 0 0 0 0 0 0 0 0 0 0 0 0 0 0 0 0 0 0 0 0 0 0 0 0 0 0 0 0 0 0 0 0 0 0 0 0 0 0 0 0 0 0 0 0 0 0 0 1 0 0 1 0 0 0 0 0 0 0 0 0 0 0 0 0 1 1 0 0 0 0 0 0 0 0 0 0 0 0 0 0 0 0 0 0 0 0 0 0 0 1 0 0 0 0 0 0 0 0 0 0 0 0 0 0 0 0 
0 0 0 1 0 0 0 0 0 0 0 0 0 0 1 1 0 0 0 0 0 0 0 0 0 0 0 0 0 1 0 0 0 0 0 1 0 0 0 0 0 0 1 1 0 0 0 0 0 0 0 0 1 0 0 0 0 0 0 0 0 1 1 0 0 0 0 0 0 0 0 0 0 0 0 0 0 0 1 0 0 0 0 0 0 0 1 0 0 1 0 0 0 0 0 0 1 1 0 0 0 0 1 0 0 0 0 0 0 0 0 0 0 0 0 0 0 0 0 0 0 0 0 0 0 0 0 0 0 0 0 0 0 1 1 0 0 0 0 0 0 0 0 0 0 0 1 0 0 0 0 1 0 0 0 0 0 0 1 0 0 0 0 0 0 0 0 0 0 0 0 1 0 0 0 0 0 0 0 0 1 0 0 0 0 0 0 1 0 0 0 0 0 0 0 
0 0 0 0 1 0 0 0 0 0 0 0 1 0 0 0 0 0 0 0 0 1 0 1 0 0 0 0 0 0 0 0 0 0 0 0 1 0 0 0 0 0 0 0 0 0 0 1 0 0 0 0 0 0 0 0 0 0 0 0 1 0 0 0 0 0 1 1 0 0 0 0 0 0 0 0 0 0 0 1 0 0 0 0 0 0 0 1 0 0 0 0 0 0 0 0 0 0 0 0 1 0 0 0 0 1 0 0 0 0 1 0 0 0 0 1 1 0 0 0 0 1 0 0 0 0 0 0 0 0 0 0 0 0 0 0 0 0 0 0 0 0 0 0 0 0 0 0 0 0 0 0 0 0 0 0 0 0 0 0 0 0 0 0 0 0 0 1 0 0 0 0 0 0 0 0 0 0 0 0 0 0 0 0 1 0 0 0 0 0 0 0 0 0 1 
0 0 0 0 0 1 1 0 0 0 0 0 0 0 0 0 0 0 0 0 0 0 0 0 0 1 0 0 0 0 0 0 0 0 0 0 0 0 0 1 0 1 0 0 0 1 0 0 0 1 0 0 0 0 0 0 0 0 1 0 0 0 0 0 1 0 0 0 1 1 0 0 0 0 0 0 0 1 0 0 0 0 0 0 0 0 0 0 0 0 0 0 0 0 0 0 0 0 0 0 0 0 0 0 0 0 1 0 0 1 0 0 0 0 0 0 0 0 0 0 1 0 0 0 0 0 1 1 0 0 0 0 0 0 0 0 0 0 0 0 0 1 0 0 1 0 0 0 0 0 0 0 0 0 0 0 0 0 0 0 0 0 0 0 0 0 0 0 0 0 0 0 0 0 1 0 1 0 0 0 0 0 0 0 0 0 0 0 0 0 0 0 0 0 0 
0 0 0 0 0 0 0 0 0 0 0 0 0 0 0 0 0 1 0 0 0 0 0 0 1 0 0 1 0 0 0 0 0 0 1 0 0 0 0 0 0 0 0 0 1 0 0 0 0 0 0 0 0 0 0 0 0 0 0 0 0 0 0 0 0 0 0 0 0 0 0 1 0 0 0 0 0 0 0 0 0 0 0 0 1 0 0 0 0 0 0 0 0 0 0 1 0 0 0 0 0 0 0 0 1 0 0 0 0 0 0 1 0 0 0 0 0 0 1 0 0 0 0 0 0 1 0 0 1 0 0 0 0 0 0 1 0 0 0 0 0 0 1 0 0 1 0 0 0 0 0 0 1 0 0 0 0 0 0 0 0 0 0 0 0 1 1 0 1 1 0 0 0 0 0 0 0 0 0 0 0 0 0 0 0 0 0 0 1 0 0 0 0 0 0 
0 0 0 0 0 0 0 1 0 0 0 0 0 0 0 0 0 0 0 0 0 0 0 0 0 0 0 0 0 0 0 0 0 0 0 0 0 0 0 0 0 0 0 0 0 0 0 0 0 0 0 0 0 0 0 0 0 0 0 0 0 0 0 0 0 0 0 0 0 0 0 0 0 1 0 0 0 0 0 0 0 0 0 1 0 0 0 0 0 0 0 0 1 0 0 0 0 0 0 0 0 1 0 0 0 0 0 0 1 0 0 0 0 0 0 0 0 0 0 0 0 0 0 0 0 0 0 0 0 0 0 0 0 0 0 0 0 0 0 0 0 0 0 1 0 0 0 1 0 0 0 0 0 0 0 0 0 0 0 0 0 0 0 0 0 0 0 0 0 0 1 0 0 0 0 0 0 0 0 0 0 0 0 0 0 0 1 0 0 0 1 0 1 0 0 
0 0 0 0 0 0 0 0 1 0 0 1 0 1 0 0 0 0 0 0 0 0 0 0 0 0 0 0 0 0 0 0 1 1 0 0 0 1 0 0 1 0 0 0 0 0 0 0 1 0 1 0 0 0 0 1 0 0 0 1 0 0 0 0 0 1 0 0 0 0 0 0 0 0 1 0 0 0 0 0 0 0 0 0 0 0 0 0 0 0 1 1 0 0 0 0 0 0 0 0 0 0 0 0 0 0 0 1 0 0 0 0 0 1 0 0 0 0 0 0 0 0 1 1 0 0 0 0 0 0 0 0 0 0 0 0 0 0 1 0 1 0 0 0 0 0 0 0 1 0 1 0 0 0 0 0 0 0 0 1 0 0 0 1 0 0 0 0 0 0 0 0 0 1 0 1 0 0 0 0 0 0 0 0 0 1 0 0 0 0 0 0 0 1 0 
0 0 0 0 0 0 0 0 0 1 0 0 0 0 0 0 0 0 0 0 0 0 0 0 0 0 0 0 0 0 0 0 0 0 0 0 0 0 0 0 0 0 0 0 0 0 0 0 0 0 0 0 0 0 0 0 0 1 0 0 0 0 0 0 0 0 0 0 0 0 0 0 0 0 0 1 1 0 0 0 0 1 1 0 0 0 0 0 0 0 0 0 0 1 0 0 0 0 0 0 0 0 0 0 0 0 0 0 0 0 0 0 0 0 0 0 0 0 0 0 0 0 0 0 0 0 0 0 0 0 1 1 0 0 0 0 0 0 0 0 0 0 0 0 0 0 0 0 0 0 0 0 0 0 0 1 0 0 0 0 1 0 0 0 0 0 0 0 0 0 0 0 0 0 0 0 0 0 0 0 0 0 1 1 0 0 0 0 0 0 0 0 0 0 0 
0 0 0 0 0 0 0 0 0 0 1 0 0 0 0 0 0 0 1 0 1 0 0 0 0 0 1 0 0 0 0 0 0 0 0 0 0 0 0 0 0 0 0 0 0 0 0 0 0 0 0 0 0 0 0 0 0 0 0 0 0 0 0 0 0 0 0 0 0 0 0 0 0 0 0 0 0 0 0 0 0 0 0 0 0 0 0 0 1 0 0 0 0 0 0 0 0 0 0 1 0 0 0 0 0 0 0 0 0 0 0 0 1 0 0 0 0 0 0 1 0 0 0 0 1 0 0 0 0 1 0 0 1 0 0 0 0 1 0 0 0 0 0 0 0 0 0 0 0 0 0 0 0 0 0 0 0 0 0 0 0 1 0 0 1 0 0 0 0 0 0 0 0 0 0 0 0 0 0 1 0 1 0 0 0 0 0 0 0 1 0 1 0 0 0 
173 29 140 30 168 145 167 109 75 131 113 
0.000000E+00 0.000000E+00 0.000000E+00 0.000000E+00 0.000000E+00 0.000000E+00 0.000000E+00 0.000000E+00 0.000000E+00 0.000000E+00 0.000000E+00 0.000000E+00 0.000000E+00 0.000000E+00 0.000000E+00 0.000000E+00 0.000000E+00 0.000000E+00 0.000000E+00 0.000000E+00 0.000000E+00 0.000000E+00 0.000000E+00 0.000000E+00 0.000000E+00 0.000000E+00 0.000000E+00 0.000000E+00 0.000000E+00 0.000000E+00 0.000000E+00 0.000000E+00 0.000000E+00 0.000000E+00 0.000000E+00 0.000000E+00 0.000000E+00 0.000000E+00 0.000000E+00 0.000000E+00 0.000000E+00 0.000000E+00 0.000000E+00 0.000000E+00 0.000000E+00 0.000000E+00 0.000000E+00 0.000000E+00 0.000000E+00 0.000000E+00 0.000000E+00 0.000000E+00 0.000000E+00 0.000000E+00 0.000000E+00 0.000000E+00 0.000000E+00 0.000000E+00 0.000000E+00 0.000000E+00 0.000000E+00 0.000000E+00 0.000000E+00 0.000000E+00 0.000000E+00 0.000000E+00 0.000000E+00 0.000000E+00 0.000000E+00 0.000000E+00 0.000000E+00 0.000000E+00 0.000000E+00 0.000000E+00 0.000000E+00 0.000000E+00 0.000000E+00 0.000000E+00 0.000000E+00 0.000000E+00 0.000000E+00 0.000000E+00 0.000000E+00 0.000000E+00 0.000000E+00 0.000000E+00 0.000000E+00 0.000000E+00 0.000000E+00 0.000000E+00 0.000000E+00 0.000000E+00 0.000000E+00 0.000000E+00 0.000000E+00 0.000000E+00 0.000000E+00 0.000000E+00 0.000000E+00 0.000000E+00 0.000000E+00 0.000000E+00 0.000000E+00 0.000000E+00 0.000000E+00 0.000000E+00 0.000000E+00 0.000000E+00 0.000000E+00 0.000000E+00 0.000000E+00 0.000000E+00 0.000000E+00 0.000000E+00 0.000000E+00 0.000000E+00 0.000000E+00 0.000000E+00 0.000000E+00 0.000000E+00 0.000000E+00 0.000000E+00 0.000000E+00 0.000000E+00 0.000000E+00 0.000000E+00 0.000000E+00 0.000000E+00 0.000000E+00 0.000000E+00 0.000000E+00 0.000000E+00 0.000000E+00 0.000000E+00 0.000000E+00 0.000000E+00 0.000000E+00 0.000000E+00 0.000000E+00 0.000000E+00 0.000000E+00 0.000000E+00 0.000000E+00 0.000000E+00 0.000000E+00 0.000000E+00 0.000000E+00 0.000000E+00 0.000000E+00 0.000000E+00 0.000000E+00 0.000000E+00 0.000000E+00 0.000000E+00 0.000000E+00 0.000000E+00 0.000000E+00 0.000000E+00 0.000000E+00 0.000000E+00 0.000000E+00 0.000000E+00 0.000000E+00 0.000000E+00 0.000000E+00 0.000000E+00 0.000000E+00 0.000000E+00 0.000000E+00 0.000000E+00 0.000000E+00 0.000000E+00 0.000000E+00 0.000000E+00 0.000000E+00 0.000000E+00 0.000000E+00 0.000000E+00 0.000000E+00 0.000000E+00 0.000000E+00 0.000000E+00 0.000000E+00 0.000000E+00 0.000000E+00 0.000000E+00 0.000000E+00 0.000000E+00 0.000000E+00 0.000000E+00 0.000000E+00 0.000000E+00 0.000000E+00 0.000000E+00 0.000000E+00 
1 55 73 104 115 158 163 173 
17 20 29 32 47 52 54 71 86 95 99 118 150 157 178 
2 3 23 31 39 57 64 81 137 140 154 155 179 
4 15 16 30 36 43 44 53 62 63 79 87 90 97 98 103 134 135 147 152 159 172 181 188 
5 13 22 24 37 48 61 67 68 80 88 101 106 111 116 117 122 168 185 195 
6 7 26 40 42 46 50 59 65 69 70 78 107 110 121 127 128 142 145 175 177 
18 25 28 35 45 72 85 96 105 112 119 126 129 136 143 146 153 166 167 169 170 189 
8 74 84 93 102 109 144 148 171 187 191 193 
9 12 14 33 34 38 41 49 51 56 60 66 75 91 92 108 114 123 124 139 141 149 151 160 164 174 176 186 194 
10 58 76 77 82 83 94 131 132 156 161 183 184 
11 19 21 27 89 100 113 120 125 130 133 138 162 165 180 182 190 192 

============Find Best @ Round 0================
==========Cluster 0, RcvInterf=0.00000e+00============
Node 0, SINR:0.00000e+00, BpsHz:0.00000e+00
Node 54, SINR:0.00000e+00, BpsHz:0.00000e+00
Node 72, SINR:0.00000e+00, BpsHz:0.00000e+00
Node 103, SINR:0.00000e+00, BpsHz:0.00000e+00
Node 114, SINR:0.00000e+00, BpsHz:0.00000e+00
Node 157, SINR:0.00000e+00, BpsHz:0.00000e+00
Node 162, SINR:0.00000e+00, BpsHz:0.00000e+00
Node 172, SINR:0.00000e+00, BpsHz:0.00000e+00
---------------
==========Cluster 1, RcvInterf=0.00000e+00============
Node 16, SINR:0.00000e+00, BpsHz:0.00000e+00
Node 19, SINR:0.00000e+00, BpsHz:0.00000e+00
Node 28, SINR:0.00000e+00, BpsHz:0.00000e+00
Node 31, SINR:0.00000e+00, BpsHz:0.00000e+00
Node 46, SINR:0.00000e+00, BpsHz:0.00000e+00
Node 51, SINR:0.00000e+00, BpsHz:0.00000e+00
Node 53, SINR:0.00000e+00, BpsHz:0.00000e+00
Node 70, SINR:0.00000e+00, BpsHz:0.00000e+00
Node 85, SINR:0.00000e+00, BpsHz:0.00000e+00
Node 94, SINR:0.00000e+00, BpsHz:0.00000e+00
Node 98, SINR:0.00000e+00, BpsHz:0.00000e+00
Node 117, SINR:0.00000e+00, BpsHz:0.00000e+00
Node 149, SINR:0.00000e+00, BpsHz:0.00000e+00
Node 156, SINR:0.00000e+00, BpsHz:0.00000e+00
Node 177, SINR:0.00000e+00, BpsHz:0.00000e+00
---------------
==========Cluster 2, RcvInterf=0.00000e+00============
Node 1, SINR:0.00000e+00, BpsHz:0.00000e+00
Node 2, SINR:0.00000e+00, BpsHz:0.00000e+00
Node 22, SINR:0.00000e+00, BpsHz:0.00000e+00
Node 30, SINR:0.00000e+00, BpsHz:0.00000e+00
Node 38, SINR:0.00000e+00, BpsHz:0.00000e+00
Node 56, SINR:0.00000e+00, BpsHz:0.00000e+00
Node 63, SINR:0.00000e+00, BpsHz:0.00000e+00
Node 80, SINR:0.00000e+00, BpsHz:0.00000e+00
Node 136, SINR:0.00000e+00, BpsHz:0.00000e+00
Node 139, SINR:0.00000e+00, BpsHz:0.00000e+00
Node 153, SINR:0.00000e+00, BpsHz:0.00000e+00
Node 154, SINR:0.00000e+00, BpsHz:0.00000e+00
Node 178, SINR:0.00000e+00, BpsHz:0.00000e+00
---------------
==========Cluster 3, RcvInterf=0.00000e+00============
Node 3, SINR:0.00000e+00, BpsHz:0.00000e+00
Node 14, SINR:0.00000e+00, BpsHz:0.00000e+00
Node 15, SINR:0.00000e+00, BpsHz:0.00000e+00
Node 29, SINR:0.00000e+00, BpsHz:0.00000e+00
Node 35, SINR:0.00000e+00, BpsHz:0.00000e+00
Node 42, SINR:0.00000e+00, BpsHz:0.00000e+00
Node 43, SINR:0.00000e+00, BpsHz:0.00000e+00
Node 52, SINR:0.00000e+00, BpsHz:0.00000e+00
Node 61, SINR:0.00000e+00, BpsHz:0.00000e+00
Node 62, SINR:0.00000e+00, BpsHz:0.00000e+00
Node 78, SINR:0.00000e+00, BpsHz:0.00000e+00
Node 86, SINR:0.00000e+00, BpsHz:0.00000e+00
Node 89, SINR:0.00000e+00, BpsHz:0.00000e+00
Node 96, SINR:0.00000e+00, BpsHz:0.00000e+00
Node 97, SINR:0.00000e+00, BpsHz:0.00000e+00
Node 102, SINR:0.00000e+00, BpsHz:0.00000e+00
Node 133, SINR:0.00000e+00, BpsHz:0.00000e+00
Node 134, SINR:0.00000e+00, BpsHz:0.00000e+00
Node 146, SINR:0.00000e+00, BpsHz:0.00000e+00
Node 151, SINR:0.00000e+00, BpsHz:0.00000e+00
Node 158, SINR:0.00000e+00, BpsHz:0.00000e+00
Node 171, SINR:0.00000e+00, BpsHz:0.00000e+00
Node 180, SINR:0.00000e+00, BpsHz:0.00000e+00
Node 187, SINR:0.00000e+00, BpsHz:0.00000e+00
---------------
==========Cluster 4, RcvInterf=0.00000e+00============
Node 4, SINR:0.00000e+00, BpsHz:0.00000e+00
Node 12, SINR:0.00000e+00, BpsHz:0.00000e+00
Node 21, SINR:0.00000e+00, BpsHz:0.00000e+00
Node 23, SINR:0.00000e+00, BpsHz:0.00000e+00
Node 36, SINR:0.00000e+00, BpsHz:0.00000e+00
Node 47, SINR:0.00000e+00, BpsHz:0.00000e+00
Node 60, SINR:0.00000e+00, BpsHz:0.00000e+00
Node 66, SINR:0.00000e+00, BpsHz:0.00000e+00
Node 67, SINR:0.00000e+00, BpsHz:0.00000e+00
Node 79, SINR:0.00000e+00, BpsHz:0.00000e+00
Node 87, SINR:0.00000e+00, BpsHz:0.00000e+00
Node 100, SINR:0.00000e+00, BpsHz:0.00000e+00
Node 105, SINR:0.00000e+00, BpsHz:0.00000e+00
Node 110, SINR:0.00000e+00, BpsHz:0.00000e+00
Node 115, SINR:0.00000e+00, BpsHz:0.00000e+00
Node 116, SINR:0.00000e+00, BpsHz:0.00000e+00
Node 121, SINR:0.00000e+00, BpsHz:0.00000e+00
Node 167, SINR:0.00000e+00, BpsHz:0.00000e+00
Node 184, SINR:0.00000e+00, BpsHz:0.00000e+00
Node 194, SINR:0.00000e+00, BpsHz:0.00000e+00
---------------
==========Cluster 5, RcvInterf=0.00000e+00============
Node 5, SINR:0.00000e+00, BpsHz:0.00000e+00
Node 6, SINR:0.00000e+00, BpsHz:0.00000e+00
Node 25, SINR:0.00000e+00, BpsHz:0.00000e+00
Node 39, SINR:0.00000e+00, BpsHz:0.00000e+00
Node 41, SINR:0.00000e+00, BpsHz:0.00000e+00
Node 45, SINR:0.00000e+00, BpsHz:0.00000e+00
Node 49, SINR:0.00000e+00, BpsHz:0.00000e+00
Node 58, SINR:0.00000e+00, BpsHz:0.00000e+00
Node 64, SINR:0.00000e+00, BpsHz:0.00000e+00
Node 68, SINR:0.00000e+00, BpsHz:0.00000e+00
Node 69, SINR:0.00000e+00, BpsHz:0.00000e+00
Node 77, SINR:0.00000e+00, BpsHz:0.00000e+00
Node 106, SINR:0.00000e+00, BpsHz:0.00000e+00
Node 109, SINR:0.00000e+00, BpsHz:0.00000e+00
Node 120, SINR:0.00000e+00, BpsHz:0.00000e+00
Node 126, SINR:0.00000e+00, BpsHz:0.00000e+00
Node 127, SINR:0.00000e+00, BpsHz:0.00000e+00
Node 141, SINR:0.00000e+00, BpsHz:0.00000e+00
Node 144, SINR:0.00000e+00, BpsHz:0.00000e+00
Node 174, SINR:0.00000e+00, BpsHz:0.00000e+00
Node 176, SINR:0.00000e+00, BpsHz:0.00000e+00
---------------
==========Cluster 6, RcvInterf=0.00000e+00============
Node 17, SINR:0.00000e+00, BpsHz:0.00000e+00
Node 24, SINR:0.00000e+00, BpsHz:0.00000e+00
Node 27, SINR:0.00000e+00, BpsHz:0.00000e+00
Node 34, SINR:0.00000e+00, BpsHz:0.00000e+00
Node 44, SINR:0.00000e+00, BpsHz:0.00000e+00
Node 71, SINR:0.00000e+00, BpsHz:0.00000e+00
Node 84, SINR:0.00000e+00, BpsHz:0.00000e+00
Node 95, SINR:0.00000e+00, BpsHz:0.00000e+00
Node 104, SINR:0.00000e+00, BpsHz:0.00000e+00
Node 111, SINR:0.00000e+00, BpsHz:0.00000e+00
Node 118, SINR:0.00000e+00, BpsHz:0.00000e+00
Node 125, SINR:0.00000e+00, BpsHz:0.00000e+00
Node 128, SINR:0.00000e+00, BpsHz:0.00000e+00
Node 135, SINR:0.00000e+00, BpsHz:0.00000e+00
Node 142, SINR:0.00000e+00, BpsHz:0.00000e+00
Node 145, SINR:0.00000e+00, BpsHz:0.00000e+00
Node 152, SINR:0.00000e+00, BpsHz:0.00000e+00
Node 165, SINR:0.00000e+00, BpsHz:0.00000e+00
Node 166, SINR:0.00000e+00, BpsHz:0.00000e+00
Node 168, SINR:0.00000e+00, BpsHz:0.00000e+00
Node 169, SINR:0.00000e+00, BpsHz:0.00000e+00
Node 188, SINR:0.00000e+00, BpsHz:0.00000e+00
---------------
==========Cluster 7, RcvInterf=0.00000e+00============
Node 7, SINR:0.00000e+00, BpsHz:0.00000e+00
Node 73, SINR:0.00000e+00, BpsHz:0.00000e+00
Node 83, SINR:0.00000e+00, BpsHz:0.00000e+00
Node 92, SINR:0.00000e+00, BpsHz:0.00000e+00
Node 101, SINR:0.00000e+00, BpsHz:0.00000e+00
Node 108, SINR:0.00000e+00, BpsHz:0.00000e+00
Node 143, SINR:0.00000e+00, BpsHz:0.00000e+00
Node 147, SINR:0.00000e+00, BpsHz:0.00000e+00
Node 170, SINR:0.00000e+00, BpsHz:0.00000e+00
Node 186, SINR:0.00000e+00, BpsHz:0.00000e+00
Node 190, SINR:0.00000e+00, BpsHz:0.00000e+00
Node 192, SINR:0.00000e+00, BpsHz:0.00000e+00
---------------
==========Cluster 8, RcvInterf=0.00000e+00============
Node 8, SINR:0.00000e+00, BpsHz:0.00000e+00
Node 11, SINR:0.00000e+00, BpsHz:0.00000e+00
Node 13, SINR:0.00000e+00, BpsHz:0.00000e+00
Node 32, SINR:0.00000e+00, BpsHz:0.00000e+00
Node 33, SINR:0.00000e+00, BpsHz:0.00000e+00
Node 37, SINR:0.00000e+00, BpsHz:0.00000e+00
Node 40, SINR:0.00000e+00, BpsHz:0.00000e+00
Node 48, SINR:0.00000e+00, BpsHz:0.00000e+00
Node 50, SINR:0.00000e+00, BpsHz:0.00000e+00
Node 55, SINR:0.00000e+00, BpsHz:0.00000e+00
Node 59, SINR:0.00000e+00, BpsHz:0.00000e+00
Node 65, SINR:0.00000e+00, BpsHz:0.00000e+00
Node 74, SINR:0.00000e+00, BpsHz:0.00000e+00
Node 90, SINR:0.00000e+00, BpsHz:0.00000e+00
Node 91, SINR:0.00000e+00, BpsHz:0.00000e+00
Node 107, SINR:0.00000e+00, BpsHz:0.00000e+00
Node 113, SINR:0.00000e+00, BpsHz:0.00000e+00
Node 122, SINR:0.00000e+00, BpsHz:0.00000e+00
Node 123, SINR:0.00000e+00, BpsHz:0.00000e+00
Node 138, SINR:0.00000e+00, BpsHz:0.00000e+00
Node 140, SINR:0.00000e+00, BpsHz:0.00000e+00
Node 148, SINR:0.00000e+00, BpsHz:0.00000e+00
Node 150, SINR:0.00000e+00, BpsHz:0.00000e+00
Node 159, SINR:0.00000e+00, BpsHz:0.00000e+00
Node 163, SINR:0.00000e+00, BpsHz:0.00000e+00
Node 173, SINR:0.00000e+00, BpsHz:0.00000e+00
Node 175, SINR:0.00000e+00, BpsHz:0.00000e+00
Node 185, SINR:0.00000e+00, BpsHz:0.00000e+00
Node 193, SINR:0.00000e+00, BpsHz:0.00000e+00
---------------
==========Cluster 9, RcvInterf=0.00000e+00============
Node 9, SINR:0.00000e+00, BpsHz:0.00000e+00
Node 57, SINR:0.00000e+00, BpsHz:0.00000e+00
Node 75, SINR:0.00000e+00, BpsHz:0.00000e+00
Node 76, SINR:0.00000e+00, BpsHz:0.00000e+00
Node 81, SINR:0.00000e+00, BpsHz:0.00000e+00
Node 82, SINR:0.00000e+00, BpsHz:0.00000e+00
Node 93, SINR:0.00000e+00, BpsHz:0.00000e+00
Node 130, SINR:0.00000e+00, BpsHz:0.00000e+00
Node 131, SINR:0.00000e+00, BpsHz:0.00000e+00
Node 155, SINR:0.00000e+00, BpsHz:0.00000e+00
Node 160, SINR:0.00000e+00, BpsHz:0.00000e+00
Node 182, SINR:0.00000e+00, BpsHz:0.00000e+00
Node 183, SINR:0.00000e+00, BpsHz:0.00000e+00
---------------
==========Cluster 10, RcvInterf=0.00000e+00============
Node 10, SINR:0.00000e+00, BpsHz:0.00000e+00
Node 18, SINR:0.00000e+00, BpsHz:0.00000e+00
Node 20, SINR:0.00000e+00, BpsHz:0.00000e+00
Node 26, SINR:0.00000e+00, BpsHz:0.00000e+00
Node 88, SINR:0.00000e+00, BpsHz:0.00000e+00
Node 99, SINR:0.00000e+00, BpsHz:0.00000e+00
Node 112, SINR:0.00000e+00, BpsHz:0.00000e+00
Node 119, SINR:0.00000e+00, BpsHz:0.00000e+00
Node 124, SINR:0.00000e+00, BpsHz:0.00000e+00
Node 129, SINR:0.00000e+00, BpsHz:0.00000e+00
Node 132, SINR:0.00000e+00, BpsHz:0.00000e+00
Node 137, SINR:0.00000e+00, BpsHz:0.00000e+00
Node 161, SINR:0.00000e+00, BpsHz:0.00000e+00
Node 164, SINR:0.00000e+00, BpsHz:0.00000e+00
Node 179, SINR:0.00000e+00, BpsHz:0.00000e+00
Node 181, SINR:0.00000e+00, BpsHz:0.00000e+00
Node 189, SINR:0.00000e+00, BpsHz:0.00000e+00
Node 191, SINR:0.00000e+00, BpsHz:0.00000e+00
---------------
