50
9
1.000000e-03
1.675633e+67
41
0
5.131484e+00
2.125244e+00
5.131485e-03
7.018709e-07
0 0 0 0 0 0 0 0 0 0 0 0 0 0 0 0 0 0 0 0 1 0 0 0 0 1 0 0 0 0 0 0 0 0 1 0 0 0 0 0 0 1 0 0 0 0 0 0 0 0 
0 0 0 0 0 0 0 0 0 1 0 0 1 0 0 0 0 0 1 1 0 1 0 0 0 0 0 0 0 0 0 0 0 0 0 1 0 1 1 1 1 0 0 1 1 0 0 0 0 0 
0 0 0 0 0 0 0 0 0 0 1 1 0 0 0 1 0 0 0 0 0 0 0 0 0 0 0 0 0 0 0 0 0 0 0 0 0 0 0 0 0 0 0 0 0 0 0 1 0 1 
1 0 0 1 0 0 0 0 0 0 0 0 0 0 0 0 0 0 0 0 0 0 0 0 1 0 0 0 0 0 0 0 0 0 0 0 0 0 0 0 0 0 0 0 0 0 0 0 0 0 
0 0 0 0 0 0 0 0 0 0 0 0 0 0 1 0 0 0 0 0 0 0 0 0 0 0 0 0 0 0 1 1 1 0 0 0 0 0 0 0 0 0 1 0 0 0 1 0 0 0 
0 0 0 0 0 1 0 0 0 0 0 0 0 0 0 0 0 0 0 0 0 0 0 0 0 0 1 0 0 0 0 0 0 0 0 0 0 0 0 0 0 0 0 0 0 1 0 0 0 0 
0 0 0 0 1 0 1 0 0 0 0 0 0 0 0 0 1 0 0 0 0 0 0 0 0 0 0 0 0 0 0 0 0 0 0 0 0 0 0 0 0 0 0 0 0 0 0 0 0 0 
0 0 1 0 0 0 0 1 0 0 0 0 0 1 0 0 0 0 0 0 0 0 0 0 0 0 0 0 0 1 0 0 0 1 0 0 0 0 0 0 0 0 0 0 0 0 0 0 1 0 
0 1 0 0 0 0 0 0 1 0 0 0 0 0 0 0 0 1 0 0 0 0 1 1 0 0 0 1 1 0 0 0 0 0 0 0 1 0 0 0 0 0 0 0 0 0 0 0 0 0 
26 20 12 4 33 27 5 8 18 
1.495013E-06 7.187870E-05 4.596326E-06 0.000000E+00 0.000000E+00 5.292947E-07 3.525755E-08 0.000000E+00 6.632747E-07 2.165256E-04 6.977103E-07 0.000000E+00 4.730996E-04 2.357203E-05 4.239781E-06 2.200281E-06 3.392407E-07 0.000000E+00 2.097023E-04 0.000000E+00 2.287646E-04 6.206355E-05 1.443217E-05 3.081850E-05 2.397890E-07 0.000000E+00 0.000000E+00 8.651813E-07 5.636974E-08 1.165457E-05 2.575998E-07 1.424781E-05 0.000000E+00 7.238392E-05 8.423701E-07 2.686953E-04 3.397528E-07 3.837196E-06 1.116711E-05 2.856710E-06 2.333961E-05 3.087758E-06 2.834095E-07 9.992990E-04 6.366478E-08 2.428037E-08 4.380905E-08 3.660585E-06 6.488025E-08 7.610981E-08 
21 26 35 42 
10 13 19 20 22 36 38 39 40 41 44 45 
11 12 16 48 50 
1 4 25 
15 31 32 33 43 47 
6 27 46 
5 7 17 
3 8 14 30 34 49 
2 9 18 23 24 28 29 37 

============Find Best @ Round 0================
==========Cluster 0, RcvInterf=3.74075e-15============
Node 20, SINR:5.61330e-02, BpsHz:2.62639e-02
Node 25, SINR:0.00000e+00, BpsHz:0.00000e+00
Node 34, SINR:5.61330e-02, BpsHz:2.62639e-02
Node 41, SINR:5.61330e-02, BpsHz:2.62639e-02
---------------
==========Cluster 1, RcvInterf=2.92491e-15============
Node 9, SINR:2.21710e-01, BpsHz:2.62638e-02
Node 12, SINR:2.21710e-01, BpsHz:2.62638e-02
Node 18, SINR:2.21710e-01, BpsHz:2.62638e-02
Node 19, SINR:0.00000e+00, BpsHz:0.00000e+00
Node 21, SINR:2.21710e-01, BpsHz:2.62638e-02
Node 35, SINR:2.21710e-01, BpsHz:2.62638e-02
Node 37, SINR:2.21710e-01, BpsHz:2.62638e-02
Node 38, SINR:2.21710e-01, BpsHz:2.62638e-02
Node 39, SINR:2.21710e-01, BpsHz:2.62638e-02
Node 40, SINR:2.21710e-01, BpsHz:2.62638e-02
Node 43, SINR:2.21710e-01, BpsHz:2.62638e-02
Node 44, SINR:2.21710e-01, BpsHz:2.62638e-02
---------------
==========Cluster 2, RcvInterf=1.93786e-15============
Node 10, SINR:7.55357e-02, BpsHz:2.62638e-02
Node 11, SINR:0.00000e+00, BpsHz:0.00000e+00
Node 15, SINR:7.55357e-02, BpsHz:2.62638e-02
Node 47, SINR:7.55357e-02, BpsHz:2.62638e-02
Node 49, SINR:7.55357e-02, BpsHz:2.62638e-02
---------------
==========Cluster 3, RcvInterf=1.69017e-15============
Node 0, SINR:3.70804e-02, BpsHz:2.62639e-02
Node 3, SINR:0.00000e+00, BpsHz:0.00000e+00
Node 24, SINR:3.70804e-02, BpsHz:2.62639e-02
---------------
==========Cluster 4, RcvInterf=7.75763e-16============
Node 14, SINR:9.52948e-02, BpsHz:2.62639e-02
Node 30, SINR:9.52948e-02, BpsHz:2.62639e-02
Node 31, SINR:9.52948e-02, BpsHz:2.62639e-02
Node 32, SINR:0.00000e+00, BpsHz:0.00000e+00
Node 42, SINR:9.52948e-02, BpsHz:2.62639e-02
Node 46, SINR:9.52948e-02, BpsHz:2.62639e-02
---------------
==========Cluster 5, RcvInterf=7.08793e-16============
Node 5, SINR:3.70804e-02, BpsHz:2.62639e-02
Node 26, SINR:0.00000e+00, BpsHz:0.00000e+00
Node 45, SINR:3.70804e-02, BpsHz:2.62639e-02
---------------
==========Cluster 6, RcvInterf=1.81059e-15============
Node 4, SINR:0.00000e+00, BpsHz:0.00000e+00
Node 6, SINR:3.70804e-02, BpsHz:2.62639e-02
Node 16, SINR:3.70804e-02, BpsHz:2.62639e-02
---------------
==========Cluster 7, RcvInterf=6.87132e-15============
Node 2, SINR:9.52948e-02, BpsHz:2.62639e-02
Node 7, SINR:0.00000e+00, BpsHz:0.00000e+00
Node 13, SINR:9.52948e-02, BpsHz:2.62639e-02
Node 29, SINR:9.52948e-02, BpsHz:2.62639e-02
Node 33, SINR:9.52948e-02, BpsHz:2.62639e-02
Node 48, SINR:9.52948e-02, BpsHz:2.62639e-02
---------------
==========Cluster 8, RcvInterf=2.63387e-15============
Node 1, SINR:1.35909e-01, BpsHz:2.62638e-02
Node 8, SINR:1.35909e-01, BpsHz:2.62638e-02
Node 17, SINR:0.00000e+00, BpsHz:0.00000e+00
Node 22, SINR:1.35909e-01, BpsHz:2.62638e-02
Node 23, SINR:1.35909e-01, BpsHz:2.62638e-02
Node 27, SINR:1.35909e-01, BpsHz:2.62638e-02
Node 28, SINR:1.35909e-01, BpsHz:2.62638e-02
Node 36, SINR:1.35909e-01, BpsHz:2.62638e-02
---------------
50
9
1.000000e-03
1.675633e+67
41
0
5.131484e+00
2.125244e+00
5.131485e-03
7.018709e-07
0 0 0 0 0 0 0 0 0 0 0 0 0 0 0 0 0 0 0 0 1 0 0 0 0 1 0 0 0 0 0 0 0 0 1 0 0 0 0 0 0 1 0 0 0 0 0 0 0 0 
0 0 0 0 0 0 0 0 0 1 0 0 1 0 0 0 0 0 1 1 0 1 0 0 0 0 0 0 0 0 0 0 0 0 0 1 0 1 1 1 1 0 0 1 1 0 0 0 0 0 
0 0 0 0 0 0 0 0 0 0 1 1 0 0 0 1 0 0 0 0 0 0 0 0 0 0 0 0 0 0 0 0 0 0 0 0 0 0 0 0 0 0 0 0 0 0 0 1 0 1 
1 0 0 1 0 0 0 0 0 0 0 0 0 0 0 0 0 0 0 0 0 0 0 0 1 0 0 0 0 0 0 0 0 0 0 0 0 0 0 0 0 0 0 0 0 0 0 0 0 0 
0 0 0 0 0 0 0 0 0 0 0 0 0 0 1 0 0 0 0 0 0 0 0 0 0 0 0 0 0 0 1 1 1 0 0 0 0 0 0 0 0 0 1 0 0 0 1 0 0 0 
0 0 0 0 0 1 0 0 0 0 0 0 0 0 0 0 0 0 0 0 0 0 0 0 0 0 1 0 0 0 0 0 0 0 0 0 0 0 0 0 0 0 0 0 0 1 0 0 0 0 
0 0 0 0 1 0 1 0 0 0 0 0 0 0 0 0 1 0 0 0 0 0 0 0 0 0 0 0 0 0 0 0 0 0 0 0 0 0 0 0 0 0 0 0 0 0 0 0 0 0 
0 0 1 0 0 0 0 1 0 0 0 0 0 1 0 0 0 0 0 0 0 0 0 0 0 0 0 0 0 1 0 0 0 1 0 0 0 0 0 0 0 0 0 0 0 0 0 0 1 0 
0 1 0 0 0 0 0 0 1 0 0 0 0 0 0 0 0 1 0 0 0 0 1 1 0 0 0 1 1 0 0 0 0 0 0 0 1 0 0 0 0 0 0 0 0 0 0 0 0 0 
26 20 12 4 33 27 5 8 18 
1.495013E-06 7.187870E-05 4.596326E-06 0.000000E+00 0.000000E+00 5.292947E-07 3.525755E-08 0.000000E+00 6.632747E-07 2.165256E-04 6.977103E-07 0.000000E+00 4.730996E-04 2.357203E-05 4.239781E-06 2.200281E-06 3.392407E-07 0.000000E+00 2.097023E-04 0.000000E+00 2.287646E-04 6.206355E-05 1.443217E-05 3.081850E-05 2.397890E-07 0.000000E+00 0.000000E+00 8.651813E-07 5.636974E-08 1.165457E-05 2.575998E-07 1.424781E-05 0.000000E+00 7.238392E-05 8.423701E-07 2.686953E-04 3.397528E-07 3.837196E-06 1.116711E-05 2.856710E-06 2.333961E-05 3.087758E-06 2.834095E-07 9.992990E-04 6.366478E-08 2.428037E-08 4.380905E-08 3.660585E-06 6.488025E-08 7.610981E-08 
21 26 35 42 
10 13 19 20 22 36 38 39 40 41 44 45 
11 12 16 48 50 
1 4 25 
15 31 32 33 43 47 
6 27 46 
5 7 17 
3 8 14 30 34 49 
2 9 18 23 24 28 29 37 

============Find Best @ Round 0================
==========Cluster 0, RcvInterf=3.74075e-15============
Node 20, SINR:5.61330e-02, BpsHz:2.62639e-02
Node 25, SINR:0.00000e+00, BpsHz:0.00000e+00
Node 34, SINR:5.61330e-02, BpsHz:2.62639e-02
Node 41, SINR:5.61330e-02, BpsHz:2.62639e-02
---------------
==========Cluster 1, RcvInterf=2.92491e-15============
Node 9, SINR:2.21710e-01, BpsHz:2.62638e-02
Node 12, SINR:2.21710e-01, BpsHz:2.62638e-02
Node 18, SINR:2.21710e-01, BpsHz:2.62638e-02
Node 19, SINR:0.00000e+00, BpsHz:0.00000e+00
Node 21, SINR:2.21710e-01, BpsHz:2.62638e-02
Node 35, SINR:2.21710e-01, BpsHz:2.62638e-02
Node 37, SINR:2.21710e-01, BpsHz:2.62638e-02
Node 38, SINR:2.21710e-01, BpsHz:2.62638e-02
Node 39, SINR:2.21710e-01, BpsHz:2.62638e-02
Node 40, SINR:2.21710e-01, BpsHz:2.62638e-02
Node 43, SINR:2.21710e-01, BpsHz:2.62638e-02
Node 44, SINR:2.21710e-01, BpsHz:2.62638e-02
---------------
==========Cluster 2, RcvInterf=1.93786e-15============
Node 10, SINR:7.55357e-02, BpsHz:2.62638e-02
Node 11, SINR:0.00000e+00, BpsHz:0.00000e+00
Node 15, SINR:7.55357e-02, BpsHz:2.62638e-02
Node 47, SINR:7.55357e-02, BpsHz:2.62638e-02
Node 49, SINR:7.55357e-02, BpsHz:2.62638e-02
---------------
==========Cluster 3, RcvInterf=1.69017e-15============
Node 0, SINR:3.70804e-02, BpsHz:2.62639e-02
Node 3, SINR:0.00000e+00, BpsHz:0.00000e+00
Node 24, SINR:3.70804e-02, BpsHz:2.62639e-02
---------------
==========Cluster 4, RcvInterf=7.75763e-16============
Node 14, SINR:9.52948e-02, BpsHz:2.62639e-02
Node 30, SINR:9.52948e-02, BpsHz:2.62639e-02
Node 31, SINR:9.52948e-02, BpsHz:2.62639e-02
Node 32, SINR:0.00000e+00, BpsHz:0.00000e+00
Node 42, SINR:9.52948e-02, BpsHz:2.62639e-02
Node 46, SINR:9.52948e-02, BpsHz:2.62639e-02
---------------
==========Cluster 5, RcvInterf=7.08793e-16============
Node 5, SINR:3.70804e-02, BpsHz:2.62639e-02
Node 26, SINR:0.00000e+00, BpsHz:0.00000e+00
Node 45, SINR:3.70804e-02, BpsHz:2.62639e-02
---------------
==========Cluster 6, RcvInterf=1.81059e-15============
Node 4, SINR:0.00000e+00, BpsHz:0.00000e+00
Node 6, SINR:3.70804e-02, BpsHz:2.62639e-02
Node 16, SINR:3.70804e-02, BpsHz:2.62639e-02
---------------
==========Cluster 7, RcvInterf=6.87132e-15============
Node 2, SINR:9.52948e-02, BpsHz:2.62639e-02
Node 7, SINR:0.00000e+00, BpsHz:0.00000e+00
Node 13, SINR:9.52948e-02, BpsHz:2.62639e-02
Node 29, SINR:9.52948e-02, BpsHz:2.62639e-02
Node 33, SINR:9.52948e-02, BpsHz:2.62639e-02
Node 48, SINR:9.52948e-02, BpsHz:2.62639e-02
---------------
==========Cluster 8, RcvInterf=2.63387e-15============
Node 1, SINR:1.35909e-01, BpsHz:2.62638e-02
Node 8, SINR:1.35909e-01, BpsHz:2.62638e-02
Node 17, SINR:0.00000e+00, BpsHz:0.00000e+00
Node 22, SINR:1.35909e-01, BpsHz:2.62638e-02
Node 23, SINR:1.35909e-01, BpsHz:2.62638e-02
Node 27, SINR:1.35909e-01, BpsHz:2.62638e-02
Node 28, SINR:1.35909e-01, BpsHz:2.62638e-02
Node 36, SINR:1.35909e-01, BpsHz:2.62638e-02
---------------
50
9
1.000000e-03
1.675633e+67
41
0
5.131484e+00
2.125244e+00
5.131485e-03
7.018709e-07
0 0 0 0 0 0 0 0 0 0 0 0 0 0 0 0 0 0 0 0 1 0 0 0 0 1 0 0 0 0 0 0 0 0 1 0 0 0 0 0 0 1 0 0 0 0 0 0 0 0 
0 0 0 0 0 0 0 0 0 1 0 0 1 0 0 0 0 0 1 1 0 1 0 0 0 0 0 0 0 0 0 0 0 0 0 1 0 1 1 1 1 0 0 1 1 0 0 0 0 0 
0 0 0 0 0 0 0 0 0 0 1 1 0 0 0 1 0 0 0 0 0 0 0 0 0 0 0 0 0 0 0 0 0 0 0 0 0 0 0 0 0 0 0 0 0 0 0 1 0 1 
1 0 0 1 0 0 0 0 0 0 0 0 0 0 0 0 0 0 0 0 0 0 0 0 1 0 0 0 0 0 0 0 0 0 0 0 0 0 0 0 0 0 0 0 0 0 0 0 0 0 
0 0 0 0 0 0 0 0 0 0 0 0 0 0 1 0 0 0 0 0 0 0 0 0 0 0 0 0 0 0 1 1 1 0 0 0 0 0 0 0 0 0 1 0 0 0 1 0 0 0 
0 0 0 0 0 1 0 0 0 0 0 0 0 0 0 0 0 0 0 0 0 0 0 0 0 0 1 0 0 0 0 0 0 0 0 0 0 0 0 0 0 0 0 0 0 1 0 0 0 0 
0 0 0 0 1 0 1 0 0 0 0 0 0 0 0 0 1 0 0 0 0 0 0 0 0 0 0 0 0 0 0 0 0 0 0 0 0 0 0 0 0 0 0 0 0 0 0 0 0 0 
0 0 1 0 0 0 0 1 0 0 0 0 0 1 0 0 0 0 0 0 0 0 0 0 0 0 0 0 0 1 0 0 0 1 0 0 0 0 0 0 0 0 0 0 0 0 0 0 1 0 
0 1 0 0 0 0 0 0 1 0 0 0 0 0 0 0 0 1 0 0 0 0 1 1 0 0 0 1 1 0 0 0 0 0 0 0 1 0 0 0 0 0 0 0 0 0 0 0 0 0 
26 20 12 4 33 27 5 8 18 
1.495013E-06 7.187870E-05 4.596326E-06 0.000000E+00 0.000000E+00 5.292947E-07 3.525755E-08 0.000000E+00 6.632747E-07 2.165256E-04 6.977103E-07 0.000000E+00 4.730996E-04 2.357203E-05 4.239781E-06 2.200281E-06 3.392407E-07 0.000000E+00 2.097023E-04 0.000000E+00 2.287646E-04 6.206355E-05 1.443217E-05 3.081850E-05 2.397890E-07 0.000000E+00 0.000000E+00 8.651813E-07 5.636974E-08 1.165457E-05 2.575998E-07 1.424781E-05 0.000000E+00 7.238392E-05 8.423701E-07 2.686953E-04 3.397528E-07 3.837196E-06 1.116711E-05 2.856710E-06 2.333961E-05 3.087758E-06 2.834095E-07 9.992990E-04 6.366478E-08 2.428037E-08 4.380905E-08 3.660585E-06 6.488025E-08 7.610981E-08 
21 26 35 42 
10 13 19 20 22 36 38 39 40 41 44 45 
11 12 16 48 50 
1 4 25 
15 31 32 33 43 47 
6 27 46 
5 7 17 
3 8 14 30 34 49 
2 9 18 23 24 28 29 37 

============Find Best @ Round 0================
==========Cluster 0, RcvInterf=3.74075e-15============
Node 20, SINR:5.61330e-02, BpsHz:2.62639e-02
Node 25, SINR:0.00000e+00, BpsHz:0.00000e+00
Node 34, SINR:5.61330e-02, BpsHz:2.62639e-02
Node 41, SINR:5.61330e-02, BpsHz:2.62639e-02
---------------
==========Cluster 1, RcvInterf=2.92491e-15============
Node 9, SINR:2.21710e-01, BpsHz:2.62638e-02
Node 12, SINR:2.21710e-01, BpsHz:2.62638e-02
Node 18, SINR:2.21710e-01, BpsHz:2.62638e-02
Node 19, SINR:0.00000e+00, BpsHz:0.00000e+00
Node 21, SINR:2.21710e-01, BpsHz:2.62638e-02
Node 35, SINR:2.21710e-01, BpsHz:2.62638e-02
Node 37, SINR:2.21710e-01, BpsHz:2.62638e-02
Node 38, SINR:2.21710e-01, BpsHz:2.62638e-02
Node 39, SINR:2.21710e-01, BpsHz:2.62638e-02
Node 40, SINR:2.21710e-01, BpsHz:2.62638e-02
Node 43, SINR:2.21710e-01, BpsHz:2.62638e-02
Node 44, SINR:2.21710e-01, BpsHz:2.62638e-02
---------------
==========Cluster 2, RcvInterf=1.93786e-15============
Node 10, SINR:7.55357e-02, BpsHz:2.62638e-02
Node 11, SINR:0.00000e+00, BpsHz:0.00000e+00
Node 15, SINR:7.55357e-02, BpsHz:2.62638e-02
Node 47, SINR:7.55357e-02, BpsHz:2.62638e-02
Node 49, SINR:7.55357e-02, BpsHz:2.62638e-02
---------------
==========Cluster 3, RcvInterf=1.69017e-15============
Node 0, SINR:3.70804e-02, BpsHz:2.62639e-02
Node 3, SINR:0.00000e+00, BpsHz:0.00000e+00
Node 24, SINR:3.70804e-02, BpsHz:2.62639e-02
---------------
==========Cluster 4, RcvInterf=7.75763e-16============
Node 14, SINR:9.52948e-02, BpsHz:2.62639e-02
Node 30, SINR:9.52948e-02, BpsHz:2.62639e-02
Node 31, SINR:9.52948e-02, BpsHz:2.62639e-02
Node 32, SINR:0.00000e+00, BpsHz:0.00000e+00
Node 42, SINR:9.52948e-02, BpsHz:2.62639e-02
Node 46, SINR:9.52948e-02, BpsHz:2.62639e-02
---------------
==========Cluster 5, RcvInterf=7.08793e-16============
Node 5, SINR:3.70804e-02, BpsHz:2.62639e-02
Node 26, SINR:0.00000e+00, BpsHz:0.00000e+00
Node 45, SINR:3.70804e-02, BpsHz:2.62639e-02
---------------
==========Cluster 6, RcvInterf=1.81059e-15============
Node 4, SINR:0.00000e+00, BpsHz:0.00000e+00
Node 6, SINR:3.70804e-02, BpsHz:2.62639e-02
Node 16, SINR:3.70804e-02, BpsHz:2.62639e-02
---------------
==========Cluster 7, RcvInterf=6.87132e-15============
Node 2, SINR:9.52948e-02, BpsHz:2.62639e-02
Node 7, SINR:0.00000e+00, BpsHz:0.00000e+00
Node 13, SINR:9.52948e-02, BpsHz:2.62639e-02
Node 29, SINR:9.52948e-02, BpsHz:2.62639e-02
Node 33, SINR:9.52948e-02, BpsHz:2.62639e-02
Node 48, SINR:9.52948e-02, BpsHz:2.62639e-02
---------------
==========Cluster 8, RcvInterf=2.63387e-15============
Node 1, SINR:1.35909e-01, BpsHz:2.62638e-02
Node 8, SINR:1.35909e-01, BpsHz:2.62638e-02
Node 17, SINR:0.00000e+00, BpsHz:0.00000e+00
Node 22, SINR:1.35909e-01, BpsHz:2.62638e-02
Node 23, SINR:1.35909e-01, BpsHz:2.62638e-02
Node 27, SINR:1.35909e-01, BpsHz:2.62638e-02
Node 28, SINR:1.35909e-01, BpsHz:2.62638e-02
Node 36, SINR:1.35909e-01, BpsHz:2.62638e-02
---------------
