195
11
1.000000e-003
2.741176e-306
143
3000
1.075820e+001
1.129761e+000
1.075820e-005
3.945967e-007
0 0 0 0 0 0 0 0 0 0 0 0 0 0 0 0 0 0 0 0 0 0 0 0 0 0 0 0 0 0 0 1 0 0 0 0 0 0 0 0 0 1 0 1 0 0 0 0 0 0 0 0 0 0 0 0 0 0 0 1 0 0 0 0 0 0 0 0 0 0 0 0 0 0 0 0 0 0 0 0 0 0 0 0 0 0 0 0 0 0 1 0 0 0 0 0 0 0 0 0 0 0 0 0 0 0 0 0 0 0 1 0 0 0 0 0 0 1 0 0 0 0 0 1 0 1 0 0 0 0 0 0 0 0 0 0 0 0 0 0 0 0 1 0 1 0 0 0 1 0 0 0 0 0 0 0 0 1 0 0 0 0 1 0 0 0 0 1 0 0 0 0 0 0 0 0 0 0 0 0 0 0 0 0 0 0 0 1 0 0 0 0 0 0 0 
0 1 0 0 0 0 0 0 0 0 0 0 0 0 0 1 0 0 0 0 0 1 0 0 0 0 0 0 0 0 0 0 0 0 0 0 0 0 1 1 0 0 0 0 0 0 0 0 1 0 0 0 0 0 0 0 0 0 1 0 0 0 0 0 0 0 0 0 0 0 0 0 0 0 0 0 0 0 1 0 0 0 0 0 0 0 1 0 0 0 0 0 0 0 1 0 0 0 0 0 0 0 0 0 0 0 0 0 0 0 0 0 1 0 0 0 0 0 0 0 0 0 0 0 1 0 0 0 0 0 0 0 0 0 1 0 1 0 0 0 0 0 0 0 0 0 0 0 0 0 0 0 0 0 0 0 0 0 0 0 0 0 0 0 0 0 0 0 0 0 0 0 0 0 0 0 0 0 0 0 0 0 0 0 1 0 0 0 1 0 0 0 0 0 0 
0 0 0 0 0 0 0 0 0 0 0 0 0 0 1 0 0 0 0 0 0 0 0 1 0 0 0 0 0 0 0 0 0 0 0 1 0 0 0 0 0 0 1 0 1 0 0 0 0 0 0 0 0 0 0 0 0 0 0 0 0 1 0 0 0 0 0 0 0 0 0 0 0 0 0 0 0 0 0 0 0 0 0 0 0 0 0 0 0 0 0 0 0 0 0 0 0 0 0 0 0 0 0 0 0 0 0 0 0 0 0 0 0 1 0 0 1 0 0 0 0 0 0 0 0 0 0 1 0 0 0 0 0 0 0 0 0 1 0 0 0 0 0 0 0 0 0 0 0 0 0 0 0 0 0 0 0 0 0 0 0 0 0 0 0 0 1 0 0 1 1 0 1 0 0 0 0 0 0 0 0 0 0 0 0 0 0 0 0 0 0 0 0 0 0 
0 0 1 1 0 0 0 0 0 0 0 0 0 0 0 0 0 0 0 0 0 0 0 0 0 0 0 0 0 0 0 0 0 0 0 0 0 0 0 0 0 0 0 0 0 0 0 0 0 0 0 0 0 0 0 0 0 0 0 0 0 0 1 0 0 0 0 0 0 0 0 0 0 1 0 0 0 0 0 0 0 0 0 0 0 0 0 0 0 0 0 0 0 0 0 0 1 0 0 0 0 0 0 0 0 0 0 0 0 0 0 0 0 0 0 1 0 0 0 1 0 0 0 0 0 0 0 0 0 0 0 0 0 0 0 1 0 0 1 1 0 0 0 0 0 1 0 0 0 0 0 0 1 0 0 0 0 0 0 0 0 0 0 0 0 0 0 0 0 0 0 0 0 0 1 0 0 0 0 0 1 1 0 0 0 0 0 0 0 0 0 0 0 0 0 
0 0 0 0 0 0 0 0 0 0 0 0 0 0 0 0 0 0 0 0 0 0 0 0 0 0 0 0 0 0 0 0 0 0 1 0 0 0 0 0 0 0 0 0 0 0 0 1 0 0 0 0 0 0 0 0 0 0 0 0 0 0 0 0 0 0 0 1 0 1 0 0 0 0 0 0 0 0 0 0 1 0 0 0 0 0 0 0 0 0 0 0 0 1 0 0 0 0 1 0 0 0 0 0 0 1 0 0 0 0 0 0 0 0 0 0 0 0 0 0 1 0 0 0 0 0 0 0 0 0 0 0 0 0 0 0 0 0 0 0 0 0 0 0 0 0 0 0 0 0 0 0 0 0 1 1 0 0 0 0 0 0 0 0 0 0 0 0 0 0 0 0 0 0 0 1 0 0 0 0 0 0 0 0 0 0 0 0 0 0 0 0 0 0 0 
0 0 0 0 0 1 0 0 0 1 0 0 0 0 0 0 0 0 0 0 0 0 0 0 0 0 1 0 0 0 0 0 0 0 0 0 1 0 0 0 0 0 0 0 0 0 1 0 0 0 0 0 0 0 0 0 0 0 0 0 0 0 0 0 0 0 0 0 0 0 0 0 0 0 0 0 0 0 0 0 0 0 0 1 0 0 0 0 0 0 0 0 0 0 0 0 0 0 0 0 0 0 0 0 0 0 0 0 0 0 0 0 0 0 0 0 0 0 0 0 0 0 0 0 0 0 0 0 0 0 0 0 0 0 0 0 0 0 0 0 0 0 0 0 0 0 0 0 0 0 0 0 0 0 0 0 0 0 0 0 0 0 0 0 0 0 0 0 0 0 0 0 0 0 0 0 0 0 0 0 0 0 0 0 0 0 0 0 0 0 0 0 0 0 0 
0 0 0 0 0 0 1 0 0 0 0 1 1 0 0 0 0 0 0 0 0 0 1 0 1 0 0 0 1 0 1 0 1 0 0 0 0 0 0 0 0 0 0 0 0 0 0 0 0 0 1 0 0 0 0 0 0 0 0 0 0 0 0 0 0 0 1 0 0 0 1 0 0 0 0 0 1 0 0 0 0 0 1 0 0 0 0 0 0 0 0 0 0 0 0 0 0 1 0 0 0 0 0 1 0 0 0 0 0 0 0 0 0 0 0 0 0 0 1 0 0 1 0 0 0 0 0 0 0 0 0 0 0 0 0 0 0 0 0 0 0 0 0 0 0 0 0 1 0 0 1 0 0 1 0 0 0 0 0 1 0 0 0 0 1 0 0 0 0 0 0 0 0 0 0 0 1 0 0 0 0 0 0 1 0 0 1 0 0 0 0 0 0 0 0 
0 0 0 0 0 0 0 0 0 0 0 0 0 1 0 0 0 0 0 1 0 0 0 0 0 0 0 0 0 0 0 0 0 0 0 0 0 0 0 0 1 0 0 0 0 0 0 0 0 0 0 0 0 0 1 0 0 0 0 0 0 0 0 0 0 1 0 0 0 0 0 0 0 0 0 1 0 0 0 0 0 1 0 0 0 1 0 1 1 0 0 0 0 0 0 0 0 0 0 0 0 0 1 0 1 0 0 0 0 0 0 0 0 0 0 0 0 0 0 0 0 0 0 0 0 0 0 0 0 0 0 0 0 0 0 0 0 0 0 0 0 0 0 0 0 0 0 0 0 0 0 0 0 0 0 0 0 0 0 0 1 0 0 0 0 0 0 0 0 0 0 0 0 0 0 0 0 0 0 0 0 0 1 0 0 0 0 0 0 0 0 0 0 0 0 
0 0 0 0 0 0 0 0 0 0 0 0 0 0 0 0 0 0 1 0 0 0 0 0 0 0 0 0 0 0 0 0 0 1 0 0 0 0 0 0 0 0 0 0 0 0 0 0 0 1 0 1 0 0 0 0 0 0 0 0 0 0 0 0 0 0 0 0 1 0 0 0 0 0 0 0 0 0 0 0 0 0 0 0 0 0 0 0 0 0 0 0 0 0 0 0 0 0 0 0 0 0 0 0 0 0 1 0 0 0 0 0 0 0 0 0 0 0 0 0 0 0 1 0 0 0 0 0 0 1 1 0 0 0 0 0 0 0 0 0 0 0 0 0 0 0 1 0 0 1 0 0 0 0 0 0 0 0 0 0 0 0 0 0 0 1 0 0 0 0 0 0 0 0 0 0 0 1 1 1 0 0 0 0 0 0 0 0 0 0 0 0 0 0 1 
0 0 0 0 0 0 0 0 0 0 0 0 0 0 0 0 0 0 0 0 0 0 0 0 0 0 0 0 0 0 0 0 0 0 0 0 0 0 0 0 0 0 0 0 0 1 0 0 0 0 0 0 0 1 0 0 0 0 0 0 1 0 0 0 1 0 0 0 0 0 0 0 0 0 0 0 0 0 0 0 0 0 0 0 0 0 0 0 0 0 0 0 0 0 0 0 0 0 0 1 0 0 0 0 0 0 0 0 0 0 0 0 0 0 1 0 0 0 0 0 0 0 0 0 0 0 0 0 0 0 0 1 0 0 0 0 0 0 0 0 0 0 0 0 0 0 0 0 0 0 0 0 0 0 0 0 0 0 0 0 0 0 0 0 0 0 0 0 0 0 0 0 0 0 0 0 0 0 0 0 0 0 0 0 0 0 0 0 0 0 0 0 0 0 0 
0 0 0 0 0 0 0 0 1 0 1 0 0 0 0 0 0 0 0 0 0 0 0 0 0 1 0 0 0 0 0 0 0 0 0 0 0 0 0 0 0 0 0 0 0 0 0 0 0 0 0 0 1 0 0 1 0 0 0 0 0 0 0 1 0 0 0 0 0 0 0 0 0 0 1 0 0 0 0 0 0 0 0 0 1 0 0 0 0 0 0 0 1 0 0 0 0 0 0 0 0 0 0 0 0 0 0 1 0 0 0 1 0 0 0 0 0 0 0 0 0 0 0 0 0 0 1 0 0 0 0 0 0 0 0 0 0 0 0 0 0 0 0 0 0 0 0 0 0 0 0 0 0 0 0 0 0 0 0 0 0 0 0 0 0 0 0 0 0 0 0 0 0 0 0 0 0 0 0 0 0 0 0 0 0 0 0 0 0 0 0 1 0 0 0 
91 185 24 4 48 27 29 89 150 61 64 
0.000000E+000 7.437650E-005 1.968911E-005 0.000000E+000 0.000000E+000 1.601932E-012 2.664499E-004 0.000000E+000 9.955273E-006 6.509264E-008 8.012154E-006 3.602550E-005 1.972729E-004 2.573546E-005 5.658771E-006 3.329825E-005 0.000000E+000 0.000000E+000 2.886574E-005 9.613957E-006 0.000000E+000 6.418906E-006 1.800089E-005 0.000000E+000 1.051219E-004 6.557409E-005 0.000000E+000 0.000000E+000 0.000000E+000 0.000000E+000 3.093810E-005 3.003902E-006 1.938567E-006 3.505180E-006 4.570734E-005 1.288591E-005 6.025299E-007 0.000000E+000 1.388835E-006 3.606269E-005 1.443403E-005 4.116073E-006 1.130898E-004 1.142267E-005 1.445096E-005 2.597654E-007 1.924045E-007 0.000000E+000 6.866915E-006 1.099846E-005 7.431154E-005 4.753788E-005 3.178587E-006 5.528866E-006 1.523811E-004 2.532157E-005 0.000000E+000 0.000000E+000 1.475508E-005 8.875811E-006 0.000000E+000 2.991971E-005 1.030590E-004 0.000000E+000 3.121709E-006 5.883898E-005 5.153791E-005 1.126280E-006 2.142606E-005 2.142362E-005 1.191165E-004 0.000000E+000 0.000000E+000 5.303996E-006 6.466055E-006 2.525951E-005 1.387384E-004 0.000000E+000 7.861408E-006 0.000000E+000 1.201904E-005 3.550494E-007 1.190901E-004 3.418834E-007 1.047169E-005 3.131197E-006 2.932392E-005 4.881533E-006 0.000000E+000 0.000000E+000 0.000000E+000 0.000000E+000 3.574465E-009 9.712794E-006 1.586526E-006 0.000000E+000 4.630867E-005 2.140071E-005 1.235677E-005 8.621604E-006 0.000000E+000 0.000000E+000 7.215253E-006 6.714765E-005 1.124097E-005 4.580846E-006 5.525999E-005 6.081305E-005 0.000000E+000 0.000000E+000 4.954265E-006 2.035596E-005 7.161492E-008 3.446933E-007 1.788006E-006 1.016911E-005 7.505360E-006 5.909160E-005 6.745991E-005 1.010197E-006 2.035104E-007 4.110506E-006 2.409709E-005 1.885825E-004 2.946639E-004 3.247691E-007 2.678355E-007 3.266033E-006 0.000000E+000 1.368120E-005 1.546959E-006 4.151305E-006 0.000000E+000 0.000000E+000 2.689000E-005 1.758021E-006 6.601503E-005 1.470537E-006 3.358185E-005 3.712224E-006 0.000000E+000 0.000000E+000 2.494548E-005 0.000000E+000 2.087124E-006 3.228230E-008 1.720353E-005 9.156979E-006 2.709209E-006 0.000000E+000 5.679156E-005 0.000000E+000 2.123828E-006 7.119165E-005 2.927016E-006 1.577950E-007 0.000000E+000 3.645852E-005 0.000000E+000 9.996695E-004 4.084934E-005 0.000000E+000 1.455344E-005 0.000000E+000 3.396966E-006 1.077252E-004 2.777928E-006 4.103503E-005 0.000000E+000 7.155164E-006 1.219469E-006 0.000000E+000 1.099942E-005 0.000000E+000 5.675058E-006 6.434130E-007 3.151103E-004 9.096116E-006 9.708818E-007 5.563794E-006 4.359259E-007 1.396495E-006 4.596555E-006 7.563995E-004 0.000000E+000 0.000000E+000 3.085132E-004 6.537567E-005 3.188094E-006 0.000000E+000 0.000000E+000 2.440813E-005 0.000000E+000 0.000000E+000 7.194940E-006 
32 42 60 91 111 118 126 143 145 149 158 44 188 163 124 168 
2 22 39 40 49 79 95 113 185 189 16 59 87 137 125 135 
24 114 117 128 138 167 171 15 36 170 173 45 62 43 
4 74 116 120 136 140 146 153 175 181 182 97 139 3 63 
48 68 121 156 176 155 70 94 35 106 99 81 
6 10 27 37 47 84 
7 12 13 23 25 29 31 33 51 67 77 83 98 104 119 122 148 151 154 165 177 187 184 71 160 
14 20 82 86 88 89 103 105 183 66 41 161 55 76 
19 34 50 52 69 130 131 147 150 178 179 180 195 123 166 107 
46 54 61 115 132 100 65 
53 64 93 127 75 11 9 85 112 56 192 26 108 

============Find Best @ Round 2018================
==========Cluster 0, RcvInterf=3.02161e-014============
Node 31, SINR:6.71440e-001, BpsHz:4.94061e-002
Node 41, SINR:6.71440e-001, BpsHz:4.94061e-002
Node 59, SINR:6.71440e-001, BpsHz:4.94061e-002
Node 90, SINR:0.00000e+000, BpsHz:0.00000e+000
Node 110, SINR:6.71440e-001, BpsHz:4.94061e-002
Node 117, SINR:6.71440e-001, BpsHz:4.94061e-002
Node 125, SINR:6.71440e-001, BpsHz:4.94061e-002
Node 142, SINR:6.71440e-001, BpsHz:4.94061e-002
Node 144, SINR:6.71440e-001, BpsHz:4.94061e-002
Node 148, SINR:6.71440e-001, BpsHz:4.94061e-002
Node 157, SINR:6.71440e-001, BpsHz:4.94061e-002
Node 43, SINR:6.71440e-001, BpsHz:4.94061e-002
Node 187, SINR:6.71440e-001, BpsHz:4.94061e-002
Node 162, SINR:6.71440e-001, BpsHz:4.94061e-002
Node 123, SINR:6.71440e-001, BpsHz:4.94061e-002
Node 167, SINR:6.71440e-001, BpsHz:4.94061e-002
---------------
==========Cluster 1, RcvInterf=2.38215e-014============
Node 1, SINR:6.71440e-001, BpsHz:4.94061e-002
Node 21, SINR:6.71440e-001, BpsHz:4.94061e-002
Node 38, SINR:6.71440e-001, BpsHz:4.94061e-002
Node 39, SINR:6.71440e-001, BpsHz:4.94061e-002
Node 48, SINR:6.71440e-001, BpsHz:4.94061e-002
Node 78, SINR:6.71440e-001, BpsHz:4.94061e-002
Node 94, SINR:6.71440e-001, BpsHz:4.94061e-002
Node 112, SINR:6.71440e-001, BpsHz:4.94061e-002
Node 184, SINR:0.00000e+000, BpsHz:0.00000e+000
Node 188, SINR:6.71440e-001, BpsHz:4.94061e-002
Node 15, SINR:6.71440e-001, BpsHz:4.94061e-002
Node 58, SINR:6.71440e-001, BpsHz:4.94061e-002
Node 86, SINR:6.71440e-001, BpsHz:4.94061e-002
Node 136, SINR:6.71440e-001, BpsHz:4.94061e-002
Node 124, SINR:6.71440e-001, BpsHz:4.94061e-002
Node 134, SINR:6.71440e-001, BpsHz:4.94061e-002
---------------
==========Cluster 2, RcvInterf=1.58832e-014============
Node 23, SINR:0.00000e+000, BpsHz:0.00000e+000
Node 113, SINR:5.60793e-001, BpsHz:4.94061e-002
Node 116, SINR:5.60793e-001, BpsHz:4.94061e-002
Node 127, SINR:5.60793e-001, BpsHz:4.94061e-002
Node 137, SINR:5.60793e-001, BpsHz:4.94061e-002
Node 166, SINR:5.60793e-001, BpsHz:4.94061e-002
Node 170, SINR:5.60793e-001, BpsHz:4.94061e-002
Node 14, SINR:5.60793e-001, BpsHz:4.94061e-002
Node 35, SINR:5.60793e-001, BpsHz:4.94061e-002
Node 169, SINR:5.60793e-001, BpsHz:4.94061e-002
Node 172, SINR:5.60793e-001, BpsHz:4.94061e-002
Node 44, SINR:5.60793e-001, BpsHz:4.94061e-002
Node 61, SINR:5.60793e-001, BpsHz:4.94061e-002
Node 42, SINR:5.60793e-001, BpsHz:4.94061e-002
---------------
==========Cluster 3, RcvInterf=2.09670e-014============
Node 3, SINR:0.00000e+000, BpsHz:0.00000e+000
Node 73, SINR:6.15169e-001, BpsHz:4.94061e-002
Node 115, SINR:6.15169e-001, BpsHz:4.94061e-002
Node 119, SINR:6.15169e-001, BpsHz:4.94061e-002
Node 135, SINR:6.15169e-001, BpsHz:4.94061e-002
Node 139, SINR:6.15169e-001, BpsHz:4.94061e-002
Node 145, SINR:6.15169e-001, BpsHz:4.94061e-002
Node 152, SINR:6.15169e-001, BpsHz:4.94061e-002
Node 174, SINR:6.15169e-001, BpsHz:4.94061e-002
Node 180, SINR:6.15169e-001, BpsHz:4.94061e-002
Node 181, SINR:6.15169e-001, BpsHz:4.94061e-002
Node 96, SINR:6.15169e-001, BpsHz:4.94061e-002
Node 138, SINR:6.15169e-001, BpsHz:4.94061e-002
Node 2, SINR:6.15169e-001, BpsHz:4.94061e-002
Node 62, SINR:6.15169e-001, BpsHz:4.94061e-002
---------------
==========Cluster 4, RcvInterf=1.99552e-014============
Node 47, SINR:0.00000e+000, BpsHz:0.00000e+000
Node 67, SINR:4.57471e-001, BpsHz:4.94061e-002
Node 120, SINR:4.57471e-001, BpsHz:4.94061e-002
Node 155, SINR:4.57471e-001, BpsHz:4.94061e-002
Node 175, SINR:4.57471e-001, BpsHz:4.94061e-002
Node 154, SINR:4.57471e-001, BpsHz:4.94061e-002
Node 69, SINR:4.57471e-001, BpsHz:4.94061e-002
Node 93, SINR:4.57471e-001, BpsHz:4.94061e-002
Node 34, SINR:4.57471e-001, BpsHz:4.94061e-002
Node 105, SINR:4.57471e-001, BpsHz:4.94061e-002
Node 98, SINR:4.57471e-001, BpsHz:4.94061e-002
Node 80, SINR:4.57471e-001, BpsHz:4.94061e-002
---------------
==========Cluster 5, RcvInterf=1.72916e-014============
Node 5, SINR:1.86762e-001, BpsHz:4.94061e-002
Node 9, SINR:1.86762e-001, BpsHz:4.94061e-002
Node 26, SINR:0.00000e+000, BpsHz:0.00000e+000
Node 36, SINR:1.86762e-001, BpsHz:4.94061e-002
Node 46, SINR:1.86762e-001, BpsHz:4.94061e-002
Node 83, SINR:1.86762e-001, BpsHz:4.94061e-002
---------------
==========Cluster 6, RcvInterf=2.10108e-014============
Node 6, SINR:1.27481e+000, BpsHz:4.94061e-002
Node 11, SINR:1.27481e+000, BpsHz:4.94061e-002
Node 12, SINR:1.27481e+000, BpsHz:4.94061e-002
Node 22, SINR:1.27481e+000, BpsHz:4.94061e-002
Node 24, SINR:1.27481e+000, BpsHz:4.94061e-002
Node 28, SINR:0.00000e+000, BpsHz:0.00000e+000
Node 30, SINR:1.27481e+000, BpsHz:4.94061e-002
Node 32, SINR:1.27481e+000, BpsHz:4.94061e-002
Node 50, SINR:1.27481e+000, BpsHz:4.94061e-002
Node 66, SINR:1.27481e+000, BpsHz:4.94061e-002
Node 76, SINR:1.27481e+000, BpsHz:4.94061e-002
Node 82, SINR:1.27481e+000, BpsHz:4.94061e-002
Node 97, SINR:1.27481e+000, BpsHz:4.94061e-002
Node 103, SINR:1.27481e+000, BpsHz:4.94061e-002
Node 118, SINR:1.27481e+000, BpsHz:4.94061e-002
Node 121, SINR:1.27481e+000, BpsHz:4.94061e-002
Node 147, SINR:1.27481e+000, BpsHz:4.94061e-002
Node 150, SINR:1.27481e+000, BpsHz:4.94061e-002
Node 153, SINR:1.27481e+000, BpsHz:4.94061e-002
Node 164, SINR:1.27481e+000, BpsHz:4.94061e-002
Node 176, SINR:1.27481e+000, BpsHz:4.94061e-002
Node 186, SINR:1.27481e+000, BpsHz:4.94061e-002
Node 183, SINR:1.27481e+000, BpsHz:4.94061e-002
Node 70, SINR:1.27481e+000, BpsHz:4.94061e-002
Node 159, SINR:1.27481e+000, BpsHz:4.94061e-002
---------------
==========Cluster 7, RcvInterf=2.03775e-014============
Node 13, SINR:5.60793e-001, BpsHz:4.94061e-002
Node 19, SINR:5.60793e-001, BpsHz:4.94061e-002
Node 81, SINR:5.60793e-001, BpsHz:4.94061e-002
Node 85, SINR:5.60793e-001, BpsHz:4.94061e-002
Node 87, SINR:5.60793e-001, BpsHz:4.94061e-002
Node 88, SINR:0.00000e+000, BpsHz:0.00000e+000
Node 102, SINR:5.60793e-001, BpsHz:4.94061e-002
Node 104, SINR:5.60793e-001, BpsHz:4.94061e-002
Node 182, SINR:5.60793e-001, BpsHz:4.94061e-002
Node 65, SINR:5.60793e-001, BpsHz:4.94061e-002
Node 40, SINR:5.60793e-001, BpsHz:4.94061e-002
Node 160, SINR:5.60793e-001, BpsHz:4.94061e-002
Node 54, SINR:5.60793e-001, BpsHz:4.94061e-002
Node 75, SINR:5.60793e-001, BpsHz:4.94061e-002
---------------
==========Cluster 8, RcvInterf=1.27031e-014============
Node 18, SINR:6.71440e-001, BpsHz:4.94061e-002
Node 33, SINR:6.71440e-001, BpsHz:4.94061e-002
Node 49, SINR:6.71440e-001, BpsHz:4.94061e-002
Node 51, SINR:6.71440e-001, BpsHz:4.94061e-002
Node 68, SINR:6.71440e-001, BpsHz:4.94061e-002
Node 129, SINR:6.71440e-001, BpsHz:4.94061e-002
Node 130, SINR:6.71440e-001, BpsHz:4.94061e-002
Node 146, SINR:6.71440e-001, BpsHz:4.94061e-002
Node 149, SINR:0.00000e+000, BpsHz:0.00000e+000
Node 177, SINR:6.71440e-001, BpsHz:4.94061e-002
Node 178, SINR:6.71440e-001, BpsHz:4.94061e-002
Node 179, SINR:6.71440e-001, BpsHz:4.94061e-002
Node 194, SINR:6.71440e-001, BpsHz:4.94061e-002
Node 122, SINR:6.71440e-001, BpsHz:4.94061e-002
Node 165, SINR:6.71440e-001, BpsHz:4.94061e-002
Node 106, SINR:6.71440e-001, BpsHz:4.94061e-002
---------------
==========Cluster 9, RcvInterf=1.78008e-014============
Node 45, SINR:2.28107e-001, BpsHz:4.94061e-002
Node 53, SINR:2.28107e-001, BpsHz:4.94061e-002
Node 60, SINR:0.00000e+000, BpsHz:0.00000e+000
Node 114, SINR:2.28107e-001, BpsHz:4.94061e-002
Node 131, SINR:2.28107e-001, BpsHz:4.94061e-002
Node 99, SINR:2.28107e-001, BpsHz:4.94061e-002
Node 64, SINR:2.28107e-001, BpsHz:4.94061e-002
---------------
==========Cluster 10, RcvInterf=2.38026e-014============
Node 52, SINR:5.08248e-001, BpsHz:4.94061e-002
Node 63, SINR:0.00000e+000, BpsHz:0.00000e+000
Node 92, SINR:5.08248e-001, BpsHz:4.94061e-002
Node 126, SINR:5.08248e-001, BpsHz:4.94061e-002
Node 74, SINR:5.08248e-001, BpsHz:4.94061e-002
Node 10, SINR:5.08248e-001, BpsHz:4.94061e-002
Node 8, SINR:5.08248e-001, BpsHz:4.94061e-002
Node 84, SINR:5.08248e-001, BpsHz:4.94061e-002
Node 111, SINR:5.08248e-001, BpsHz:4.94061e-002
Node 55, SINR:5.08248e-001, BpsHz:4.94061e-002
Node 191, SINR:5.08248e-001, BpsHz:4.94061e-002
Node 25, SINR:5.08248e-001, BpsHz:4.94061e-002
Node 107, SINR:5.08248e-001, BpsHz:4.94061e-002
---------------
