118
71
104
137
115
32
29
2
31
54
154
173
17
20
73
38
14
12
66
51
150
41
23
158
141
47
81
140
178
139
99
52
3
64
95
55
9
157
63
163
1
86
147
57
155
80
159
60
179
89
39
174
126
35
111
11
49
26
183
180
125
132
45
123
165
75
152
170
18
166
124
13
149
27
5
40
153
156
134
186
82
93
68
113
61
65
59
108
90
184
15
120
84
128
110
88
69
42
100
21
10
191
189
30
176
34
121
167
56
162
146
144
160
164
130
37
33
19
62
177
131
145
24
7
142
94
172
87
127
79
109
192
135
148
77
25
187
103
76
114
44
107
169
138
151
6
101
53
83
188
16
58
136
181
78
105
168
122
171
72
50
143
117
43
91
74
96
67
129
46
22
85
70
92
97
102
190
48
112
182
106
185
36
133
4
119
