182
69
47
169
27
21
73
63
59
175
55
7
53
135
64
180
156
119
92
168
12
66
132
19
134
114
13
88
40
126
110
18
127
8
45
3
25
150
78
50
82
177
163
94
131
136
144
118
99
83
146
29
46
191
77
48
34
133
108
185
145
113
105
74
58
33
39
68
161
98
164
155
52
35
172
31
85
17
128
158
80
43
56
124
89
166
121
187
174
194
16
188
26
54
71
76
111
129
15
41
160
51
28
103
24
102
4
62
11
157
6
93
165
42
95
186
171
79
67
22
154
117
97
130
91
170
159
149
115
1
70
57
173
190
100
2
49
122
112
123
183
87
162
109
84
192
30
184
61
72
81
120
178
44
137
138
125
195
14
116
5
107
148
23
151
176
139
60
140
65
141
152
20
96
181
101
106
142
147
75
36
167
90
179
9
193
