125 11 656.55 0.48 0.550000 8 -1.0 11203        365.893 47 1.221370e-06 4.930574e-07 1.221370e+00 5.412292e-01 8     1.714427e-06 1.762599e+00
125 11 656.56 0.48 0.550000 8 -1.0 14568        363.201 45 8.067519e-07 5.373835e-07 8.067518e-01 8.050537e-01 7     1.344135e-06 1.611806e+00
125 11 656.56 0.48 0.550000 8 -1.0 8441        364.719 44 1.110513e-06 8.572899e-07 1.110513e+00 7.171631e-01 6     1.967803e-06 1.827676e+00
125 11 656.57 0.48 0.550000 8 -1.0 13762        361.837 44 1.044031e-06 5.511165e-07 1.044031e+00 6.924438e-01 6     1.595147e-06 1.736474e+00
125 11 656.57 0.48 0.550000 8 -1.0 2233        365.491 44 5.956094e-07 1.155710e-06 5.956094e-01 1.188965e+00 4     1.751319e-06 1.784574e+00
125 11 656.58 0.48 0.550000 8 -1.0 19532        363.589 45 1.146418e-06 5.905131e-07 1.146418e+00 5.966187e-01 8     1.736931e-06 1.743037e+00
125 11 656.58 0.48 0.550000 8 -1.0 7136        363.622 45 7.138347e-07 8.254776e-07 7.138347e-01 9.490967e-01 4     1.539312e-06 1.662931e+00
125 11 656.59 0.48 0.550000 8 -1.0 14525        363.665 46 1.051976e-06 7.023259e-07 1.051976e+00 7.531738e-01 5     1.754302e-06 1.805149e+00
125 11 656.59 0.48 0.550000 8 -1.0 17673        363.248 46 7.322320e-07 9.618580e-07 7.322320e-01 9.576416e-01 7     1.694090e-06 1.689874e+00
125 11 656.59 0.48 0.550000 8 -1.0 7130        366.005 43 1.136014e-06 7.062583e-07 1.136014e+00 8.056641e-01 7     1.842273e-06 1.941678e+00
125 11 656.59 0.48 0.550000 8 -1.0 9431        361.415 44 7.657591e-07 1.099705e-06 7.657591e-01 8.691406e-01 6     1.865464e-06 1.634900e+00
125 11 656.60 0.48 0.550000 8 -1.0 18406        364.199 45 1.241207e-06 6.481702e-07 1.241207e+00 5.529785e-01 8     1.889377e-06 1.794186e+00
125 11 656.61 0.48 0.550000 8 -1.0 4242        363.738 46 9.423655e-07 6.700974e-07 9.423655e-01 8.374023e-01 5     1.612463e-06 1.779768e+00
125 11 656.62 0.48 0.550000 8 -1.0 2751        362.507 45 1.041871e-06 5.128433e-07 1.041871e+00 8.947754e-01 5     1.554715e-06 1.936647e+00
125 11 656.62 0.48 0.550000 8 -1.0 9750        366.146 46 9.395276e-07 7.041326e-07 9.395275e-01 7.012939e-01 9     1.643660e-06 1.640821e+00
125 11 656.63 0.48 0.550000 8 -1.0 14966        361.622 44 5.823969e-07 1.813672e-06 5.823969e-01 1.283569e+00 5     2.396069e-06 1.865966e+00
125 11 656.63 0.48 0.550000 8 -1.0 5076        367.611 45 8.035783e-07 8.260441e-07 8.035783e-01 9.164429e-01 6     1.629622e-06 1.720021e+00
125 11 656.64 0.48 0.550000 8 -1.0 11566        361.393 45 9.717583e-07 6.350484e-07 9.717583e-01 7.061768e-01 7     1.606807e-06 1.677935e+00
125 11 656.64 0.48 0.550000 8 -1.0 14148        363.846 45 1.111171e-06 1.084974e-06 1.111171e+00 9.997559e-01 9     2.196145e-06 2.110927e+00
125 11 656.64 0.48 0.550000 8 -1.0 18731        362.890 46 1.077634e-06 4.970471e-07 1.077634e+00 5.349731e-01 11     1.574681e-06 1.612607e+00
125 11 656.64 0.48 0.550000 8 -1.0 9554        362.396 46 8.735477e-07 5.738305e-07 8.735476e-01 8.111572e-01 5     1.447378e-06 1.684705e+00
125 11 656.65 0.48 0.550000 8 -1.0 17490        362.535 46 1.079897e-06 5.667056e-07 1.079897e+00 5.587769e-01 8     1.646603e-06 1.638674e+00
125 11 656.66 0.48 0.550000 8 -1.0 9419        361.185 47 8.499465e-07 5.064037e-07 8.499464e-01 7.110596e-01 6     1.356350e-06 1.561006e+00
125 11 656.67 0.48 0.550000 8 -1.0 1070        362.964 45 1.096815e-06 6.886266e-07 1.096815e+00 7.373047e-01 7     1.785441e-06 1.834119e+00
125 11 656.67 0.48 0.550000 8 -1.0 11263        362.347 46 9.946826e-07 6.235496e-07 9.946825e-01 1.046753e+00 4     1.618232e-06 2.041435e+00
125 11 656.67 0.48 0.550000 8 -1.0 15097        362.528 45 6.906064e-07 1.418004e-06 6.906064e-01 1.069336e+00 6     2.108611e-06 1.759942e+00
125 11 656.68 0.48 0.550000 8 -1.0 18484        364.449 45 7.479594e-07 6.322435e-07 7.479593e-01 1.069336e+00 5     1.380203e-06 1.817295e+00
125 11 656.69 0.48 0.550000 8 -1.0 4546        363.148 46 9.830267e-07 7.674105e-07 9.830266e-01 4.690552e-01 8     1.750437e-06 1.452082e+00
125 11 656.70 0.48 0.550000 8 -1.0 8329        364.405 44 9.565739e-07 5.455650e-07 9.565739e-01 6.814575e-01 5     1.502139e-06 1.638031e+00
125 11 656.71 0.48 0.550000 8 -1.0 7983        362.150 46 9.907194e-07 9.762084e-07 9.907194e-01 9.527588e-01 4     1.966928e-06 1.943478e+00
125 11 656.72 0.48 0.550000 8 -1.0 6922        366.166 45 1.029391e-06 4.792434e-07 1.029391e+00 6.604004e-01 4     1.508635e-06 1.689792e+00
125 11 656.73 0.48 0.550000 8 -1.0 18278        362.897 45 8.708918e-07 7.011723e-07 8.708917e-01 6.686401e-01 8     1.572064e-06 1.539532e+00
125 11 656.73 0.48 0.550000 8 -1.0 19645        367.781 46 1.286523e-06 4.468424e-07 1.286523e+00 5.450439e-01 8     1.733365e-06 1.831567e+00
125 11 656.73 0.48 0.550000 8 -1.0 19908        362.009 45 9.662763e-07 8.142753e-07 9.662763e-01 8.557129e-01 5     1.780552e-06 1.821989e+00
125 11 656.74 0.48 0.550000 8 -1.0 14484        362.132 45 5.939291e-07 8.294784e-07 5.939290e-01 1.014404e+00 4     1.423407e-06 1.608333e+00
125 11 656.74 0.48 0.550000 8 -1.0 8096        362.105 44 6.832432e-07 1.309796e-06 6.832432e-01 9.606934e-01 6     1.993039e-06 1.643937e+00
125 11 656.76 0.48 0.550000 8 -1.0 1038        366.724 45 1.088765e-06 1.013186e-06 1.088765e+00 8.239746e-01 7     2.101951e-06 1.912740e+00
125 11 656.76 0.48 0.550000 8 -1.0 18659        362.337 43 5.392783e-07 1.012867e-06 5.392782e-01 1.250000e+00 6     1.552146e-06 1.789278e+00
125 11 656.77 0.48 0.550000 8 -1.0 10583        361.864 46 9.162171e-07 8.542003e-07 9.162170e-01 7.723999e-01 6     1.770417e-06 1.688617e+00
125 11 656.77 0.48 0.550000 8 -1.0 1706        363.399 45 1.434149e-06 2.998900e-07 1.434149e+00 3.706360e-01 6     1.734039e-06 1.804785e+00
125 11 656.78 0.48 0.550000 8 -1.0 10951        364.239 46 9.784090e-07 1.252690e-06 9.784090e-01 8.636475e-01 8     2.231099e-06 1.842056e+00
125 11 656.78 0.48 0.550000 8 -1.0 12057        362.525 43 1.036987e-06 8.209041e-07 1.036987e+00 7.589722e-01 7     1.857891e-06 1.795959e+00
125 11 656.78 0.48 0.550000 8 -1.0 14174        361.359 45 1.442292e-06 3.332046e-07 1.442292e+00 3.866577e-01 8     1.775496e-06 1.828949e+00
125 11 656.78 0.48 0.550000 8 -1.0 15037        366.188 47 1.074826e-06 7.277067e-07 1.074826e+00 6.039429e-01 4     1.802533e-06 1.678769e+00
125 11 656.79 0.48 0.550000 8 -1.0 16527        366.734 44 1.301835e-06 5.153881e-07 1.301835e+00 5.023193e-01 8     1.817224e-06 1.804155e+00
125 11 656.79 0.48 0.550000 8 -1.0 18383        362.310 48 8.033563e-07 4.909706e-07 8.033562e-01 1.024170e+00 5     1.294327e-06 1.827526e+00
125 11 656.80 0.48 0.550000 8 -1.0 11960        361.858 46 1.067840e-06 8.582458e-07 1.067840e+00 8.630371e-01 7     1.926086e-06 1.930877e+00
125 11 656.80 0.48 0.550000 8 -1.0 3214        361.550 45 1.211960e-06 5.276737e-07 1.211960e+00 4.924011e-01 8     1.739633e-06 1.704361e+00
125 11 656.80 0.48 0.550000 8 -1.0 9864        363.596 44 9.238818e-07 5.116835e-07 9.238818e-01 8.227539e-01 8     1.435565e-06 1.746636e+00
125 11 656.82 0.48 0.550000 8 -1.0 15695        367.313 45 9.519657e-07 9.418682e-07 9.519657e-01 9.173584e-01 6     1.893834e-06 1.869324e+00
125 13 656.55 0.48 0.550000 8 -1.0 12002        361.352 44 7.300715e-07 9.054631e-07 7.300715e-01 1.084595e+00 5     1.635535e-06 1.814666e+00
125 13 656.56 0.48 0.550000 8 -1.0 19486        365.515 48 7.611136e-07 7.811724e-07 7.611135e-01 7.574463e-01 7     1.542286e-06 1.518560e+00
125 13 656.56 0.48 0.550000 8 -1.0 2239        361.768 44 7.756199e-07 8.939371e-07 7.756198e-01 9.710693e-01 8     1.669557e-06 1.746689e+00
125 13 656.57 0.48 0.550000 8 -1.0 10217        370.196 47 1.033767e-06 1.760056e-06 1.033767e+00 7.891846e-01 6     2.793824e-06 1.822952e+00
125 13 656.57 0.48 0.550000 8 -1.0 18598        363.742 43 9.681204e-07 6.562011e-07 9.681204e-01 7.861328e-01 4     1.624322e-06 1.754253e+00
125 13 656.58 0.48 0.550000 8 -1.0 13997        363.572 45 8.658890e-07 9.408309e-07 8.658889e-01 6.561279e-01 7     1.806720e-06 1.522017e+00
125 13 656.58 0.48 0.550000 8 -1.0 15954        361.615 46 1.176990e-06 9.264909e-07 1.176990e+00 7.849121e-01 8     2.103481e-06 1.961902e+00
125 13 656.59 0.48 0.550000 8 -1.0 13134        363.005 47 1.272503e-06 6.109752e-07 1.272503e+00 8.569336e-01 5     1.883478e-06 2.129437e+00
125 13 656.59 0.48 0.550000 8 -1.0 13236        367.225 47 9.155065e-07 7.706619e-07 9.155064e-01 6.445312e-01 8     1.686168e-06 1.560038e+00
125 13 656.59 0.48 0.550000 8 -1.0 14966        367.889 42 9.274080e-07 9.316173e-07 9.274080e-01 9.460449e-01 9     1.859025e-06 1.873453e+00
125 13 656.59 0.48 0.550000 8 -1.0 18093        361.371 47 9.919774e-07 6.249120e-07 9.919773e-01 7.601929e-01 8     1.616889e-06 1.752170e+00
125 13 656.60 0.48 0.550000 8 -1.0 15558        362.975 43 8.721286e-07 1.002222e-06 8.721286e-01 9.667969e-01 7     1.874350e-06 1.838925e+00
125 13 656.61 0.48 0.550000 8 -1.0 14952        365.758 45 1.209323e-06 5.769341e-07 1.209323e+00 6.799316e-01 7     1.786257e-06 1.889255e+00
125 13 656.62 0.48 0.550000 8 -1.0 10405        361.604 46 9.279938e-07 9.917359e-07 9.279938e-01 1.033936e+00 5     1.919730e-06 1.961929e+00
125 13 656.62 0.48 0.550000 8 -1.0 17778        361.590 45 7.369345e-07 1.161220e-06 7.369345e-01 1.014404e+00 5     1.898155e-06 1.751339e+00
125 13 656.63 0.48 0.550000 8 -1.0 11377        365.764 44 1.037234e-06 6.476820e-07 1.037234e+00 8.642578e-01 4     1.684916e-06 1.901492e+00
125 13 656.63 0.48 0.550000 8 -1.0 19209        363.313 42 1.022328e-06 6.707696e-07 1.022328e+00 6.710815e-01 10     1.693097e-06 1.693409e+00
125 13 656.64 0.48 0.550000 8 -1.0 19990        362.946 45 9.056484e-07 8.604243e-07 9.056483e-01 8.044434e-01 6     1.766073e-06 1.710092e+00
125 13 656.64 0.48 0.550000 8 -1.0 5309        364.437 46 1.204746e-06 5.153018e-07 1.204746e+00 6.994629e-01 10     1.720048e-06 1.904209e+00
125 13 656.64 0.48 0.550000 8 -1.0 6681        364.088 49 7.305560e-07 6.647828e-07 7.305559e-01 9.210205e-01 5     1.395339e-06 1.651576e+00
125 13 656.64 0.48 0.550000 8 -1.0 7747        362.702 45 8.405777e-07 8.068016e-07 8.405776e-01 9.484863e-01 5     1.647379e-06 1.789064e+00
125 13 656.65 0.48 0.550000 8 -1.0 3182        364.459 48 9.510512e-07 5.238974e-07 9.510511e-01 8.392334e-01 6     1.474949e-06 1.790285e+00
125 13 656.66 0.48 0.550000 8 -1.0 14414        364.183 43 9.994636e-07 8.895104e-07 9.994636e-01 7.124329e-01 8     1.888974e-06 1.711896e+00
125 13 656.67 0.48 0.550000 8 -1.0 15079        362.859 45 1.253862e-06 6.784089e-07 1.253862e+00 7.275391e-01 6     1.932271e-06 1.981401e+00
125 13 656.67 0.48 0.550000 8 -1.0 17493        363.252 47 1.131999e-06 1.195653e-06 1.131999e+00 8.258057e-01 5     2.327652e-06 1.957805e+00
125 13 656.67 0.48 0.550000 8 -1.0 5323        372.748 44 1.380138e-06 0.000000e+00 1.380138e+00 0.000000e+00 3     1.380138e-06 1.380138e+00
125 13 656.68 0.48 0.550000 8 -1.0 8818        361.794 44 1.421499e-06 5.559500e-07 1.421499e+00 7.458496e-01 8     1.977449e-06 2.167349e+00
125 13 656.69 0.48 0.550000 8 -1.0 11271        361.351 47 1.067023e-06 4.522566e-07 1.067023e+00 7.714844e-01 7     1.519280e-06 1.838508e+00
125 13 656.70 0.48 0.550000 8 -1.0 9119        362.427 46 1.159065e-06 5.036280e-07 1.159065e+00 6.430054e-01 6     1.662693e-06 1.802070e+00
125 13 656.71 0.48 0.550000 8 -1.0 12762        364.470 45 9.749569e-07 8.156388e-07 9.749569e-01 8.123779e-01 8     1.790596e-06 1.787335e+00
125 13 656.72 0.48 0.550000 8 -1.0 3807        361.543 45 7.579471e-07 8.037246e-07 7.579471e-01 7.354736e-01 6     1.561672e-06 1.493421e+00
125 13 656.73 0.48 0.550000 8 -1.0 12731        366.776 45 1.079548e-06 5.668430e-07 1.079548e+00 4.443359e-01 11     1.646391e-06 1.523884e+00
125 13 656.73 0.48 0.550000 8 -1.0 17665        361.260 46 6.468380e-07 1.333415e-06 6.468380e-01 9.735107e-01 6     1.980253e-06 1.620349e+00
125 13 656.73 0.48 0.550000 8 -1.0 1846        362.119 48 1.002334e-06 4.954468e-07 1.002334e+00 8.319092e-01 8     1.497781e-06 1.834243e+00
125 13 656.74 0.48 0.550000 8 -1.0 18371        361.218 45 9.873813e-07 5.972500e-07 9.873812e-01 6.994629e-01 6     1.584631e-06 1.686844e+00
125 13 656.74 0.48 0.550000 8 -1.0 389        362.047 46 1.118319e-06 6.024098e-07 1.118319e+00 4.885864e-01 11     1.720728e-06 1.606905e+00
125 13 656.76 0.48 0.550000 8 -1.0 19575        361.962 46 1.069967e-06 9.188741e-07 1.069967e+00 7.775879e-01 4     1.988841e-06 1.847555e+00
125 13 656.76 0.48 0.550000 8 -1.0 9358        361.585 43 1.264531e-06 6.003634e-07 1.264531e+00 5.584717e-01 7     1.864894e-06 1.823002e+00
125 13 656.77 0.48 0.550000 8 -1.0 11555        361.287 47 8.452783e-07 4.577148e-07 8.452782e-01 8.148193e-01 7     1.302993e-06 1.660098e+00
125 13 656.77 0.48 0.550000 8 -1.0 275        364.865 51 1.415093e-06 2.889260e-07 1.415093e+00 2.918243e-01 11     1.704019e-06 1.706917e+00
125 13 656.78 0.48 0.550000 8 -1.0 10261        364.968 44 1.036707e-06 6.472323e-07 1.036707e+00 7.241821e-01 10     1.683939e-06 1.760889e+00
125 13 656.78 0.48 0.550000 8 -1.0 1403        362.321 45 8.151221e-07 6.923235e-07 8.151221e-01 9.027100e-01 6     1.507446e-06 1.717832e+00
125 13 656.78 0.48 0.550000 8 -1.0 19571        362.740 47 1.071704e-06 5.578550e-07 1.071704e+00 7.092285e-01 5     1.629559e-06 1.780932e+00
125 13 656.78 0.48 0.550000 8 -1.0 3879        365.971 46 9.857546e-07 6.398816e-07 9.857546e-01 1.060791e+00 5     1.625636e-06 2.046546e+00
125 13 656.79 0.48 0.550000 8 -1.0 17550        361.327 46 6.091230e-07 8.550203e-07 6.091230e-01 9.436035e-01 5     1.464143e-06 1.552727e+00
125 13 656.79 0.48 0.550000 8 -1.0 8157        366.518 48 9.570471e-07 5.944875e-07 9.570471e-01 9.155273e-01 5     1.551535e-06 1.872574e+00
125 13 656.80 0.48 0.550000 8 -1.0 10440        364.602 44 9.427095e-07 6.333126e-07 9.427095e-01 7.208252e-01 4     1.576022e-06 1.663535e+00
125 13 656.80 0.48 0.550000 8 -1.0 19033        364.430 46 1.047905e-06 6.782019e-07 1.047905e+00 6.677246e-01 8     1.726107e-06 1.715629e+00
125 13 656.80 0.48 0.550000 8 -1.0 6738        365.267 46 9.507446e-07 8.105994e-07 9.507446e-01 8.575439e-01 5     1.761344e-06 1.808289e+00
125 13 656.82 0.48 0.550000 8 -1.0 5542        361.534 48 1.056071e-06 7.971968e-07 1.056071e+00 9.143066e-01 3     1.853268e-06 1.970378e+00
125 15 656.55 0.48 0.550000 8 -1.0 4758        361.477 45 1.164801e-06 3.685722e-07 1.164801e+00 5.413818e-01 6     1.533373e-06 1.706183e+00
125 15 656.56 0.48 0.550000 8 -1.0 10376        364.042 47 7.993714e-07 9.260743e-07 7.993713e-01 1.038818e+00 8     1.725446e-06 1.838190e+00
125 15 656.56 0.48 0.550000 8 -1.0 16028        362.063 48 8.932938e-07 6.148644e-07 8.932938e-01 9.094238e-01 4     1.508158e-06 1.802718e+00
125 15 656.57 0.48 0.550000 8 -1.0 14332        363.011 47 1.058541e-06 5.042177e-07 1.058541e+00 6.976318e-01 5     1.562758e-06 1.756172e+00
125 15 656.57 0.48 0.550000 8 -1.0 1606        361.375 42 7.929540e-07 8.563510e-07 7.929539e-01 9.942627e-01 4     1.649305e-06 1.787217e+00
125 15 656.58 0.48 0.550000 8 -1.0 11101        362.038 46 8.335680e-07 7.206933e-07 8.335680e-01 8.477783e-01 5     1.554261e-06 1.681346e+00
125 15 656.58 0.48 0.550000 8 -1.0 8760        365.898 44 8.639110e-07 8.220796e-07 8.639109e-01 8.679199e-01 6     1.685991e-06 1.731831e+00
125 15 656.59 0.48 0.550000 8 -1.0 13457        363.085 47 9.616346e-07 7.950567e-07 9.616345e-01 1.013184e+00 4     1.756691e-06 1.974818e+00
125 15 656.59 0.48 0.550000 8 -1.0 15133        361.831 44 8.214830e-07 7.929048e-07 8.214830e-01 6.488037e-01 8     1.614388e-06 1.470287e+00
125 15 656.59 0.48 0.550000 8 -1.0 19721        367.333 44 8.808266e-07 7.036965e-07 8.808266e-01 7.418823e-01 7     1.584523e-06 1.622709e+00
125 15 656.59 0.48 0.550000 8 -1.0 9066        365.584 45 1.139061e-06 8.983498e-07 1.139061e+00 8.612061e-01 8     2.037410e-06 2.000267e+00
125 15 656.60 0.48 0.550000 8 -1.0 19777        364.183 45 8.177800e-07 9.860387e-07 8.177800e-01 5.825806e-01 9     1.803819e-06 1.400361e+00
125 15 656.61 0.48 0.550000 8 -1.0 16245        363.406 44 8.515730e-07 8.953449e-07 8.515730e-01 1.203003e+00 6     1.746918e-06 2.054576e+00
125 15 656.62 0.48 0.550000 8 -1.0 18272        361.438 43 1.041295e-06 7.766825e-07 1.041295e+00 7.034302e-01 9     1.817977e-06 1.744725e+00
125 15 656.62 0.48 0.550000 8 -1.0 7853        368.510 48 8.031977e-07 1.155688e-06 8.031977e-01 9.741211e-01 4     1.958886e-06 1.777319e+00
125 15 656.63 0.48 0.550000 8 -1.0 13984        363.541 46 7.567571e-07 1.246506e-06 7.567571e-01 1.129150e+00 6     2.003263e-06 1.885907e+00
125 15 656.63 0.48 0.550000 8 -1.0 16873        366.182 46 8.938901e-07 7.928543e-07 8.938901e-01 8.312988e-01 6     1.686744e-06 1.725189e+00
125 15 656.64 0.48 0.550000 8 -1.0 15899        363.059 45 7.569501e-07 1.025271e-06 7.569501e-01 8.572388e-01 7     1.782221e-06 1.614189e+00
125 15 656.64 0.48 0.550000 8 -1.0 18975        361.237 44 8.693819e-07 9.027646e-07 8.693819e-01 8.511353e-01 8     1.772146e-06 1.720517e+00
125 15 656.64 0.48 0.550000 8 -1.0 19804        374.155 49 1.160567e-06 4.974167e-07 1.160567e+00 5.535889e-01 7     1.657984e-06 1.714156e+00
125 15 656.64 0.48 0.550000 8 -1.0 5563        362.808 49 1.035757e-06 4.525712e-07 1.035757e+00 4.698181e-01 6     1.488328e-06 1.505575e+00
125 15 656.65 0.48 0.550000 8 -1.0 19387        365.588 43 1.181765e-06 7.315378e-07 1.181765e+00 6.115723e-01 7     1.913303e-06 1.793337e+00
125 15 656.66 0.48 0.550000 8 -1.0 9039        363.767 44 1.237468e-06 5.540054e-07 1.237468e+00 6.823730e-01 6     1.791473e-06 1.919841e+00
125 15 656.67 0.48 0.550000 8 -1.0 11540        362.488 45 7.753788e-07 9.944826e-07 7.753787e-01 1.002808e+00 5     1.769861e-06 1.778186e+00
125 15 656.67 0.48 0.550000 8 -1.0 14401        361.853 45 1.352367e-06 6.349361e-07 1.352367e+00 7.183838e-01 7     1.987303e-06 2.070751e+00
125 15 656.67 0.48 0.550000 8 -1.0 18606        362.288 46 9.949448e-07 6.177193e-07 9.949447e-01 6.787109e-01 7     1.612664e-06 1.673656e+00
125 15 656.68 0.48 0.550000 8 -1.0 14562        362.976 47 9.637532e-07 9.202569e-07 9.637532e-01 1.190186e+00 5     1.884010e-06 2.153939e+00
125 15 656.69 0.48 0.550000 8 -1.0 13525        361.750 46 7.787733e-07 6.080468e-07 7.787732e-01 7.299805e-01 7     1.386820e-06 1.508754e+00
125 15 656.70 0.48 0.550000 8 -1.0 19307        365.031 45 8.613419e-07 7.095678e-07 8.613419e-01 8.654785e-01 5     1.570910e-06 1.726820e+00
125 15 656.71 0.48 0.550000 8 -1.0 13011        362.537 47 1.443227e-06 4.462736e-07 1.443227e+00 4.492188e-01 6     1.889501e-06 1.892446e+00
125 15 656.72 0.48 0.550000 8 -1.0 13147        361.682 46 8.309272e-07 6.513810e-07 8.309272e-01 9.619141e-01 5     1.482308e-06 1.792841e+00
125 15 656.73 0.48 0.550000 8 -1.0 11653        366.209 49 7.936644e-07 7.056308e-07 7.936643e-01 7.406616e-01 5     1.499295e-06 1.534326e+00
125 15 656.73 0.48 0.550000 8 -1.0 15485        363.496 45 1.401371e-06 5.492339e-07 1.401371e+00 4.812622e-01 10     1.950605e-06 1.882633e+00
125 15 656.73 0.48 0.550000 8 -1.0 16823        365.584 44 9.480713e-07 8.238259e-07 9.480713e-01 7.043457e-01 7     1.771897e-06 1.652417e+00
125 15 656.74 0.48 0.550000 8 -1.0 15327        361.237 45 9.983191e-07 7.036199e-07 9.983190e-01 8.581543e-01 5     1.701939e-06 1.856473e+00
125 15 656.74 0.48 0.550000 8 -1.0 16528        365.300 43 9.105362e-07 6.483430e-07 9.105361e-01 7.171631e-01 6     1.558879e-06 1.627699e+00
125 15 656.76 0.48 0.550000 8 -1.0 13226        362.633 45 1.008297e-06 7.613567e-07 1.008297e+00 8.041382e-01 6     1.769654e-06 1.812435e+00
125 15 656.76 0.48 0.550000 8 -1.0 8149        362.558 46 8.815514e-07 7.360598e-07 8.815513e-01 1.042480e+00 4     1.617611e-06 1.924032e+00
125 15 656.77 0.48 0.550000 8 -1.0 15362        363.375 46 7.739334e-07 1.092821e-06 7.739334e-01 1.273193e+00 4     1.866754e-06 2.047127e+00
125 15 656.77 0.48 0.550000 8 -1.0 18635        362.086 45 6.698290e-07 5.883409e-07 6.698289e-01 1.085815e+00 7     1.258170e-06 1.755644e+00
125 15 656.78 0.48 0.550000 8 -1.0 12494        361.648 44 8.241010e-07 6.513889e-07 8.241010e-01 8.526611e-01 5     1.475490e-06 1.676762e+00
125 15 656.78 0.48 0.550000 8 -1.0 18909        365.418 48 1.108928e-06 8.244398e-07 1.108928e+00 8.843994e-01 7     1.933367e-06 1.993327e+00
125 15 656.78 0.48 0.550000 8 -1.0 19514        361.425 46 1.154222e-06 4.874082e-07 1.154222e+00 7.322693e-01 10     1.641630e-06 1.886491e+00
125 15 656.78 0.48 0.550000 8 -1.0 2624        361.334 44 9.929602e-07 6.937202e-07 9.929601e-01 8.929443e-01 4     1.686680e-06 1.885904e+00
125 15 656.79 0.48 0.550000 8 -1.0 8907        361.731 42 1.109317e-06 6.813710e-07 1.109317e+00 6.634521e-01 5     1.790688e-06 1.772769e+00
125 15 656.79 0.48 0.550000 8 -1.0 9113        364.383 48 9.485277e-07 8.432081e-07 9.485277e-01 9.069824e-01 6     1.791736e-06 1.855510e+00
125 15 656.80 0.48 0.550000 8 -1.0 13196        364.180 47 1.123617e-06 6.052213e-07 1.123617e+00 7.373047e-01 6     1.728838e-06 1.860922e+00
125 15 656.80 0.48 0.550000 8 -1.0 19374        363.080 43 7.786918e-07 7.024800e-07 7.786917e-01 9.246826e-01 7     1.481172e-06 1.703374e+00
125 15 656.80 0.48 0.550000 8 -1.0 19567        361.413 44 1.072497e-06 5.113369e-07 1.072497e+00 5.984497e-01 9     1.583834e-06 1.670947e+00
125 15 656.82 0.48 0.550000 8 -1.0 18574        361.652 45 1.419879e-06 4.842687e-07 1.419879e+00 5.795288e-01 9     1.904148e-06 1.999408e+00
125 17 656.55 0.48 0.550000 8 -1.0 8728        361.466 45 1.104466e-06 4.542127e-07 1.104466e+00 7.147217e-01 7     1.558679e-06 1.819188e+00
125 17 656.56 0.48 0.550000 8 -1.0 12043        362.223 45 9.519680e-07 5.729304e-07 9.519680e-01 5.584717e-01 8     1.524898e-06 1.510440e+00
125 17 656.56 0.48 0.550000 8 -1.0 6580        362.141 45 9.909469e-07 4.278852e-07 9.909468e-01 4.243469e-01 8     1.418832e-06 1.415294e+00
125 17 656.57 0.48 0.550000 8 -1.0 19913        362.493 47 7.162895e-07 7.431103e-07 7.162895e-01 1.073608e+00 6     1.459400e-06 1.789898e+00
125 17 656.57 0.48 0.550000 8 -1.0 8542        368.551 47 1.029120e-06 5.532646e-07 1.029120e+00 7.714844e-01 6     1.582384e-06 1.800604e+00
125 17 656.58 0.48 0.550000 8 -1.0 15627        365.104 47 1.280611e-06 6.373658e-07 1.280611e+00 7.861328e-01 6     1.917977e-06 2.066744e+00
125 17 656.58 0.48 0.550000 8 -1.0 16847        363.581 44 1.173477e-06 5.195615e-07 1.173477e+00 5.377197e-01 7     1.693039e-06 1.711197e+00
125 17 656.59 0.48 0.550000 8 -1.0 11017        375.122 48 1.037920e-06 6.143445e-07 1.037920e+00 7.513428e-01 8     1.652265e-06 1.789263e+00
125 17 656.59 0.48 0.550000 8 -1.0 16005        361.757 44 7.460136e-07 1.179823e-06 7.460136e-01 1.071777e+00 6     1.925836e-06 1.817791e+00
125 17 656.59 0.48 0.550000 8 -1.0 19419        361.796 44 7.076986e-07 9.051266e-07 7.076986e-01 1.038818e+00 6     1.612825e-06 1.746517e+00
125 17 656.59 0.48 0.550000 8 -1.0 3740        363.662 46 9.255248e-07 8.460399e-07 9.255248e-01 1.082153e+00 4     1.771565e-06 2.007678e+00
125 17 656.60 0.48 0.550000 8 -1.0 8009        361.574 45 9.419187e-07 6.390600e-07 9.419187e-01 7.720947e-01 5     1.580979e-06 1.714013e+00
125 17 656.61 0.48 0.550000 8 -1.0 3555        366.518 45 8.118439e-07 5.717165e-07 8.118438e-01 9.167480e-01 5     1.383560e-06 1.728592e+00
125 17 656.62 0.48 0.550000 8 -1.0 3904        361.676 46 1.082844e-06 5.282763e-07 1.082844e+00 7.247925e-01 5     1.611121e-06 1.807637e+00
125 17 656.62 0.48 0.550000 8 -1.0 9981        361.676 44 1.006612e-06 8.999179e-07 1.006612e+00 7.165527e-01 6     1.906530e-06 1.723165e+00
125 17 656.63 0.48 0.550000 8 -1.0 12962        361.575 44 9.424862e-07 6.531103e-07 9.424861e-01 6.274414e-01 8     1.595597e-06 1.569928e+00
125 17 656.63 0.48 0.550000 8 -1.0 13639        365.161 45 1.014237e-06 5.957598e-07 1.014237e+00 7.669067e-01 4     1.609997e-06 1.781144e+00
125 17 656.64 0.48 0.550000 8 -1.0 15447        361.370 43 1.224953e-06 5.354371e-07 1.224952e+00 4.928589e-01 8     1.760390e-06 1.717811e+00
125 17 656.64 0.48 0.550000 8 -1.0 19509        361.200 45 8.290095e-07 6.928556e-07 8.290094e-01 9.405518e-01 5     1.521865e-06 1.769561e+00
125 17 656.64 0.48 0.550000 8 -1.0 4989        362.608 48 6.752067e-07 7.997010e-07 6.752067e-01 1.148071e+00 6     1.474908e-06 1.823278e+00
125 17 656.64 0.48 0.550000 8 -1.0 8749        367.549 46 8.776880e-07 6.154701e-07 8.776880e-01 5.619812e-01 6     1.493158e-06 1.439669e+00
125 17 656.65 0.48 0.550000 8 -1.0 9566        362.301 46 8.390567e-07 7.347828e-07 8.390567e-01 8.428955e-01 6     1.573839e-06 1.681952e+00
125 17 656.66 0.48 0.550000 8 -1.0 19211        362.651 48 8.314687e-07 4.585557e-07 8.314687e-01 8.901978e-01 4     1.290024e-06 1.721666e+00
125 17 656.67 0.48 0.550000 8 -1.0 12655        369.304 45 1.068621e-06 8.891977e-07 1.068621e+00 8.148193e-01 7     1.957818e-06 1.883440e+00
125 17 656.67 0.48 0.550000 8 -1.0 19302        361.847 45 1.001427e-06 7.615786e-07 1.001427e+00 9.405518e-01 7     1.763006e-06 1.941979e+00
125 17 656.67 0.48 0.550000 8 -1.0 7523        361.956 46 6.628836e-07 1.264953e-06 6.628835e-01 1.190186e+00 6     1.927836e-06 1.853069e+00
125 17 656.68 0.48 0.550000 8 -1.0 14982        364.275 45 9.624179e-07 5.353101e-07 9.624179e-01 8.660889e-01 7     1.497728e-06 1.828507e+00
125 17 656.69 0.48 0.550000 8 -1.0 16279        361.327 44 9.853534e-07 3.814717e-07 9.853534e-01 6.988525e-01 7     1.366825e-06 1.684206e+00
125 17 656.70 0.48 0.550000 8 -1.0 18349        361.972 47 7.883090e-07 6.804810e-07 7.883090e-01 1.010132e+00 6     1.468790e-06 1.798441e+00
125 17 656.71 0.48 0.550000 8 -1.0 19330        368.847 49 1.157339e-06 8.499405e-07 1.157339e+00 6.256104e-01 7     2.007279e-06 1.782949e+00
125 17 656.72 0.48 0.550000 8 -1.0 17616        363.997 45 8.077676e-07 6.193215e-07 8.077676e-01 8.660889e-01 5     1.427089e-06 1.673856e+00
125 17 656.73 0.48 0.550000 8 -1.0 16880        362.307 45 1.229975e-06 6.674680e-07 1.229975e+00 5.670166e-01 10     1.897443e-06 1.796992e+00
125 17 656.73 0.48 0.550000 8 -1.0 17207        363.229 44 1.137927e-06 1.408884e-06 1.137927e+00 7.269287e-01 6     2.546811e-06 1.864856e+00
125 17 656.73 0.48 0.550000 8 -1.0 17222        361.812 43 1.259281e-06 4.249666e-07 1.259281e+00 4.171753e-01 10     1.684248e-06 1.676456e+00
125 17 656.74 0.48 0.550000 8 -1.0 18294        362.357 43 6.889076e-07 1.110123e-06 6.889075e-01 9.640503e-01 6     1.799031e-06 1.652958e+00
125 17 656.74 0.48 0.550000 8 -1.0 19788        361.245 47 8.274780e-07 8.385844e-07 8.274780e-01 8.618164e-01 8     1.666062e-06 1.689294e+00
125 17 656.76 0.48 0.550000 8 -1.0 11029        366.136 48 8.224299e-07 6.119358e-07 8.224299e-01 1.026611e+00 4     1.434366e-06 1.849041e+00
125 17 656.76 0.48 0.550000 8 -1.0 8330        363.792 46 1.286557e-06 4.323053e-07 1.286557e+00 6.774902e-01 5     1.718862e-06 1.964047e+00
125 17 656.77 0.48 0.550000 8 -1.0 14512        365.355 46 7.970820e-07 7.445983e-07 7.970820e-01 8.471680e-01 5     1.541680e-06 1.644250e+00
125 17 656.77 0.48 0.550000 8 -1.0 9959        363.487 46 1.003448e-06 1.108662e-06 1.003448e+00 8.947754e-01 6     2.112110e-06 1.898224e+00
125 17 656.78 0.48 0.550000 8 -1.0 13810        365.021 48 9.451697e-07 5.017435e-07 9.451696e-01 8.563232e-01 6     1.446913e-06 1.801493e+00
125 17 656.78 0.48 0.550000 8 -1.0 16928        362.619 46 6.899700e-07 8.956986e-07 6.899700e-01 9.265137e-01 6     1.585669e-06 1.616484e+00
125 17 656.78 0.48 0.550000 8 -1.0 3508        364.120 43 9.614641e-07 1.042423e-06 9.614641e-01 8.605957e-01 5     2.003888e-06 1.822060e+00
125 17 656.78 0.48 0.550000 8 -1.0 6660        368.026 47 1.159926e-06 6.358031e-07 1.159926e+00 5.929565e-01 6     1.795729e-06 1.752883e+00
125 17 656.79 0.48 0.550000 8 -1.0 18334        364.161 44 1.101975e-06 1.107727e-06 1.101974e+00 8.602905e-01 7     2.209702e-06 1.962265e+00
125 17 656.79 0.48 0.550000 8 -1.0 19840        365.123 44 1.172371e-06 4.506761e-07 1.172371e+00 6.118774e-01 6     1.623047e-06 1.784249e+00
125 17 656.80 0.48 0.550000 8 -1.0 1115        361.517 45 1.138066e-06 7.718310e-07 1.138066e+00 8.691406e-01 5     1.909897e-06 2.007206e+00
125 17 656.80 0.48 0.550000 8 -1.0 8255        363.584 45 9.989014e-07 7.761557e-07 9.989014e-01 8.078003e-01 6     1.775057e-06 1.806702e+00
125 17 656.80 0.48 0.550000 8 -1.0 8915        367.911 44 1.000768e-06 5.968800e-07 1.000768e+00 7.244873e-01 5     1.597648e-06 1.725255e+00
125 17 656.82 0.48 0.550000 8 -1.0 16184        363.733 46 1.005605e-06 8.408968e-07 1.005605e+00 6.906128e-01 6     1.846502e-06 1.696218e+00
125 19 656.55 0.48 0.550000 8 -1.0 17541        363.668 47 9.505975e-07 7.350394e-07 9.505974e-01 9.356689e-01 7     1.685637e-06 1.886266e+00
125 19 656.56 0.48 0.550000 8 -1.0 14787        368.055 46 8.632039e-07 8.423289e-07 8.632039e-01 6.951904e-01 7     1.705533e-06 1.558394e+00
125 19 656.56 0.48 0.550000 8 -1.0 17397        366.201 47 8.610261e-07 7.198762e-07 8.610260e-01 5.348206e-01 9     1.580902e-06 1.395847e+00
125 19 656.57 0.48 0.550000 8 -1.0 13423        363.892 45 8.394977e-07 8.806742e-07 8.394977e-01 9.710693e-01 8     1.720172e-06 1.810567e+00
125 19 656.57 0.48 0.550000 8 -1.0 18432        368.174 45 7.875163e-07 6.859954e-07 7.875162e-01 8.279419e-01 8     1.473512e-06 1.615458e+00
125 19 656.58 0.48 0.550000 8 -1.0 2655        361.824 48 1.090963e-06 5.102297e-07 1.090963e+00 5.755615e-01 10     1.601193e-06 1.666525e+00
125 19 656.58 0.48 0.550000 8 -1.0 5496        363.098 44 9.319178e-07 8.636519e-07 9.319178e-01 9.318542e-01 6     1.795570e-06 1.863772e+00
125 19 656.59 0.48 0.550000 8 -1.0 11909        366.606 46 7.428939e-07 7.029927e-07 7.428938e-01 9.313965e-01 5     1.445887e-06 1.674290e+00
125 19 656.59 0.48 0.550000 8 -1.0 18974        361.484 44 8.130678e-07 9.325895e-07 8.130678e-01 9.472656e-01 6     1.745657e-06 1.760333e+00
125 19 656.59 0.48 0.550000 8 -1.0 6968        364.045 44 7.447081e-07 1.351192e-06 7.447080e-01 1.281738e+00 6     2.095900e-06 2.026446e+00
125 19 656.59 0.48 0.550000 8 -1.0 7757        365.662 46 7.839816e-07 1.095779e-06 7.839816e-01 1.322021e+00 5     1.879760e-06 2.106003e+00
125 19 656.60 0.48 0.550000 8 -1.0 12718        361.464 43 7.360408e-07 8.099558e-07 7.360408e-01 8.105469e-01 7     1.545997e-06 1.546588e+00
125 19 656.61 0.48 0.550000 8 -1.0 7221        364.953 44 7.323642e-07 9.338732e-07 7.323642e-01 1.413574e+00 4     1.666237e-06 2.145938e+00
125 19 656.62 0.48 0.550000 8 -1.0 14396        364.038 46 9.326726e-07 7.218502e-07 9.326725e-01 7.324219e-01 7     1.654523e-06 1.665094e+00
125 19 656.62 0.48 0.550000 8 -1.0 14811        364.939 50 8.352638e-07 8.729746e-07 8.352638e-01 1.138306e+00 5     1.708238e-06 1.973569e+00
125 19 656.63 0.48 0.550000 8 -1.0 19063        364.515 44 7.308672e-07 9.744161e-07 7.308672e-01 8.590698e-01 7     1.705283e-06 1.589937e+00
125 19 656.63 0.48 0.550000 8 -1.0 6040        363.435 45 8.823416e-07 1.201810e-06 8.823416e-01 8.825684e-01 6     2.084152e-06 1.764910e+00
125 19 656.64 0.48 0.550000 8 -1.0 12002        362.898 47 8.056994e-07 9.835661e-07 8.056993e-01 8.166504e-01 7     1.789265e-06 1.622350e+00
125 19 656.64 0.48 0.550000 8 -1.0 13545        362.641 45 8.681418e-07 6.758267e-07 8.681417e-01 8.093262e-01 6     1.543968e-06 1.677468e+00
125 19 656.64 0.48 0.550000 8 -1.0 17055        361.417 46 8.425518e-07 1.424906e-06 8.425518e-01 1.132202e+00 4     2.267458e-06 1.974754e+00
125 19 656.64 0.48 0.550000 8 -1.0 19815        361.201 43 7.406721e-07 1.102343e-06 7.406720e-01 9.112549e-01 5     1.843015e-06 1.651927e+00
125 19 656.65 0.48 0.550000 8 -1.0 4671        361.357 44 1.064310e-06 5.734343e-07 1.064310e+00 5.908203e-01 10     1.637745e-06 1.655130e+00
125 19 656.66 0.48 0.550000 8 -1.0 19628        361.294 46 1.050863e-06 5.587388e-07 1.050862e+00 6.216431e-01 7     1.609601e-06 1.672506e+00
125 19 656.67 0.48 0.550000 8 -1.0 12504        363.150 47 1.090429e-06 6.191416e-07 1.090429e+00 8.300781e-01 7     1.709570e-06 1.920507e+00
125 19 656.67 0.48 0.550000 8 -1.0 12573        365.930 44 9.316060e-07 8.141901e-07 9.316060e-01 8.520508e-01 7     1.745796e-06 1.783657e+00
125 19 656.67 0.48 0.550000 8 -1.0 7377        361.256 44 9.851921e-07 6.020014e-07 9.851921e-01 6.790161e-01 7     1.587193e-06 1.664208e+00
125 19 656.68 0.48 0.550000 8 -1.0 13452        363.438 44 1.350058e-06 4.612098e-07 1.350058e+00 3.764343e-01 10     1.811268e-06 1.726492e+00
125 19 656.69 0.48 0.550000 8 -1.0 19849        361.734 45 8.267394e-07 5.525749e-07 8.267393e-01 6.024170e-01 8     1.379314e-06 1.429156e+00
125 19 656.70 0.48 0.550000 8 -1.0 13537        363.027 45 1.058096e-06 6.779444e-07 1.058096e+00 6.277466e-01 5     1.736040e-06 1.685842e+00
125 19 656.71 0.48 0.550000 8 -1.0 13282        361.696 44 1.532537e-06 4.601242e-07 1.532537e+00 4.602051e-01 6     1.992661e-06 1.992742e+00
125 19 656.72 0.48 0.550000 8 -1.0 5641        366.005 46 1.023734e-06 6.238543e-07 1.023734e+00 7.373047e-01 8     1.647588e-06 1.761038e+00
125 19 656.73 0.48 0.550000 8 -1.0 17352        362.558 43 1.168530e-06 6.118275e-07 1.168530e+00 6.051636e-01 7     1.780357e-06 1.773693e+00
125 19 656.73 0.48 0.550000 8 -1.0 19149        362.294 45 9.902572e-07 6.728398e-07 9.902572e-01 7.525635e-01 9     1.663097e-06 1.742821e+00
125 19 656.73 0.48 0.550000 8 -1.0 3646        362.699 45 9.073592e-07 6.304010e-07 9.073592e-01 9.857178e-01 4     1.537760e-06 1.893077e+00
125 19 656.74 0.48 0.550000 8 -1.0 13841        362.335 45 8.622521e-07 1.145464e-06 8.622520e-01 8.337402e-01 6     2.007716e-06 1.695992e+00
125 19 656.74 0.48 0.550000 8 -1.0 19757        361.914 46 8.202686e-07 7.211215e-07 8.202685e-01 8.880615e-01 6     1.541390e-06 1.708330e+00
125 19 656.76 0.48 0.550000 8 -1.0 17865        368.648 48 1.323814e-06 6.226858e-07 1.323814e+00 5.551147e-01 8     1.946499e-06 1.878928e+00
125 19 656.76 0.48 0.550000 8 -1.0 18039        361.800 43 1.298349e-06 6.094104e-07 1.298349e+00 6.018066e-01 9     1.907760e-06 1.900156e+00
125 19 656.77 0.48 0.550000 8 -1.0 16325        363.618 48 1.082845e-06 7.248450e-07 1.082845e+00 8.129883e-01 6     1.807690e-06 1.895833e+00
125 19 656.77 0.48 0.550000 8 -1.0 6771        369.372 45 1.109240e-06 7.201428e-07 1.109240e+00 6.942749e-01 5     1.829383e-06 1.803515e+00
125 19 656.78 0.48 0.550000 8 -1.0 12201        364.322 44 1.010795e-06 7.733132e-07 1.010794e+00 5.700684e-01 7     1.784108e-06 1.580863e+00
125 19 656.78 0.48 0.550000 8 -1.0 12574        365.466 44 1.000129e-06 7.554957e-07 1.000129e+00 9.545898e-01 5     1.755625e-06 1.954719e+00
125 19 656.78 0.48 0.550000 8 -1.0 7238        363.119 46 9.716128e-07 5.433398e-07 9.716128e-01 6.842041e-01 4     1.514953e-06 1.655817e+00
125 19 656.78 0.48 0.550000 8 -1.0 7779        362.451 46 7.971829e-07 8.848353e-07 7.971829e-01 1.175537e+00 4     1.682018e-06 1.972720e+00
125 19 656.79 0.48 0.550000 8 -1.0 13919        365.154 43 1.258558e-06 4.299449e-07 1.258558e+00 5.963135e-01 7     1.688503e-06 1.854872e+00
125 19 656.79 0.48 0.550000 8 -1.0 14306        362.568 47 8.709981e-07 7.378792e-07 8.709981e-01 8.068848e-01 6     1.608877e-06 1.677883e+00
125 19 656.80 0.48 0.550000 8 -1.0 11318        365.407 44 1.274262e-06 4.753339e-07 1.274262e+00 6.781006e-01 7     1.749596e-06 1.952363e+00
125 19 656.80 0.48 0.550000 8 -1.0 12537        363.142 43 8.803079e-07 6.657057e-07 8.803079e-01 9.680176e-01 4     1.546014e-06 1.848325e+00
125 19 656.80 0.48 0.550000 8 -1.0 3040        365.496 48 8.852392e-07 5.983494e-07 8.852391e-01 7.702637e-01 6     1.483589e-06 1.655503e+00
125 19 656.82 0.48 0.550000 8 -1.0 14338        362.031 45 8.957338e-07 8.746835e-07 8.957338e-01 8.422852e-01 7     1.770417e-06 1.738019e+00
125 21 656.55 0.48 0.550000 8 -1.0 15697        363.460 45 1.030946e-06 6.640750e-07 1.030946e+00 8.789062e-01 5     1.695021e-06 1.909852e+00
125 21 656.56 0.48 0.550000 8 -1.0 15286        362.177 45 9.729381e-07 5.634495e-07 9.729381e-01 5.790710e-01 7     1.536388e-06 1.552009e+00
125 21 656.56 0.48 0.550000 8 -1.0 17528        362.543 43 7.788610e-07 7.176750e-07 7.788610e-01 7.592773e-01 8     1.496536e-06 1.538138e+00
125 21 656.57 0.48 0.550000 8 -1.0 15786        362.263 42 1.003265e-06 8.472942e-07 1.003265e+00 7.556152e-01 7     1.850560e-06 1.758881e+00
125 21 656.57 0.48 0.550000 8 -1.0 19950        362.081 45 7.069882e-07 1.260188e-06 7.069881e-01 1.073608e+00 6     1.967176e-06 1.780597e+00
125 21 656.58 0.48 0.550000 8 -1.0 10818        367.949 44 7.316673e-07 1.099231e-06 7.316672e-01 9.548950e-01 8     1.830898e-06 1.686562e+00
125 21 656.58 0.48 0.550000 8 -1.0 13177        361.887 44 7.648204e-07 1.166634e-06 7.648204e-01 1.089478e+00 5     1.931455e-06 1.854298e+00
125 21 656.59 0.48 0.550000 8 -1.0 17116        363.997 46 9.846272e-07 9.511703e-07 9.846272e-01 9.643555e-01 8     1.935797e-06 1.948983e+00
125 21 656.59 0.48 0.550000 8 -1.0 18015        362.681 45 1.016501e-06 6.126706e-07 1.016501e+00 7.540894e-01 8     1.629172e-06 1.770590e+00
125 21 656.59 0.48 0.550000 8 -1.0 4052        361.533 45 9.017044e-07 6.234550e-07 9.017044e-01 8.175659e-01 5     1.525159e-06 1.719270e+00
125 21 656.59 0.48 0.550000 8 -1.0 8055        365.902 45 1.157193e-06 7.365260e-07 1.157193e+00 8.221436e-01 8     1.893719e-06 1.979336e+00
125 21 656.60 0.48 0.550000 8 -1.0 16545        364.565 47 1.292669e-06 6.179956e-07 1.292669e+00 7.696533e-01 4     1.910664e-06 2.062322e+00
125 21 656.61 0.48 0.550000 8 -1.0 16824        367.548 47 6.539525e-07 1.019724e-06 6.539525e-01 1.171265e+00 5     1.673676e-06 1.825217e+00
125 21 656.62 0.48 0.550000 8 -1.0 18065        361.526 46 5.682080e-07 1.216789e-06 5.682079e-01 1.100464e+00 5     1.784997e-06 1.668672e+00
125 21 656.62 0.48 0.550000 8 -1.0 9466        361.792 43 1.044594e-06 7.615653e-07 1.044594e+00 8.624268e-01 5     1.806159e-06 1.907021e+00
125 21 656.63 0.48 0.550000 8 -1.0 11993        363.519 45 7.381087e-07 9.066456e-07 7.381087e-01 1.098022e+00 4     1.644754e-06 1.836131e+00
125 21 656.63 0.48 0.550000 8 -1.0 18024        361.227 44 6.998349e-07 9.110103e-07 6.998348e-01 1.035767e+00 6     1.610845e-06 1.735601e+00
125 21 656.64 0.48 0.550000 8 -1.0 13505        363.538 43 7.366312e-07 9.365981e-07 7.366312e-01 9.240723e-01 5     1.673229e-06 1.660703e+00
125 21 656.64 0.48 0.550000 8 -1.0 13518        363.517 46 6.954910e-07 5.123700e-07 6.954910e-01 8.532715e-01 8     1.207861e-06 1.548762e+00
125 21 656.64 0.48 0.550000 8 -1.0 16426        362.481 46 1.079869e-06 7.886908e-07 1.079869e+00 8.584595e-01 5     1.868560e-06 1.938328e+00
125 21 656.64 0.48 0.550000 8 -1.0 16450        361.191 46 9.551940e-07 9.968631e-07 9.551940e-01 9.600830e-01 4     1.952057e-06 1.915277e+00
125 21 656.65 0.48 0.550000 8 -1.0 9559        363.294 45 9.255936e-07 6.927070e-07 9.255935e-01 8.709717e-01 4     1.618301e-06 1.796565e+00
125 21 656.66 0.48 0.550000 8 -1.0 9025        363.724 48 9.555843e-07 6.224313e-07 9.555842e-01 8.587646e-01 4     1.578016e-06 1.814349e+00
125 21 656.67 0.48 0.550000 8 -1.0 19876        367.409 44 1.123903e-06 5.408535e-07 1.123903e+00 7.049561e-01 8     1.664757e-06 1.828859e+00
125 21 656.67 0.48 0.550000 8 -1.0 4633        366.464 45 9.729612e-07 8.228647e-07 9.729612e-01 8.514404e-01 10     1.795826e-06 1.824402e+00
125 21 656.67 0.48 0.550000 8 -1.0 6554        361.913 46 1.145195e-06 4.006592e-07 1.145195e+00 6.335449e-01 8     1.545855e-06 1.778740e+00
125 21 656.68 0.48 0.550000 8 -1.0 8441        363.089 47 8.524217e-07 1.038022e-06 8.524217e-01 1.116333e+00 3     1.890444e-06 1.968755e+00
125 21 656.69 0.48 0.550000 8 -1.0 15200        369.935 47 8.242056e-07 8.490158e-07 8.242055e-01 7.656860e-01 7     1.673221e-06 1.589892e+00
125 21 656.70 0.48 0.550000 8 -1.0 9255        362.413 48 9.249828e-07 1.220295e-06 9.249828e-01 9.124756e-01 7     2.145278e-06 1.837458e+00
125 21 656.71 0.48 0.550000 8 -1.0 9951        365.842 48 1.236740e-06 8.409724e-07 1.236740e+00 7.495117e-01 6     2.077712e-06 1.986252e+00
125 21 656.72 0.48 0.550000 8 -1.0 651        362.385 43 9.616332e-07 3.777120e-07 9.616332e-01 4.597473e-01 12     1.339345e-06 1.421381e+00
125 21 656.73 0.48 0.550000 8 -1.0 1602        361.697 45 7.202975e-07 6.601984e-07 7.202975e-01 9.539795e-01 5     1.380496e-06 1.674277e+00
125 21 656.73 0.48 0.550000 8 -1.0 16369        362.197 45 8.082613e-07 9.663727e-07 8.082613e-01 8.282471e-01 8     1.774634e-06 1.636508e+00
125 21 656.73 0.48 0.550000 8 -1.0 18934        362.588 44 1.021976e-06 6.443995e-07 1.021976e+00 7.415771e-01 7     1.666376e-06 1.763553e+00
125 21 656.74 0.48 0.550000 8 -1.0 18750        361.970 48 7.122646e-07 1.157236e-06 7.122646e-01 1.300049e+00 6     1.869501e-06 2.012313e+00
125 21 656.74 0.48 0.550000 8 -1.0 5750        363.181 45 1.152409e-06 6.848692e-07 1.152409e+00 6.771851e-01 6     1.837279e-06 1.829594e+00
125 21 656.76 0.48 0.550000 8 -1.0 18715        365.264 46 9.003059e-07 7.143399e-07 9.003059e-01 9.320068e-01 7     1.614646e-06 1.832313e+00
125 21 656.76 0.48 0.550000 8 -1.0 3554        365.622 47 1.048819e-06 6.361955e-07 1.048819e+00 1.141968e+00 4     1.685015e-06 2.190787e+00
125 21 656.77 0.48 0.550000 8 -1.0 12558        366.929 47 1.171258e-06 5.092846e-07 1.171258e+00 5.941772e-01 7     1.680542e-06 1.765435e+00
125 21 656.77 0.48 0.550000 8 -1.0 17920        362.880 45 8.303923e-07 7.374962e-07 8.303922e-01 7.116699e-01 6     1.567888e-06 1.542062e+00
125 21 656.78 0.48 0.550000 8 -1.0 11180        361.730 46 9.721215e-07 5.914810e-07 9.721215e-01 8.605957e-01 5     1.563603e-06 1.832717e+00
125 21 656.78 0.48 0.550000 8 -1.0 11810        363.143 45 7.940426e-07 9.045614e-07 7.940426e-01 9.350586e-01 7     1.698604e-06 1.729101e+00
125 21 656.78 0.48 0.550000 8 -1.0 12820        365.923 47 1.246768e-06 6.196208e-07 1.246768e+00 6.384277e-01 7     1.866389e-06 1.885196e+00
125 21 656.78 0.48 0.550000 8 -1.0 16756        366.015 46 9.721950e-07 6.361144e-07 9.721950e-01 7.849121e-01 6     1.608309e-06 1.757107e+00
125 21 656.79 0.48 0.550000 8 -1.0 15667        368.254 43 9.279827e-07 7.882951e-07 9.279827e-01 8.966064e-01 7     1.716278e-06 1.824589e+00
125 21 656.79 0.48 0.550000 8 -1.0 6917        365.046 44 9.751086e-07 6.086625e-07 9.751086e-01 7.168579e-01 7     1.583771e-06 1.691967e+00
125 21 656.80 0.48 0.550000 8 -1.0 12999        362.626 43 8.552309e-07 6.285622e-07 8.552308e-01 6.674194e-01 6     1.483793e-06 1.522650e+00
125 21 656.80 0.48 0.550000 8 -1.0 13828        365.420 48 9.443803e-07 4.916896e-07 9.443803e-01 9.240723e-01 5     1.436070e-06 1.868453e+00
125 21 656.80 0.48 0.550000 8 -1.0 15835        368.062 45 1.322827e-06 4.023989e-07 1.322827e+00 4.928589e-01 8     1.725226e-06 1.815685e+00
125 21 656.82 0.48 0.550000 8 -1.0 11611        362.890 44 1.264510e-06 8.076540e-07 1.264510e+00 8.557129e-01 6     2.072164e-06 2.120223e+00
125 23 656.55 0.48 0.550000 8 -1.0 10358        361.337 47 9.216417e-07 5.552323e-07 9.216417e-01 7.977295e-01 7     1.476874e-06 1.719371e+00
125 23 656.56 0.48 0.550000 8 -1.0 4271        363.475 49 8.402484e-07 6.321863e-07 8.402483e-01 9.393311e-01 5     1.472435e-06 1.779579e+00
125 23 656.56 0.48 0.550000 8 -1.0 488        363.111 43 1.295166e-06 4.549840e-07 1.295166e+00 6.008911e-01 13     1.750150e-06 1.896057e+00
125 23 656.57 0.48 0.550000 8 -1.0 10341        362.715 47 8.586809e-07 6.994343e-07 8.586808e-01 9.027100e-01 4     1.558115e-06 1.761391e+00
125 23 656.57 0.48 0.550000 8 -1.0 10930        364.276 44 1.052268e-06 7.611815e-07 1.052268e+00 5.667114e-01 7     1.813450e-06 1.618979e+00
125 23 656.58 0.48 0.550000 8 -1.0 10098        364.339 47 7.462672e-07 1.342505e-06 7.462672e-01 1.085205e+00 6     2.088772e-06 1.831472e+00
125 23 656.58 0.48 0.550000 8 -1.0 13711        361.696 46 8.168446e-07 9.028964e-07 8.168446e-01 9.619141e-01 6     1.719741e-06 1.778759e+00
125 23 656.59 0.48 0.550000 8 -1.0 10515        364.083 46 7.689407e-07 9.081586e-07 7.689407e-01 1.001587e+00 5     1.677099e-06 1.770528e+00
125 23 656.59 0.48 0.550000 8 -1.0 16525        362.984 49 9.457480e-07 4.721888e-07 9.457479e-01 6.637573e-01 5     1.417937e-06 1.609505e+00
125 23 656.59 0.48 0.550000 8 -1.0 18042        363.003 44 8.019333e-07 1.602440e-06 8.019332e-01 1.209717e+00 11     2.404374e-06 2.011650e+00
125 23 656.59 0.48 0.550000 8 -1.0 19659        363.083 46 8.915021e-07 4.929588e-07 8.915021e-01 6.253052e-01 9     1.384461e-06 1.516807e+00
125 23 656.60 0.48 0.550000 8 -1.0 6728        363.143 45 7.294609e-07 8.466391e-07 7.294609e-01 7.171631e-01 7     1.576100e-06 1.446624e+00
125 23 656.61 0.48 0.550000 8 -1.0 13169        364.561 45 1.123877e-06 6.260385e-07 1.123877e+00 8.615112e-01 7     1.749916e-06 1.985389e+00
125 23 656.62 0.48 0.550000 8 -1.0 15540        366.584 47 6.515414e-07 1.025800e-06 6.515414e-01 1.274414e+00 5     1.677341e-06 1.925955e+00
125 23 656.62 0.48 0.550000 8 -1.0 16295        361.209 44 8.293754e-07 1.326268e-06 8.293754e-01 1.077881e+00 5     2.155643e-06 1.907256e+00
125 23 656.63 0.48 0.550000 8 -1.0 13828        365.287 47 9.299306e-07 1.083754e-06 9.299306e-01 9.301758e-01 8     2.013685e-06 1.860106e+00
125 23 656.63 0.48 0.550000 8 -1.0 16434        361.723 45 8.796333e-07 1.289628e-06 8.796332e-01 1.054077e+00 4     2.169262e-06 1.933710e+00
125 23 656.64 0.48 0.550000 8 -1.0 16076        362.594 46 8.785655e-07 1.271492e-06 8.785655e-01 9.277344e-01 6     2.150057e-06 1.806300e+00
125 23 656.64 0.48 0.550000 8 -1.0 16898        365.464 47 9.136873e-07 6.951005e-07 9.136873e-01 9.002686e-01 5     1.608788e-06 1.813956e+00
125 23 656.64 0.48 0.550000 8 -1.0 17886        362.111 46 6.634818e-07 9.901084e-07 6.634818e-01 1.121216e+00 7     1.653590e-06 1.784698e+00
125 23 656.64 0.48 0.550000 8 -1.0 19126        365.327 46 9.226806e-07 5.352975e-07 9.226806e-01 6.530762e-01 5     1.457978e-06 1.575757e+00
125 23 656.65 0.48 0.550000 8 -1.0 12377        361.413 46 9.427846e-07 6.280793e-07 9.427845e-01 1.068115e+00 5     1.570864e-06 2.010900e+00
125 23 656.66 0.48 0.550000 8 -1.0 11824        375.922 46 6.538657e-07 8.452471e-07 6.538657e-01 1.005859e+00 6     1.499113e-06 1.659725e+00
125 23 656.67 0.48 0.550000 8 -1.0 13389        369.388 46 8.228440e-07 8.162656e-07 8.228439e-01 9.075928e-01 4     1.639110e-06 1.730437e+00
125 23 656.67 0.48 0.550000 8 -1.0 14590        361.628 47 7.907730e-07 8.199211e-07 7.907729e-01 9.051514e-01 6     1.610694e-06 1.695924e+00
125 23 656.67 0.48 0.550000 8 -1.0 17116        361.506 45 1.022307e-06 6.964398e-07 1.022307e+00 6.585693e-01 9     1.718747e-06 1.680877e+00
125 23 656.68 0.48 0.550000 8 -1.0 17252        365.814 45 7.227225e-07 1.401004e-06 7.227225e-01 1.399536e+00 6     2.123727e-06 2.122259e+00
125 23 656.69 0.48 0.550000 8 -1.0 14000        361.350 44 5.516185e-07 1.688670e-06 5.516185e-01 1.073608e+00 6     2.240289e-06 1.625227e+00
125 23 656.70 0.48 0.550000 8 -1.0 651        368.562 47 9.364676e-07 7.247549e-07 9.364676e-01 7.232666e-01 8     1.661222e-06 1.659734e+00
125 23 656.71 0.48 0.550000 8 -1.0 17642        368.496 47 9.819221e-07 6.972554e-07 9.819221e-01 7.366943e-01 8     1.679177e-06 1.718616e+00
125 23 656.72 0.48 0.550000 8 -1.0 10573        369.765 48 7.604186e-07 7.345910e-07 7.604186e-01 9.985352e-01 5     1.495010e-06 1.758954e+00
125 23 656.73 0.48 0.550000 8 -1.0 10080        366.891 46 1.042806e-06 7.133052e-07 1.042806e+00 6.439209e-01 7     1.756111e-06 1.686727e+00
125 23 656.73 0.48 0.550000 8 -1.0 10503        364.980 45 8.139147e-07 1.227057e-06 8.139147e-01 1.066895e+00 6     2.040972e-06 1.880809e+00
125 23 656.73 0.48 0.550000 8 -1.0 15634        364.038 47 8.950737e-07 7.391435e-07 8.950737e-01 7.958984e-01 6     1.634217e-06 1.690972e+00
125 23 656.74 0.48 0.550000 8 -1.0 14065        362.581 46 6.716607e-07 9.203953e-07 6.716607e-01 8.288574e-01 7     1.592056e-06 1.500518e+00
125 23 656.74 0.48 0.550000 8 -1.0 17186        362.852 45 8.391035e-07 7.179622e-07 8.391034e-01 1.008911e+00 8     1.557066e-06 1.848015e+00
125 23 656.76 0.48 0.550000 8 -1.0 16958        363.610 46 1.002937e-06 6.812754e-07 1.002937e+00 8.459473e-01 8     1.684212e-06 1.848884e+00
125 23 656.76 0.48 0.550000 8 -1.0 19328        361.226 47 9.304808e-07 9.869612e-07 9.304808e-01 8.642578e-01 7     1.917442e-06 1.794739e+00
125 23 656.77 0.48 0.550000 8 -1.0 12501        361.717 45 9.805412e-07 7.749333e-07 9.805412e-01 5.731201e-01 5     1.755475e-06 1.553661e+00
125 23 656.77 0.48 0.550000 8 -1.0 6832        362.671 48 8.176609e-07 8.609740e-07 8.176608e-01 9.918213e-01 3     1.678635e-06 1.809482e+00
125 23 656.78 0.48 0.550000 8 -1.0 12564        362.223 43 6.185552e-07 1.322658e-06 6.185552e-01 1.260376e+00 7     1.941213e-06 1.878931e+00
125 23 656.78 0.48 0.550000 8 -1.0 19550        362.023 45 9.599384e-07 6.120594e-07 9.599384e-01 7.928467e-01 5     1.571998e-06 1.752785e+00
125 23 656.78 0.48 0.550000 8 -1.0 19556        362.846 45 9.915784e-07 8.277357e-07 9.915784e-01 6.314087e-01 9     1.819314e-06 1.622987e+00
125 23 656.78 0.48 0.550000 8 -1.0 586        364.828 46 9.875803e-07 7.397044e-07 9.875803e-01 9.240723e-01 10     1.727285e-06 1.911653e+00
125 23 656.79 0.48 0.550000 8 -1.0 12911        365.117 45 9.453142e-07 6.440338e-07 9.453141e-01 6.414795e-01 8     1.589348e-06 1.586794e+00
125 23 656.79 0.48 0.550000 8 -1.0 8221        363.340 44 8.468481e-07 1.406352e-06 8.468480e-01 1.099854e+00 5     2.253200e-06 1.946702e+00
125 23 656.80 0.48 0.550000 8 -1.0 6929        361.800 45 7.303450e-07 1.148524e-06 7.303449e-01 9.143066e-01 7     1.878869e-06 1.644652e+00
125 23 656.80 0.48 0.550000 8 -1.0 8148        361.794 44 9.226358e-07 7.214692e-07 9.226358e-01 8.203125e-01 8     1.644105e-06 1.742948e+00
125 23 656.80 0.48 0.550000 8 -1.0 8306        362.753 47 1.223141e-06 5.773473e-07 1.223140e+00 7.751465e-01 4     1.800488e-06 1.998287e+00
125 23 656.82 0.48 0.550000 8 -1.0 13469        367.036 46 5.813566e-07 1.359843e-06 5.813565e-01 1.304932e+00 6     1.941200e-06 1.886288e+00
125 3 656.55 0.48 0.550000 8 -1.0 19008        363.281 46 9.154047e-07 8.746150e-07 9.154047e-01 1.272583e+00 3     1.790020e-06 2.187988e+00
125 3 656.56 0.48 0.550000 8 -1.0 5178        362.134 49 1.038641e-06 5.640918e-07 1.038641e+00 9.057617e-01 3     1.602733e-06 1.944403e+00
125 3 656.56 0.48 0.550000 8 -1.0 9010        362.205 46 6.795862e-07 1.161040e-06 6.795862e-01 1.505127e+00 3     1.840627e-06 2.184713e+00
125 3 656.57 0.48 0.550000 8 -1.0 19541        364.369 46 7.666740e-07 8.708473e-07 7.666739e-01 1.146851e+00 3     1.637521e-06 1.913525e+00
125 3 656.57 0.48 0.550000 8 -1.0 19781        363.079 48 8.634121e-07 5.814302e-07 8.634121e-01 1.081543e+00 3     1.444842e-06 1.944955e+00
125 3 656.58 0.48 0.550000 8 -1.0 5842        361.554 47 9.051994e-07 9.118673e-07 9.051994e-01 1.274414e+00 3     1.817067e-06 2.179613e+00
125 3 656.58 0.48 0.550000 8 -1.0 8236        367.236 45 7.594400e-07 1.285143e-06 7.594400e-01 1.472168e+00 3     2.044583e-06 2.231608e+00
125 3 656.59 0.48 0.550000 8 -1.0 15288        361.537 46 7.230647e-07 1.197110e-06 7.230647e-01 1.229858e+00 3     1.920175e-06 1.952923e+00
125 3 656.59 0.48 0.550000 8 -1.0 18526        361.990 44 8.109339e-07 6.736967e-07 8.109339e-01 1.280518e+00 3     1.484631e-06 2.091451e+00
125 3 656.59 0.48 0.550000 8 -1.0 7146        362.671 48 1.081754e-06 7.946762e-07 1.081754e+00 1.323242e+00 3     1.876430e-06 2.404996e+00
125 3 656.59 0.48 0.550000 8 -1.0 9914        362.251 49 7.278093e-07 7.418023e-07 7.278093e-01 1.053467e+00 3     1.469612e-06 1.781276e+00
125 3 656.60 0.48 0.550000 8 -1.0 9219        361.260 44 8.854521e-07 9.553494e-07 8.854521e-01 1.315308e+00 3     1.840802e-06 2.200760e+00
125 3 656.61 0.48 0.550000 8 -1.0 9316        365.934 47 8.016484e-07 9.734905e-07 8.016484e-01 1.582031e+00 3     1.775139e-06 2.383680e+00
125 3 656.62 0.48 0.550000 8 -1.0 17887        361.562 45 9.374011e-07 7.395993e-07 9.374011e-01 1.076050e+00 3     1.677000e-06 2.013451e+00
125 3 656.62 0.48 0.550000 8 -1.0 18519        362.213 50 8.451794e-07 1.021557e-06 8.451794e-01 1.437988e+00 3     1.866736e-06 2.283168e+00
125 3 656.63 0.48 0.550000 8 -1.0 11610        361.462 45 6.779638e-07 1.492813e-06 6.779638e-01 1.905518e+00 3     2.170777e-06 2.583481e+00
125 3 656.63 0.48 0.550000 8 -1.0 14770        365.251 48 1.274994e-06 6.253624e-07 1.274994e+00 9.014893e-01 3     1.900356e-06 2.176483e+00
125 3 656.64 0.48 0.550000 8 -1.0 11270        368.165 49 9.739118e-07 7.028725e-07 9.739117e-01 1.201782e+00 3     1.676784e-06 2.175694e+00
125 3 656.64 0.48 0.550000 8 -1.0 11498        366.925 47 8.641063e-07 9.569555e-07 8.641063e-01 1.318359e+00 3     1.821062e-06 2.182466e+00
125 3 656.64 0.48 0.550000 8 -1.0 12062        362.174 48 9.392952e-07 6.930778e-07 9.392952e-01 1.149292e+00 3     1.632373e-06 2.088587e+00
125 3 656.64 0.48 0.550000 8 -1.0 6686        366.527 46 8.141319e-07 1.138251e-06 8.141318e-01 1.625977e+00 3     1.952383e-06 2.440108e+00
125 3 656.65 0.48 0.550000 8 -1.0 11594        365.118 50 8.804476e-07 8.839237e-07 8.804475e-01 1.336670e+00 3     1.764371e-06 2.217117e+00
125 3 656.66 0.48 0.550000 8 -1.0 19211        365.882 48 1.099156e-06 6.792287e-07 1.099156e+00 1.026001e+00 3     1.778385e-06 2.125157e+00
125 3 656.67 0.48 0.550000 8 -1.0 11705        364.904 46 8.640875e-07 8.409521e-07 8.640874e-01 1.459961e+00 3     1.705040e-06 2.324048e+00
125 3 656.67 0.48 0.550000 8 -1.0 18308        362.871 46 7.606543e-07 1.268114e-06 7.606543e-01 1.529541e+00 3     2.028768e-06 2.290195e+00
125 3 656.67 0.48 0.550000 8 -1.0 5526        361.751 49 8.919582e-07 8.036500e-07 8.919581e-01 1.293335e+00 3     1.695608e-06 2.185293e+00
125 3 656.68 0.48 0.550000 8 -1.0 10929        363.071 46 1.070145e-06 7.883480e-07 1.070145e+00 1.108398e+00 3     1.858493e-06 2.178543e+00
125 3 656.69 0.48 0.550000 8 -1.0 18216        362.974 51 9.490753e-07 8.716785e-07 9.490753e-01 1.224365e+00 3     1.820754e-06 2.173441e+00
125 3 656.70 0.48 0.550000 8 -1.0 9331        362.501 48 1.029377e-06 6.816897e-07 1.029377e+00 1.068726e+00 3     1.711067e-06 2.098103e+00
125 3 656.71 0.48 0.550000 8 -1.0 7951        366.091 49 8.849006e-07 7.591154e-07 8.849006e-01 1.247559e+00 3     1.644016e-06 2.132459e+00
125 3 656.72 0.48 0.550000 8 -1.0 17449        361.321 44 8.675140e-07 7.499687e-07 8.675139e-01 1.084595e+00 3     1.617483e-06 1.952109e+00
125 3 656.73 0.48 0.550000 8 -1.0 10717        363.738 50 8.026221e-07 5.926553e-07 8.026221e-01 1.018066e+00 3     1.395277e-06 1.820688e+00
125 3 656.73 0.48 0.550000 8 -1.0 17874        363.726 48 1.188611e-06 6.857862e-07 1.188611e+00 9.405518e-01 3     1.874397e-06 2.129162e+00
125 3 656.73 0.48 0.550000 8 -1.0 8481        365.866 45 8.101170e-07 5.679508e-07 8.101169e-01 1.173096e+00 3     1.378068e-06 1.983213e+00
125 3 656.74 0.48 0.550000 8 -1.0 14853        362.417 48 5.933779e-07 1.347613e-06 5.933778e-01 1.748047e+00 3     1.940991e-06 2.341425e+00
125 3 656.74 0.48 0.550000 8 -1.0 5596        365.769 46 7.521967e-07 8.946318e-07 7.521966e-01 1.116333e+00 3     1.646828e-06 1.868530e+00
125 3 656.76 0.48 0.550000 8 -1.0 10511        364.728 45 1.104873e-06 8.942496e-07 1.104873e+00 1.296387e+00 3     1.999123e-06 2.401260e+00
125 3 656.76 0.48 0.550000 8 -1.0 5414        362.429 50 7.259788e-07 1.122308e-06 7.259787e-01 1.446533e+00 3     1.848286e-06 2.172512e+00
125 3 656.77 0.48 0.550000 8 -1.0 12234        361.994 46 8.375029e-07 6.745206e-07 8.375029e-01 1.129150e+00 3     1.512024e-06 1.966653e+00
125 3 656.77 0.48 0.550000 8 -1.0 16875        361.702 47 8.572937e-07 8.480160e-07 8.572937e-01 1.259155e+00 3     1.705310e-06 2.116449e+00
125 3 656.78 0.48 0.550000 8 -1.0 16527        361.409 45 7.960822e-07 9.760881e-07 7.960822e-01 1.162109e+00 3     1.772170e-06 1.958192e+00
125 3 656.78 0.48 0.550000 8 -1.0 6313        364.868 48 9.038596e-07 1.158401e-06 9.038595e-01 1.386719e+00 3     2.062261e-06 2.290578e+00
125 3 656.78 0.48 0.550000 8 -1.0 8276        364.372 47 8.431620e-07 7.868704e-07 8.431619e-01 1.164551e+00 3     1.630032e-06 2.007713e+00
125 3 656.78 0.48 0.550000 8 -1.0 9273        368.479 49 7.100821e-07 9.935269e-07 7.100821e-01 1.347046e+00 3     1.703609e-06 2.057128e+00
125 3 656.79 0.48 0.550000 8 -1.0 16059        363.621 45 9.097348e-07 8.012608e-07 9.097348e-01 1.170654e+00 3     1.710996e-06 2.080389e+00
125 3 656.79 0.48 0.550000 8 -1.0 9006        362.895 49 7.121047e-07 1.028378e-06 7.121046e-01 1.394043e+00 3     1.740483e-06 2.106148e+00
125 3 656.80 0.48 0.550000 8 -1.0 16491        362.296 46 7.257234e-07 8.019165e-07 7.257234e-01 1.105957e+00 3     1.527640e-06 1.831680e+00
125 3 656.80 0.48 0.550000 8 -1.0 19992        362.925 47 8.938341e-07 9.248876e-07 8.938341e-01 1.440430e+00 3     1.818722e-06 2.334264e+00
125 3 656.80 0.48 0.550000 8 -1.0 7526        362.645 46 6.500157e-07 1.033246e-06 6.500156e-01 1.519775e+00 3     1.683262e-06 2.169791e+00
125 3 656.82 0.48 0.550000 8 -1.0 163        364.121 59 6.535152e-07 1.078540e-06 6.535152e-01 1.499023e+00 3     1.732056e-06 2.152539e+00
125 5 656.55 0.48 0.550000 8 -1.0 10066        367.147 46 9.018380e-07 5.511376e-07 9.018380e-01 1.031494e+00 5     1.452976e-06 1.933332e+00
125 5 656.56 0.48 0.550000 8 -1.0 17236        365.528 48 8.863857e-07 4.894699e-07 8.863856e-01 7.803345e-01 5     1.375856e-06 1.666720e+00
125 5 656.56 0.48 0.550000 8 -1.0 252        365.308 56 9.756018e-07 4.701624e-07 9.756017e-01 5.856323e-01 5     1.445764e-06 1.561234e+00
125 5 656.57 0.48 0.550000 8 -1.0 12160        361.367 45 7.977292e-07 5.999571e-07 7.977292e-01 8.569336e-01 5     1.397686e-06 1.654663e+00
125 5 656.57 0.48 0.550000 8 -1.0 16435        361.361 43 1.012753e-06 6.144553e-07 1.012753e+00 7.318115e-01 5     1.627208e-06 1.744564e+00
125 5 656.58 0.48 0.550000 8 -1.0 15039        361.274 47 9.919470e-07 5.863926e-07 9.919470e-01 7.070923e-01 5     1.578340e-06 1.699039e+00
125 5 656.58 0.48 0.550000 8 -1.0 17508        362.691 48 1.076432e-06 8.057209e-07 1.076432e+00 8.587646e-01 5     1.882153e-06 1.935197e+00
125 5 656.59 0.48 0.550000 8 -1.0 11439        361.771 45 8.155473e-07 1.099822e-06 8.155473e-01 9.973145e-01 5     1.915370e-06 1.812862e+00
125 5 656.59 0.48 0.550000 8 -1.0 17833        361.769 48 6.904114e-07 9.885321e-07 6.904114e-01 1.398926e+00 5     1.678944e-06 2.089337e+00
125 5 656.59 0.48 0.550000 8 -1.0 214        364.482 51 9.337158e-07 4.075638e-07 9.337157e-01 7.000732e-01 5     1.341280e-06 1.633789e+00
125 5 656.59 0.48 0.550000 8 -1.0 9536        361.984 45 8.627646e-07 9.638813e-07 8.627646e-01 7.974243e-01 5     1.826646e-06 1.660189e+00
125 5 656.60 0.48 0.550000 8 -1.0 219        364.348 52 8.582335e-07 4.649423e-07 8.582334e-01 7.257080e-01 5     1.323176e-06 1.583941e+00
125 5 656.61 0.48 0.550000 8 -1.0 8159        362.131 45 8.788995e-07 6.570737e-07 8.788995e-01 1.033325e+00 4     1.535973e-06 1.912225e+00
125 5 656.62 0.48 0.550000 8 -1.0 2692        362.324 45 9.155924e-07 5.927089e-07 9.155924e-01 1.122437e+00 5     1.508301e-06 2.038029e+00
125 5 656.62 0.48 0.550000 8 -1.0 342        363.079 52 1.253574e-06 4.302992e-07 1.253574e+00 5.761719e-01 5     1.683873e-06 1.829746e+00
125 5 656.63 0.48 0.550000 8 -1.0 12639        368.318 45 7.603076e-07 1.128259e-06 7.603076e-01 1.052856e+00 5     1.888567e-06 1.813164e+00
125 5 656.63 0.48 0.550000 8 -1.0 226        366.821 53 9.839868e-07 6.422793e-07 9.839867e-01 7.360840e-01 5     1.626266e-06 1.720071e+00
125 5 656.64 0.48 0.550000 8 -1.0 11205        363.446 47 9.766111e-07 7.847934e-07 9.766110e-01 7.827759e-01 5     1.761404e-06 1.759387e+00
125 5 656.64 0.48 0.550000 8 -1.0 19071        365.692 46 8.025547e-07 7.430123e-07 8.025547e-01 7.971191e-01 5     1.545567e-06 1.599674e+00
125 5 656.64 0.48 0.550000 8 -1.0 19996        363.315 48 7.534098e-07 6.959484e-07 7.534098e-01 8.453369e-01 5     1.449358e-06 1.598747e+00
125 5 656.64 0.48 0.550000 8 -1.0 229        368.262 54 1.247013e-06 5.276800e-07 1.247013e+00 5.975342e-01 5     1.774693e-06 1.844547e+00
125 5 656.65 0.48 0.550000 8 -1.0 17616        362.408 47 1.108270e-06 7.604927e-07 1.108270e+00 8.288574e-01 5     1.868762e-06 1.937127e+00
125 5 656.66 0.48 0.550000 8 -1.0 18363        366.211 46 8.671357e-07 7.719489e-07 8.671357e-01 7.965088e-01 4     1.639085e-06 1.663644e+00
125 5 656.67 0.48 0.550000 8 -1.0 13813        362.420 45 9.778826e-07 8.038079e-07 9.778826e-01 8.163452e-01 4     1.781691e-06 1.794228e+00
125 5 656.67 0.48 0.550000 8 -1.0 19958        363.169 45 8.434686e-07 7.162774e-07 8.434686e-01 9.289551e-01 4     1.559746e-06 1.772424e+00
125 5 656.67 0.48 0.550000 8 -1.0 200        361.896 53 8.757192e-07 6.694371e-07 8.757191e-01 1.131592e+00 5     1.545156e-06 2.007311e+00
125 5 656.68 0.48 0.550000 8 -1.0 11945        361.259 45 8.560039e-07 7.472880e-07 8.560039e-01 9.234619e-01 5     1.603292e-06 1.779466e+00
125 5 656.69 0.48 0.550000 8 -1.0 12937        361.228 46 8.481385e-07 9.190125e-07 8.481385e-01 8.786011e-01 5     1.767151e-06 1.726740e+00
125 5 656.70 0.48 0.550000 8 -1.0 173        364.325 58 9.950611e-07 6.290909e-07 9.950611e-01 7.250977e-01 5     1.624152e-06 1.720159e+00
125 5 656.71 0.48 0.550000 8 -1.0 16404        361.266 43 1.153708e-06 6.467713e-07 1.153708e+00 7.254028e-01 5     1.800479e-06 1.879110e+00
125 5 656.72 0.48 0.550000 8 -1.0 18439        364.840 47 7.814389e-07 4.974864e-07 7.814389e-01 7.604980e-01 5     1.278925e-06 1.541937e+00
125 5 656.73 0.48 0.550000 8 -1.0 219        366.920 58 1.191862e-06 6.199651e-07 1.191862e+00 5.616760e-01 5     1.811828e-06 1.753538e+00
125 5 656.73 0.48 0.550000 8 -1.0 291        373.633 53 1.036806e-06 4.382791e-07 1.036806e+00 5.566406e-01 5     1.475085e-06 1.593447e+00
125 5 656.73 0.48 0.550000 8 -1.0 9147        366.327 47 8.684121e-07 8.437211e-07 8.684120e-01 1.034546e+00 3     1.712133e-06 1.902958e+00
125 5 656.74 0.48 0.550000 8 -1.0 1045        362.519 45 1.204224e-06 6.874758e-07 1.204224e+00 7.891846e-01 4     1.891699e-06 1.993408e+00
125 5 656.74 0.48 0.550000 8 -1.0 179        365.858 56 6.879073e-07 4.553735e-07 6.879073e-01 7.791138e-01 5     1.143281e-06 1.467021e+00
125 5 656.76 0.48 0.550000 8 -1.0 10182        368.289 45 1.142747e-06 9.257340e-07 1.142746e+00 9.716797e-01 5     2.068481e-06 2.114426e+00
125 5 656.76 0.48 0.550000 8 -1.0 18296        361.964 46 1.149140e-06 4.951700e-07 1.149140e+00 6.793213e-01 5     1.644310e-06 1.828461e+00
125 5 656.77 0.48 0.550000 8 -1.0 249        364.873 52 1.124600e-06 3.633193e-07 1.124600e+00 5.871582e-01 5     1.487919e-06 1.711758e+00
125 5 656.77 0.48 0.550000 8 -1.0 9418        366.136 44 1.108170e-06 7.382961e-07 1.108170e+00 8.163452e-01 5     1.846466e-06 1.924515e+00
125 5 656.78 0.48 0.550000 8 -1.0 1081        361.576 47 8.652091e-07 1.294971e-06 8.652090e-01 1.063843e+00 5     2.160180e-06 1.929052e+00
125 5 656.78 0.48 0.550000 8 -1.0 15514        368.081 45 1.055345e-06 5.915742e-07 1.055345e+00 6.005859e-01 5     1.646919e-06 1.655931e+00
125 5 656.78 0.48 0.550000 8 -1.0 218        385.193 55 9.931021e-07 4.069159e-07 9.931020e-01 6.240845e-01 5     1.400018e-06 1.617187e+00
125 5 656.78 0.48 0.550000 8 -1.0 6948        362.860 46 6.920647e-07 9.216694e-07 6.920646e-01 1.041870e+00 5     1.613734e-06 1.733935e+00
125 5 656.79 0.48 0.550000 8 -1.0 4108        361.711 50 7.790581e-07 4.990847e-07 7.790580e-01 6.945801e-01 4     1.278143e-06 1.473638e+00
125 5 656.79 0.48 0.550000 8 -1.0 4558        362.031 46 7.063558e-07 8.063088e-07 7.063558e-01 1.128540e+00 5     1.512665e-06 1.834896e+00
125 5 656.80 0.48 0.550000 8 -1.0 11523        361.517 44 9.030889e-07 1.047376e-06 9.030889e-01 8.459473e-01 5     1.950465e-06 1.749036e+00
125 5 656.80 0.48 0.550000 8 -1.0 18727        367.003 48 9.071591e-07 1.032505e-06 9.071591e-01 8.499146e-01 4     1.939664e-06 1.757074e+00
125 5 656.80 0.48 0.550000 8 -1.0 3317        363.793 44 9.715656e-07 5.564340e-07 9.715655e-01 9.344482e-01 5     1.528000e-06 1.906014e+00
125 5 656.82 0.48 0.550000 8 -1.0 16014        363.697 45 8.652455e-07 1.460134e-06 8.652455e-01 1.252441e+00 4     2.325379e-06 2.117687e+00
125 7 656.55 0.48 0.550000 8 -1.0 12372        368.056 45 7.615789e-07 9.090686e-07 7.615789e-01 8.947754e-01 5     1.670648e-06 1.656354e+00
125 7 656.56 0.48 0.550000 8 -1.0 19042        362.063 47 8.802597e-07 6.728211e-07 8.802596e-01 6.756592e-01 6     1.553081e-06 1.555919e+00
125 7 656.56 0.48 0.550000 8 -1.0 3337        362.340 44 1.024058e-06 5.781640e-07 1.024058e+00 8.026123e-01 5     1.602222e-06 1.826671e+00
125 7 656.57 0.48 0.550000 8 -1.0 12249        364.277 44 8.503046e-07 1.086568e-06 8.503046e-01 8.764648e-01 6     1.936872e-06 1.726769e+00
125 7 656.57 0.48 0.550000 8 -1.0 15492        365.627 45 8.973895e-07 8.412453e-07 8.973895e-01 8.944702e-01 6     1.738635e-06 1.791860e+00
125 7 656.58 0.48 0.550000 8 -1.0 5871        361.592 47 7.903969e-07 9.004938e-07 7.903969e-01 1.230469e+00 4     1.690891e-06 2.020866e+00
125 7 656.58 0.48 0.550000 8 -1.0 8535        362.712 44 9.255233e-07 7.246592e-07 9.255233e-01 8.026123e-01 7     1.650183e-06 1.728136e+00
125 7 656.59 0.48 0.550000 8 -1.0 10026        364.418 48 1.091648e-06 4.141942e-07 1.091648e+00 6.091309e-01 6     1.505842e-06 1.700779e+00
125 7 656.59 0.48 0.550000 8 -1.0 17511        362.322 44 9.991180e-07 9.705615e-07 9.991180e-01 7.666016e-01 7     1.969680e-06 1.765720e+00
125 7 656.59 0.48 0.550000 8 -1.0 17557        363.099 46 8.906402e-07 6.333848e-07 8.906401e-01 6.579590e-01 7     1.524025e-06 1.548599e+00
125 7 656.59 0.48 0.550000 8 -1.0 7407        361.863 43 1.056226e-06 9.422521e-07 1.056226e+00 9.490967e-01 6     1.998478e-06 2.005322e+00
125 7 656.60 0.48 0.550000 8 -1.0 18177        362.446 44 8.417492e-07 9.133585e-07 8.417491e-01 7.949829e-01 7     1.755108e-06 1.636732e+00
125 7 656.61 0.48 0.550000 8 -1.0 11300        363.094 46 6.285786e-07 8.355557e-07 6.285785e-01 9.448242e-01 5     1.464134e-06 1.573403e+00
125 7 656.62 0.48 0.550000 8 -1.0 16532        363.494 45 1.081162e-06 7.633704e-07 1.081162e+00 7.171631e-01 6     1.844532e-06 1.798325e+00
125 7 656.62 0.48 0.550000 8 -1.0 5458        363.855 45 6.825847e-07 9.297337e-07 6.825846e-01 1.184082e+00 4     1.612318e-06 1.866667e+00
125 7 656.63 0.48 0.550000 8 -1.0 10687        364.651 45 9.112480e-07 9.033738e-07 9.112480e-01 8.511353e-01 7     1.814622e-06 1.762383e+00
125 7 656.63 0.48 0.550000 8 -1.0 12327        362.475 45 9.845753e-07 6.063222e-07 9.845753e-01 7.247925e-01 5     1.590897e-06 1.709368e+00
125 7 656.64 0.48 0.550000 8 -1.0 17307        366.284 45 1.280837e-06 7.114705e-07 1.280837e+00 5.847168e-01 6     1.992307e-06 1.865554e+00
125 7 656.64 0.48 0.550000 8 -1.0 17453        364.140 49 9.227083e-07 8.517885e-07 9.227083e-01 9.069824e-01 6     1.774497e-06 1.829691e+00
125 7 656.64 0.48 0.550000 8 -1.0 18142        364.744 44 6.959942e-07 1.250844e-06 6.959941e-01 1.242676e+00 4     1.946838e-06 1.938670e+00
125 7 656.64 0.48 0.550000 8 -1.0 3594        362.750 46 7.524796e-07 7.688605e-07 7.524795e-01 8.721924e-01 5     1.521340e-06 1.624672e+00
125 7 656.65 0.48 0.550000 8 -1.0 14203        362.224 43 8.188334e-07 1.089826e-06 8.188334e-01 1.013184e+00 6     1.908659e-06 1.832017e+00
125 7 656.66 0.48 0.550000 8 -1.0 17320        365.649 47 8.814435e-07 8.450626e-07 8.814435e-01 8.026123e-01 7     1.726506e-06 1.684056e+00
125 7 656.67 0.48 0.550000 8 -1.0 11330        363.928 49 8.084583e-07 1.064153e-06 8.084583e-01 1.267700e+00 4     1.872611e-06 2.076159e+00
125 7 656.67 0.48 0.550000 8 -1.0 5266        365.031 48 9.658432e-07 7.972910e-07 9.658432e-01 9.954834e-01 4     1.763134e-06 1.961327e+00
125 7 656.67 0.48 0.550000 8 -1.0 9710        364.736 43 8.353081e-07 9.747229e-07 8.353080e-01 1.009521e+00 5     1.810031e-06 1.844830e+00
125 7 656.68 0.48 0.550000 8 -1.0 18877        363.524 47 7.960217e-07 9.157148e-07 7.960217e-01 1.257935e+00 5     1.711737e-06 2.053956e+00
125 7 656.69 0.48 0.550000 8 -1.0 16008        362.317 48 1.057572e-06 4.253256e-07 1.057572e+00 6.576538e-01 5     1.482897e-06 1.715226e+00
125 7 656.70 0.48 0.550000 8 -1.0 19692        362.375 45 1.082576e-06 4.914141e-07 1.082576e+00 5.453491e-01 5     1.573991e-06 1.627925e+00
125 7 656.71 0.48 0.550000 8 -1.0 15561        370.046 48 1.136190e-06 5.851287e-07 1.136190e+00 6.353760e-01 6     1.721319e-06 1.771566e+00
125 7 656.72 0.48 0.550000 8 -1.0 5974        361.805 46 8.766370e-07 5.984977e-07 8.766369e-01 7.250977e-01 5     1.475135e-06 1.601735e+00
125 7 656.73 0.48 0.550000 8 -1.0 12001        361.224 44 8.139647e-07 7.142336e-07 8.139646e-01 8.016968e-01 6     1.528198e-06 1.615661e+00
125 7 656.73 0.48 0.550000 8 -1.0 17927        364.702 45 1.186103e-06 3.867479e-07 1.186103e+00 7.427979e-01 4     1.572851e-06 1.928901e+00
125 7 656.73 0.48 0.550000 8 -1.0 3704        368.476 45 7.769103e-07 1.001023e-06 7.769102e-01 1.023560e+00 5     1.777934e-06 1.800470e+00
125 7 656.74 0.48 0.550000 8 -1.0 13111        362.163 45 8.564928e-07 6.404727e-07 8.564927e-01 8.966064e-01 5     1.496965e-06 1.753099e+00
125 7 656.74 0.48 0.550000 8 -1.0 4322        365.037 48 9.990917e-07 8.530912e-07 9.990917e-01 8.447266e-01 6     1.852183e-06 1.843818e+00
125 7 656.76 0.48 0.550000 8 -1.0 16486        361.239 45 1.177594e-06 4.681009e-07 1.177594e+00 7.397461e-01 7     1.645694e-06 1.917340e+00
125 7 656.76 0.48 0.550000 8 -1.0 18452        363.082 44 9.706310e-07 4.926825e-07 9.706309e-01 8.562851e-01 7     1.463313e-06 1.826916e+00
125 7 656.77 0.48 0.550000 8 -1.0 18063        363.902 45 1.143583e-06 5.134557e-07 1.143583e+00 7.232666e-01 5     1.657038e-06 1.866849e+00
125 7 656.77 0.48 0.550000 8 -1.0 562        362.138 46 1.116046e-06 7.511476e-07 1.116046e+00 6.436157e-01 5     1.867194e-06 1.759662e+00
125 7 656.78 0.48 0.550000 8 -1.0 11614        364.969 46 8.611443e-07 5.804151e-07 8.611442e-01 7.119751e-01 7     1.441559e-06 1.573119e+00
125 7 656.78 0.48 0.550000 8 -1.0 16664        362.551 47 1.213938e-06 8.041962e-07 1.213938e+00 6.701660e-01 7     2.018134e-06 1.884104e+00
125 7 656.78 0.48 0.550000 8 -1.0 19269        363.054 44 1.066974e-06 8.421836e-07 1.066974e+00 7.440186e-01 6     1.909158e-06 1.810993e+00
125 7 656.78 0.48 0.550000 8 -1.0 7462        362.427 46 9.204168e-07 1.001218e-06 9.204168e-01 9.191895e-01 6     1.921634e-06 1.839606e+00
125 7 656.79 0.48 0.550000 8 -1.0 17524        366.971 44 1.115015e-06 7.297283e-07 1.115015e+00 7.153320e-01 5     1.844743e-06 1.830347e+00
125 7 656.79 0.48 0.550000 8 -1.0 18028        365.902 44 8.691761e-07 6.903705e-07 8.691761e-01 7.119751e-01 7     1.559547e-06 1.581151e+00
125 7 656.80 0.48 0.550000 8 -1.0 3168        362.083 46 8.365666e-07 5.533733e-07 8.365665e-01 8.978271e-01 5     1.389940e-06 1.734394e+00
125 7 656.80 0.48 0.550000 8 -1.0 360        364.546 48 8.426030e-07 1.007773e-06 8.426029e-01 9.472656e-01 5     1.850376e-06 1.789869e+00
125 7 656.80 0.48 0.550000 8 -1.0 7337        363.295 43 1.046247e-06 4.671738e-07 1.046247e+00 8.178711e-01 6     1.513420e-06 1.864118e+00
125 7 656.82 0.48 0.550000 8 -1.0 13875        364.284 47 9.038792e-07 7.085531e-07 9.038791e-01 1.032715e+00 6     1.612432e-06 1.936594e+00
125 9 656.55 0.48 0.550000 8 -1.0 17964        362.791 44 1.028757e-06 6.637249e-07 1.028757e+00 7.867432e-01 8     1.692482e-06 1.815500e+00
125 9 656.56 0.48 0.550000 8 -1.0 12789        365.141 46 6.990413e-07 7.694561e-07 6.990413e-01 9.399414e-01 5     1.468497e-06 1.638983e+00
125 9 656.56 0.48 0.550000 8 -1.0 19363        362.730 51 7.277646e-07 7.573551e-07 7.277646e-01 7.797241e-01 6     1.485120e-06 1.507489e+00
125 9 656.57 0.48 0.550000 8 -1.0 3317        361.961 45 9.751875e-07 6.164192e-07 9.751875e-01 9.649658e-01 4     1.591607e-06 1.940153e+00
125 9 656.57 0.48 0.550000 8 -1.0 8132        364.698 44 1.149411e-06 5.339919e-07 1.149411e+00 6.396484e-01 5     1.683403e-06 1.789059e+00
125 9 656.58 0.48 0.550000 8 -1.0 13327        365.455 45 6.971846e-07 1.291916e-06 6.971846e-01 1.127319e+00 5     1.989100e-06 1.824504e+00
125 9 656.58 0.48 0.550000 8 -1.0 16942        363.822 49 8.488901e-07 8.994955e-07 8.488901e-01 7.916260e-01 8     1.748386e-06 1.640516e+00
125 9 656.59 0.48 0.550000 8 -1.0 14138        364.601 46 1.000713e-06 6.978508e-07 1.000713e+00 6.039429e-01 7     1.698564e-06 1.604656e+00
125 9 656.59 0.48 0.550000 8 -1.0 15978        365.773 47 6.543643e-07 1.329501e-06 6.543643e-01 9.924316e-01 6     1.983865e-06 1.646796e+00
125 9 656.59 0.48 0.550000 8 -1.0 17869        364.235 45 8.429838e-07 9.614503e-07 8.429838e-01 8.035278e-01 9     1.804434e-06 1.646512e+00
125 9 656.59 0.48 0.550000 8 -1.0 18976        361.275 44 8.956420e-07 9.067929e-07 8.956420e-01 9.008789e-01 7     1.802435e-06 1.796521e+00
125 9 656.60 0.48 0.550000 8 -1.0 4042        368.348 44 8.719644e-07 6.174350e-07 8.719644e-01 8.068848e-01 5     1.489399e-06 1.678849e+00
125 9 656.61 0.48 0.550000 8 -1.0 17034        367.140 46 1.107160e-06 5.858996e-07 1.107160e+00 6.719971e-01 9     1.693059e-06 1.779157e+00
125 9 656.62 0.48 0.550000 8 -1.0 14274        361.729 45 1.093724e-06 5.683587e-07 1.093724e+00 6.234741e-01 7     1.662083e-06 1.717198e+00
125 9 656.62 0.48 0.550000 8 -1.0 4944        368.129 46 8.795787e-07 1.043171e-06 8.795787e-01 9.735107e-01 6     1.922749e-06 1.853089e+00
125 9 656.63 0.48 0.550000 8 -1.0 233        363.507 48 1.286765e-06 2.800504e-07 1.286765e+00 5.490112e-01 7     1.566815e-06 1.835776e+00
125 9 656.63 0.48 0.550000 8 -1.0 7137        364.787 46 8.551733e-07 1.010115e-06 8.551732e-01 8.755493e-01 5     1.865288e-06 1.730723e+00
125 9 656.64 0.48 0.550000 8 -1.0 12259        362.176 44 8.755005e-07 7.519101e-07 8.755005e-01 6.692505e-01 9     1.627411e-06 1.544751e+00
125 9 656.64 0.48 0.550000 8 -1.0 16452        361.253 45 8.462647e-07 6.513985e-07 8.462647e-01 1.024170e+00 6     1.497663e-06 1.870435e+00
125 9 656.64 0.48 0.550000 8 -1.0 1665        368.552 45 9.080975e-07 1.154785e-06 9.080975e-01 7.891846e-01 7     2.062882e-06 1.697282e+00
125 9 656.64 0.48 0.550000 8 -1.0 16737        363.681 45 1.391613e-06 7.198709e-07 1.391612e+00 6.295776e-01 7     2.111483e-06 2.021190e+00
125 9 656.65 0.48 0.550000 8 -1.0 14454        361.905 44 1.046177e-06 6.482593e-07 1.046177e+00 8.044434e-01 9     1.694436e-06 1.850620e+00
125 9 656.66 0.48 0.550000 8 -1.0 17926        361.541 47 7.812132e-07 4.777100e-07 7.812132e-01 6.838989e-01 8     1.258923e-06 1.465112e+00
125 9 656.67 0.48 0.550000 8 -1.0 10369        368.220 44 1.125325e-06 8.575504e-07 1.125325e+00 7.354736e-01 6     1.982875e-06 1.860798e+00
125 9 656.67 0.48 0.550000 8 -1.0 14042        366.207 44 7.618601e-07 9.516071e-07 7.618601e-01 1.180420e+00 7     1.713467e-06 1.942280e+00
125 9 656.67 0.48 0.550000 8 -1.0 7289        371.629 47 9.434898e-07 8.833278e-07 9.434898e-01 9.686279e-01 5     1.826818e-06 1.912118e+00
125 9 656.68 0.48 0.550000 8 -1.0 13182        362.487 43 8.853990e-07 6.419099e-07 8.853990e-01 8.612061e-01 7     1.527309e-06 1.746605e+00
125 9 656.69 0.48 0.550000 8 -1.0 15463        370.014 45 1.007715e-06 5.849849e-07 1.007715e+00 6.488037e-01 8     1.592700e-06 1.656519e+00
125 9 656.70 0.48 0.550000 8 -1.0 12481        363.461 45 9.678908e-07 7.124172e-07 9.678907e-01 7.968140e-01 7     1.680308e-06 1.764705e+00
125 9 656.71 0.48 0.550000 8 -1.0 12501        367.755 48 1.064227e-06 6.732323e-07 1.064227e+00 9.948730e-01 5     1.737459e-06 2.059100e+00
125 9 656.72 0.48 0.550000 8 -1.0 16999        364.881 47 7.875154e-07 5.951790e-07 7.875153e-01 7.339478e-01 6     1.382694e-06 1.521463e+00
125 9 656.73 0.48 0.550000 8 -1.0 12420        368.183 50 9.354212e-07 4.650574e-07 9.354211e-01 6.878662e-01 6     1.400479e-06 1.623287e+00
125 9 656.73 0.48 0.550000 8 -1.0 231        362.024 52 9.356686e-07 8.592815e-07 9.356686e-01 8.422852e-01 7     1.794950e-06 1.777954e+00
125 9 656.73 0.48 0.550000 8 -1.0 8438        368.190 49 9.911023e-07 6.829685e-07 9.911022e-01 6.555176e-01 5     1.674071e-06 1.646620e+00
125 9 656.74 0.48 0.550000 8 -1.0 12076        364.879 45 8.255657e-07 8.161675e-07 8.255657e-01 7.577515e-01 7     1.641733e-06 1.583317e+00
125 9 656.74 0.48 0.550000 8 -1.0 17217        366.004 47 7.657515e-07 8.055634e-07 7.657515e-01 8.038330e-01 8     1.571315e-06 1.569584e+00
125 9 656.76 0.48 0.550000 8 -1.0 17410        364.990 47 1.237193e-06 6.399664e-07 1.237193e+00 6.555176e-01 7     1.877160e-06 1.892711e+00
125 9 656.76 0.48 0.550000 8 -1.0 2882        361.367 46 9.695183e-07 9.308696e-07 9.695182e-01 1.178589e+00 5     1.900388e-06 2.148107e+00
125 9 656.77 0.48 0.550000 8 -1.0 11472        362.398 43 8.619713e-07 6.559562e-07 8.619713e-01 8.178711e-01 4     1.517927e-06 1.679842e+00
125 9 656.77 0.48 0.550000 8 -1.0 17974        362.240 47 1.302610e-06 2.716546e-07 1.302610e+00 5.056763e-01 9     1.574265e-06 1.808286e+00
125 9 656.78 0.48 0.550000 8 -1.0 13570        363.782 46 9.641069e-07 5.631680e-07 9.641069e-01 5.667114e-01 8     1.527275e-06 1.530818e+00
125 9 656.78 0.48 0.550000 8 -1.0 17954        362.919 46 1.215982e-06 4.760353e-07 1.215981e+00 4.562378e-01 9     1.692017e-06 1.672219e+00
125 9 656.78 0.48 0.550000 8 -1.0 9318        367.687 46 8.143259e-07 6.848877e-07 8.143258e-01 9.298706e-01 6     1.499214e-06 1.744196e+00
125 9 656.78 0.48 0.550000 8 -1.0 9966        365.066 46 1.091444e-06 4.280559e-07 1.091444e+00 6.161499e-01 8     1.519500e-06 1.707594e+00
125 9 656.79 0.48 0.550000 8 -1.0 12138        363.234 44 8.921943e-07 6.116167e-07 8.921943e-01 8.142090e-01 6     1.503811e-06 1.706403e+00
125 9 656.79 0.48 0.550000 8 -1.0 17010        361.824 44 8.374204e-07 9.758024e-07 8.374204e-01 1.070557e+00 7     1.813223e-06 1.907977e+00
125 9 656.80 0.48 0.550000 8 -1.0 14938        363.590 45 1.160950e-06 6.505890e-07 1.160950e+00 6.433105e-01 8     1.811539e-06 1.804261e+00
125 9 656.80 0.48 0.550000 8 -1.0 4837        363.842 44 8.095787e-07 9.446543e-07 8.095786e-01 8.245850e-01 6     1.754233e-06 1.634164e+00
125 9 656.80 0.48 0.550000 8 -1.0 4903        364.005 45 1.133969e-06 5.387575e-07 1.133969e+00 7.571411e-01 5     1.672727e-06 1.891110e+00
125 9 656.82 0.48 0.550000 8 -1.0 14545        362.116 43 9.509575e-07 1.355056e-06 9.509575e-01 8.242798e-01 6     2.306014e-06 1.775237e+00
