100 11 525.28 0.48 0.550000 8 -1.0 5366        292.251 38 6.433265e-07 8.645671e-07 6.433265e-01 6.622314e-01 8     1.507894e-06 1.305558e+00
100 11 525.29 0.48 0.550000 8 -1.0 18316        289.265 34 8.770010e-07 4.653168e-07 8.770010e-01 4.910278e-01 6     1.342318e-06 1.368029e+00
100 11 525.30 0.48 0.550000 8 -1.0 13620        289.367 34 6.192956e-07 5.198162e-07 6.192956e-01 5.975342e-01 8     1.139112e-06 1.216830e+00
100 11 525.30 0.48 0.550000 8 -1.0 14907        293.534 38 9.866095e-07 4.576834e-07 9.866095e-01 5.337524e-01 5     1.444293e-06 1.520362e+00
100 11 525.30 0.48 0.550000 8 -1.0 2451        289.706 36 7.703670e-07 7.485037e-07 7.703670e-01 6.286621e-01 5     1.518871e-06 1.399029e+00
100 11 525.30 0.48 0.550000 8 -1.0 6388        289.184 35 9.128891e-07 5.053163e-07 9.128890e-01 4.977417e-01 5     1.418205e-06 1.410631e+00
100 11 525.30 0.48 0.550000 8 -1.0 8833        295.030 37 7.518407e-07 5.696494e-07 7.518406e-01 5.746460e-01 6     1.321490e-06 1.326487e+00
100 11 525.31 0.48 0.550000 8 -1.0 12665        295.485 38 4.714580e-07 8.148226e-07 4.714580e-01 8.050537e-01 4     1.286281e-06 1.276512e+00
100 11 525.31 0.48 0.550000 8 -1.0 14155        294.285 34 5.270500e-07 1.383083e-06 5.270500e-01 1.105957e+00 4     1.910133e-06 1.633007e+00
100 11 525.31 0.48 0.550000 8 -1.0 17828        289.102 34 5.947547e-07 6.718123e-07 5.947547e-01 6.942749e-01 7     1.266567e-06 1.289030e+00
100 11 525.31 0.48 0.550000 8 -1.0 642        292.489 38 7.109481e-07 6.631215e-07 7.109481e-01 1.050415e+00 5     1.374070e-06 1.761363e+00
100 11 525.31 0.48 0.550000 8 -1.0 8440        291.462 36 7.885843e-07 6.219619e-07 7.885843e-01 7.235718e-01 4     1.410546e-06 1.512156e+00
100 11 525.32 0.48 0.550000 8 -1.0 5614        291.448 38 6.828873e-07 7.747198e-07 6.828873e-01 8.129883e-01 5     1.457607e-06 1.495876e+00
100 11 525.32 0.48 0.550000 8 -1.0 7052        290.400 35 7.680500e-07 5.877031e-07 7.680499e-01 5.795288e-01 6     1.355753e-06 1.347579e+00
100 11 525.33 0.48 0.550000 8 -1.0 16369        291.399 35 8.469870e-07 8.538666e-07 8.469869e-01 7.046509e-01 4     1.700854e-06 1.551638e+00
100 11 525.33 0.48 0.550000 8 -1.0 16437        294.036 35 8.365383e-07 4.698947e-07 8.365382e-01 5.191040e-01 6     1.306433e-06 1.355642e+00
100 11 525.33 0.48 0.550000 8 -1.0 6762        292.643 35 6.783600e-07 5.506446e-07 6.783600e-01 6.719971e-01 5     1.229005e-06 1.350357e+00
100 11 525.34 0.48 0.550000 8 -1.0 17341        289.047 37 8.071543e-07 5.486050e-07 8.071542e-01 4.536438e-01 9     1.355759e-06 1.260798e+00
100 11 525.34 0.48 0.550000 8 -1.0 19280        296.031 36 9.002086e-07 5.942659e-07 9.002086e-01 6.649780e-01 6     1.494475e-06 1.565187e+00
100 11 525.34 0.48 0.550000 8 -1.0 19332        290.647 35 5.668855e-07 6.874100e-07 5.668854e-01 7.452393e-01 5     1.254295e-06 1.312125e+00
100 11 525.36 0.48 0.550000 8 -1.0 13569        291.568 38 7.024979e-07 5.589253e-07 7.024979e-01 5.978394e-01 5     1.261423e-06 1.300337e+00
100 11 525.36 0.48 0.550000 8 -1.0 15950        291.667 36 8.135143e-07 6.184367e-07 8.135143e-01 4.626465e-01 6     1.431951e-06 1.276161e+00
100 11 525.36 0.48 0.550000 8 -1.0 9736        290.899 34 9.050866e-07 5.542586e-07 9.050865e-01 5.343628e-01 6     1.459345e-06 1.439449e+00
100 11 525.37 0.48 0.550000 8 -1.0 13981        289.474 35 5.409540e-07 5.044960e-07 5.409539e-01 6.149292e-01 5     1.045450e-06 1.155883e+00
100 11 525.37 0.48 0.550000 8 -1.0 15798        289.136 36 8.755611e-07 3.825096e-07 8.755611e-01 4.798889e-01 7     1.258071e-06 1.355450e+00
100 11 525.37 0.48 0.550000 8 -1.0 3625        292.381 38 8.563527e-07 3.594773e-07 8.563527e-01 6.030273e-01 4     1.215830e-06 1.459380e+00
100 11 525.37 0.48 0.550000 8 -1.0 5583        290.393 38 6.443320e-07 5.377120e-07 6.443320e-01 5.905151e-01 6     1.182044e-06 1.234847e+00
100 11 525.39 0.48 0.550000 8 -1.0 17667        292.975 35 9.666025e-07 4.566862e-07 9.666025e-01 4.766846e-01 7     1.423289e-06 1.443287e+00
100 11 525.40 0.48 0.550000 8 -1.0 14399        291.896 35 1.094776e-06 4.218694e-07 1.094776e+00 4.418945e-01 6     1.516645e-06 1.536671e+00
100 11 525.40 0.48 0.550000 8 -1.0 15179        294.709 37 1.088088e-06 4.762788e-07 1.088088e+00 5.526733e-01 5     1.564367e-06 1.640761e+00
100 11 525.40 0.48 0.550000 8 -1.0 15702        289.774 36 7.295379e-07 6.098535e-07 7.295378e-01 7.217407e-01 5     1.339391e-06 1.451279e+00
100 11 525.40 0.48 0.550000 8 -1.0 17714        291.104 37 1.050506e-06 4.487877e-07 1.050506e+00 4.974365e-01 5     1.499294e-06 1.547942e+00
100 11 525.40 0.48 0.550000 8 -1.0 19628        289.623 35 8.425583e-07 3.457767e-07 8.425583e-01 3.227234e-01 11     1.188335e-06 1.165282e+00
100 11 525.40 0.48 0.550000 8 -1.0 19970        289.449 34 6.063104e-07 7.536823e-07 6.063104e-01 7.656860e-01 7     1.359993e-06 1.371996e+00
100 11 525.40 0.48 0.550000 8 -1.0 8791        294.634 38 7.489758e-07 5.546580e-07 7.489758e-01 5.889893e-01 8     1.303634e-06 1.337965e+00
100 11 525.41 0.48 0.550000 8 -1.0 10586        295.375 35 7.596241e-07 8.588494e-07 7.596241e-01 7.107544e-01 6     1.618473e-06 1.470378e+00
100 11 525.41 0.48 0.550000 8 -1.0 14434        295.910 38 6.186129e-07 7.472312e-07 6.186129e-01 8.047485e-01 4     1.365844e-06 1.423361e+00
100 11 525.41 0.48 0.550000 8 -1.0 15809        293.950 35 7.973612e-07 2.829188e-07 7.973612e-01 4.687500e-01 11     1.080280e-06 1.266111e+00
100 11 525.41 0.48 0.550000 8 -1.0 15989        294.669 35 8.010389e-07 6.258470e-07 8.010388e-01 5.911255e-01 6     1.426886e-06 1.392164e+00
100 11 525.41 0.48 0.550000 8 -1.0 16079        291.217 36 5.351938e-07 7.188204e-07 5.351938e-01 8.026123e-01 7     1.254014e-06 1.337806e+00
100 11 525.41 0.48 0.550000 8 -1.0 5023        312.168 38 6.562872e-07 9.995473e-07 6.562871e-01 8.319092e-01 6     1.655834e-06 1.488196e+00
100 11 525.42 0.48 0.550000 8 -1.0 13657        295.290 34 6.989790e-07 8.782316e-07 6.989790e-01 7.965088e-01 5     1.577211e-06 1.495488e+00
100 11 525.42 0.48 0.550000 8 -1.0 8423        290.173 36 9.567075e-07 5.744445e-07 9.567075e-01 5.841064e-01 5     1.531152e-06 1.540814e+00
100 11 525.42 0.48 0.550000 8 -1.0 8745        291.015 35 8.062817e-07 7.280527e-07 8.062817e-01 5.766296e-01 7     1.534334e-06 1.382911e+00
100 11 525.43 0.48 0.550000 8 -1.0 18460        289.951 35 8.472587e-07 5.022942e-07 8.472587e-01 4.670715e-01 8     1.349553e-06 1.314330e+00
100 11 525.43 0.48 0.550000 8 -1.0 19980        292.447 35 9.841016e-07 5.377506e-07 9.841016e-01 4.739380e-01 8     1.521852e-06 1.458040e+00
100 11 525.44 0.48 0.550000 8 -1.0 1688        289.209 34 5.129789e-07 8.975448e-07 5.129788e-01 6.860352e-01 6     1.410524e-06 1.199014e+00
100 11 525.44 0.48 0.550000 8 -1.0 19527        291.211 35 7.493829e-07 4.990417e-07 7.493829e-01 5.682373e-01 7     1.248425e-06 1.317620e+00
100 11 525.45 0.48 0.550000 8 -1.0 16025        292.673 40 8.533744e-07 3.565406e-07 8.533743e-01 4.455566e-01 7     1.209915e-06 1.298931e+00
100 11 525.46 0.48 0.550000 8 -1.0 5317        289.416 35 9.382068e-07 2.775799e-07 9.382068e-01 3.886414e-01 6     1.215787e-06 1.326848e+00
100 13 525.28 0.48 0.550000 8 -1.0 15656        289.608 37 7.707913e-07 5.881077e-07 7.707912e-01 7.580566e-01 7     1.358899e-06 1.528848e+00
100 13 525.29 0.48 0.550000 8 -1.0 1902        295.294 36 9.335616e-07 5.016574e-07 9.335616e-01 6.369019e-01 5     1.435219e-06 1.570463e+00
100 13 525.30 0.48 0.550000 8 -1.0 12297        295.468 38 7.375576e-07 4.994854e-07 7.375575e-01 6.878662e-01 8     1.237043e-06 1.425424e+00
100 13 525.30 0.48 0.550000 8 -1.0 13524        292.337 34 8.872941e-07 3.805279e-07 8.872941e-01 5.087280e-01 8     1.267822e-06 1.396022e+00
100 13 525.30 0.48 0.550000 8 -1.0 15303        289.917 37 1.054031e-06 3.526929e-07 1.054031e+00 4.255676e-01 4     1.406724e-06 1.479599e+00
100 13 525.30 0.48 0.550000 8 -1.0 17398        291.528 36 8.465897e-07 6.229520e-07 8.465897e-01 7.543945e-01 5     1.469542e-06 1.600984e+00
100 13 525.30 0.48 0.550000 8 -1.0 9544        290.873 34 7.758639e-07 4.018154e-07 7.758639e-01 4.568481e-01 8     1.177679e-06 1.232712e+00
100 13 525.31 0.48 0.550000 8 -1.0 11342        291.769 35 5.044321e-07 8.913340e-07 5.044321e-01 8.264160e-01 5     1.395766e-06 1.330848e+00
100 13 525.31 0.48 0.550000 8 -1.0 11717        289.814 36 1.022927e-06 5.531410e-07 1.022926e+00 4.519653e-01 7     1.576068e-06 1.474892e+00
100 13 525.31 0.48 0.550000 8 -1.0 14775        292.545 36 7.105732e-07 6.469436e-07 7.105731e-01 6.640625e-01 6     1.357517e-06 1.374636e+00
100 13 525.31 0.48 0.550000 8 -1.0 2998        289.158 37 5.971722e-07 5.547404e-07 5.971722e-01 7.278442e-01 5     1.151913e-06 1.325016e+00
100 13 525.31 0.48 0.550000 8 -1.0 9998        293.118 35 6.531493e-07 7.301889e-07 6.531493e-01 9.143066e-01 6     1.383338e-06 1.567456e+00
100 13 525.32 0.48 0.550000 8 -1.0 19712        290.174 35 6.545509e-07 5.952651e-07 6.545509e-01 6.835938e-01 6     1.249816e-06 1.338145e+00
100 13 525.32 0.48 0.550000 8 -1.0 9799        293.734 38 7.035423e-07 5.603374e-07 7.035423e-01 6.039429e-01 5     1.263880e-06 1.307485e+00
100 13 525.33 0.48 0.550000 8 -1.0 15162        293.670 36 7.193923e-07 8.367572e-07 7.193923e-01 9.405518e-01 4     1.556150e-06 1.659944e+00
100 13 525.33 0.48 0.550000 8 -1.0 16015        291.221 35 7.714185e-07 6.637126e-07 7.714185e-01 7.861328e-01 8     1.435131e-06 1.557551e+00
100 13 525.33 0.48 0.550000 8 -1.0 17644        290.290 35 6.825254e-07 6.678550e-07 6.825254e-01 7.525635e-01 6     1.350380e-06 1.435089e+00
100 13 525.34 0.48 0.550000 8 -1.0 11271        291.544 34 7.259033e-07 6.882568e-07 7.259033e-01 7.324219e-01 5     1.414160e-06 1.458325e+00
100 13 525.34 0.48 0.550000 8 -1.0 14533        289.609 35 6.710737e-07 1.195438e-06 6.710737e-01 7.684326e-01 6     1.866512e-06 1.439506e+00
100 13 525.34 0.48 0.550000 8 -1.0 4534        288.967 36 7.285340e-07 6.858087e-07 7.285340e-01 6.646729e-01 6     1.414343e-06 1.393207e+00
100 13 525.36 0.48 0.550000 8 -1.0 11078        296.184 37 7.404726e-07 4.835439e-07 7.404725e-01 5.300903e-01 7     1.224016e-06 1.270563e+00
100 13 525.36 0.48 0.550000 8 -1.0 11774        293.656 36 5.049126e-07 6.489463e-07 5.049126e-01 1.018677e+00 5     1.153859e-06 1.523589e+00
100 13 525.36 0.48 0.550000 8 -1.0 18977        290.930 36 1.002576e-06 4.232570e-07 1.002576e+00 5.133057e-01 7     1.425833e-06 1.515881e+00
100 13 525.37 0.48 0.550000 8 -1.0 14924        291.073 36 7.946356e-07 1.093635e-06 7.946356e-01 5.859375e-01 8     1.888271e-06 1.380573e+00
100 13 525.37 0.48 0.550000 8 -1.0 18891        292.184 37 6.979852e-07 6.911512e-07 6.979852e-01 4.486084e-01 7     1.389136e-06 1.146594e+00
100 13 525.37 0.48 0.550000 8 -1.0 19099        290.161 35 7.395391e-07 9.044441e-07 7.395390e-01 7.122803e-01 5     1.643983e-06 1.451819e+00
100 13 525.37 0.48 0.550000 8 -1.0 8259        293.547 37 9.507502e-07 7.023714e-07 9.507502e-01 7.318115e-01 6     1.653122e-06 1.682562e+00
100 13 525.39 0.48 0.550000 8 -1.0 15967        289.638 34 1.035553e-06 4.586693e-07 1.035553e+00 3.530884e-01 10     1.494222e-06 1.388641e+00
100 13 525.40 0.48 0.550000 8 -1.0 10164        294.347 37 9.137031e-07 4.034002e-07 9.137031e-01 6.628418e-01 6     1.317103e-06 1.576545e+00
100 13 525.40 0.48 0.550000 8 -1.0 17720        293.695 35 6.930644e-07 1.006692e-06 6.930643e-01 7.098389e-01 6     1.699756e-06 1.402903e+00
100 13 525.40 0.48 0.550000 8 -1.0 18794        291.960 36 7.968937e-07 5.433240e-07 7.968937e-01 5.374146e-01 6     1.340218e-06 1.334308e+00
100 13 525.40 0.48 0.550000 8 -1.0 18888        291.583 37 9.136530e-07 5.328619e-07 9.136530e-01 5.914307e-01 7     1.446515e-06 1.505084e+00
100 13 525.40 0.48 0.550000 8 -1.0 5899        291.755 37 5.712558e-07 8.689954e-07 5.712558e-01 8.282471e-01 5     1.440251e-06 1.399503e+00
100 13 525.40 0.48 0.550000 8 -1.0 7454        289.360 36 8.158801e-07 4.831085e-07 8.158801e-01 5.676270e-01 6     1.298989e-06 1.383507e+00
100 13 525.40 0.48 0.550000 8 -1.0 9051        293.061 38 5.330655e-07 6.539864e-07 5.330655e-01 8.636475e-01 5     1.187052e-06 1.396713e+00
100 13 525.41 0.48 0.550000 8 -1.0 11595        293.818 36 6.798488e-07 7.421425e-07 6.798487e-01 8.892822e-01 6     1.421991e-06 1.569131e+00
100 13 525.41 0.48 0.550000 8 -1.0 11761        291.729 34 9.881046e-07 6.500293e-07 9.881045e-01 5.178833e-01 9     1.638134e-06 1.505988e+00
100 13 525.41 0.48 0.550000 8 -1.0 17774        290.301 36 7.343439e-07 7.991737e-07 7.343438e-01 7.498169e-01 9     1.533518e-06 1.484161e+00
100 13 525.41 0.48 0.550000 8 -1.0 18153        292.592 38 1.064963e-06 2.625240e-07 1.064963e+00 3.459167e-01 6     1.327487e-06 1.410880e+00
100 13 525.41 0.48 0.550000 8 -1.0 3630        295.857 38 6.229710e-07 6.570978e-07 6.229709e-01 8.288574e-01 5     1.280069e-06 1.451828e+00
100 13 525.41 0.48 0.550000 8 -1.0 8015        289.603 38 9.836827e-07 3.843922e-07 9.836826e-01 6.051636e-01 5     1.368075e-06 1.588846e+00
100 13 525.42 0.48 0.550000 8 -1.0 14887        291.557 40 5.757148e-07 6.077667e-07 5.757147e-01 6.445312e-01 7     1.183481e-06 1.220246e+00
100 13 525.42 0.48 0.550000 8 -1.0 19638        289.625 33 8.416358e-07 4.710327e-07 8.416357e-01 5.905151e-01 8     1.312668e-06 1.432151e+00
100 13 525.42 0.48 0.550000 8 -1.0 19725        289.444 36 8.626725e-07 5.689258e-07 8.626725e-01 5.551147e-01 7     1.431598e-06 1.417787e+00
100 13 525.43 0.48 0.550000 8 -1.0 1070        296.900 36 7.310839e-07 7.392330e-07 7.310839e-01 8.380127e-01 5     1.470317e-06 1.569097e+00
100 13 525.43 0.48 0.550000 8 -1.0 496        292.781 36 7.745298e-07 5.434871e-07 7.745297e-01 6.701660e-01 8     1.318017e-06 1.444696e+00
100 13 525.44 0.48 0.550000 8 -1.0 11393        296.231 37 6.887617e-07 7.667340e-07 6.887617e-01 7.843018e-01 5     1.455496e-06 1.473063e+00
100 13 525.44 0.48 0.550000 8 -1.0 17596        292.645 33 8.720778e-07 5.648587e-07 8.720778e-01 5.871582e-01 6     1.436936e-06 1.459236e+00
100 13 525.45 0.48 0.550000 8 -1.0 6814        290.501 36 7.443821e-07 3.737180e-07 7.443821e-01 5.761719e-01 7     1.118100e-06 1.320554e+00
100 13 525.46 0.48 0.550000 8 -1.0 14066        290.817 37 7.320534e-07 7.741341e-07 7.320533e-01 6.854248e-01 5     1.506188e-06 1.417478e+00
100 15 525.28 0.48 0.550000 8 -1.0 17135        293.294 35 8.661675e-07 4.279836e-07 8.661674e-01 5.014038e-01 5     1.294151e-06 1.367571e+00
100 15 525.29 0.48 0.550000 8 -1.0 18754        290.631 36 1.012046e-06 3.715737e-07 1.012046e+00 5.160522e-01 5     1.383619e-06 1.528098e+00
100 15 525.30 0.48 0.550000 8 -1.0 11566        294.174 37 5.252659e-07 8.761998e-07 5.252659e-01 9.765625e-01 4     1.401466e-06 1.501828e+00
100 15 525.30 0.48 0.550000 8 -1.0 12076        290.275 35 5.326726e-07 1.020892e-06 5.326726e-01 7.226562e-01 4     1.553565e-06 1.255329e+00
100 15 525.30 0.48 0.550000 8 -1.0 14141        295.157 36 5.161155e-07 9.759029e-07 5.161154e-01 1.130981e+00 5     1.492018e-06 1.647097e+00
100 15 525.30 0.48 0.550000 8 -1.0 14450        292.062 36 5.671583e-07 8.337529e-07 5.671583e-01 6.677246e-01 8     1.400911e-06 1.234883e+00
100 15 525.30 0.48 0.550000 8 -1.0 9467        290.429 37 6.212668e-07 8.977070e-07 6.212668e-01 7.595825e-01 5     1.518974e-06 1.380849e+00
100 15 525.31 0.48 0.550000 8 -1.0 12946        292.045 36 7.780712e-07 9.360008e-07 7.780712e-01 8.715820e-01 4     1.714072e-06 1.649653e+00
100 15 525.31 0.48 0.550000 8 -1.0 13453        290.573 35 6.302382e-07 1.253261e-06 6.302381e-01 6.256104e-01 8     1.883499e-06 1.255849e+00
100 15 525.31 0.48 0.550000 8 -1.0 18014        289.318 33 7.201563e-07 8.267055e-07 7.201563e-01 7.952881e-01 6     1.546862e-06 1.515444e+00
100 15 525.31 0.48 0.550000 8 -1.0 6261        289.322 34 7.311086e-07 1.153982e-06 7.311086e-01 6.298828e-01 7     1.885091e-06 1.360991e+00
100 15 525.31 0.48 0.550000 8 -1.0 780        290.184 33 9.191719e-07 5.111467e-07 9.191718e-01 5.441284e-01 6     1.430319e-06 1.463300e+00
100 15 525.32 0.48 0.550000 8 -1.0 13403        290.616 37 7.605762e-07 4.954733e-07 7.605762e-01 7.611084e-01 4     1.256050e-06 1.521685e+00
100 15 525.32 0.48 0.550000 8 -1.0 18904        290.762 36 7.149650e-07 5.790014e-07 7.149650e-01 5.410767e-01 6     1.293966e-06 1.256042e+00
100 15 525.33 0.48 0.550000 8 -1.0 11148        289.142 33 8.864331e-07 7.243701e-07 8.864330e-01 5.978394e-01 5     1.610803e-06 1.484272e+00
100 15 525.33 0.48 0.550000 8 -1.0 13159        290.909 37 9.335654e-07 6.827125e-07 9.335654e-01 7.241821e-01 4     1.616278e-06 1.657747e+00
100 15 525.33 0.48 0.550000 8 -1.0 13818        294.590 36 8.050284e-07 5.313127e-07 8.050283e-01 4.421997e-01 8     1.336341e-06 1.247228e+00
100 15 525.34 0.48 0.550000 8 -1.0 19473        290.072 35 8.319340e-07 5.420763e-07 8.319339e-01 4.827881e-01 9     1.374010e-06 1.314722e+00
100 15 525.34 0.48 0.550000 8 -1.0 2240        295.011 36 6.035467e-07 6.693805e-07 6.035466e-01 6.188965e-01 5     1.272927e-06 1.222443e+00
100 15 525.34 0.48 0.550000 8 -1.0 5942        291.396 37 7.854554e-07 7.539778e-07 7.854554e-01 7.647705e-01 5     1.539433e-06 1.550226e+00
100 15 525.36 0.48 0.550000 8 -1.0 13319        289.427 37 6.408300e-07 8.025086e-07 6.408299e-01 6.042480e-01 7     1.443339e-06 1.245078e+00
100 15 525.36 0.48 0.550000 8 -1.0 15739        291.033 36 6.618145e-07 6.300005e-07 6.618145e-01 7.043457e-01 7     1.291815e-06 1.366160e+00
100 15 525.36 0.48 0.550000 8 -1.0 19856        289.265 36 5.876531e-07 9.226726e-07 5.876531e-01 8.636475e-01 5     1.510326e-06 1.451301e+00
100 15 525.37 0.48 0.550000 8 -1.0 11317        291.784 38 4.603218e-07 8.545523e-07 4.603218e-01 8.697510e-01 5     1.314874e-06 1.330073e+00
100 15 525.37 0.48 0.550000 8 -1.0 17118        289.367 35 7.656039e-07 5.694150e-07 7.656039e-01 7.015991e-01 5     1.335019e-06 1.467203e+00
100 15 525.37 0.48 0.550000 8 -1.0 19200        291.333 36 8.481716e-07 6.757668e-07 8.481716e-01 5.099487e-01 6     1.523938e-06 1.358120e+00
100 15 525.37 0.48 0.550000 8 -1.0 8710        292.603 37 7.537686e-07 4.753929e-07 7.537686e-01 6.359863e-01 6     1.229161e-06 1.389755e+00
100 15 525.39 0.48 0.550000 8 -1.0 1609        290.910 37 9.378041e-07 3.466747e-07 9.378041e-01 4.020691e-01 6     1.284479e-06 1.339873e+00
100 15 525.40 0.48 0.550000 8 -1.0 14454        290.303 38 8.119678e-07 6.460595e-07 8.119678e-01 5.676270e-01 7     1.458027e-06 1.379595e+00
100 15 525.40 0.48 0.550000 8 -1.0 18143        292.006 36 9.596836e-07 3.982227e-07 9.596836e-01 5.407715e-01 7     1.357906e-06 1.500455e+00
100 15 525.40 0.48 0.550000 8 -1.0 18489        289.143 35 6.482771e-07 6.748660e-07 6.482771e-01 9.716797e-01 4     1.323143e-06 1.619957e+00
100 15 525.40 0.48 0.550000 8 -1.0 724        289.487 35 8.201724e-07 6.496697e-07 8.201723e-01 6.860352e-01 7     1.469842e-06 1.506207e+00
100 15 525.40 0.48 0.550000 8 -1.0 8753        289.767 36 9.976801e-07 2.971399e-07 9.976800e-01 2.973938e-01 7     1.294820e-06 1.295074e+00
100 15 525.40 0.48 0.550000 8 -1.0 9579        289.603 37 9.638679e-07 3.741391e-07 9.638679e-01 4.043579e-01 7     1.338007e-06 1.368226e+00
100 15 525.40 0.48 0.550000 8 -1.0 9783        289.165 34 7.659455e-07 6.729373e-07 7.659455e-01 4.998779e-01 9     1.438883e-06 1.265823e+00
100 15 525.41 0.48 0.550000 8 -1.0 13912        293.542 37 8.799912e-07 6.588915e-07 8.799912e-01 6.665039e-01 6     1.538883e-06 1.546495e+00
100 15 525.41 0.48 0.550000 8 -1.0 15135        290.728 36 9.030862e-07 5.069970e-07 9.030861e-01 7.879639e-01 4     1.410083e-06 1.691050e+00
100 15 525.41 0.48 0.550000 8 -1.0 15840        290.612 36 7.640108e-07 7.383478e-07 7.640107e-01 4.266357e-01 7     1.502359e-06 1.190646e+00
100 15 525.41 0.48 0.550000 8 -1.0 18115        294.320 37 7.360979e-07 7.901785e-07 7.360979e-01 6.689453e-01 7     1.526276e-06 1.405043e+00
100 15 525.41 0.48 0.550000 8 -1.0 19718        290.242 38 9.335099e-07 7.011103e-07 9.335098e-01 6.533813e-01 7     1.634620e-06 1.586891e+00
100 15 525.41 0.48 0.550000 8 -1.0 7180        293.548 36 6.530786e-07 8.398210e-07 6.530786e-01 7.666016e-01 5     1.492900e-06 1.419680e+00
100 15 525.42 0.48 0.550000 8 -1.0 6935        289.343 36 1.130626e-06 5.983161e-07 1.130626e+00 4.396057e-01 5     1.728942e-06 1.570231e+00
100 15 525.42 0.48 0.550000 8 -1.0 7165        292.941 37 7.902341e-07 3.716451e-07 7.902340e-01 5.282593e-01 5     1.161879e-06 1.318493e+00
100 15 525.42 0.48 0.550000 8 -1.0 8454        289.789 35 7.731964e-07 6.791721e-07 7.731964e-01 8.251953e-01 5     1.452369e-06 1.598392e+00
100 15 525.43 0.48 0.550000 8 -1.0 19408        292.151 35 6.206168e-07 4.640994e-07 6.206167e-01 6.475830e-01 5     1.084716e-06 1.268200e+00
100 15 525.43 0.48 0.550000 8 -1.0 8753        289.644 37 5.288185e-07 8.898764e-07 5.288185e-01 8.258057e-01 5     1.418695e-06 1.354624e+00
100 15 525.44 0.48 0.550000 8 -1.0 11427        293.048 35 7.100202e-07 5.663230e-07 7.100202e-01 7.122803e-01 4     1.276343e-06 1.422300e+00
100 15 525.44 0.48 0.550000 8 -1.0 7858        297.004 38 9.112571e-07 3.368345e-07 9.112570e-01 4.229736e-01 5     1.248092e-06 1.334231e+00
100 15 525.45 0.48 0.550000 8 -1.0 13516        289.047 35 7.948866e-07 4.483558e-07 7.948866e-01 5.014038e-01 4     1.243242e-06 1.296290e+00
100 15 525.46 0.48 0.550000 8 -1.0 6818        289.489 37 8.591524e-07 3.720918e-07 8.591524e-01 4.757690e-01 5     1.231244e-06 1.334921e+00
100 17 525.28 0.48 0.550000 8 -1.0 10446        292.794 36 8.028992e-07 7.541274e-07 8.028991e-01 6.057739e-01 7     1.557027e-06 1.408673e+00
100 17 525.29 0.48 0.550000 8 -1.0 13304        297.272 37 5.638895e-07 8.670351e-07 5.638895e-01 8.984375e-01 6     1.430925e-06 1.462327e+00
100 17 525.30 0.48 0.550000 8 -1.0 15356        289.215 35 1.050994e-06 4.537312e-07 1.050994e+00 3.656006e-01 9     1.504725e-06 1.416594e+00
100 17 525.30 0.48 0.550000 8 -1.0 17850        293.090 35 8.437326e-07 6.389504e-07 8.437326e-01 5.133057e-01 7     1.482683e-06 1.357038e+00
100 17 525.30 0.48 0.550000 8 -1.0 18300        296.121 37 7.642636e-07 4.046388e-07 7.642636e-01 5.148315e-01 6     1.168902e-06 1.279095e+00
100 17 525.30 0.48 0.550000 8 -1.0 19600        289.868 38 6.728651e-07 6.653314e-07 6.728651e-01 7.244873e-01 5     1.338197e-06 1.397352e+00
100 17 525.30 0.48 0.550000 8 -1.0 6739        290.658 37 9.380051e-07 5.352604e-07 9.380051e-01 5.950928e-01 6     1.473266e-06 1.533098e+00
100 17 525.31 0.48 0.550000 8 -1.0 10693        289.017 34 7.937455e-07 6.709430e-07 7.937454e-01 5.407715e-01 6     1.464688e-06 1.334517e+00
100 17 525.31 0.48 0.550000 8 -1.0 10807        288.929 34 6.103721e-07 6.285979e-07 6.103721e-01 7.818604e-01 7     1.238970e-06 1.392232e+00
100 17 525.31 0.48 0.550000 8 -1.0 15423        289.368 36 6.135735e-07 4.800144e-07 6.135735e-01 6.274414e-01 6     1.093588e-06 1.241015e+00
100 17 525.31 0.48 0.550000 8 -1.0 18291        290.784 35 5.003688e-07 9.523608e-07 5.003687e-01 1.013184e+00 6     1.452730e-06 1.513552e+00
100 17 525.31 0.48 0.550000 8 -1.0 4506        289.100 36 6.991494e-07 6.885930e-07 6.991494e-01 8.462524e-01 5     1.387742e-06 1.545402e+00
100 17 525.32 0.48 0.550000 8 -1.0 12584        289.536 38 6.191301e-07 9.306324e-07 6.191301e-01 9.051514e-01 5     1.549763e-06 1.524281e+00
100 17 525.32 0.48 0.550000 8 -1.0 3262        289.435 36 6.742373e-07 7.239398e-07 6.742373e-01 7.000732e-01 7     1.398177e-06 1.374311e+00
100 17 525.33 0.48 0.550000 8 -1.0 17214        293.166 35 5.026971e-07 1.066309e-06 5.026971e-01 1.042480e+00 6     1.569006e-06 1.545178e+00
100 17 525.33 0.48 0.550000 8 -1.0 3362        291.462 36 8.312553e-07 5.293192e-07 8.312553e-01 6.134033e-01 3     1.360575e-06 1.444659e+00
100 17 525.33 0.48 0.550000 8 -1.0 5823        288.984 35 6.937417e-07 4.123527e-07 6.937417e-01 5.657959e-01 7     1.106094e-06 1.259538e+00
100 17 525.34 0.48 0.550000 8 -1.0 18831        292.018 36 7.128203e-07 9.263499e-07 7.128202e-01 6.738281e-01 5     1.639170e-06 1.386648e+00
100 17 525.34 0.48 0.550000 8 -1.0 4195        293.096 38 6.330398e-07 6.905831e-07 6.330398e-01 8.978271e-01 5     1.323623e-06 1.530867e+00
100 17 525.34 0.48 0.550000 8 -1.0 7867        291.611 37 5.984767e-07 4.878213e-07 5.984766e-01 7.797241e-01 5     1.086298e-06 1.378201e+00
100 17 525.36 0.48 0.550000 8 -1.0 15769        291.614 36 6.242254e-07 8.385455e-07 6.242254e-01 7.727051e-01 5     1.462771e-06 1.396930e+00
100 17 525.36 0.48 0.550000 8 -1.0 18773        291.306 36 5.693465e-07 9.150775e-07 5.693464e-01 8.981323e-01 5     1.484424e-06 1.467479e+00
100 17 525.36 0.48 0.550000 8 -1.0 19288        290.866 36 6.847174e-07 5.864710e-07 6.847174e-01 7.257080e-01 6     1.271188e-06 1.410425e+00
100 17 525.37 0.48 0.550000 8 -1.0 10107        289.870 35 1.079136e-06 3.956658e-07 1.079136e+00 5.133057e-01 5     1.474802e-06 1.592442e+00
100 17 525.37 0.48 0.550000 8 -1.0 17169        292.524 36 6.190867e-07 9.941811e-07 6.190866e-01 8.306885e-01 5     1.613268e-06 1.449775e+00
100 17 525.37 0.48 0.550000 8 -1.0 6409        289.042 35 4.857283e-07 7.396560e-07 4.857282e-01 8.203125e-01 5     1.225384e-06 1.306041e+00
100 17 525.37 0.48 0.550000 8 -1.0 696        289.736 36 6.682961e-07 6.653744e-07 6.682961e-01 6.948853e-01 4     1.333671e-06 1.363181e+00
100 17 525.39 0.48 0.550000 8 -1.0 17406        294.427 34 9.016706e-07 5.365264e-07 9.016705e-01 4.922485e-01 6     1.438197e-06 1.393919e+00
100 17 525.40 0.48 0.550000 8 -1.0 11570        291.049 37 6.772063e-07 6.980020e-07 6.772063e-01 6.887817e-01 5     1.375208e-06 1.365988e+00
100 17 525.40 0.48 0.550000 8 -1.0 11780        291.989 35 5.795947e-07 8.361290e-07 5.795946e-01 7.110596e-01 7     1.415724e-06 1.290654e+00
100 17 525.40 0.48 0.550000 8 -1.0 11985        289.952 36 5.665721e-07 6.018098e-07 5.665721e-01 7.983398e-01 5     1.168382e-06 1.364912e+00
100 17 525.40 0.48 0.550000 8 -1.0 14352        293.485 36 5.799798e-07 6.979902e-07 5.799798e-01 6.829834e-01 5     1.277970e-06 1.262963e+00
100 17 525.40 0.48 0.550000 8 -1.0 17784        290.641 36 5.995448e-07 9.102853e-07 5.995448e-01 6.661987e-01 6     1.509830e-06 1.265743e+00
100 17 525.40 0.48 0.550000 8 -1.0 17995        294.427 37 7.789430e-07 6.966263e-07 7.789430e-01 4.785156e-01 9     1.475569e-06 1.257459e+00
100 17 525.40 0.48 0.550000 8 -1.0 4389        290.378 35 4.889497e-07 8.168563e-07 4.889496e-01 1.131592e+00 5     1.305806e-06 1.620541e+00
100 17 525.41 0.48 0.550000 8 -1.0 14813        289.768 38 9.986880e-07 4.594462e-07 9.986879e-01 5.364990e-01 9     1.458134e-06 1.535187e+00
100 17 525.41 0.48 0.550000 8 -1.0 17081        293.101 38 8.280438e-07 4.161999e-07 8.280438e-01 6.423950e-01 5     1.244244e-06 1.470439e+00
100 17 525.41 0.48 0.550000 8 -1.0 18687        290.847 38 4.935818e-07 9.810189e-07 4.935817e-01 7.800293e-01 5     1.474601e-06 1.273611e+00
100 17 525.41 0.48 0.550000 8 -1.0 18704        289.231 36 7.262195e-07 4.732751e-07 7.262195e-01 7.263184e-01 5     1.199495e-06 1.452538e+00
100 17 525.41 0.48 0.550000 8 -1.0 19964        291.772 35 7.266675e-07 5.664631e-07 7.266675e-01 5.676270e-01 5     1.293131e-06 1.294294e+00
100 17 525.41 0.48 0.550000 8 -1.0 779        291.350 36 7.981784e-07 5.105691e-07 7.981783e-01 4.470825e-01 8     1.308747e-06 1.245261e+00
100 17 525.42 0.48 0.550000 8 -1.0 12800        290.089 34 8.212139e-07 8.704200e-07 8.212138e-01 6.726074e-01 6     1.691634e-06 1.493821e+00
100 17 525.42 0.48 0.550000 8 -1.0 15516        289.718 36 7.734602e-07 6.747849e-07 7.734602e-01 4.251099e-01 7     1.448245e-06 1.198570e+00
100 17 525.42 0.48 0.550000 8 -1.0 18699        291.433 40 1.158613e-06 5.080668e-07 1.158613e+00 4.049683e-01 8     1.666680e-06 1.563581e+00
100 17 525.43 0.48 0.550000 8 -1.0 18285        289.371 34 7.648451e-07 2.979691e-07 7.648450e-01 4.266357e-01 8     1.062814e-06 1.191481e+00
100 17 525.43 0.48 0.550000 8 -1.0 19555        291.949 36 8.821501e-07 6.795416e-07 8.821500e-01 4.386902e-01 8     1.561692e-06 1.320840e+00
100 17 525.44 0.48 0.550000 8 -1.0 19983        294.049 36 6.613401e-07 9.389321e-07 6.613400e-01 7.391357e-01 6     1.600272e-06 1.400476e+00
100 17 525.44 0.48 0.550000 8 -1.0 5943        291.974 37 7.972318e-07 5.141019e-07 7.972318e-01 5.578613e-01 4     1.311334e-06 1.355093e+00
100 17 525.45 0.48 0.550000 8 -1.0 18655        297.312 37 7.330972e-07 5.156693e-07 7.330971e-01 4.411316e-01 7     1.248766e-06 1.174229e+00
100 17 525.46 0.48 0.550000 8 -1.0 14082        289.096 34 8.173383e-07 5.108217e-07 8.173382e-01 6.008911e-01 6     1.328160e-06 1.418229e+00
100 19 525.28 0.48 0.550000 8 -1.0 13896        294.833 39 8.001239e-07 4.876884e-07 8.001239e-01 6.262207e-01 5     1.287812e-06 1.426345e+00
100 19 525.29 0.48 0.550000 8 -1.0 16856        292.373 38 9.104698e-07 3.942891e-07 9.104697e-01 5.480957e-01 7     1.304759e-06 1.458565e+00
100 19 525.30 0.48 0.550000 8 -1.0 10535        291.549 36 7.826334e-07 3.803105e-07 7.826334e-01 6.939697e-01 5     1.162944e-06 1.476603e+00
100 19 525.30 0.48 0.550000 8 -1.0 12917        292.442 37 3.827021e-07 1.398200e-06 3.827021e-01 1.024170e+00 5     1.780902e-06 1.406872e+00
100 19 525.30 0.48 0.550000 8 -1.0 16953        294.205 34 5.897001e-07 1.138241e-06 5.897001e-01 9.405518e-01 4     1.727941e-06 1.530252e+00
100 19 525.30 0.48 0.550000 8 -1.0 7080        290.935 37 7.970648e-07 5.167285e-07 7.970647e-01 8.203125e-01 4     1.313793e-06 1.617377e+00
100 19 525.30 0.48 0.550000 8 -1.0 788        297.453 35 4.297656e-07 1.143049e-06 4.297656e-01 9.722900e-01 6     1.572815e-06 1.402056e+00
100 19 525.31 0.48 0.550000 8 -1.0 13410        292.792 36 8.566043e-07 4.543649e-07 8.566043e-01 5.525208e-01 5     1.310969e-06 1.409125e+00
100 19 525.31 0.48 0.550000 8 -1.0 16713        292.021 35 6.147970e-07 9.707032e-07 6.147970e-01 7.446289e-01 6     1.585500e-06 1.359426e+00
100 19 525.31 0.48 0.550000 8 -1.0 1734        297.877 36 4.192625e-07 1.212177e-06 4.192625e-01 9.637451e-01 7     1.631440e-06 1.383008e+00
100 19 525.31 0.48 0.550000 8 -1.0 5479        297.421 37 6.695248e-07 5.865682e-07 6.695247e-01 8.105469e-01 6     1.256093e-06 1.480072e+00
100 19 525.31 0.48 0.550000 8 -1.0 5629        291.375 37 5.563355e-07 5.489698e-07 5.563355e-01 7.055473e-01 5     1.105305e-06 1.261883e+00
100 19 525.32 0.48 0.550000 8 -1.0 17132        288.926 37 6.737923e-07 6.468158e-07 6.737923e-01 5.471802e-01 7     1.320608e-06 1.220972e+00
100 19 525.32 0.48 0.550000 8 -1.0 751        288.937 37 6.654891e-07 6.395864e-07 6.654891e-01 8.532715e-01 7     1.305076e-06 1.518761e+00
100 19 525.33 0.48 0.550000 8 -1.0 11863        289.551 35 5.238241e-07 1.044470e-06 5.238241e-01 7.647705e-01 9     1.568294e-06 1.288595e+00
100 19 525.33 0.48 0.550000 8 -1.0 15103        290.910 36 3.822737e-07 1.064573e-06 3.822737e-01 1.083984e+00 7     1.446846e-06 1.466258e+00
100 19 525.33 0.48 0.550000 8 -1.0 15871        293.356 37 6.368479e-07 6.246763e-07 6.368478e-01 5.361938e-01 8     1.261524e-06 1.173042e+00
100 19 525.34 0.48 0.550000 8 -1.0 10865        292.720 37 8.235965e-07 6.188272e-07 8.235964e-01 9.967041e-01 5     1.442424e-06 1.820301e+00
100 19 525.34 0.48 0.550000 8 -1.0 14746        292.023 34 5.219643e-07 8.400512e-07 5.219643e-01 9.973145e-01 7     1.362016e-06 1.519279e+00
100 19 525.34 0.48 0.550000 8 -1.0 5799        291.139 36 6.858399e-07 4.211435e-07 6.858399e-01 5.856323e-01 7     1.106983e-06 1.271472e+00
100 19 525.36 0.48 0.550000 8 -1.0 14323        294.584 36 6.692240e-07 5.653058e-07 6.692240e-01 6.329346e-01 7     1.234530e-06 1.302159e+00
100 19 525.36 0.48 0.550000 8 -1.0 15094        290.443 40 6.739537e-07 4.179990e-07 6.739537e-01 5.065918e-01 5     1.091953e-06 1.180545e+00
100 19 525.36 0.48 0.550000 8 -1.0 7527        295.387 38 2.708673e-07 1.898610e-06 2.708673e-01 1.276855e+00 5     2.169477e-06 1.547723e+00
100 19 525.37 0.48 0.550000 8 -1.0 11239        294.058 37 6.873080e-07 5.661908e-07 6.873080e-01 5.160522e-01 7     1.253499e-06 1.203360e+00
100 19 525.37 0.48 0.550000 8 -1.0 11837        289.135 35 5.712451e-07 1.118010e-06 5.712450e-01 8.099365e-01 7     1.689255e-06 1.381182e+00
100 19 525.37 0.48 0.550000 8 -1.0 15631        289.198 37 5.770895e-07 5.808390e-07 5.770894e-01 9.521484e-01 5     1.157928e-06 1.529238e+00
100 19 525.37 0.48 0.550000 8 -1.0 19917        291.908 36 6.197319e-07 1.506543e-06 6.197319e-01 8.032227e-01 7     2.126275e-06 1.422955e+00
100 19 525.39 0.48 0.550000 8 -1.0 10995        291.177 36 8.365720e-07 6.833204e-07 8.365720e-01 6.060791e-01 6     1.519892e-06 1.442651e+00
100 19 525.40 0.48 0.550000 8 -1.0 14770        292.958 37 5.006695e-07 1.220737e-06 5.006695e-01 1.099854e+00 10     1.721407e-06 1.600523e+00
100 19 525.40 0.48 0.550000 8 -1.0 16938        292.415 36 5.441474e-07 9.540665e-07 5.441474e-01 8.746338e-01 6     1.498214e-06 1.418781e+00
100 19 525.40 0.48 0.550000 8 -1.0 17436        292.301 38 7.293729e-07 7.987579e-07 7.293729e-01 9.936523e-01 4     1.528131e-06 1.723025e+00
100 19 525.40 0.48 0.550000 8 -1.0 19109        291.458 36 5.215546e-07 8.692400e-07 5.215546e-01 8.312988e-01 9     1.390795e-06 1.352853e+00
100 19 525.40 0.48 0.550000 8 -1.0 375        293.389 37 8.554935e-07 7.562627e-07 8.554934e-01 6.347656e-01 9     1.611756e-06 1.490259e+00
100 19 525.40 0.48 0.550000 8 -1.0 669        289.835 35 5.852450e-07 1.196133e-06 5.852449e-01 9.918213e-01 8     1.781378e-06 1.577066e+00
100 19 525.40 0.48 0.550000 8 -1.0 8963        293.282 38 7.292770e-07 5.091073e-07 7.292770e-01 5.181885e-01 8     1.238384e-06 1.247465e+00
100 19 525.41 0.48 0.550000 8 -1.0 12826        289.279 35 4.087287e-07 1.489268e-06 4.087287e-01 1.054077e+00 6     1.897997e-06 1.462806e+00
100 19 525.41 0.48 0.550000 8 -1.0 15542        294.492 37 7.746990e-07 6.764358e-07 7.746989e-01 6.201172e-01 5     1.451135e-06 1.394816e+00
100 19 525.41 0.48 0.550000 8 -1.0 19217        291.594 38 5.894500e-07 4.142268e-07 5.894500e-01 8.978271e-01 8     1.003677e-06 1.487277e+00
100 19 525.41 0.48 0.550000 8 -1.0 4412        290.438 35 8.852888e-07 7.505871e-07 8.852888e-01 6.872559e-01 7     1.635876e-06 1.572545e+00
100 19 525.41 0.48 0.550000 8 -1.0 7130        289.271 35 4.705942e-07 1.178578e-06 4.705942e-01 1.181641e+00 5     1.649172e-06 1.652235e+00
100 19 525.41 0.48 0.550000 8 -1.0 8947        291.909 38 6.705449e-07 7.712658e-07 6.705449e-01 8.337402e-01 6     1.441811e-06 1.504285e+00
100 19 525.42 0.48 0.550000 8 -1.0 16729        289.643 35 5.679409e-07 7.378696e-07 5.679409e-01 7.171631e-01 5     1.305810e-06 1.285104e+00
100 19 525.42 0.48 0.550000 8 -1.0 4660        289.198 36 1.246357e-06 4.786818e-07 1.246357e+00 5.035400e-01 8     1.725039e-06 1.749897e+00
100 19 525.42 0.48 0.550000 8 -1.0 7032        294.325 37 4.977460e-07 1.276119e-06 4.977460e-01 1.054688e+00 5     1.773865e-06 1.552434e+00
100 19 525.43 0.48 0.550000 8 -1.0 11425        294.972 38 4.028342e-07 7.185592e-07 4.028342e-01 7.867432e-01 7     1.121393e-06 1.189577e+00
100 19 525.43 0.48 0.550000 8 -1.0 14163        292.073 36 6.186019e-07 6.893905e-07 6.186018e-01 8.972168e-01 5     1.307992e-06 1.515819e+00
100 19 525.44 0.48 0.550000 8 -1.0 16175        291.180 39 6.104559e-07 6.940382e-07 6.104558e-01 7.751465e-01 7     1.304494e-06 1.385602e+00
100 19 525.44 0.48 0.550000 8 -1.0 16214        291.625 37 5.572266e-07 7.803274e-07 5.572266e-01 8.544922e-01 8     1.337554e-06 1.411719e+00
100 19 525.45 0.48 0.550000 8 -1.0 18886        292.033 35 4.689968e-07 1.008080e-06 4.689968e-01 7.617188e-01 9     1.477077e-06 1.230716e+00
100 19 525.46 0.48 0.550000 8 -1.0 14882        293.955 36 4.650463e-07 1.150632e-06 4.650463e-01 6.954956e-01 9     1.615678e-06 1.160542e+00
100 21 525.28 0.48 0.550000 8 -1.0 6942        296.435 38 6.875197e-07 6.960783e-07 6.875197e-01 8.465576e-01 5     1.383598e-06 1.534077e+00
100 21 525.29 0.48 0.550000 8 -1.0 13115        293.112 38 6.582523e-07 5.736624e-07 6.582523e-01 8.709717e-01 6     1.231915e-06 1.529224e+00
100 21 525.30 0.48 0.550000 8 -1.0 11625        289.267 35 3.195618e-07 9.414067e-07 3.195618e-01 1.160278e+00 5     1.260969e-06 1.479840e+00
100 21 525.30 0.48 0.550000 8 -1.0 1458        289.564 38 3.429103e-07 1.601228e-06 3.429102e-01 1.665039e+00 4     1.944138e-06 2.007949e+00
100 21 525.30 0.48 0.550000 8 -1.0 16818        288.984 36 4.343686e-07 8.712908e-07 4.343686e-01 8.728027e-01 8     1.305659e-06 1.307171e+00
100 21 525.30 0.48 0.550000 8 -1.0 17425        292.296 36 3.490620e-07 1.178076e-06 3.490620e-01 1.376953e+00 6     1.527138e-06 1.726015e+00
100 21 525.30 0.48 0.550000 8 -1.0 19682        289.316 36 3.574583e-07 1.206678e-06 3.574583e-01 1.200562e+00 8     1.564136e-06 1.558020e+00
100 21 525.31 0.48 0.550000 8 -1.0 15381        289.033 38 9.785034e-07 8.300298e-07 9.785034e-01 8.398438e-01 6     1.808533e-06 1.818347e+00
100 21 525.31 0.48 0.550000 8 -1.0 18297        290.149 38 5.436904e-07 8.034876e-07 5.436903e-01 8.599854e-01 5     1.347178e-06 1.403676e+00
100 21 525.31 0.48 0.550000 8 -1.0 19565        289.801 36 4.142929e-07 1.148218e-06 4.142929e-01 9.625244e-01 10     1.562511e-06 1.376817e+00
100 21 525.31 0.48 0.550000 8 -1.0 5945        294.333 36 4.212046e-07 1.066696e-06 4.212046e-01 1.323242e+00 4     1.487900e-06 1.744447e+00
100 21 525.31 0.48 0.550000 8 -1.0 7920        289.264 36 5.555017e-07 1.093066e-06 5.555016e-01 1.148071e+00 5     1.648567e-06 1.703573e+00
100 21 525.32 0.48 0.550000 8 -1.0 15674        295.370 38 3.131471e-07 1.192143e-06 3.131471e-01 1.203613e+00 7     1.505290e-06 1.516760e+00
100 21 525.32 0.48 0.550000 8 -1.0 18757        290.964 35 3.318954e-07 2.077402e-06 3.318954e-01 1.102905e+00 9     2.409297e-06 1.434801e+00
100 21 525.33 0.48 0.550000 8 -1.0 18278        289.636 39 5.818830e-07 9.839561e-07 5.818829e-01 9.906006e-01 8     1.565839e-06 1.572484e+00
100 21 525.33 0.48 0.550000 8 -1.0 18928        295.470 36 4.356173e-07 1.242818e-06 4.356173e-01 1.573486e+00 6     1.678435e-06 2.009104e+00
100 21 525.33 0.48 0.550000 8 -1.0 7324        292.743 34 3.983163e-07 1.732027e-06 3.983163e-01 1.135864e+00 7     2.130343e-06 1.534181e+00
100 21 525.34 0.48 0.550000 8 -1.0 3021        293.696 36 6.398009e-07 8.426716e-07 6.398008e-01 8.697510e-01 4     1.482472e-06 1.509552e+00
100 21 525.34 0.48 0.550000 8 -1.0 3473        294.098 37 5.658462e-07 8.250946e-07 5.658462e-01 9.161377e-01 6     1.390941e-06 1.481984e+00
100 21 525.34 0.48 0.550000 8 -1.0 4104        295.155 35 4.466824e-07 1.385860e-06 4.466824e-01 1.312866e+00 6     1.832543e-06 1.759549e+00
100 21 525.36 0.48 0.550000 8 -1.0 13257        290.941 37 2.875426e-07 1.498581e-06 2.875425e-01 1.482544e+00 4     1.786123e-06 1.770086e+00
100 21 525.36 0.48 0.550000 8 -1.0 14374        291.278 38 4.822388e-07 5.545398e-07 4.822388e-01 5.413818e-01 7     1.036779e-06 1.023621e+00
100 21 525.36 0.48 0.550000 8 -1.0 729        289.064 38 8.877288e-07 5.742762e-07 8.877287e-01 4.362488e-01 6     1.462005e-06 1.323978e+00
100 21 525.37 0.48 0.550000 8 -1.0 10013        289.713 37 6.240417e-07 5.937642e-07 6.240416e-01 6.848145e-01 8     1.217806e-06 1.308856e+00
100 21 525.37 0.48 0.550000 8 -1.0 18477        289.586 37 5.875318e-07 1.284877e-06 5.875317e-01 9.661865e-01 4     1.872409e-06 1.553718e+00
100 21 525.37 0.48 0.550000 8 -1.0 18570        289.012 36 3.616226e-07 9.829407e-07 3.616226e-01 1.013794e+00 6     1.344563e-06 1.375417e+00
100 21 525.37 0.48 0.550000 8 -1.0 7180        294.575 38 7.358996e-07 5.221721e-07 7.358995e-01 6.710815e-01 5     1.258072e-06 1.406981e+00
100 21 525.39 0.48 0.550000 8 -1.0 9809        294.266 36 3.960258e-07 9.677567e-07 3.960258e-01 1.184082e+00 4     1.363782e-06 1.580108e+00
100 21 525.40 0.48 0.550000 8 -1.0 13270        290.131 37 4.747194e-07 1.687780e-06 4.747194e-01 1.435547e+00 6     2.162499e-06 1.910266e+00
100 21 525.40 0.48 0.550000 8 -1.0 15231        290.567 36 4.431822e-07 1.508064e-06 4.431821e-01 1.095581e+00 9     1.951246e-06 1.538763e+00
100 21 525.40 0.48 0.550000 8 -1.0 16393        292.697 38 5.460059e-07 1.212965e-06 5.460059e-01 7.299805e-01 8     1.758971e-06 1.275986e+00
100 21 525.40 0.48 0.550000 8 -1.0 18575        291.522 36 3.226159e-07 1.605577e-06 3.226159e-01 1.621094e+00 6     1.928193e-06 1.943710e+00
100 21 525.40 0.48 0.550000 8 -1.0 19102        289.417 38 5.945910e-07 7.976242e-07 5.945909e-01 1.020508e+00 7     1.392215e-06 1.615099e+00
100 21 525.40 0.48 0.550000 8 -1.0 8846        293.810 37 8.025692e-07 7.800405e-07 8.025692e-01 5.114746e-01 8     1.582610e-06 1.314044e+00
100 21 525.40 0.48 0.550000 8 -1.0 895        289.227 35 5.453223e-07 7.253962e-07 5.453223e-01 9.185791e-01 5     1.270718e-06 1.463901e+00
100 21 525.41 0.48 0.550000 8 -1.0 17431        290.329 34 3.321127e-07 2.010849e-06 3.321127e-01 1.050415e+00 8     2.342962e-06 1.382528e+00
100 21 525.41 0.48 0.550000 8 -1.0 19054        289.315 36 5.510048e-07 7.784271e-07 5.510048e-01 8.148193e-01 6     1.329432e-06 1.365824e+00
100 21 525.41 0.48 0.550000 8 -1.0 19259        289.223 37 3.454560e-07 9.008526e-07 3.454560e-01 1.525879e+00 5     1.246309e-06 1.871335e+00
100 21 525.41 0.48 0.550000 8 -1.0 19375        292.788 37 5.221040e-07 2.529786e-06 5.221039e-01 1.416016e+00 7     3.051890e-06 1.938120e+00
100 21 525.41 0.48 0.550000 8 -1.0 3384        289.089 39 5.719157e-07 6.943042e-07 5.719157e-01 8.300781e-01 5     1.266220e-06 1.401994e+00
100 21 525.41 0.48 0.550000 8 -1.0 598        290.418 37 4.319124e-07 1.323121e-06 4.319124e-01 1.478271e+00 4     1.755033e-06 1.910184e+00
100 21 525.42 0.48 0.550000 8 -1.0 14620        292.028 39 4.957688e-07 4.425945e-07 4.957688e-01 8.026123e-01 7     9.383634e-07 1.298381e+00
100 21 525.42 0.48 0.550000 8 -1.0 19563        294.010 35 6.543052e-07 8.773345e-07 6.543052e-01 9.252930e-01 8     1.531640e-06 1.579598e+00
100 21 525.42 0.48 0.550000 8 -1.0 9889        289.798 36 3.443715e-07 1.330611e-06 3.443715e-01 1.313477e+00 7     1.674983e-06 1.657848e+00
100 21 525.43 0.48 0.550000 8 -1.0 18238        289.308 36 3.907691e-07 1.157659e-06 3.907691e-01 1.330566e+00 6     1.548428e-06 1.721335e+00
100 21 525.43 0.48 0.550000 8 -1.0 18756        293.275 38 3.636170e-07 7.306003e-07 3.636170e-01 1.419678e+00 5     1.094217e-06 1.783295e+00
100 21 525.44 0.48 0.550000 8 -1.0 13429        292.188 37 3.651182e-07 1.198614e-06 3.651182e-01 9.680176e-01 8     1.563733e-06 1.333136e+00
100 21 525.44 0.48 0.550000 8 -1.0 8759        289.425 39 3.381513e-07 1.210894e-06 3.381513e-01 1.304321e+00 6     1.549046e-06 1.642473e+00
100 21 525.45 0.48 0.550000 8 -1.0 17311        292.857 36 3.671322e-07 1.273693e-06 3.671322e-01 8.935547e-01 6     1.640825e-06 1.260687e+00
100 21 525.46 0.48 0.550000 8 -1.0 643        290.922 38 6.495903e-07 1.284734e-06 6.495903e-01 7.543945e-01 5     1.934324e-06 1.403985e+00
100 23 525.28 0.48 0.550000 8 -1.0 19623        289.663 39 5.163120e-07 1.084767e-06 5.163120e-01 1.207886e+00 8     1.601080e-06 1.724198e+00
100 23 525.29 0.48 0.550000 8 -1.0 637        289.420 36 9.073465e-07 2.538718e-07 9.073465e-01 4.315186e-01 12     1.161218e-06 1.338865e+00
100 23 525.30 0.48 0.550000 8 -1.0 16695        294.311 39 3.161968e-07 1.329738e-06 3.161968e-01 1.564941e+00 6     1.645935e-06 1.881138e+00
100 23 525.30 0.48 0.550000 8 -1.0 19622        296.067 37 3.985590e-07 8.954545e-07 3.985590e-01 9.722900e-01 6     1.294014e-06 1.370849e+00
100 23 525.30 0.48 0.550000 8 -1.0 19633        289.491 35 7.429671e-07 9.162981e-07 7.429670e-01 1.074219e+00 5     1.659265e-06 1.817186e+00
100 23 525.30 0.48 0.550000 8 -1.0 447        292.177 36 4.744865e-07 1.138034e-06 4.744865e-01 8.721924e-01 9     1.612520e-06 1.346679e+00
100 23 525.30 0.48 0.550000 8 -1.0 563        290.121 36 4.605537e-07 7.002618e-07 4.605537e-01 9.619141e-01 9     1.160816e-06 1.422468e+00
100 23 525.31 0.48 0.550000 8 -1.0 10324        289.261 36 4.272415e-07 1.450951e-06 4.272414e-01 1.168213e+00 6     1.878193e-06 1.595454e+00
100 23 525.31 0.48 0.550000 8 -1.0 15272        290.981 37 3.267997e-07 1.484358e-06 3.267997e-01 1.084595e+00 8     1.811158e-06 1.411394e+00
100 23 525.31 0.48 0.550000 8 -1.0 19288        289.515 35 4.709196e-07 1.320564e-06 4.709196e-01 9.179688e-01 10     1.791483e-06 1.388888e+00
100 23 525.31 0.48 0.550000 8 -1.0 703        294.620 35 5.891594e-07 8.098540e-07 5.891594e-01 9.002686e-01 9     1.399013e-06 1.489428e+00
100 23 525.31 0.48 0.550000 8 -1.0 848        289.274 35 5.088606e-07 1.149015e-06 5.088606e-01 6.948853e-01 6     1.657875e-06 1.203746e+00
100 23 525.32 0.48 0.550000 8 -1.0 10400        289.754 38 4.482907e-07 1.289103e-06 4.482907e-01 1.066895e+00 6     1.737393e-06 1.515185e+00
100 23 525.32 0.48 0.550000 8 -1.0 12175        291.812 37 4.160246e-07 7.495228e-07 4.160246e-01 8.599854e-01 7     1.165547e-06 1.276010e+00
100 23 525.33 0.48 0.550000 8 -1.0 1054        289.852 36 5.506476e-07 1.088158e-06 5.506476e-01 7.830811e-01 6     1.638806e-06 1.333729e+00
100 23 525.33 0.48 0.550000 8 -1.0 19350        289.180 36 3.547658e-07 1.247494e-06 3.547658e-01 9.204102e-01 8     1.602260e-06 1.275176e+00
100 23 525.33 0.48 0.550000 8 -1.0 19817        291.194 36 4.674316e-07 1.286340e-06 4.674316e-01 1.235352e+00 10     1.753772e-06 1.702783e+00
100 23 525.34 0.48 0.550000 8 -1.0 4791        291.446 39 4.150717e-07 8.576711e-07 4.150717e-01 1.358643e+00 6     1.272743e-06 1.773714e+00
100 23 525.34 0.48 0.550000 8 -1.0 580        292.321 37 7.275081e-07 7.766548e-07 7.275081e-01 7.217407e-01 13     1.504163e-06 1.449249e+00
100 23 525.34 0.48 0.550000 8 -1.0 639        289.937 36 5.004093e-07 9.371818e-07 5.004093e-01 1.099243e+00 6     1.437591e-06 1.599652e+00
100 23 525.36 0.48 0.550000 8 -1.0 14413        293.566 37 4.856268e-07 1.370484e-06 4.856268e-01 1.062012e+00 8     1.856111e-06 1.547639e+00
100 23 525.36 0.48 0.550000 8 -1.0 18185        294.388 38 6.040793e-07 6.375199e-07 6.040793e-01 9.027100e-01 8     1.241599e-06 1.506789e+00
100 23 525.36 0.48 0.550000 8 -1.0 642        292.654 36 6.868887e-07 8.665243e-07 6.868887e-01 1.348267e+00 7     1.553413e-06 2.035155e+00
100 23 525.37 0.48 0.550000 8 -1.0 13363        291.703 35 6.230688e-07 8.772626e-07 6.230688e-01 7.098389e-01 8     1.500331e-06 1.332908e+00
100 23 525.37 0.48 0.550000 8 -1.0 17026        289.041 36 3.786770e-07 1.470935e-06 3.786769e-01 8.670044e-01 7     1.849612e-06 1.245681e+00
100 23 525.37 0.48 0.550000 8 -1.0 404        290.770 35 1.409627e-06 2.772429e-07 1.409627e+00 2.590179e-01 13     1.686870e-06 1.668645e+00
100 23 525.37 0.48 0.550000 8 -1.0 8214        291.079 35 2.958163e-07 1.096819e-06 2.958163e-01 1.109619e+00 4     1.392635e-06 1.405435e+00
100 23 525.39 0.48 0.550000 8 -1.0 9839        289.449 33 4.356346e-07 9.179496e-07 4.356346e-01 9.820557e-01 5     1.353584e-06 1.417690e+00
100 23 525.40 0.48 0.550000 8 -1.0 1112        289.553 39 3.741203e-07 1.255798e-06 3.741203e-01 1.386719e+00 7     1.629919e-06 1.760839e+00
100 23 525.40 0.48 0.550000 8 -1.0 14863        289.254 36 3.399896e-07 1.536738e-06 3.399896e-01 1.002197e+00 8     1.876727e-06 1.342187e+00
100 23 525.40 0.48 0.550000 8 -1.0 16644        289.405 35 3.461786e-07 1.481090e-06 3.461786e-01 1.253052e+00 7     1.827269e-06 1.599230e+00
100 23 525.40 0.48 0.550000 8 -1.0 18577        289.881 37 4.996550e-07 8.813663e-07 4.996550e-01 8.367920e-01 9     1.381021e-06 1.336447e+00
100 23 525.40 0.48 0.550000 8 -1.0 19567        290.960 38 3.306856e-07 1.117318e-06 3.306855e-01 1.447754e+00 4     1.448003e-06 1.778439e+00
100 23 525.40 0.48 0.550000 8 -1.0 2675        291.084 36 3.319822e-07 1.245758e-06 3.319821e-01 1.645508e+00 7     1.577740e-06 1.977490e+00
100 23 525.40 0.48 0.550000 8 -1.0 947        291.164 37 7.687549e-07 5.473900e-07 7.687549e-01 6.738281e-01 6     1.316145e-06 1.442583e+00
100 23 525.41 0.48 0.550000 8 -1.0 10480        291.229 37 3.958205e-07 8.827661e-07 3.958205e-01 1.396484e+00 4     1.278587e-06 1.792305e+00
100 23 525.41 0.48 0.550000 8 -1.0 11120        293.309 36 3.190857e-07 2.948416e-06 3.190857e-01 1.485596e+00 7     3.267502e-06 1.804681e+00
100 23 525.41 0.48 0.550000 8 -1.0 13829        293.625 38 5.597335e-07 9.811891e-07 5.597335e-01 1.083984e+00 5     1.540923e-06 1.643718e+00
100 23 525.41 0.48 0.550000 8 -1.0 14525        290.293 36 3.387819e-07 1.701327e-06 3.387819e-01 1.684570e+00 6     2.040109e-06 2.023352e+00
100 23 525.41 0.48 0.550000 8 -1.0 7577        290.064 39 4.135747e-07 1.246058e-06 4.135746e-01 1.444092e+00 4     1.659633e-06 1.857666e+00
100 23 525.41 0.48 0.550000 8 -1.0 8520        290.402 38 3.128580e-07 1.420084e-06 3.128580e-01 1.147461e+00 7     1.732942e-06 1.460319e+00
100 23 525.42 0.48 0.550000 8 -1.0 16572        293.209 36 6.488389e-07 6.848250e-07 6.488389e-01 5.729675e-01 7     1.333664e-06 1.221806e+00
100 23 525.42 0.48 0.550000 8 -1.0 1789        292.394 34 6.777008e-07 1.014351e-06 6.777008e-01 9.985352e-01 4     1.692051e-06 1.676236e+00
100 23 525.42 0.48 0.550000 8 -1.0 1913        290.784 37 3.758891e-07 8.651626e-07 3.758891e-01 1.007690e+00 5     1.241052e-06 1.383580e+00
100 23 525.43 0.48 0.550000 8 -1.0 18796        291.691 38 3.588539e-07 8.404163e-07 3.588539e-01 1.019897e+00 7     1.199270e-06 1.378751e+00
100 23 525.43 0.48 0.550000 8 -1.0 534        293.190 38 6.523833e-07 7.238775e-07 6.523833e-01 9.326172e-01 8     1.376261e-06 1.585000e+00
100 23 525.44 0.48 0.550000 8 -1.0 14813        293.734 36 4.256474e-07 1.515341e-06 4.256474e-01 1.225586e+00 8     1.940989e-06 1.651233e+00
100 23 525.44 0.48 0.550000 8 -1.0 18604        291.090 39 3.665380e-07 1.196879e-06 3.665379e-01 1.149292e+00 7     1.563417e-06 1.515830e+00
100 23 525.45 0.48 0.550000 8 -1.0 7210        290.645 34 3.337998e-07 2.037248e-06 3.337997e-01 1.286011e+00 6     2.371048e-06 1.619810e+00
100 23 525.46 0.48 0.550000 8 -1.0 657        297.703 37 5.068288e-07 8.094006e-07 5.068288e-01 1.063232e+00 7     1.316229e-06 1.570061e+00
100 3 525.28 0.48 0.550000 8 -1.0 9546        289.667 41 6.958695e-07 4.634130e-07 6.958695e-01 9.942627e-01 3     1.159282e-06 1.690132e+00
100 3 525.29 0.48 0.550000 8 -1.0 9940        292.578 38 5.469425e-07 5.809534e-07 5.469425e-01 9.722900e-01 3     1.127896e-06 1.519233e+00
100 3 525.30 0.48 0.550000 8 -1.0 18184        289.821 34 7.772328e-07 8.497957e-07 7.772328e-01 9.564209e-01 3     1.627028e-06 1.733654e+00
100 3 525.30 0.48 0.550000 8 -1.0 7473        295.729 38 5.924621e-07 7.178724e-07 5.924620e-01 1.086426e+00 3     1.310334e-06 1.678888e+00
100 3 525.30 0.48 0.550000 8 -1.0 7794        290.365 38 6.416154e-07 6.833693e-07 6.416154e-01 1.008911e+00 3     1.324985e-06 1.650527e+00
100 3 525.30 0.48 0.550000 8 -1.0 9436        293.591 38 4.569822e-07 7.933434e-07 4.569822e-01 1.262207e+00 3     1.250326e-06 1.719189e+00
100 3 525.30 0.48 0.550000 8 -1.0 9522        292.810 39 6.316936e-07 7.870439e-07 6.316936e-01 8.673096e-01 3     1.418737e-06 1.499003e+00
100 3 525.31 0.48 0.550000 8 -1.0 14844        292.505 37 7.349271e-07 8.811984e-07 7.349271e-01 1.008301e+00 3     1.616125e-06 1.743228e+00
100 3 525.31 0.48 0.550000 8 -1.0 18297        289.074 38 7.072345e-07 7.179689e-07 7.072345e-01 8.758545e-01 3     1.425203e-06 1.583089e+00
100 3 525.31 0.48 0.550000 8 -1.0 18362        290.577 35 5.418558e-07 7.842884e-07 5.418558e-01 1.116943e+00 3     1.326144e-06 1.658799e+00
100 3 525.31 0.48 0.550000 8 -1.0 2189        294.100 38 6.739639e-07 7.259473e-07 6.739639e-01 8.691406e-01 3     1.399911e-06 1.543105e+00
100 3 525.31 0.48 0.550000 8 -1.0 596        289.810 40 6.710785e-07 5.738551e-07 6.710785e-01 9.240723e-01 3     1.244934e-06 1.595151e+00
100 3 525.32 0.48 0.550000 8 -1.0 10120        289.051 37 7.889421e-07 4.216178e-07 7.889420e-01 8.422852e-01 3     1.210560e-06 1.631227e+00
100 3 525.32 0.48 0.550000 8 -1.0 2633        289.106 37 8.018276e-07 6.806881e-07 8.018276e-01 7.916260e-01 3     1.482516e-06 1.593454e+00
100 3 525.33 0.48 0.550000 8 -1.0 10555        295.356 37 8.834339e-07 7.288891e-07 8.834339e-01 7.998657e-01 3     1.612323e-06 1.683300e+00
100 3 525.33 0.48 0.550000 8 -1.0 19551        292.931 36 9.827546e-07 6.992142e-07 9.827546e-01 8.081055e-01 3     1.681969e-06 1.790860e+00
100 3 525.33 0.48 0.550000 8 -1.0 9596        293.290 36 6.881630e-07 1.212280e-06 6.881630e-01 1.181030e+00 3     1.900443e-06 1.869193e+00
100 3 525.34 0.48 0.550000 8 -1.0 14079        289.038 38 7.260221e-07 6.693189e-07 7.260220e-01 9.899902e-01 3     1.395341e-06 1.716012e+00
100 3 525.34 0.48 0.550000 8 -1.0 16555        294.466 38 6.602255e-07 7.498929e-07 6.602254e-01 1.102295e+00 3     1.410118e-06 1.762520e+00
100 3 525.34 0.48 0.550000 8 -1.0 9009        290.680 38 7.488525e-07 4.360920e-07 7.488524e-01 7.461548e-01 3     1.184945e-06 1.495007e+00
100 3 525.36 0.48 0.550000 8 -1.0 10909        292.799 37 6.101791e-07 7.182156e-07 6.101791e-01 8.990479e-01 3     1.328395e-06 1.509227e+00
100 3 525.36 0.48 0.550000 8 -1.0 16126        289.075 37 8.720591e-07 5.300104e-07 8.720590e-01 7.128906e-01 3     1.402070e-06 1.584950e+00
100 3 525.36 0.48 0.550000 8 -1.0 4923        289.162 36 1.038395e-06 7.309648e-07 1.038395e+00 9.045410e-01 3     1.769359e-06 1.942936e+00
100 3 525.37 0.48 0.550000 8 -1.0 13875        289.894 39 6.520646e-07 6.004160e-07 6.520645e-01 9.576416e-01 3     1.252481e-06 1.609706e+00
100 3 525.37 0.48 0.550000 8 -1.0 152        290.852 43 6.501433e-07 4.094543e-07 6.501432e-01 6.860352e-01 3     1.059598e-06 1.336178e+00
100 3 525.37 0.48 0.550000 8 -1.0 16582        289.879 41 6.509535e-07 4.476271e-07 6.509535e-01 9.533691e-01 3     1.098581e-06 1.604323e+00
100 3 525.37 0.48 0.550000 8 -1.0 7420        289.912 35 9.481272e-07 7.044959e-07 9.481272e-01 8.129883e-01 3     1.652623e-06 1.761115e+00
100 3 525.39 0.48 0.550000 8 -1.0 4754        294.096 35 6.112651e-07 5.833330e-07 6.112651e-01 8.764648e-01 3     1.194598e-06 1.487730e+00
100 3 525.40 0.48 0.550000 8 -1.0 13104        291.882 36 5.640296e-07 8.110074e-07 5.640296e-01 1.358643e+00 3     1.375037e-06 1.922672e+00
100 3 525.40 0.48 0.550000 8 -1.0 16177        290.171 40 6.937045e-07 6.520207e-07 6.937044e-01 8.041382e-01 3     1.345725e-06 1.497843e+00
100 3 525.40 0.48 0.550000 8 -1.0 16947        290.612 37 7.328909e-07 7.262891e-07 7.328908e-01 9.960938e-01 3     1.459180e-06 1.728985e+00
100 3 525.40 0.48 0.550000 8 -1.0 4137        289.411 36 6.350492e-07 8.614223e-07 6.350491e-01 1.088257e+00 3     1.496471e-06 1.723306e+00
100 3 525.40 0.48 0.550000 8 -1.0 443        291.784 37 6.093324e-07 9.012538e-07 6.093323e-01 1.228027e+00 3     1.510586e-06 1.837360e+00
100 3 525.40 0.48 0.550000 8 -1.0 6097        290.178 36 4.898459e-07 8.486320e-07 4.898459e-01 1.149902e+00 3     1.338478e-06 1.639748e+00
100 3 525.40 0.48 0.550000 8 -1.0 7806        289.413 37 5.598184e-07 8.492274e-07 5.598183e-01 1.187134e+00 3     1.409046e-06 1.746952e+00
100 3 525.41 0.48 0.550000 8 -1.0 11837        288.993 35 1.040941e-06 4.737245e-07 1.040941e+00 7.910156e-01 3     1.514666e-06 1.831957e+00
100 3 525.41 0.48 0.550000 8 -1.0 121        293.307 45 9.702415e-07 3.614494e-07 9.702414e-01 6.768799e-01 3     1.331691e-06 1.647121e+00
100 3 525.41 0.48 0.550000 8 -1.0 13869        289.079 35 5.917250e-07 9.057936e-07 5.917250e-01 1.099243e+00 3     1.497519e-06 1.690968e+00
100 3 525.41 0.48 0.550000 8 -1.0 14740        289.450 35 6.764288e-07 6.859147e-07 6.764288e-01 7.769775e-01 3     1.362344e-06 1.453406e+00
100 3 525.41 0.48 0.550000 8 -1.0 16739        290.013 35 9.409538e-07 6.600206e-07 9.409538e-01 9.655762e-01 3     1.600974e-06 1.906530e+00
100 3 525.41 0.48 0.550000 8 -1.0 5909        293.895 37 6.189685e-07 6.319650e-07 6.189684e-01 1.170044e+00 3     1.250933e-06 1.789012e+00
100 3 525.42 0.48 0.550000 8 -1.0 13153        291.730 38 6.369429e-07 8.389245e-07 6.369428e-01 1.121826e+00 3     1.475867e-06 1.758769e+00
100 3 525.42 0.48 0.550000 8 -1.0 17285        290.925 36 6.811027e-07 8.844614e-07 6.811027e-01 1.000366e+00 3     1.565564e-06 1.681469e+00
100 3 525.42 0.48 0.550000 8 -1.0 19531        291.168 36 6.439479e-07 8.308511e-07 6.439479e-01 8.935547e-01 3     1.474799e-06 1.537503e+00
100 3 525.43 0.48 0.550000 8 -1.0 17770        293.204 36 7.727190e-07 5.747065e-07 7.727189e-01 8.831787e-01 3     1.347425e-06 1.655898e+00
100 3 525.43 0.48 0.550000 8 -1.0 18783        289.694 37 8.685726e-07 5.034178e-07 8.685726e-01 7.800293e-01 3     1.371990e-06 1.648602e+00
100 3 525.44 0.48 0.550000 8 -1.0 16160        291.836 36 6.230305e-07 8.037029e-07 6.230305e-01 9.954834e-01 3     1.426733e-06 1.618514e+00
100 3 525.44 0.48 0.550000 8 -1.0 17684        292.298 36 6.638602e-07 6.584622e-07 6.638601e-01 7.818604e-01 3     1.322322e-06 1.445720e+00
100 3 525.45 0.48 0.550000 8 -1.0 14410        290.660 35 6.699633e-07 6.061763e-07 6.699632e-01 1.022949e+00 3     1.276140e-06 1.692912e+00
100 3 525.46 0.48 0.550000 8 -1.0 19484        292.030 38 8.106336e-07 5.971897e-07 8.106336e-01 7.824707e-01 3     1.407823e-06 1.593104e+00
100 5 525.28 0.48 0.550000 8 -1.0 17422        294.832 35 9.189925e-07 3.980681e-07 9.189925e-01 6.024170e-01 5     1.317061e-06 1.521409e+00
100 5 525.29 0.48 0.550000 8 -1.0 9846        291.369 38 6.055505e-07 5.914285e-07 6.055504e-01 6.173706e-01 5     1.196979e-06 1.222921e+00
100 5 525.30 0.48 0.550000 8 -1.0 10538        291.820 37 7.767762e-07 8.591221e-07 7.767762e-01 7.675171e-01 5     1.635898e-06 1.544293e+00
100 5 525.30 0.48 0.550000 8 -1.0 15667        292.162 35 6.498410e-07 5.720784e-07 6.498409e-01 8.190918e-01 4     1.221919e-06 1.468933e+00
100 5 525.30 0.48 0.550000 8 -1.0 19032        290.203 36 7.239633e-07 4.622323e-07 7.239632e-01 6.066895e-01 5     1.186196e-06 1.330653e+00
100 5 525.30 0.48 0.550000 8 -1.0 19283        290.100 36 9.372068e-07 5.578542e-07 9.372067e-01 5.844116e-01 5     1.495061e-06 1.521618e+00
100 5 525.30 0.48 0.550000 8 -1.0 193        290.128 39 1.086836e-06 3.597202e-07 1.086836e+00 6.713867e-01 5     1.446557e-06 1.758223e+00
100 5 525.31 0.48 0.550000 8 -1.0 11184        292.290 34 7.312695e-07 8.642751e-07 7.312694e-01 5.889893e-01 5     1.595545e-06 1.320259e+00
100 5 525.31 0.48 0.550000 8 -1.0 136        289.270 42 9.158188e-07 3.421217e-07 9.158188e-01 4.187012e-01 5     1.257940e-06 1.334520e+00
100 5 525.31 0.48 0.550000 8 -1.0 18250        289.289 35 8.243922e-07 6.737811e-07 8.243921e-01 4.942322e-01 5     1.498173e-06 1.318624e+00
100 5 525.31 0.48 0.550000 8 -1.0 19127        291.618 38 8.062092e-07 6.824343e-07 8.062091e-01 5.581665e-01 5     1.488643e-06 1.364376e+00
100 5 525.31 0.48 0.550000 8 -1.0 8467        289.768 35 7.875263e-07 5.601431e-07 7.875262e-01 6.323242e-01 5     1.347669e-06 1.419850e+00
100 5 525.32 0.48 0.550000 8 -1.0 15497        290.863 38 4.867753e-07 6.383358e-07 4.867753e-01 7.785034e-01 3     1.125111e-06 1.265279e+00
100 5 525.32 0.48 0.550000 8 -1.0 7766        290.383 36 9.399653e-07 3.871965e-07 9.399652e-01 4.617310e-01 5     1.327162e-06 1.401696e+00
100 5 525.33 0.48 0.550000 8 -1.0 15752        290.262 36 7.393736e-07 5.272135e-07 7.393736e-01 4.190063e-01 5     1.266587e-06 1.158380e+00
100 5 525.33 0.48 0.550000 8 -1.0 2455        296.669 39 7.144226e-07 5.264250e-07 7.144225e-01 6.652832e-01 4     1.240848e-06 1.379706e+00
100 5 525.33 0.48 0.550000 8 -1.0 6733        293.185 38 8.212688e-07 1.146449e-06 8.212688e-01 9.338379e-01 5     1.967717e-06 1.755107e+00
100 5 525.34 0.48 0.550000 8 -1.0 189        290.469 41 8.264283e-07 6.037048e-07 8.264283e-01 5.776978e-01 5     1.430133e-06 1.404126e+00
100 5 525.34 0.48 0.550000 8 -1.0 8631        289.347 35 8.065516e-07 5.740478e-07 8.065516e-01 5.725098e-01 5     1.380599e-06 1.379061e+00
100 5 525.34 0.48 0.550000 8 -1.0 9997        291.292 35 6.829975e-07 7.513185e-07 6.829974e-01 7.592773e-01 4     1.434316e-06 1.442275e+00
100 5 525.36 0.48 0.550000 8 -1.0 126        297.247 47 8.810032e-07 5.754157e-07 8.810032e-01 6.616211e-01 5     1.456419e-06 1.542624e+00
100 5 525.36 0.48 0.550000 8 -1.0 181        294.639 42 9.357822e-07 2.563302e-07 9.357822e-01 4.385376e-01 5     1.192112e-06 1.374320e+00
100 5 525.36 0.48 0.550000 8 -1.0 2533        292.816 38 6.035364e-07 9.011243e-07 6.035364e-01 9.143066e-01 5     1.504661e-06 1.517843e+00
100 5 525.37 0.48 0.550000 8 -1.0 11240        295.338 36 5.084791e-07 4.603756e-07 5.084791e-01 5.776978e-01 4     9.688547e-07 1.086177e+00
100 5 525.37 0.48 0.550000 8 -1.0 11836        290.574 36 5.489986e-07 8.442152e-07 5.489986e-01 9.417725e-01 4     1.393214e-06 1.490771e+00
100 5 525.37 0.48 0.550000 8 -1.0 18084        293.229 37 5.659123e-07 9.062340e-07 5.659122e-01 8.331299e-01 5     1.472146e-06 1.399042e+00
100 5 525.37 0.48 0.550000 8 -1.0 18091        289.769 38 8.512460e-07 4.910031e-07 8.512460e-01 5.612183e-01 5     1.342249e-06 1.412464e+00
100 5 525.39 0.48 0.550000 8 -1.0 11444        289.956 35 8.207573e-07 6.452139e-07 8.207572e-01 6.457520e-01 4     1.465971e-06 1.466509e+00
100 5 525.40 0.48 0.550000 8 -1.0 13527        289.982 35 8.420488e-07 4.291279e-07 8.420488e-01 5.088806e-01 5     1.271177e-06 1.350929e+00
100 5 525.40 0.48 0.550000 8 -1.0 13617        291.100 36 8.437603e-07 5.089552e-07 8.437602e-01 4.835510e-01 5     1.352715e-06 1.327311e+00
100 5 525.40 0.48 0.550000 8 -1.0 306        290.039 36 5.202346e-07 8.548934e-07 5.202346e-01 8.673096e-01 5     1.375128e-06 1.387544e+00
100 5 525.40 0.48 0.550000 8 -1.0 5605        294.627 37 5.721693e-07 7.612629e-07 5.721693e-01 9.075928e-01 4     1.333432e-06 1.479762e+00
100 5 525.40 0.48 0.550000 8 -1.0 6526        293.592 39 5.004095e-07 5.796916e-07 5.004094e-01 7.574463e-01 4     1.080101e-06 1.257856e+00
100 5 525.40 0.48 0.550000 8 -1.0 9129        289.266 37 8.995091e-07 3.555383e-07 8.995091e-01 5.267334e-01 5     1.255047e-06 1.426242e+00
100 5 525.40 0.48 0.550000 8 -1.0 9208        289.357 34 1.079910e-06 3.726826e-07 1.079910e+00 5.749512e-01 5     1.452593e-06 1.654862e+00
100 5 525.41 0.48 0.550000 8 -1.0 11329        290.250 37 8.505362e-07 7.410289e-07 8.505362e-01 7.531738e-01 4     1.591565e-06 1.603710e+00
100 5 525.41 0.48 0.550000 8 -1.0 17121        292.055 37 7.987441e-07 5.363386e-07 7.987441e-01 7.153320e-01 5     1.335083e-06 1.514076e+00
100 5 525.41 0.48 0.550000 8 -1.0 17692        289.008 36 7.974181e-07 6.859329e-07 7.974180e-01 7.119751e-01 5     1.483351e-06 1.509393e+00
100 5 525.41 0.48 0.550000 8 -1.0 18193        289.501 38 8.132339e-07 7.931033e-07 8.132338e-01 6.393433e-01 4     1.606337e-06 1.452577e+00
100 5 525.41 0.48 0.550000 8 -1.0 19575        294.253 36 6.714359e-07 6.626822e-07 6.714359e-01 7.611084e-01 4     1.334118e-06 1.432544e+00
100 5 525.41 0.48 0.550000 8 -1.0 9523        298.492 38 8.080986e-07 6.279356e-07 8.080985e-01 5.780029e-01 4     1.436034e-06 1.386101e+00
100 5 525.42 0.48 0.550000 8 -1.0 10079        289.091 37 7.089889e-07 4.044754e-07 7.089889e-01 5.462646e-01 4     1.113464e-06 1.255254e+00
100 5 525.42 0.48 0.550000 8 -1.0 283        290.128 38 7.156438e-07 5.488230e-07 7.156438e-01 6.448364e-01 5     1.264467e-06 1.360480e+00
100 5 525.42 0.48 0.550000 8 -1.0 8172        289.631 35 9.810806e-07 6.045430e-07 9.810806e-01 5.599976e-01 4     1.585624e-06 1.541078e+00
100 5 525.43 0.48 0.550000 8 -1.0 223        291.524 39 8.382420e-07 5.426742e-07 8.382420e-01 4.548645e-01 5     1.380916e-06 1.293106e+00
100 5 525.43 0.48 0.550000 8 -1.0 232        292.280 38 8.135073e-07 5.096434e-07 8.135073e-01 5.996704e-01 5     1.323151e-06 1.413178e+00
100 5 525.44 0.48 0.550000 8 -1.0 1583        290.292 36 6.146591e-07 7.733895e-07 6.146591e-01 5.981445e-01 5     1.388049e-06 1.212804e+00
100 5 525.44 0.48 0.550000 8 -1.0 17921        289.316 37 6.795683e-07 4.730296e-07 6.795682e-01 6.158447e-01 5     1.152598e-06 1.295413e+00
100 5 525.45 0.48 0.550000 8 -1.0 16309        289.122 37 7.745602e-07 3.828124e-07 7.745602e-01 4.501343e-01 5     1.157373e-06 1.224694e+00
100 5 525.46 0.48 0.550000 8 -1.0 3742        290.841 36 5.783568e-07 5.302887e-07 5.783568e-01 6.518555e-01 4     1.108646e-06 1.230212e+00
100 7 525.28 0.48 0.550000 8 -1.0 17817        289.729 34 7.814719e-07 5.284179e-07 7.814719e-01 5.807495e-01 6     1.309890e-06 1.362221e+00
100 7 525.29 0.48 0.550000 8 -1.0 13565        289.093 37 5.829722e-07 4.899581e-07 5.829722e-01 6.915283e-01 4     1.072930e-06 1.274500e+00
100 7 525.30 0.48 0.550000 8 -1.0 11933        289.106 35 9.573853e-07 4.206663e-07 9.573853e-01 7.574463e-01 5     1.378052e-06 1.714832e+00
100 7 525.30 0.48 0.550000 8 -1.0 14514        290.824 35 7.054123e-07 6.648267e-07 7.054123e-01 6.857300e-01 4     1.370239e-06 1.391142e+00
100 7 525.30 0.48 0.550000 8 -1.0 17472        290.586 36 7.125007e-07 4.312050e-07 7.125007e-01 6.781006e-01 5     1.143706e-06 1.390601e+00
100 7 525.30 0.48 0.550000 8 -1.0 17572        290.201 36 6.220589e-07 6.826969e-07 6.220589e-01 6.951904e-01 5     1.304756e-06 1.317249e+00
100 7 525.30 0.48 0.550000 8 -1.0 347        288.967 41 1.028878e-06 2.940768e-07 1.028878e+00 3.802490e-01 7     1.322954e-06 1.409127e+00
100 7 525.31 0.48 0.550000 8 -1.0 10721        292.385 38 8.567026e-07 2.852200e-07 8.567025e-01 4.968262e-01 5     1.141923e-06 1.353529e+00
100 7 525.31 0.48 0.550000 8 -1.0 17951        293.588 36 1.154768e-06 4.732928e-07 1.154768e+00 5.065918e-01 5     1.628061e-06 1.661360e+00
100 7 525.31 0.48 0.550000 8 -1.0 577        288.992 38 8.343804e-07 5.331255e-07 8.343803e-01 6.268311e-01 5     1.367506e-06 1.461211e+00
100 7 525.31 0.48 0.550000 8 -1.0 7251        293.939 37 8.066051e-07 6.484493e-07 8.066051e-01 5.990601e-01 4     1.455054e-06 1.405665e+00
100 7 525.31 0.48 0.550000 8 -1.0 8045        291.581 36 8.165842e-07 6.683855e-07 8.165842e-01 5.798340e-01 7     1.484970e-06 1.396418e+00
100 7 525.32 0.48 0.550000 8 -1.0 15701        290.439 34 5.458105e-07 9.880968e-07 5.458105e-01 7.843018e-01 7     1.533907e-06 1.330112e+00
100 7 525.32 0.48 0.550000 8 -1.0 18814        289.545 37 8.053734e-07 5.859946e-07 8.053733e-01 5.508423e-01 7     1.391368e-06 1.356216e+00
100 7 525.33 0.48 0.550000 8 -1.0 16100        290.388 34 7.264651e-07 3.891151e-07 7.264651e-01 5.053711e-01 5     1.115580e-06 1.231836e+00
100 7 525.33 0.48 0.550000 8 -1.0 16843        291.213 37 7.540474e-07 3.919433e-07 7.540474e-01 5.838013e-01 5     1.145991e-06 1.337849e+00
100 7 525.33 0.48 0.550000 8 -1.0 19905        293.086 36 8.443298e-07 4.817200e-07 8.443298e-01 7.940674e-01 6     1.326050e-06 1.638397e+00
100 7 525.34 0.48 0.550000 8 -1.0 14055        292.079 35 7.805617e-07 6.844324e-07 7.805616e-01 6.979370e-01 5     1.464994e-06 1.478499e+00
100 7 525.34 0.48 0.550000 8 -1.0 3417        290.308 35 9.694305e-07 7.756834e-07 9.694304e-01 5.273438e-01 5     1.745114e-06 1.496774e+00
100 7 525.34 0.48 0.550000 8 -1.0 7674        293.908 37 9.870618e-07 2.171550e-07 9.870618e-01 3.555298e-01 7     1.204217e-06 1.342592e+00
100 7 525.36 0.48 0.550000 8 -1.0 11639        291.157 36 8.037516e-07 5.450289e-07 8.037515e-01 5.844116e-01 6     1.348780e-06 1.388163e+00
100 7 525.36 0.48 0.550000 8 -1.0 14629        292.651 37 6.028655e-07 4.989655e-07 6.028654e-01 7.824707e-01 6     1.101831e-06 1.385336e+00
100 7 525.36 0.48 0.550000 8 -1.0 15439        290.205 36 6.982268e-07 5.977223e-07 6.982268e-01 6.762695e-01 6     1.295949e-06 1.374496e+00
100 7 525.37 0.48 0.550000 8 -1.0 14265        291.305 38 5.713008e-07 6.286223e-07 5.713008e-01 7.546997e-01 5     1.199923e-06 1.326000e+00
100 7 525.37 0.48 0.550000 8 -1.0 16392        291.832 40 5.536552e-07 6.674875e-07 5.536552e-01 8.239746e-01 6     1.221143e-06 1.377630e+00
100 7 525.37 0.48 0.550000 8 -1.0 18921        291.673 38 7.743845e-07 3.534943e-07 7.743845e-01 3.938293e-01 6     1.127879e-06 1.168214e+00
100 7 525.37 0.48 0.550000 8 -1.0 9105        295.835 38 8.666097e-07 4.661973e-07 8.666096e-01 4.809570e-01 5     1.332807e-06 1.347567e+00
100 7 525.39 0.48 0.550000 8 -1.0 16419        292.157 32 7.365318e-07 8.254679e-07 7.365318e-01 7.183838e-01 5     1.562000e-06 1.454916e+00
100 7 525.40 0.48 0.550000 8 -1.0 11226        294.360 36 5.963213e-07 6.368637e-07 5.963213e-01 8.123779e-01 4     1.233185e-06 1.408699e+00
100 7 525.40 0.48 0.550000 8 -1.0 16814        291.087 37 5.182316e-07 5.338556e-07 5.182316e-01 6.793213e-01 5     1.052087e-06 1.197553e+00
100 7 525.40 0.48 0.550000 8 -1.0 19675        292.552 38 1.076748e-06 2.529431e-07 1.076748e+00 4.797363e-01 7     1.329691e-06 1.556484e+00
100 7 525.40 0.48 0.550000 8 -1.0 4877        289.714 37 7.463281e-07 4.620087e-07 7.463280e-01 5.477905e-01 7     1.208337e-06 1.294119e+00
100 7 525.40 0.48 0.550000 8 -1.0 619        293.956 38 8.842896e-07 6.351954e-07 8.842896e-01 4.919434e-01 7     1.519485e-06 1.376233e+00
100 7 525.40 0.48 0.550000 8 -1.0 8157        296.579 37 5.581278e-07 5.765204e-07 5.581278e-01 8.892822e-01 6     1.134648e-06 1.447410e+00
100 7 525.40 0.48 0.550000 8 -1.0 8792        289.527 36 9.044294e-07 3.267523e-07 9.044293e-01 4.858398e-01 5     1.231182e-06 1.390269e+00
100 7 525.41 0.48 0.550000 8 -1.0 15136        292.748 35 6.310049e-07 7.542499e-07 6.310049e-01 8.050537e-01 6     1.385255e-06 1.436059e+00
100 7 525.41 0.48 0.550000 8 -1.0 18736        289.129 37 7.730636e-07 7.132866e-07 7.730636e-01 6.430054e-01 7     1.486350e-06 1.416069e+00
100 7 525.41 0.48 0.550000 8 -1.0 18763        289.326 35 9.216330e-07 6.280839e-07 9.216329e-01 4.437256e-01 7     1.549717e-06 1.365359e+00
100 7 525.41 0.48 0.550000 8 -1.0 19804        293.918 34 7.757895e-07 9.844452e-07 7.757894e-01 6.713867e-01 5     1.760235e-06 1.447176e+00
100 7 525.41 0.48 0.550000 8 -1.0 6638        289.897 36 9.486873e-07 5.035477e-07 9.486873e-01 5.316162e-01 7     1.452235e-06 1.480303e+00
100 7 525.41 0.48 0.550000 8 -1.0 7290        296.288 37 6.282996e-07 6.640045e-07 6.282996e-01 8.294678e-01 6     1.292304e-06 1.457767e+00
100 7 525.42 0.48 0.550000 8 -1.0 182        294.463 40 8.315890e-07 3.769394e-07 8.315890e-01 4.557800e-01 7     1.208528e-06 1.287369e+00
100 7 525.42 0.48 0.550000 8 -1.0 19305        289.652 33 8.055485e-07 6.183358e-07 8.055485e-01 4.087830e-01 7     1.423884e-06 1.214331e+00
100 7 525.42 0.48 0.550000 8 -1.0 9612        295.701 37 8.343516e-07 3.412467e-07 8.343515e-01 4.080200e-01 5     1.175598e-06 1.242372e+00
100 7 525.43 0.48 0.550000 8 -1.0 10542        289.408 35 7.727166e-07 6.376011e-07 7.727166e-01 6.741333e-01 5     1.410318e-06 1.446850e+00
100 7 525.43 0.48 0.550000 8 -1.0 19448        289.274 35 6.898830e-07 4.697362e-07 6.898830e-01 5.599976e-01 6     1.159619e-06 1.249881e+00
100 7 525.44 0.48 0.550000 8 -1.0 19736        290.545 38 7.572686e-07 6.588475e-07 7.572686e-01 6.951904e-01 7     1.416116e-06 1.452459e+00
100 7 525.44 0.48 0.550000 8 -1.0 453        294.331 38 6.122257e-07 5.428065e-07 6.122257e-01 6.250000e-01 5     1.155032e-06 1.237226e+00
100 7 525.45 0.48 0.550000 8 -1.0 9436        290.610 37 8.188590e-07 4.476139e-07 8.188589e-01 5.374146e-01 5     1.266473e-06 1.356273e+00
100 7 525.46 0.48 0.550000 8 -1.0 8085        289.595 37 1.111061e-06 3.184800e-07 1.111061e+00 3.350830e-01 5     1.429541e-06 1.446144e+00
100 9 525.28 0.48 0.550000 8 -1.0 18811        292.443 38 6.816739e-07 5.271237e-07 6.816738e-01 8.853149e-01 4     1.208798e-06 1.566989e+00
100 9 525.29 0.48 0.550000 8 -1.0 17313        290.274 37 1.092474e-06 4.161520e-07 1.092474e+00 3.630066e-01 7     1.508626e-06 1.455481e+00
100 9 525.30 0.48 0.550000 8 -1.0 14798        290.988 34 1.058301e-06 3.329622e-07 1.058301e+00 4.949951e-01 6     1.391263e-06 1.553296e+00
100 9 525.30 0.48 0.550000 8 -1.0 14904        291.985 36 6.187708e-07 6.876510e-07 6.187708e-01 5.128479e-01 7     1.306422e-06 1.131619e+00
100 9 525.30 0.48 0.550000 8 -1.0 19988        291.148 37 5.134558e-07 9.251236e-07 5.134558e-01 8.593750e-01 5     1.438579e-06 1.372831e+00
100 9 525.30 0.48 0.550000 8 -1.0 2539        296.153 38 7.667478e-07 5.633318e-07 7.667477e-01 6.750488e-01 4     1.330080e-06 1.441797e+00
100 9 525.30 0.48 0.550000 8 -1.0 352        293.005 38 8.289150e-07 3.022776e-07 8.289150e-01 4.016113e-01 8     1.131193e-06 1.230526e+00
100 9 525.31 0.48 0.550000 8 -1.0 10215        290.598 36 6.095946e-07 8.598554e-07 6.095945e-01 6.912231e-01 6     1.469450e-06 1.300818e+00
100 9 525.31 0.48 0.550000 8 -1.0 13148        289.170 35 9.645874e-07 4.305412e-07 9.645874e-01 4.418945e-01 7     1.395129e-06 1.406482e+00
100 9 525.31 0.48 0.550000 8 -1.0 14837        291.642 36 4.635781e-07 1.043653e-06 4.635781e-01 8.666992e-01 6     1.507231e-06 1.330277e+00
100 9 525.31 0.48 0.550000 8 -1.0 2775        289.240 36 6.870704e-07 9.397497e-07 6.870704e-01 6.494141e-01 5     1.626820e-06 1.336484e+00
100 9 525.31 0.48 0.550000 8 -1.0 970        295.445 36 8.729746e-07 5.664609e-07 8.729745e-01 4.423523e-01 6     1.439435e-06 1.315327e+00
100 9 525.32 0.48 0.550000 8 -1.0 15750        295.264 37 6.647356e-07 8.506261e-07 6.647356e-01 7.406616e-01 5     1.515362e-06 1.405397e+00
100 9 525.32 0.48 0.550000 8 -1.0 283        295.105 39 7.959498e-07 4.981671e-07 7.959498e-01 5.249023e-01 7     1.294117e-06 1.320852e+00
100 9 525.33 0.48 0.550000 8 -1.0 10614        296.040 38 7.896655e-07 9.121376e-07 7.896655e-01 6.591797e-01 7     1.701803e-06 1.448845e+00
100 9 525.33 0.48 0.550000 8 -1.0 10943        290.548 35 7.267147e-07 5.777515e-07 7.267146e-01 6.951904e-01 7     1.304466e-06 1.421905e+00
100 9 525.33 0.48 0.550000 8 -1.0 19721        289.491 37 9.533793e-07 4.578148e-07 9.533793e-01 4.321289e-01 8     1.411194e-06 1.385508e+00
100 9 525.34 0.48 0.550000 8 -1.0 19305        289.202 35 9.600484e-07 6.944390e-07 9.600483e-01 5.001831e-01 5     1.654487e-06 1.460231e+00
100 9 525.34 0.48 0.550000 8 -1.0 4558        289.305 36 7.186342e-07 4.301137e-07 7.186342e-01 4.431152e-01 6     1.148748e-06 1.161749e+00
100 9 525.34 0.48 0.550000 8 -1.0 9586        291.201 37 9.748343e-07 5.600821e-07 9.748343e-01 5.828857e-01 4     1.534916e-06 1.557720e+00
100 9 525.36 0.48 0.550000 8 -1.0 13636        289.363 38 7.892429e-07 3.911555e-07 7.892429e-01 4.644775e-01 7     1.180398e-06 1.253720e+00
100 9 525.36 0.48 0.550000 8 -1.0 15903        294.677 36 6.552105e-07 9.477336e-07 6.552104e-01 8.911133e-01 4     1.602944e-06 1.546324e+00
100 9 525.36 0.48 0.550000 8 -1.0 7865        290.295 35 8.298792e-07 6.015365e-07 8.298792e-01 4.745483e-01 7     1.431416e-06 1.304428e+00
100 9 525.37 0.48 0.550000 8 -1.0 1285        289.444 34 6.623214e-07 4.573790e-07 6.623213e-01 5.953979e-01 6     1.119700e-06 1.257719e+00
100 9 525.37 0.48 0.550000 8 -1.0 16443        290.091 34 9.355275e-07 4.013231e-07 9.355275e-01 3.244019e-01 8     1.336851e-06 1.259929e+00
100 9 525.37 0.48 0.550000 8 -1.0 165        297.269 42 1.054401e-06 2.634179e-07 1.054401e+00 2.851868e-01 9     1.317819e-06 1.339588e+00
100 9 525.37 0.48 0.550000 8 -1.0 18083        294.094 35 9.275500e-07 7.621797e-07 9.275499e-01 5.895996e-01 5     1.689730e-06 1.517150e+00
100 9 525.39 0.48 0.550000 8 -1.0 16271        289.455 35 8.943160e-07 5.443575e-07 8.943159e-01 4.716492e-01 6     1.438674e-06 1.365965e+00
100 9 525.40 0.48 0.550000 8 -1.0 10919        292.837 35 6.636525e-07 6.755175e-07 6.636525e-01 5.966187e-01 7     1.339170e-06 1.260271e+00
100 9 525.40 0.48 0.550000 8 -1.0 13917        296.519 36 6.303173e-07 7.097736e-07 6.303173e-01 7.885742e-01 5     1.340091e-06 1.418891e+00
100 9 525.40 0.48 0.550000 8 -1.0 14756        291.307 36 8.559747e-07 5.828734e-07 8.559747e-01 7.095337e-01 5     1.438848e-06 1.565508e+00
100 9 525.40 0.48 0.550000 8 -1.0 16763        290.523 35 7.804021e-07 5.116900e-07 7.804020e-01 4.548645e-01 6     1.292092e-06 1.235267e+00
100 9 525.40 0.48 0.550000 8 -1.0 241        293.611 39 8.890294e-07 3.408094e-07 8.890293e-01 3.482056e-01 8     1.229839e-06 1.237235e+00
100 9 525.40 0.48 0.550000 8 -1.0 6628        292.822 35 6.186267e-07 7.524394e-07 6.186266e-01 8.166504e-01 6     1.371066e-06 1.435277e+00
100 9 525.40 0.48 0.550000 8 -1.0 8449        294.222 36 1.031342e-06 5.480320e-07 1.031341e+00 4.672241e-01 6     1.579374e-06 1.498566e+00
100 9 525.41 0.48 0.550000 8 -1.0 16646        292.222 34 8.925290e-07 5.798689e-07 8.925290e-01 8.004761e-01 4     1.472398e-06 1.693005e+00
100 9 525.41 0.48 0.550000 8 -1.0 18586        290.607 35 9.191416e-07 4.217101e-07 9.191416e-01 4.193115e-01 6     1.340852e-06 1.338453e+00
100 9 525.41 0.48 0.550000 8 -1.0 18711        291.495 36 8.824419e-07 3.867500e-07 8.824419e-01 3.257751e-01 7     1.269192e-06 1.208217e+00
100 9 525.41 0.48 0.550000 8 -1.0 19857        294.753 40 7.782430e-07 5.567725e-07 7.782429e-01 4.556274e-01 6     1.335015e-06 1.233870e+00
100 9 525.41 0.48 0.550000 8 -1.0 6126        290.989 35 1.086714e-06 4.301658e-07 1.086714e+00 4.730225e-01 7     1.516880e-06 1.559737e+00
100 9 525.41 0.48 0.550000 8 -1.0 7418        293.974 35 8.567950e-07 4.989061e-07 8.567950e-01 4.753113e-01 8     1.355701e-06 1.332106e+00
100 9 525.42 0.48 0.550000 8 -1.0 10527        289.034 36 5.983432e-07 7.280929e-07 5.983432e-01 7.525635e-01 6     1.326436e-06 1.350907e+00
100 9 525.42 0.48 0.550000 8 -1.0 10858        289.311 39 6.014345e-07 4.494932e-07 6.014344e-01 5.966187e-01 5     1.050928e-06 1.198053e+00
100 9 525.42 0.48 0.550000 8 -1.0 8693        290.795 36 8.455983e-07 7.560314e-07 8.455983e-01 7.278442e-01 4     1.601630e-06 1.573443e+00
100 9 525.43 0.48 0.550000 8 -1.0 13285        292.488 35 1.049777e-06 3.466501e-07 1.049777e+00 4.096985e-01 6     1.396427e-06 1.459475e+00
100 9 525.43 0.48 0.550000 8 -1.0 18317        290.559 36 4.294967e-07 8.246494e-07 4.294967e-01 1.094971e+00 5     1.254146e-06 1.524467e+00
100 9 525.44 0.48 0.550000 8 -1.0 14592        289.064 36 9.158996e-07 4.332551e-07 9.158995e-01 5.444336e-01 6     1.349155e-06 1.460333e+00
100 9 525.44 0.48 0.550000 8 -1.0 5527        296.131 37 8.182272e-07 5.341929e-07 8.182272e-01 5.480957e-01 6     1.352420e-06 1.366323e+00
100 9 525.45 0.48 0.550000 8 -1.0 16637        289.830 35 7.410735e-07 4.820265e-07 7.410735e-01 6.036377e-01 6     1.223100e-06 1.344711e+00
100 9 525.46 0.48 0.550000 8 -1.0 13555        289.409 36 6.369835e-07 5.311682e-07 6.369835e-01 6.649780e-01 5     1.168152e-06 1.301962e+00
