195 11 1023.93 0.48 0.550000 8 -1.0 15692        566.075 74 1.066068e-06 1.128792e-06 1.066068e+00 1.638794e+00 8     2.194860e-06 2.704861e+00
195 11 1023.97 0.48 0.550000 8 -1.0 18700        568.120 75 1.519625e-06 1.531590e-06 1.519625e+00 1.391602e+00 7     3.051215e-06 2.911227e+00
195 11 1023.99 0.48 0.550000 8 -1.0 13252        564.698 73 1.288999e-06 9.460654e-07 1.288999e+00 1.541748e+00 7     2.235065e-06 2.830747e+00
195 11 1024.00 0.48 0.550000 8 -1.0 11459        565.865 73 1.349766e-06 9.143165e-07 1.349766e+00 1.167603e+00 6     2.264082e-06 2.517368e+00
195 11 1024.01 0.48 0.550000 8 -1.0 19359        564.600 71 1.147631e-06 1.329130e-06 1.147631e+00 1.479492e+00 7     2.476762e-06 2.627123e+00
195 11 1024.01 0.48 0.550000 8 -1.0 638        564.360 68 1.506850e-06 8.681073e-07 1.506849e+00 9.680176e-01 8     2.374957e-06 2.474867e+00
195 11 1024.05 0.48 0.550000 8 -1.0 17962        565.812 71 1.384169e-06 1.366656e-06 1.384168e+00 1.329346e+00 7     2.750824e-06 2.713514e+00
195 11 1024.07 0.48 0.550000 8 -1.0 19601        566.958 67 1.320154e-06 1.016522e-06 1.320154e+00 1.358643e+00 8     2.336675e-06 2.678796e+00
195 11 1024.09 0.48 0.550000 8 -1.0 15201        563.971 71 1.616684e-06 5.780550e-07 1.616684e+00 8.358765e-01 10     2.194739e-06 2.452560e+00
195 11 1024.12 0.48 0.550000 8 -1.0 4178        571.574 73 9.724579e-07 1.619105e-06 9.724578e-01 1.766357e+00 6     2.591563e-06 2.738815e+00
195 11 1024.17 0.48 0.550000 8 -1.0 6953        566.390 72 1.447565e-06 1.851870e-06 1.447565e+00 1.259766e+00 8     3.299435e-06 2.707330e+00
195 11 1024.18 0.48 0.550000 8 -1.0 1916        565.168 73 9.799710e-07 1.854263e-06 9.799709e-01 1.918335e+00 5     2.834234e-06 2.898306e+00
195 11 1024.19 0.48 0.550000 8 -1.0 2950        566.083 69 1.255670e-06 2.247698e-06 1.255670e+00 1.923218e+00 5     3.503369e-06 3.178888e+00
195 11 1024.21 0.48 0.550000 8 -1.0 6904        565.592 73 1.448883e-06 1.200369e-06 1.448883e+00 1.399536e+00 7     2.649253e-06 2.848419e+00
195 11 1024.23 0.48 0.550000 8 -1.0 14178        565.961 71 1.162501e-06 1.199154e-06 1.162501e+00 1.660156e+00 6     2.361655e-06 2.822657e+00
195 11 1024.24 0.48 0.550000 8 -1.0 8669        564.957 72 1.949845e-06 7.129554e-07 1.949845e+00 9.722900e-01 6     2.662801e-06 2.922135e+00
195 11 1024.25 0.48 0.550000 8 -1.0 19797        565.198 74 1.822998e-06 1.044109e-06 1.822997e+00 1.339111e+00 7     2.867106e-06 3.162109e+00
195 11 1024.28 0.48 0.550000 8 -1.0 19171        564.153 70 1.609673e-06 9.227869e-07 1.609673e+00 9.375000e-01 7     2.532460e-06 2.547173e+00
195 11 1024.29 0.48 0.550000 8 -1.0 2205        563.943 73 1.829059e-06 8.531873e-07 1.829059e+00 9.588623e-01 8     2.682246e-06 2.787921e+00
195 11 1024.30 0.48 0.550000 8 -1.0 11439        569.130 72 1.217862e-06 1.052919e-06 1.217862e+00 1.463013e+00 8     2.270781e-06 2.680874e+00
195 11 1024.30 0.48 0.550000 8 -1.0 18362        571.213 71 1.077950e-06 1.360861e-06 1.077950e+00 1.556396e+00 6     2.438811e-06 2.634346e+00
195 11 1024.30 0.48 0.550000 8 -1.0 8578        567.232 73 1.513949e-06 1.323807e-06 1.513948e+00 1.397705e+00 6     2.837755e-06 2.911654e+00
195 11 1024.31 0.48 0.550000 8 -1.0 9695        568.637 75 1.818483e-06 8.806033e-07 1.818483e+00 1.131592e+00 5     2.699087e-06 2.950075e+00
195 11 1024.32 0.48 0.550000 8 -1.0 14832        565.358 73 1.471695e-06 7.962678e-07 1.471695e+00 1.169434e+00 5     2.267963e-06 2.641129e+00
195 11 1024.33 0.48 0.550000 8 -1.0 6318        564.616 72 1.269161e-06 1.030871e-06 1.269161e+00 1.411743e+00 4     2.300032e-06 2.680904e+00
195 11 1024.36 0.48 0.550000 8 -1.0 3252        567.550 71 1.593862e-06 9.238914e-07 1.593862e+00 1.500244e+00 8     2.517753e-06 3.094106e+00
195 11 1024.37 0.48 0.550000 8 -1.0 12283        565.568 71 1.377034e-06 1.220930e-06 1.377034e+00 1.228638e+00 8     2.597964e-06 2.605671e+00
195 11 1024.38 0.48 0.550000 8 -1.0 19219        564.074 73 1.408718e-06 1.048431e-06 1.408718e+00 1.337280e+00 8     2.457149e-06 2.745998e+00
195 11 1024.38 0.48 0.550000 8 -1.0 19967        565.581 72 1.534965e-06 7.530340e-07 1.534965e+00 8.856201e-01 10     2.287999e-06 2.420585e+00
195 11 1024.39 0.48 0.550000 8 -1.0 4737        568.631 69 1.758414e-06 1.029108e-06 1.758414e+00 1.023254e+00 8     2.787522e-06 2.781669e+00
195 11 1024.39 0.48 0.550000 8 -1.0 6874        566.095 72 1.394519e-06 9.072143e-07 1.394519e+00 1.347046e+00 6     2.301733e-06 2.741565e+00
195 11 1024.40 0.48 0.550000 8 -1.0 3380        571.863 73 1.319856e-06 1.011862e-06 1.319856e+00 1.494141e+00 8     2.331717e-06 2.813996e+00
195 11 1024.42 0.48 0.550000 8 -1.0 16121        564.575 70 1.663493e-06 1.359330e-06 1.663493e+00 1.215820e+00 7     3.022823e-06 2.879313e+00
195 11 1024.43 0.48 0.550000 8 -1.0 6923        568.190 73 1.376238e-06 1.035171e-06 1.376238e+00 1.402588e+00 7     2.411408e-06 2.778826e+00
195 11 1024.44 0.48 0.550000 8 -1.0 14748        568.071 68 1.188594e-06 1.478140e-06 1.188594e+00 1.672363e+00 7     2.666734e-06 2.860957e+00
195 11 1024.44 0.48 0.550000 8 -1.0 329        568.057 85 2.222905e-06 4.740796e-07 2.222905e+00 5.671692e-01 11     2.696984e-06 2.790074e+00
195 11 1024.46 0.48 0.550000 8 -1.0 16773        566.121 72 1.444667e-06 1.314951e-06 1.444667e+00 1.454468e+00 7     2.759618e-06 2.899135e+00
195 11 1024.46 0.48 0.550000 8 -1.0 18462        568.740 75 1.347466e-06 1.153554e-06 1.347466e+00 1.386719e+00 5     2.501019e-06 2.734184e+00
195 11 1024.48 0.48 0.550000 8 -1.0 17561        565.626 73 1.236399e-06 1.147293e-06 1.236399e+00 1.541748e+00 5     2.383692e-06 2.778147e+00
195 11 1024.48 0.48 0.550000 8 -1.0 460        566.428 79 1.828816e-06 9.857880e-07 1.828815e+00 1.311646e+00 9     2.814604e-06 3.140461e+00
195 11 1024.48 0.48 0.550000 8 -1.0 9423        564.377 70 1.436272e-06 1.273336e-06 1.436272e+00 1.469727e+00 5     2.709608e-06 2.905998e+00
195 11 1024.49 0.48 0.550000 8 -1.0 11902        564.625 74 1.292731e-06 9.466929e-07 1.292731e+00 1.566162e+00 8     2.239424e-06 2.858893e+00
195 11 1024.49 0.48 0.550000 8 -1.0 7881        565.334 71 1.278764e-06 1.385337e-06 1.278764e+00 1.647949e+00 6     2.664100e-06 2.926713e+00
195 11 1024.50 0.48 0.550000 8 -1.0 18528        563.494 72 1.418607e-06 9.657578e-07 1.418607e+00 1.021423e+00 6     2.384365e-06 2.440030e+00
195 11 1024.51 0.48 0.550000 8 -1.0 10885        566.488 72 9.865788e-07 1.529026e-06 9.865788e-01 1.832275e+00 5     2.515605e-06 2.818854e+00
195 11 1024.57 0.48 0.550000 8 -1.0 13046        571.372 72 1.152230e-06 1.237974e-06 1.152230e+00 1.464844e+00 7     2.390204e-06 2.617074e+00
195 11 1024.61 0.48 0.550000 8 -1.0 17041        565.040 73 1.192883e-06 1.404400e-06 1.192882e+00 1.325073e+00 9     2.597282e-06 2.517956e+00
195 11 1024.61 0.48 0.550000 8 -1.0 5694        565.597 73 1.268352e-06 9.842702e-07 1.268351e+00 1.274414e+00 5     2.252622e-06 2.542766e+00
195 11 1024.63 0.48 0.550000 8 -1.0 15393        567.036 69 1.178489e-06 1.421091e-06 1.178489e+00 1.712646e+00 6     2.599581e-06 2.891136e+00
195 11 1024.64 0.48 0.550000 8 -1.0 18273        567.837 73 1.160001e-06 1.366904e-06 1.160001e+00 1.316528e+00 7     2.526905e-06 2.476530e+00
195 13 1023.93 0.48 0.550000 8 -1.0 9199        563.432 71 1.206458e-06 1.426165e-06 1.206458e+00 1.506348e+00 8     2.632622e-06 2.712805e+00
195 13 1023.97 0.48 0.550000 8 -1.0 12905        563.415 73 1.343302e-06 1.339630e-06 1.343302e+00 1.483154e+00 7     2.682932e-06 2.826456e+00
195 13 1023.99 0.48 0.550000 8 -1.0 17584        567.660 71 1.715965e-06 7.453773e-07 1.715965e+00 9.710693e-01 8     2.461343e-06 2.687035e+00
195 13 1024.00 0.48 0.550000 8 -1.0 17320        563.849 74 1.243667e-06 1.032148e-06 1.243667e+00 1.321411e+00 5     2.275815e-06 2.565078e+00
195 13 1024.01 0.48 0.550000 8 -1.0 12436        566.893 72 1.359464e-06 1.051675e-06 1.359464e+00 1.455078e+00 5     2.411138e-06 2.814542e+00
195 13 1024.01 0.48 0.550000 8 -1.0 4044        567.596 72 1.122189e-06 1.619409e-06 1.122189e+00 1.678467e+00 7     2.741597e-06 2.800656e+00
195 13 1024.05 0.48 0.550000 8 -1.0 12473        564.381 69 1.449583e-06 1.328316e-06 1.449582e+00 1.190186e+00 9     2.777899e-06 2.639768e+00
195 13 1024.07 0.48 0.550000 8 -1.0 3034        564.971 70 1.373693e-06 1.090587e-06 1.373693e+00 1.465454e+00 5     2.464280e-06 2.839147e+00
195 13 1024.09 0.48 0.550000 8 -1.0 1430        564.605 68 1.603031e-06 1.221332e-06 1.603031e+00 1.223755e+00 8     2.824362e-06 2.826785e+00
195 13 1024.12 0.48 0.550000 8 -1.0 15808        563.805 74 1.557092e-06 1.168373e-06 1.557092e+00 1.156006e+00 6     2.725465e-06 2.713098e+00
195 13 1024.17 0.48 0.550000 8 -1.0 18356        563.938 69 1.199393e-06 1.310456e-06 1.199393e+00 1.731567e+00 5     2.509849e-06 2.930960e+00
195 13 1024.18 0.48 0.550000 8 -1.0 10279        564.259 74 1.438275e-06 1.517996e-06 1.438275e+00 1.699219e+00 6     2.956271e-06 3.137494e+00
195 13 1024.19 0.48 0.550000 8 -1.0 6081        563.821 70 1.344559e-06 1.139432e-06 1.344559e+00 1.748657e+00 5     2.483991e-06 3.093217e+00
195 13 1024.21 0.48 0.550000 8 -1.0 15731        564.331 73 1.406621e-06 1.311373e-06 1.406621e+00 1.520996e+00 11     2.717995e-06 2.927617e+00
195 13 1024.23 0.48 0.550000 8 -1.0 7607        566.887 74 1.353029e-06 1.707087e-06 1.353029e+00 1.594238e+00 5     3.060116e-06 2.947267e+00
195 13 1024.24 0.48 0.550000 8 -1.0 19943        563.603 71 1.695996e-06 8.676135e-07 1.695996e+00 9.735107e-01 9     2.563609e-06 2.669507e+00
195 13 1024.25 0.48 0.550000 8 -1.0 16386        563.595 73 2.438032e-06 5.888960e-07 2.438031e+00 4.992676e-01 11     3.026928e-06 2.937299e+00
195 13 1024.28 0.48 0.550000 8 -1.0 14590        571.303 74 1.715367e-06 9.396102e-07 1.715367e+00 1.118774e+00 8     2.654977e-06 2.834141e+00
195 13 1024.29 0.48 0.550000 8 -1.0 18882        563.930 71 1.153269e-06 1.300180e-06 1.153269e+00 1.610107e+00 6     2.453449e-06 2.763376e+00
195 13 1024.30 0.48 0.550000 8 -1.0 15018        563.760 72 9.360740e-07 1.526227e-06 9.360740e-01 1.751709e+00 7     2.462301e-06 2.687783e+00
195 13 1024.30 0.48 0.550000 8 -1.0 18353        563.964 72 1.374609e-06 1.643436e-06 1.374609e+00 1.439209e+00 9     3.018045e-06 2.813818e+00
195 13 1024.30 0.48 0.550000 8 -1.0 930        564.635 74 1.813241e-06 9.424966e-07 1.813241e+00 1.141968e+00 7     2.755738e-06 2.955209e+00
195 13 1024.31 0.48 0.550000 8 -1.0 12883        568.749 72 1.607680e-06 1.220272e-06 1.607680e+00 1.134644e+00 5     2.827952e-06 2.742323e+00
195 13 1024.32 0.48 0.550000 8 -1.0 18379        563.994 71 8.710152e-07 1.776871e-06 8.710152e-01 1.687012e+00 7     2.647886e-06 2.558027e+00
195 13 1024.33 0.48 0.550000 8 -1.0 4324        563.968 72 1.474396e-06 8.894910e-07 1.474396e+00 1.238403e+00 8     2.363887e-06 2.712799e+00
195 13 1024.36 0.48 0.550000 8 -1.0 9563        564.479 74 1.705534e-06 9.132593e-07 1.705534e+00 1.177979e+00 7     2.618794e-06 2.883513e+00
195 13 1024.37 0.48 0.550000 8 -1.0 8845        563.553 71 1.436528e-06 7.551581e-07 1.436527e+00 1.311035e+00 9     2.191686e-06 2.747563e+00
195 13 1024.38 0.48 0.550000 8 -1.0 10999        564.097 71 1.528412e-06 9.174819e-07 1.528412e+00 9.753418e-01 8     2.445894e-06 2.503754e+00
195 13 1024.38 0.48 0.550000 8 -1.0 16499        566.913 71 1.356167e-06 1.035026e-06 1.356167e+00 1.446533e+00 7     2.391193e-06 2.802700e+00
195 13 1024.39 0.48 0.550000 8 -1.0 15412        569.366 72 1.229810e-06 1.353653e-06 1.229810e+00 1.224365e+00 8     2.583462e-06 2.454175e+00
195 13 1024.39 0.48 0.550000 8 -1.0 17689        565.569 73 1.446115e-06 1.446549e-06 1.446115e+00 1.243896e+00 9     2.892665e-06 2.690012e+00
195 13 1024.40 0.48 0.550000 8 -1.0 663        565.771 74 1.522865e-06 9.579611e-07 1.522865e+00 1.135864e+00 11     2.480826e-06 2.658729e+00
195 13 1024.42 0.48 0.550000 8 -1.0 10253        563.671 74 1.150422e-06 1.584966e-06 1.150422e+00 1.986084e+00 4     2.735388e-06 3.136506e+00
195 13 1024.43 0.48 0.550000 8 -1.0 8599        571.349 73 1.492981e-06 1.114502e-06 1.492981e+00 1.497803e+00 6     2.607484e-06 2.990784e+00
195 13 1024.44 0.48 0.550000 8 -1.0 17723        565.806 72 1.336346e-06 1.326285e-06 1.336346e+00 1.362305e+00 7     2.662630e-06 2.698650e+00
195 13 1024.44 0.48 0.550000 8 -1.0 19669        564.124 72 1.447640e-06 1.064688e-06 1.447640e+00 1.450195e+00 7     2.512328e-06 2.897835e+00
195 13 1024.46 0.48 0.550000 8 -1.0 16078        566.305 72 1.206376e-06 1.556082e-06 1.206376e+00 1.406250e+00 9     2.762458e-06 2.612626e+00
195 13 1024.46 0.48 0.550000 8 -1.0 9898        564.935 70 1.474976e-06 1.021071e-06 1.474976e+00 1.333618e+00 7     2.496048e-06 2.808594e+00
195 13 1024.48 0.48 0.550000 8 -1.0 13463        564.067 73 1.520885e-06 1.506442e-06 1.520885e+00 1.638794e+00 6     3.027327e-06 3.159679e+00
195 13 1024.48 0.48 0.550000 8 -1.0 18668        568.020 71 1.234506e-06 1.469612e-06 1.234506e+00 1.463623e+00 7     2.704118e-06 2.698129e+00
195 13 1024.48 0.48 0.550000 8 -1.0 19035        566.333 72 1.418176e-06 7.835417e-07 1.418176e+00 1.356201e+00 9     2.201717e-06 2.774377e+00
195 13 1024.49 0.48 0.550000 8 -1.0 14433        566.052 73 1.921731e-06 1.007493e-06 1.921731e+00 1.239624e+00 9     2.929224e-06 3.161355e+00
195 13 1024.49 0.48 0.550000 8 -1.0 15074        567.125 71 1.164619e-06 1.103403e-06 1.164619e+00 1.398926e+00 10     2.268023e-06 2.563545e+00
195 13 1024.50 0.48 0.550000 8 -1.0 4418        563.842 71 1.687975e-06 9.821763e-07 1.687975e+00 1.253662e+00 7     2.670151e-06 2.941637e+00
195 13 1024.51 0.48 0.550000 8 -1.0 2137        566.526 72 1.295217e-06 1.134255e-06 1.295217e+00 1.866455e+00 6     2.429472e-06 3.161672e+00
195 13 1024.57 0.48 0.550000 8 -1.0 11490        566.810 73 9.440463e-07 1.634030e-06 9.440463e-01 1.805420e+00 5     2.578076e-06 2.749466e+00
195 13 1024.61 0.48 0.550000 8 -1.0 14962        564.206 72 1.316042e-06 1.271797e-06 1.316042e+00 1.229858e+00 6     2.587839e-06 2.545901e+00
195 13 1024.61 0.48 0.550000 8 -1.0 8444        567.311 68 1.970734e-06 1.045408e-06 1.970734e+00 1.351929e+00 6     3.016142e-06 3.322663e+00
195 13 1024.63 0.48 0.550000 8 -1.0 457        563.782 78 2.063056e-06 7.891918e-07 2.063056e+00 7.839966e-01 9     2.852248e-06 2.847052e+00
195 13 1024.64 0.48 0.550000 8 -1.0 19476        567.024 72 1.852339e-06 7.879625e-07 1.852338e+00 9.375000e-01 9     2.640301e-06 2.789838e+00
195 15 1023.93 0.48 0.550000 8 -1.0 17315        564.050 70 1.142656e-06 1.268378e-06 1.142656e+00 1.445923e+00 5     2.411034e-06 2.588579e+00
195 15 1023.97 0.48 0.550000 8 -1.0 9885        566.336 75 1.409391e-06 8.071837e-07 1.409391e+00 1.124878e+00 6     2.216575e-06 2.534269e+00
195 15 1023.99 0.48 0.550000 8 -1.0 8998        568.004 72 1.406292e-06 1.154987e-06 1.406292e+00 1.253662e+00 6     2.561279e-06 2.659954e+00
195 15 1024.00 0.48 0.550000 8 -1.0 8566        569.482 70 8.564684e-07 1.816407e-06 8.564684e-01 1.693115e+00 5     2.672876e-06 2.549584e+00
195 15 1024.01 0.48 0.550000 8 -1.0 16357        563.250 74 1.068715e-06 1.317196e-06 1.068715e+00 1.474609e+00 7     2.385912e-06 2.543325e+00
195 15 1024.01 0.48 0.550000 8 -1.0 17124        563.806 71 1.296526e-06 1.085420e-06 1.296526e+00 1.119385e+00 7     2.381947e-06 2.415911e+00
195 15 1024.05 0.48 0.550000 8 -1.0 16562        563.913 73 1.905742e-06 9.617028e-07 1.905742e+00 8.270264e-01 7     2.867445e-06 2.732768e+00
195 15 1024.07 0.48 0.550000 8 -1.0 16019        567.582 75 1.181292e-06 1.375964e-06 1.181292e+00 1.682129e+00 6     2.557256e-06 2.863421e+00
195 15 1024.09 0.48 0.550000 8 -1.0 9180        565.474 71 1.605169e-06 1.233615e-06 1.605169e+00 1.159668e+00 10     2.838783e-06 2.764837e+00
195 15 1024.12 0.48 0.550000 8 -1.0 15665        566.367 72 1.132995e-06 1.612222e-06 1.132995e+00 1.701660e+00 6     2.745217e-06 2.834655e+00
195 15 1024.17 0.48 0.550000 8 -1.0 13384        565.453 72 1.397804e-06 9.783245e-07 1.397804e+00 1.486816e+00 9     2.376129e-06 2.884621e+00
195 15 1024.18 0.48 0.550000 8 -1.0 11429        568.546 68 1.063240e-06 1.578056e-06 1.063240e+00 1.795654e+00 8     2.641296e-06 2.858894e+00
195 15 1024.19 0.48 0.550000 8 -1.0 19981        567.165 71 1.877723e-06 1.484432e-06 1.877723e+00 1.359253e+00 6     3.362155e-06 3.236976e+00
195 15 1024.21 0.48 0.550000 8 -1.0 18173        564.523 76 1.730319e-06 7.954992e-07 1.730319e+00 1.202393e+00 7     2.525818e-06 2.932712e+00
195 15 1024.23 0.48 0.550000 8 -1.0 17099        565.824 74 1.230792e-06 1.410666e-06 1.230792e+00 1.713867e+00 5     2.641457e-06 2.944659e+00
195 15 1024.24 0.48 0.550000 8 -1.0 1962        566.333 73 1.469557e-06 8.827679e-07 1.469557e+00 1.380615e+00 8     2.352325e-06 2.850172e+00
195 15 1024.25 0.48 0.550000 8 -1.0 1650        566.541 69 1.472324e-06 1.374024e-06 1.472324e+00 1.658936e+00 8     2.846348e-06 3.131260e+00
195 15 1024.28 0.48 0.550000 8 -1.0 16777        566.234 70 1.608768e-06 9.242811e-07 1.608768e+00 1.151123e+00 9     2.533050e-06 2.759891e+00
195 15 1024.29 0.48 0.550000 8 -1.0 14301        564.097 71 1.492539e-06 1.158114e-06 1.492539e+00 1.447754e+00 4     2.650653e-06 2.940293e+00
195 15 1024.30 0.48 0.550000 8 -1.0 1048        567.607 73 1.256342e-06 8.337661e-07 1.256342e+00 1.580811e+00 6     2.090108e-06 2.837152e+00
195 15 1024.30 0.48 0.550000 8 -1.0 14988        565.754 69 1.859226e-06 1.381614e-06 1.859226e+00 1.090698e+00 7     3.240839e-06 2.949924e+00
195 15 1024.30 0.48 0.550000 8 -1.0 18887        563.845 72 1.889844e-06 7.350248e-07 1.889844e+00 9.338379e-01 9     2.624869e-06 2.823682e+00
195 15 1024.31 0.48 0.550000 8 -1.0 18564        566.217 69 1.279625e-06 1.383143e-06 1.279625e+00 1.474609e+00 13     2.662768e-06 2.754234e+00
195 15 1024.32 0.48 0.550000 8 -1.0 19917        563.622 70 1.480617e-06 1.076925e-06 1.480617e+00 1.240845e+00 7     2.557542e-06 2.721461e+00
195 15 1024.33 0.48 0.550000 8 -1.0 7045        564.461 74 1.548674e-06 7.164890e-07 1.548674e+00 1.101685e+00 8     2.265163e-06 2.650358e+00
195 15 1024.36 0.48 0.550000 8 -1.0 3021        571.696 72 1.560608e-06 1.234487e-06 1.560608e+00 1.333008e+00 5     2.795095e-06 2.893616e+00
195 15 1024.37 0.48 0.550000 8 -1.0 12461        565.644 77 1.572020e-06 7.070186e-07 1.572020e+00 1.204224e+00 9     2.279038e-06 2.776243e+00
195 15 1024.38 0.48 0.550000 8 -1.0 18410        564.709 72 1.437751e-06 1.071056e-06 1.437751e+00 1.168213e+00 11     2.508806e-06 2.605963e+00
195 15 1024.38 0.48 0.550000 8 -1.0 7402        567.908 72 1.944006e-06 6.966482e-07 1.944006e+00 1.102905e+00 10     2.640654e-06 3.046911e+00
195 15 1024.39 0.48 0.550000 8 -1.0 18452        563.777 71 1.607126e-06 7.649754e-07 1.607126e+00 7.690430e-01 9     2.372102e-06 2.376169e+00
195 15 1024.39 0.48 0.550000 8 -1.0 4919        564.346 67 1.756960e-06 1.458156e-06 1.756960e+00 1.083984e+00 6     3.215117e-06 2.840945e+00
195 15 1024.40 0.48 0.550000 8 -1.0 10333        565.438 71 1.031509e-06 1.470754e-06 1.031509e+00 1.457520e+00 7     2.502263e-06 2.489029e+00
195 15 1024.42 0.48 0.550000 8 -1.0 19445        566.334 71 1.405661e-06 1.284831e-06 1.405661e+00 1.308594e+00 9     2.690492e-06 2.714255e+00
195 15 1024.43 0.48 0.550000 8 -1.0 14584        565.429 71 1.661595e-06 1.058601e-06 1.661595e+00 1.218872e+00 5     2.720195e-06 2.880467e+00
195 15 1024.44 0.48 0.550000 8 -1.0 2678        563.904 72 1.587878e-06 1.195903e-06 1.587878e+00 1.467285e+00 4     2.783781e-06 3.055164e+00
195 15 1024.44 0.48 0.550000 8 -1.0 6888        565.155 69 1.427353e-06 1.327810e-06 1.427353e+00 1.700439e+00 4     2.755164e-06 3.127793e+00
195 15 1024.46 0.48 0.550000 8 -1.0 12040        565.772 68 1.526986e-06 1.012942e-06 1.526986e+00 1.353760e+00 6     2.539928e-06 2.880746e+00
195 15 1024.46 0.48 0.550000 8 -1.0 19445        568.655 77 1.118311e-06 1.624259e-06 1.118311e+00 1.671143e+00 6     2.742570e-06 2.789454e+00
195 15 1024.48 0.48 0.550000 8 -1.0 13436        564.919 73 1.824227e-06 7.883214e-07 1.824227e+00 1.090088e+00 5     2.612548e-06 2.914315e+00
195 15 1024.48 0.48 0.550000 8 -1.0 3475        563.647 73 1.161705e-06 1.619255e-06 1.161705e+00 1.706543e+00 4     2.780961e-06 2.868248e+00
195 15 1024.48 0.48 0.550000 8 -1.0 3736        569.581 71 1.379430e-06 1.068896e-06 1.379430e+00 1.335449e+00 6     2.448326e-06 2.714879e+00
195 15 1024.49 0.48 0.550000 8 -1.0 15385        568.497 74 1.392377e-06 8.874167e-07 1.392377e+00 1.460571e+00 6     2.279794e-06 2.852948e+00
195 15 1024.49 0.48 0.550000 8 -1.0 7157        563.905 72 1.405458e-06 1.373857e-06 1.405458e+00 1.551514e+00 7     2.779316e-06 2.956972e+00
195 15 1024.50 0.48 0.550000 8 -1.0 9937        566.107 70 1.414342e-06 1.429135e-06 1.414341e+00 1.406860e+00 9     2.843477e-06 2.821202e+00
195 15 1024.51 0.48 0.550000 8 -1.0 13015        565.657 67 1.866932e-06 7.036198e-07 1.866932e+00 9.201050e-01 6     2.570552e-06 2.787037e+00
195 15 1024.57 0.48 0.550000 8 -1.0 10298        566.977 69 1.215205e-06 1.018683e-06 1.215205e+00 1.394043e+00 7     2.233889e-06 2.609248e+00
195 15 1024.61 0.48 0.550000 8 -1.0 13230        567.776 75 1.468627e-06 7.687699e-07 1.468627e+00 1.116943e+00 6     2.237397e-06 2.585570e+00
195 15 1024.61 0.48 0.550000 8 -1.0 6808        565.041 72 1.611107e-06 1.196530e-06 1.611107e+00 1.435547e+00 5     2.807636e-06 3.046654e+00
195 15 1024.63 0.48 0.550000 8 -1.0 1164        564.154 72 2.002342e-06 7.074650e-07 2.002342e+00 9.130859e-01 7     2.709807e-06 2.915428e+00
195 15 1024.64 0.48 0.550000 8 -1.0 19868        566.159 71 1.178407e-06 1.365409e-06 1.178407e+00 1.508789e+00 5     2.543817e-06 2.687196e+00
195 17 1023.93 0.48 0.550000 8 -1.0 13444        569.804 77 1.066812e-06 1.803806e-06 1.066812e+00 1.829834e+00 6     2.870618e-06 2.896646e+00
195 17 1023.97 0.48 0.550000 8 -1.0 17000        563.333 70 1.255208e-06 1.466971e-06 1.255208e+00 1.389160e+00 9     2.722179e-06 2.644368e+00
195 17 1023.99 0.48 0.550000 8 -1.0 14569        567.339 73 1.193194e-06 1.371015e-06 1.193194e+00 1.349487e+00 7     2.564209e-06 2.542681e+00
195 17 1024.00 0.48 0.550000 8 -1.0 13083        570.474 73 1.110822e-06 1.769862e-06 1.110822e+00 1.413574e+00 8     2.880684e-06 2.524396e+00
195 17 1024.01 0.48 0.550000 8 -1.0 10107        565.278 70 1.459303e-06 1.249954e-06 1.459303e+00 1.072388e+00 9     2.709257e-06 2.531691e+00
195 17 1024.01 0.48 0.550000 8 -1.0 12477        564.597 71 1.498517e-06 8.879452e-07 1.498517e+00 1.091309e+00 6     2.386463e-06 2.589826e+00
195 17 1024.05 0.48 0.550000 8 -1.0 7828        565.222 72 1.393214e-06 1.163924e-06 1.393214e+00 1.309814e+00 5     2.557138e-06 2.703028e+00
195 17 1024.07 0.48 0.550000 8 -1.0 5145        563.948 70 1.378958e-06 1.352606e-06 1.378958e+00 1.556396e+00 7     2.731564e-06 2.935354e+00
195 17 1024.09 0.48 0.550000 8 -1.0 19896        564.409 73 1.301282e-06 1.153882e-06 1.301282e+00 1.406860e+00 7     2.455164e-06 2.708143e+00
195 17 1024.12 0.48 0.550000 8 -1.0 10334        563.796 73 1.328382e-06 1.114708e-06 1.328382e+00 1.027222e+00 6     2.443090e-06 2.355604e+00
195 17 1024.17 0.48 0.550000 8 -1.0 13273        567.405 72 2.015800e-06 1.038711e-06 2.015800e+00 1.055908e+00 7     3.054511e-06 3.071709e+00
195 17 1024.18 0.48 0.550000 8 -1.0 16271        567.447 72 1.359724e-06 1.195153e-06 1.359724e+00 1.354370e+00 7     2.554878e-06 2.714094e+00
195 17 1024.19 0.48 0.550000 8 -1.0 14151        564.996 75 1.664157e-06 1.192171e-06 1.664157e+00 1.768799e+00 6     2.856328e-06 3.432955e+00
195 17 1024.21 0.48 0.550000 8 -1.0 12428        563.626 75 1.129674e-06 1.774349e-06 1.129674e+00 1.805420e+00 5     2.904023e-06 2.935093e+00
195 17 1024.23 0.48 0.550000 8 -1.0 7849        566.497 71 1.315420e-06 1.326542e-06 1.315420e+00 1.447754e+00 5     2.641962e-06 2.763174e+00
195 17 1024.24 0.48 0.550000 8 -1.0 6882        569.765 70 1.461962e-06 9.284157e-07 1.461962e+00 1.437988e+00 6     2.390377e-06 2.899950e+00
195 17 1024.25 0.48 0.550000 8 -1.0 12147        569.746 72 1.653093e-06 8.478431e-07 1.653093e+00 1.324463e+00 8     2.500936e-06 2.977556e+00
195 17 1024.28 0.48 0.550000 8 -1.0 12625        568.156 69 1.789920e-06 1.198538e-06 1.789920e+00 1.054077e+00 9     2.988458e-06 2.843997e+00
195 17 1024.29 0.48 0.550000 8 -1.0 19790        565.740 72 1.441554e-06 1.345205e-06 1.441553e+00 1.358032e+00 9     2.786758e-06 2.799586e+00
195 17 1024.30 0.48 0.550000 8 -1.0 15807        563.752 69 1.475846e-06 1.228634e-06 1.475846e+00 1.275635e+00 7     2.704480e-06 2.751481e+00
195 17 1024.30 0.48 0.550000 8 -1.0 18021        563.967 74 1.062330e-06 1.689025e-06 1.062330e+00 1.735840e+00 7     2.751355e-06 2.798169e+00
195 17 1024.30 0.48 0.550000 8 -1.0 9730        564.569 69 1.347442e-06 1.282501e-06 1.347442e+00 1.579590e+00 7     2.629943e-06 2.927032e+00
195 17 1024.31 0.48 0.550000 8 -1.0 5658        563.689 71 1.307969e-06 1.063420e-06 1.307969e+00 1.520386e+00 4     2.371389e-06 2.828354e+00
195 17 1024.32 0.48 0.550000 8 -1.0 9992        563.814 69 1.385368e-06 1.248325e-06 1.385368e+00 1.700439e+00 5     2.633693e-06 3.085807e+00
195 17 1024.33 0.48 0.550000 8 -1.0 12796        564.255 72 1.705619e-06 9.948653e-07 1.705619e+00 9.771729e-01 7     2.700484e-06 2.682792e+00
195 17 1024.36 0.48 0.550000 8 -1.0 10344        566.364 75 1.513454e-06 1.256347e-06 1.513454e+00 1.392822e+00 4     2.769801e-06 2.906276e+00
195 17 1024.37 0.48 0.550000 8 -1.0 5510        566.891 71 2.024069e-06 1.135166e-06 2.024069e+00 1.129150e+00 7     3.159235e-06 3.153220e+00
195 17 1024.38 0.48 0.550000 8 -1.0 12260        570.763 73 1.495802e-06 8.094598e-07 1.495802e+00 1.195679e+00 7     2.305262e-06 2.691480e+00
195 17 1024.38 0.48 0.550000 8 -1.0 18968        564.437 70 1.829792e-06 9.671685e-07 1.829792e+00 1.060486e+00 5     2.796961e-06 2.890278e+00
195 17 1024.39 0.48 0.550000 8 -1.0 15436        564.329 70 1.471746e-06 8.267121e-07 1.471746e+00 1.130981e+00 9     2.298458e-06 2.602727e+00
195 17 1024.39 0.48 0.550000 8 -1.0 19632        566.694 67 1.348169e-06 1.234223e-06 1.348169e+00 1.462402e+00 8     2.582392e-06 2.810571e+00
195 17 1024.40 0.48 0.550000 8 -1.0 18223        564.610 70 1.481348e-06 7.972963e-07 1.481348e+00 1.085815e+00 8     2.278644e-06 2.567163e+00
195 17 1024.42 0.48 0.550000 8 -1.0 11327        564.888 73 1.065881e-06 1.908144e-06 1.065881e+00 1.936035e+00 5     2.974026e-06 3.001916e+00
195 17 1024.43 0.48 0.550000 8 -1.0 13369        565.834 71 1.446713e-06 1.113612e-06 1.446713e+00 1.342773e+00 6     2.560326e-06 2.789487e+00
195 17 1024.44 0.48 0.550000 8 -1.0 15428        565.067 73 1.033673e-06 1.304075e-06 1.033673e+00 1.860352e+00 5     2.337748e-06 2.894024e+00
195 17 1024.44 0.48 0.550000 8 -1.0 19208        569.871 71 1.739510e-06 2.054614e-06 1.739510e+00 1.240234e+00 13     3.794124e-06 2.979745e+00
195 17 1024.46 0.48 0.550000 8 -1.0 12634        565.668 73 1.287700e-06 1.195976e-06 1.287700e+00 1.676636e+00 6     2.483675e-06 2.964335e+00
195 17 1024.46 0.48 0.550000 8 -1.0 17166        567.485 71 1.216921e-06 1.326909e-06 1.216921e+00 1.571045e+00 7     2.543830e-06 2.787966e+00
195 17 1024.48 0.48 0.550000 8 -1.0 2664        568.443 73 1.523801e-06 1.066543e-06 1.523801e+00 1.372681e+00 7     2.590344e-06 2.896481e+00
195 17 1024.48 0.48 0.550000 8 -1.0 7503        566.809 74 1.686080e-06 8.011575e-07 1.686080e+00 1.036987e+00 6     2.487237e-06 2.723067e+00
195 17 1024.48 0.48 0.550000 8 -1.0 8825        564.521 71 1.142424e-06 1.560663e-06 1.142424e+00 1.474609e+00 5     2.703087e-06 2.617034e+00
195 17 1024.49 0.48 0.550000 8 -1.0 15083        564.552 73 1.172633e-06 1.134693e-06 1.172633e+00 1.483154e+00 8     2.307326e-06 2.655787e+00
195 17 1024.49 0.48 0.550000 8 -1.0 1986        565.133 69 8.726417e-07 2.457062e-06 8.726416e-01 1.771240e+00 8     3.329704e-06 2.643882e+00
195 17 1024.50 0.48 0.550000 8 -1.0 16308        563.916 72 1.332267e-06 1.527264e-06 1.332267e+00 1.508789e+00 6     2.859531e-06 2.841056e+00
195 17 1024.51 0.48 0.550000 8 -1.0 12688        565.020 71 1.165901e-06 1.406531e-06 1.165901e+00 1.755371e+00 7     2.572432e-06 2.921272e+00
195 17 1024.57 0.48 0.550000 8 -1.0 8127        564.793 71 1.553600e-06 1.108015e-06 1.553600e+00 1.195068e+00 6     2.661615e-06 2.748668e+00
195 17 1024.61 0.48 0.550000 8 -1.0 14178        564.155 77 1.065076e-06 1.171128e-06 1.065076e+00 1.665039e+00 6     2.236204e-06 2.730115e+00
195 17 1024.61 0.48 0.550000 8 -1.0 9393        566.818 73 1.128251e-06 1.228482e-06 1.128251e+00 1.536255e+00 7     2.356733e-06 2.664506e+00
195 17 1024.63 0.48 0.550000 8 -1.0 10126        564.870 72 1.093774e-06 1.792273e-06 1.093774e+00 1.965332e+00 5     2.886047e-06 3.059106e+00
195 17 1024.64 0.48 0.550000 8 -1.0 8815        570.974 69 1.491602e-06 9.938734e-07 1.491602e+00 1.431885e+00 10     2.485476e-06 2.923487e+00
195 19 1023.93 0.48 0.550000 8 -1.0 3966        564.487 72 1.400823e-06 1.436644e-06 1.400823e+00 1.501465e+00 5     2.837467e-06 2.902288e+00
195 19 1023.97 0.48 0.550000 8 -1.0 17171        566.396 72 1.600900e-06 1.073675e-06 1.600900e+00 1.107178e+00 10     2.674576e-06 2.708078e+00
195 19 1023.99 0.48 0.550000 8 -1.0 18457        569.733 74 1.392920e-06 1.250585e-06 1.392920e+00 1.666260e+00 5     2.643506e-06 3.059180e+00
195 19 1024.00 0.48 0.550000 8 -1.0 17681        566.984 71 1.084845e-06 1.277220e-06 1.084845e+00 1.470947e+00 6     2.362065e-06 2.555792e+00
195 19 1024.01 0.48 0.550000 8 -1.0 17261        563.354 71 1.115197e-06 1.278008e-06 1.115197e+00 1.549072e+00 8     2.393204e-06 2.664269e+00
195 19 1024.01 0.48 0.550000 8 -1.0 19473        563.581 69 1.742491e-06 1.156197e-06 1.742491e+00 1.081543e+00 7     2.898688e-06 2.824034e+00
195 19 1024.05 0.48 0.550000 8 -1.0 12941        568.498 73 1.608518e-06 1.188376e-06 1.608518e+00 1.331787e+00 5     2.796894e-06 2.940305e+00
195 19 1024.07 0.48 0.550000 8 -1.0 9566        565.079 69 1.609502e-06 7.582339e-07 1.609502e+00 1.195068e+00 5     2.367736e-06 2.804570e+00
195 19 1024.09 0.48 0.550000 8 -1.0 15717        564.583 70 1.686709e-06 1.004232e-06 1.686709e+00 1.401367e+00 9     2.690941e-06 3.088076e+00
195 19 1024.12 0.48 0.550000 8 -1.0 10529        563.641 75 1.604168e-06 1.276061e-06 1.604167e+00 1.282959e+00 5     2.880228e-06 2.887126e+00
195 19 1024.17 0.48 0.550000 8 -1.0 19961        564.839 68 1.422712e-06 2.210664e-06 1.422712e+00 1.430664e+00 8     3.633376e-06 2.853376e+00
195 19 1024.18 0.48 0.550000 8 -1.0 11291        564.649 71 1.434396e-06 1.313622e-06 1.434396e+00 1.365356e+00 7     2.748018e-06 2.799752e+00
195 19 1024.19 0.48 0.550000 8 -1.0 16087        567.496 69 1.580935e-06 1.265428e-06 1.580935e+00 1.281128e+00 7     2.846362e-06 2.862063e+00
195 19 1024.21 0.48 0.550000 8 -1.0 10493        564.778 78 1.498611e-06 1.109554e-06 1.498611e+00 1.459351e+00 6     2.608166e-06 2.957962e+00
195 19 1024.23 0.48 0.550000 8 -1.0 19999        567.284 73 1.029061e-06 1.547262e-06 1.029061e+00 2.060547e+00 6     2.576323e-06 3.089607e+00
195 19 1024.24 0.48 0.550000 8 -1.0 9508        564.984 73 1.466841e-06 9.203688e-07 1.466841e+00 1.612549e+00 8     2.387210e-06 3.079390e+00
195 19 1024.25 0.48 0.550000 8 -1.0 15964        566.609 75 1.601168e-06 1.365037e-06 1.601167e+00 1.832275e+00 6     2.966204e-06 3.433443e+00
195 19 1024.28 0.48 0.550000 8 -1.0 18014        566.199 71 1.643523e-06 1.003879e-06 1.643522e+00 1.125488e+00 6     2.647402e-06 2.769011e+00
195 19 1024.29 0.48 0.550000 8 -1.0 4822        564.418 73 1.527380e-06 9.813054e-07 1.527380e+00 1.429443e+00 6     2.508685e-06 2.956823e+00
195 19 1024.30 0.48 0.550000 8 -1.0 11386        565.901 73 1.403482e-06 1.330236e-06 1.403482e+00 1.070862e+00 8     2.733718e-06 2.474344e+00
195 19 1024.30 0.48 0.550000 8 -1.0 13985        571.171 69 1.208537e-06 1.717618e-06 1.208537e+00 1.901855e+00 7     2.926155e-06 3.110393e+00
195 19 1024.30 0.48 0.550000 8 -1.0 18736        564.807 74 1.372845e-06 8.989740e-07 1.372845e+00 1.097412e+00 9     2.271819e-06 2.470257e+00
195 19 1024.31 0.48 0.550000 8 -1.0 15238        567.318 71 1.818095e-06 7.903479e-07 1.818095e+00 9.936523e-01 6     2.608443e-06 2.811747e+00
195 19 1024.32 0.48 0.550000 8 -1.0 13014        566.726 73 1.609978e-06 1.229292e-06 1.609978e+00 1.496582e+00 4     2.839271e-06 3.106560e+00
195 19 1024.33 0.48 0.550000 8 -1.0 4204        566.757 70 1.177658e-06 1.661216e-06 1.177658e+00 1.574707e+00 6     2.838874e-06 2.752365e+00
195 19 1024.36 0.48 0.550000 8 -1.0 8207        563.481 69 1.693417e-06 9.805148e-07 1.693417e+00 1.071777e+00 7     2.673931e-06 2.765194e+00
195 19 1024.37 0.48 0.550000 8 -1.0 19511        566.939 74 1.149468e-06 1.140670e-06 1.149468e+00 1.793213e+00 6     2.290138e-06 2.942681e+00
195 19 1024.38 0.48 0.550000 8 -1.0 15598        565.557 69 1.877358e-06 9.004115e-07 1.877358e+00 9.661865e-01 6     2.777769e-06 2.843544e+00
195 19 1024.38 0.48 0.550000 8 -1.0 19841        570.008 71 1.381716e-06 1.252835e-06 1.381716e+00 1.531982e+00 5     2.634552e-06 2.913699e+00
195 19 1024.39 0.48 0.550000 8 -1.0 15118        563.877 69 1.137680e-06 1.219913e-06 1.137680e+00 1.306152e+00 7     2.357593e-06 2.443832e+00
195 19 1024.39 0.48 0.550000 8 -1.0 4927        564.839 74 1.357567e-06 1.622466e-06 1.357567e+00 1.658936e+00 7     2.980033e-06 3.016503e+00
195 19 1024.40 0.48 0.550000 8 -1.0 15443        563.606 72 1.085679e-06 1.308378e-06 1.085679e+00 1.718750e+00 6     2.394057e-06 2.804429e+00
195 19 1024.42 0.48 0.550000 8 -1.0 5145        566.586 71 1.308785e-06 1.466625e-06 1.308785e+00 1.653442e+00 6     2.775410e-06 2.962227e+00
195 19 1024.43 0.48 0.550000 8 -1.0 17094        563.828 70 1.399073e-06 1.260119e-06 1.399073e+00 1.682129e+00 5     2.659191e-06 3.081202e+00
195 19 1024.44 0.48 0.550000 8 -1.0 14726        569.344 72 1.746753e-06 1.130354e-06 1.746752e+00 1.054077e+00 8     2.877107e-06 2.800830e+00
195 19 1024.44 0.48 0.550000 8 -1.0 19990        569.079 69 1.619650e-06 1.184436e-06 1.619650e+00 1.010742e+00 8     2.804086e-06 2.630392e+00
195 19 1024.46 0.48 0.550000 8 -1.0 15436        563.493 72 1.539151e-06 1.459983e-06 1.539151e+00 1.147766e+00 6     2.999133e-06 2.686917e+00
195 19 1024.46 0.48 0.550000 8 -1.0 1948        567.807 76 1.481535e-06 7.430113e-07 1.481535e+00 1.483154e+00 4     2.224546e-06 2.964689e+00
195 19 1024.48 0.48 0.550000 8 -1.0 10436        567.147 76 1.585317e-06 8.805153e-07 1.585316e+00 1.327515e+00 6     2.465832e-06 2.912831e+00
195 19 1024.48 0.48 0.550000 8 -1.0 16547        564.339 74 1.360239e-06 1.290094e-06 1.360239e+00 1.578979e+00 7     2.650333e-06 2.939218e+00
195 19 1024.48 0.48 0.550000 8 -1.0 19498        568.063 72 1.426748e-06 1.485831e-06 1.426748e+00 1.235962e+00 7     2.912579e-06 2.662710e+00
195 19 1024.49 0.48 0.550000 8 -1.0 10825        564.050 77 1.202409e-06 1.113157e-06 1.202408e+00 1.743164e+00 8     2.315565e-06 2.945573e+00
195 19 1024.49 0.48 0.550000 8 -1.0 11957        564.506 73 1.390478e-06 8.602941e-07 1.390478e+00 1.168213e+00 10     2.250772e-06 2.558691e+00
195 19 1024.50 0.48 0.550000 8 -1.0 2135        563.886 67 1.382494e-06 1.038374e-06 1.382494e+00 1.094971e+00 6     2.420868e-06 2.477465e+00
195 19 1024.51 0.48 0.550000 8 -1.0 14709        568.802 75 1.546802e-06 7.172925e-07 1.546802e+00 1.140137e+00 10     2.264095e-06 2.686939e+00
195 19 1024.57 0.48 0.550000 8 -1.0 18245        567.155 72 1.036677e-06 1.120392e-06 1.036677e+00 1.412964e+00 7     2.157069e-06 2.449641e+00
195 19 1024.61 0.48 0.550000 8 -1.0 16104        565.597 73 1.082964e-06 1.462565e-06 1.082964e+00 1.710205e+00 5     2.545529e-06 2.793169e+00
195 19 1024.61 0.48 0.550000 8 -1.0 16854        564.052 73 1.280375e-06 1.145155e-06 1.280375e+00 1.680908e+00 6     2.425530e-06 2.961283e+00
195 19 1024.63 0.48 0.550000 8 -1.0 13805        563.818 68 1.155678e-06 2.014962e-06 1.155678e+00 1.898193e+00 5     3.170639e-06 3.053871e+00
195 19 1024.64 0.48 0.550000 8 -1.0 15844        564.867 70 1.437632e-06 1.839492e-06 1.437631e+00 1.283569e+00 8     3.277124e-06 2.721201e+00
195 21 1023.93 0.48 0.550000 8 -1.0 11471        564.343 72 1.243341e-06 1.186510e-06 1.243341e+00 1.421509e+00 6     2.429851e-06 2.664850e+00
195 21 1023.97 0.48 0.550000 8 -1.0 2808        563.799 70 1.498572e-06 1.049276e-06 1.498572e+00 1.150513e+00 5     2.547849e-06 2.649085e+00
195 21 1023.99 0.48 0.550000 8 -1.0 13144        566.262 74 1.533363e-06 9.994117e-07 1.533363e+00 1.184692e+00 8     2.532775e-06 2.718055e+00
195 21 1024.00 0.48 0.550000 8 -1.0 17135        567.418 69 1.289196e-06 1.268503e-06 1.289196e+00 1.292725e+00 4     2.557699e-06 2.581920e+00
195 21 1024.01 0.48 0.550000 8 -1.0 11085        564.290 74 1.569447e-06 1.227419e-06 1.569447e+00 1.411133e+00 6     2.796867e-06 2.980580e+00
195 21 1024.01 0.48 0.550000 8 -1.0 6801        563.524 71 1.250178e-06 8.275694e-07 1.250178e+00 1.292725e+00 8     2.077748e-06 2.542903e+00
195 21 1024.05 0.48 0.550000 8 -1.0 17365        564.854 69 1.240667e-06 1.167147e-06 1.240667e+00 1.577148e+00 6     2.407814e-06 2.817815e+00
195 21 1024.07 0.48 0.550000 8 -1.0 16943        570.003 73 1.211891e-06 2.246173e-06 1.211891e+00 1.436768e+00 8     3.458064e-06 2.648658e+00
195 21 1024.09 0.48 0.550000 8 -1.0 12536        569.072 72 1.764804e-06 7.899047e-07 1.764804e+00 1.086731e+00 7     2.554709e-06 2.851535e+00
195 21 1024.12 0.48 0.550000 8 -1.0 17976        563.386 73 1.225894e-06 1.201484e-06 1.225894e+00 1.073608e+00 8     2.427378e-06 2.299503e+00
195 21 1024.17 0.48 0.550000 8 -1.0 17878        565.763 70 1.137136e-06 1.244020e-06 1.137136e+00 1.628418e+00 5     2.381156e-06 2.765554e+00
195 21 1024.18 0.48 0.550000 8 -1.0 7626        566.714 71 1.034316e-06 1.725089e-06 1.034316e+00 1.647949e+00 7     2.759406e-06 2.682266e+00
195 21 1024.19 0.48 0.550000 8 -1.0 14831        564.579 70 1.707743e-06 2.105762e-06 1.707743e+00 1.687622e+00 7     3.813505e-06 3.395365e+00
195 21 1024.21 0.48 0.550000 8 -1.0 18558        565.888 70 1.266337e-06 1.356468e-06 1.266337e+00 1.549072e+00 6     2.622805e-06 2.815409e+00
195 21 1024.23 0.48 0.550000 8 -1.0 4246        569.006 74 1.182586e-06 1.085971e-06 1.182586e+00 1.406250e+00 4     2.268557e-06 2.588836e+00
195 21 1024.24 0.48 0.550000 8 -1.0 18153        564.243 69 1.276524e-06 1.466517e-06 1.276524e+00 1.768799e+00 7     2.743041e-06 3.045323e+00
195 21 1024.25 0.48 0.550000 8 -1.0 12150        564.308 73 1.861360e-06 1.077583e-06 1.861360e+00 1.627197e+00 5     2.938943e-06 3.488557e+00
195 21 1024.28 0.48 0.550000 8 -1.0 17440        568.353 71 1.666911e-06 1.373894e-06 1.666911e+00 1.138916e+00 8     3.040805e-06 2.805827e+00
195 21 1024.29 0.48 0.550000 8 -1.0 18443        563.757 70 1.452036e-06 9.412031e-07 1.452035e+00 1.182861e+00 9     2.393239e-06 2.634897e+00
195 21 1024.30 0.48 0.550000 8 -1.0 13956        563.844 77 1.593987e-06 1.059588e-06 1.593987e+00 1.329346e+00 4     2.653575e-06 2.923333e+00
195 21 1024.30 0.48 0.550000 8 -1.0 15739        563.833 70 1.342114e-06 1.084866e-06 1.342114e+00 1.314697e+00 9     2.426979e-06 2.656811e+00
195 21 1024.30 0.48 0.550000 8 -1.0 2077        564.045 73 1.030431e-06 9.378053e-07 1.030431e+00 1.712646e+00 6     1.968236e-06 2.743077e+00
195 21 1024.31 0.48 0.550000 8 -1.0 10463        563.927 71 1.915283e-06 6.077454e-07 1.915282e+00 1.001587e+00 6     2.523028e-06 2.916869e+00
195 21 1024.32 0.48 0.550000 8 -1.0 13935        568.379 71 9.979545e-07 1.482510e-06 9.979545e-01 1.773682e+00 5     2.480465e-06 2.771636e+00
195 21 1024.33 0.48 0.550000 8 -1.0 10528        567.846 75 1.310908e-06 8.344767e-07 1.310908e+00 1.380005e+00 4     2.145384e-06 2.690912e+00
195 21 1024.36 0.48 0.550000 8 -1.0 17662        568.313 73 1.109690e-06 1.525463e-06 1.109690e+00 1.889648e+00 6     2.635153e-06 2.999338e+00
195 21 1024.37 0.48 0.550000 8 -1.0 19992        571.296 74 1.542015e-06 9.121417e-07 1.542015e+00 1.151123e+00 7     2.454157e-06 2.693138e+00
195 21 1024.38 0.48 0.550000 8 -1.0 14364        566.574 70 1.653056e-06 1.127086e-06 1.653056e+00 8.410645e-01 9     2.780142e-06 2.494121e+00
195 21 1024.38 0.48 0.550000 8 -1.0 6887        564.084 74 1.463540e-06 1.079334e-06 1.463540e+00 1.405029e+00 7     2.542874e-06 2.868569e+00
195 21 1024.39 0.48 0.550000 8 -1.0 8342        567.198 71 1.290644e-06 1.228209e-06 1.290644e+00 1.615601e+00 5     2.518852e-06 2.906244e+00
195 21 1024.39 0.48 0.550000 8 -1.0 9021        564.033 71 1.171474e-06 1.146354e-06 1.171474e+00 1.387939e+00 6     2.317828e-06 2.559413e+00
195 21 1024.40 0.48 0.550000 8 -1.0 18440        563.771 72 1.326736e-06 1.228708e-06 1.326736e+00 1.507568e+00 9     2.555444e-06 2.834304e+00
195 21 1024.42 0.48 0.550000 8 -1.0 19021        565.871 74 1.391805e-06 1.094153e-06 1.391805e+00 1.387329e+00 9     2.485958e-06 2.779134e+00
195 21 1024.43 0.48 0.550000 8 -1.0 7541        569.399 70 1.520952e-06 1.076493e-06 1.520952e+00 1.313477e+00 7     2.597445e-06 2.834429e+00
195 21 1024.44 0.48 0.550000 8 -1.0 4856        567.740 74 8.260478e-07 1.793932e-06 8.260478e-01 2.390137e+00 5     2.619980e-06 3.216184e+00
195 21 1024.44 0.48 0.550000 8 -1.0 7691        568.808 71 1.754707e-06 9.213662e-07 1.754707e+00 9.661865e-01 5     2.676073e-06 2.720893e+00
195 21 1024.46 0.48 0.550000 8 -1.0 2637        563.512 69 1.201855e-06 1.689877e-06 1.201855e+00 1.669922e+00 5     2.891732e-06 2.871777e+00
195 21 1024.46 0.48 0.550000 8 -1.0 8709        569.148 69 1.570081e-06 1.170604e-06 1.570081e+00 1.269531e+00 6     2.740685e-06 2.839612e+00
195 21 1024.48 0.48 0.550000 8 -1.0 11830        564.223 74 1.324178e-06 9.888319e-07 1.324178e+00 1.184082e+00 7     2.313010e-06 2.508260e+00
195 21 1024.48 0.48 0.550000 8 -1.0 13273        567.353 72 1.269152e-06 1.112625e-06 1.269152e+00 1.451416e+00 7     2.381776e-06 2.720568e+00
195 21 1024.48 0.48 0.550000 8 -1.0 19631        567.162 74 1.437428e-06 9.502545e-07 1.437428e+00 1.369019e+00 5     2.387683e-06 2.806447e+00
195 21 1024.49 0.48 0.550000 8 -1.0 15273        567.439 75 1.707231e-06 9.138887e-07 1.707231e+00 1.041565e+00 6     2.621120e-06 2.748796e+00
195 21 1024.49 0.48 0.550000 8 -1.0 17594        564.278 73 1.514015e-06 1.006677e-06 1.514015e+00 1.282349e+00 7     2.520692e-06 2.796363e+00
195 21 1024.50 0.48 0.550000 8 -1.0 16315        571.213 73 1.528156e-06 1.024854e-06 1.528156e+00 1.293945e+00 4     2.553009e-06 2.822101e+00
195 21 1024.51 0.48 0.550000 8 -1.0 15843        564.142 70 1.268170e-06 1.012803e-06 1.268170e+00 1.436768e+00 6     2.280973e-06 2.704938e+00
195 21 1024.57 0.48 0.550000 8 -1.0 13402        568.736 71 1.617242e-06 1.046376e-06 1.617242e+00 9.790039e-01 10     2.663618e-06 2.596246e+00
195 21 1024.61 0.48 0.550000 8 -1.0 13908        568.482 71 1.344457e-06 9.936612e-07 1.344457e+00 1.217041e+00 6     2.338119e-06 2.561498e+00
195 21 1024.61 0.48 0.550000 8 -1.0 5796        572.381 74 1.766862e-06 8.903343e-07 1.766862e+00 1.156616e+00 6     2.657196e-06 2.923478e+00
195 21 1024.63 0.48 0.550000 8 -1.0 8137        569.526 74 1.084162e-06 1.502225e-06 1.084162e+00 1.608887e+00 7     2.586386e-06 2.693048e+00
195 21 1024.64 0.48 0.550000 8 -1.0 1835        565.079 70 1.704011e-06 1.061047e-06 1.704011e+00 9.701538e-01 12     2.765058e-06 2.674165e+00
195 23 1023.93 0.48 0.550000 8 -1.0 17661        567.265 74 1.036703e-06 1.388740e-06 1.036703e+00 1.689453e+00 7     2.425444e-06 2.726157e+00
195 23 1023.97 0.48 0.550000 8 -1.0 17779        569.917 75 1.364326e-06 1.149171e-06 1.364326e+00 1.274414e+00 6     2.513497e-06 2.638740e+00
195 23 1023.99 0.48 0.550000 8 -1.0 14739        565.470 73 2.121229e-06 8.691217e-07 2.121229e+00 1.029663e+00 8     2.990351e-06 3.150892e+00
195 23 1024.00 0.48 0.550000 8 -1.0 12415        566.816 71 1.299658e-06 1.136381e-06 1.299658e+00 1.209106e+00 6     2.436040e-06 2.508765e+00
195 23 1024.01 0.48 0.550000 8 -1.0 14329        565.773 72 1.549144e-06 8.183554e-07 1.549144e+00 1.127319e+00 6     2.367499e-06 2.676463e+00
195 23 1024.01 0.48 0.550000 8 -1.0 7337        565.870 70 1.325737e-06 1.127377e-06 1.325737e+00 1.248779e+00 5     2.453114e-06 2.574516e+00
195 23 1024.05 0.48 0.550000 8 -1.0 6913        569.305 72 1.276417e-06 1.434954e-06 1.276417e+00 1.594238e+00 6     2.711371e-06 2.870655e+00
195 23 1024.07 0.48 0.550000 8 -1.0 9499        563.965 68 1.090929e-06 1.549992e-06 1.090929e+00 1.733398e+00 6     2.640921e-06 2.824327e+00
195 23 1024.09 0.48 0.550000 8 -1.0 12746        563.429 75 1.729056e-06 9.775790e-07 1.729056e+00 1.289062e+00 7     2.706636e-06 3.018119e+00
195 23 1024.12 0.48 0.550000 8 -1.0 14378        566.782 73 1.321659e-06 1.107998e-06 1.321659e+00 1.672974e+00 9     2.429657e-06 2.994632e+00
195 23 1024.17 0.48 0.550000 8 -1.0 19550        563.946 72 2.070023e-06 8.460730e-07 2.070023e+00 8.972168e-01 9     2.916096e-06 2.967240e+00
195 23 1024.18 0.48 0.550000 8 -1.0 17635        566.272 70 1.720849e-06 1.096546e-06 1.720849e+00 1.285400e+00 7     2.817396e-06 3.006250e+00
195 23 1024.19 0.48 0.550000 8 -1.0 8435        567.850 69 1.645890e-06 1.558403e-06 1.645890e+00 1.459961e+00 7     3.204293e-06 3.105851e+00
195 23 1024.21 0.48 0.550000 8 -1.0 11272        569.350 74 1.459421e-06 1.076496e-06 1.459421e+00 1.586304e+00 5     2.535918e-06 3.045725e+00
195 23 1024.23 0.48 0.550000 8 -1.0 12310        565.144 73 1.196640e-06 1.261133e-06 1.196640e+00 1.462402e+00 6     2.457774e-06 2.659042e+00
195 23 1024.24 0.48 0.550000 8 -1.0 6293        566.758 70 1.525909e-06 8.706476e-07 1.525908e+00 1.563721e+00 6     2.396556e-06 3.089629e+00
195 23 1024.25 0.48 0.550000 8 -1.0 3136        565.583 73 1.560432e-06 1.333491e-06 1.560432e+00 1.578369e+00 6     2.893924e-06 3.138801e+00
195 23 1024.28 0.48 0.550000 8 -1.0 14648        564.424 71 1.748135e-06 8.170738e-07 1.748135e+00 1.037598e+00 8     2.565209e-06 2.785732e+00
195 23 1024.29 0.48 0.550000 8 -1.0 11536        564.997 73 1.667680e-06 8.681424e-07 1.667680e+00 1.176758e+00 7     2.535823e-06 2.844438e+00
195 23 1024.30 0.48 0.550000 8 -1.0 10490        568.215 73 8.335620e-07 1.401077e-06 8.335619e-01 1.674805e+00 5     2.234639e-06 2.508367e+00
195 23 1024.30 0.48 0.550000 8 -1.0 11100        565.865 72 1.805323e-06 7.847802e-07 1.805323e+00 1.181641e+00 8     2.590103e-06 2.986964e+00
195 23 1024.30 0.48 0.550000 8 -1.0 17101        563.623 69 1.341973e-06 9.645317e-07 1.341973e+00 1.264038e+00 7     2.306505e-06 2.606011e+00
195 23 1024.31 0.48 0.550000 8 -1.0 14627        568.734 72 1.444550e-06 1.242513e-06 1.444550e+00 1.290894e+00 5     2.687064e-06 2.735444e+00
195 23 1024.32 0.48 0.550000 8 -1.0 12157        571.147 68 1.460600e-06 1.458666e-06 1.460600e+00 1.918945e+00 5     2.919266e-06 3.379545e+00
195 23 1024.33 0.48 0.550000 8 -1.0 5937        567.042 71 1.208994e-06 8.928757e-07 1.208994e+00 1.287231e+00 7     2.101870e-06 2.496225e+00
195 23 1024.36 0.48 0.550000 8 -1.0 11411        564.034 74 1.725632e-06 9.421004e-07 1.725632e+00 1.309814e+00 6     2.667732e-06 3.035446e+00
195 23 1024.37 0.48 0.550000 8 -1.0 19896        563.823 76 1.205411e-06 1.063501e-06 1.205411e+00 1.464233e+00 9     2.268912e-06 2.669645e+00
195 23 1024.38 0.48 0.550000 8 -1.0 11053        567.849 71 1.762534e-06 1.004856e-06 1.762534e+00 1.037598e+00 8     2.767389e-06 2.800131e+00
195 23 1024.38 0.48 0.550000 8 -1.0 19831        565.429 75 1.513533e-06 1.297237e-06 1.513533e+00 1.223145e+00 7     2.810770e-06 2.736677e+00
195 23 1024.39 0.48 0.550000 8 -1.0 11137        565.022 72 1.409198e-06 1.127056e-06 1.409198e+00 1.470947e+00 9     2.536254e-06 2.880145e+00
195 23 1024.39 0.48 0.550000 8 -1.0 13808        568.286 70 1.148959e-06 1.298220e-06 1.148958e+00 2.015381e+00 4     2.447178e-06 3.164339e+00
195 23 1024.40 0.48 0.550000 8 -1.0 19104        563.457 74 1.038613e-06 1.663059e-06 1.038613e+00 1.354370e+00 6     2.701671e-06 2.392983e+00
195 23 1024.42 0.48 0.550000 8 -1.0 18295        565.010 71 1.982643e-06 1.047468e-06 1.982642e+00 1.055298e+00 9     3.030110e-06 3.037940e+00
195 23 1024.43 0.48 0.550000 8 -1.0 14620        563.492 75 1.570397e-06 8.980659e-07 1.570397e+00 1.262817e+00 5     2.468463e-06 2.833215e+00
195 23 1024.44 0.48 0.550000 8 -1.0 19233        563.881 72 1.447690e-06 1.354158e-06 1.447690e+00 1.469727e+00 8     2.801848e-06 2.917417e+00
195 23 1024.44 0.48 0.550000 8 -1.0 5079        567.147 72 1.652009e-06 1.154524e-06 1.652009e+00 1.574707e+00 5     2.806533e-06 3.226716e+00
195 23 1024.46 0.48 0.550000 8 -1.0 14273        564.160 75 1.251231e-06 1.196362e-06 1.251231e+00 1.376343e+00 8     2.447593e-06 2.627573e+00
195 23 1024.46 0.48 0.550000 8 -1.0 8791        566.629 71 1.464686e-06 1.387058e-06 1.464686e+00 1.304932e+00 5     2.851744e-06 2.769618e+00
195 23 1024.48 0.48 0.550000 8 -1.0 14667        564.012 72 1.504505e-06 1.005630e-06 1.504505e+00 1.267090e+00 7     2.510135e-06 2.771595e+00
195 23 1024.48 0.48 0.550000 8 -1.0 16271        565.044 72 1.191649e-06 1.438100e-06 1.191649e+00 2.023926e+00 6     2.629749e-06 3.215575e+00
195 23 1024.48 0.48 0.550000 8 -1.0 9663        564.271 74 1.837850e-06 8.320708e-07 1.837850e+00 8.813477e-01 7     2.669921e-06 2.719198e+00
195 23 1024.49 0.48 0.550000 8 -1.0 15345        563.794 73 1.219933e-06 1.536631e-06 1.219933e+00 1.693115e+00 6     2.756565e-06 2.913048e+00
195 23 1024.49 0.48 0.550000 8 -1.0 18567        564.731 70 1.184781e-06 1.324350e-06 1.184781e+00 1.621094e+00 7     2.509131e-06 2.805875e+00
195 23 1024.50 0.48 0.550000 8 -1.0 17195        564.284 68 1.277449e-06 1.387584e-06 1.277449e+00 1.777344e+00 7     2.665033e-06 3.054792e+00
195 23 1024.51 0.48 0.550000 8 -1.0 8535        566.856 73 1.184341e-06 1.337724e-06 1.184341e+00 1.672363e+00 5     2.522064e-06 2.856704e+00
195 23 1024.57 0.48 0.550000 8 -1.0 13159        568.983 70 1.155987e-06 1.335775e-06 1.155987e+00 1.713867e+00 5     2.491762e-06 2.869854e+00
195 23 1024.61 0.48 0.550000 8 -1.0 15725        571.041 70 1.387123e-06 1.419598e-06 1.387123e+00 1.301880e+00 9     2.806721e-06 2.689003e+00
195 23 1024.61 0.48 0.550000 8 -1.0 7095        564.386 72 1.387399e-06 8.705144e-07 1.387399e+00 1.217651e+00 6     2.257913e-06 2.605050e+00
195 23 1024.63 0.48 0.550000 8 -1.0 11408        567.039 71 1.360857e-06 1.255394e-06 1.360857e+00 1.547241e+00 8     2.616251e-06 2.908099e+00
195 23 1024.64 0.48 0.550000 8 -1.0 19038        563.718 73 1.431186e-06 8.039292e-07 1.431186e+00 1.202393e+00 6     2.235115e-06 2.633578e+00
195 3 1023.93 0.48 0.550000 8 -1.0 8286        564.170 72 1.146969e-06 1.623049e-06 1.146969e+00 2.211914e+00 3     2.770019e-06 3.358883e+00
195 3 1023.97 0.48 0.550000 8 -1.0 12491        564.555 74 1.676935e-06 1.290167e-06 1.676935e+00 1.959229e+00 3     2.967101e-06 3.636163e+00
195 3 1023.99 0.48 0.550000 8 -1.0 14181        564.066 75 8.887876e-07 1.969433e-06 8.887876e-01 2.646484e+00 3     2.858221e-06 3.535272e+00
195 3 1024.00 0.48 0.550000 8 -1.0 11919        564.348 71 1.078101e-06 1.447216e-06 1.078101e+00 1.976318e+00 3     2.525317e-06 3.054420e+00
195 3 1024.01 0.48 0.550000 8 -1.0 11155        563.422 74 1.135784e-06 1.222143e-06 1.135784e+00 2.360840e+00 3     2.357926e-06 3.496624e+00
195 3 1024.01 0.48 0.550000 8 -1.0 14091        564.299 77 1.308841e-06 1.264614e-06 1.308841e+00 2.020264e+00 3     2.573455e-06 3.329104e+00
195 3 1024.05 0.48 0.550000 8 -1.0 16732        564.911 75 1.535914e-06 1.414707e-06 1.535914e+00 1.884766e+00 3     2.950622e-06 3.420680e+00
195 3 1024.07 0.48 0.550000 8 -1.0 7995        564.017 76 1.346296e-06 1.262272e-06 1.346296e+00 1.871338e+00 3     2.608568e-06 3.217634e+00
195 3 1024.09 0.48 0.550000 8 -1.0 19123        564.546 71 1.451116e-06 1.117660e-06 1.451115e+00 2.026367e+00 3     2.568776e-06 3.477483e+00
195 3 1024.12 0.48 0.550000 8 -1.0 3468        565.466 75 1.241878e-06 1.488408e-06 1.241878e+00 2.020264e+00 3     2.730286e-06 3.262142e+00
195 3 1024.17 0.48 0.550000 8 -1.0 304        564.936 86 1.231176e-06 1.128234e-06 1.231176e+00 2.231445e+00 3     2.359411e-06 3.462621e+00
195 3 1024.18 0.48 0.550000 8 -1.0 13540        567.582 75 1.035427e-06 1.503153e-06 1.035427e+00 2.556152e+00 3     2.538580e-06 3.591579e+00
195 3 1024.19 0.48 0.550000 8 -1.0 6749        566.059 71 1.623743e-06 1.220815e-06 1.623743e+00 1.943359e+00 3     2.844558e-06 3.567103e+00
195 3 1024.21 0.48 0.550000 8 -1.0 7877        566.484 74 1.431313e-06 1.409150e-06 1.431313e+00 2.211914e+00 3     2.840462e-06 3.643227e+00
195 3 1024.23 0.48 0.550000 8 -1.0 18543        565.223 76 1.401965e-06 1.301234e-06 1.401965e+00 2.095947e+00 3     2.703199e-06 3.497912e+00
195 3 1024.24 0.48 0.550000 8 -1.0 5468        566.373 75 1.508494e-06 1.222774e-06 1.508494e+00 1.950684e+00 3     2.731268e-06 3.459177e+00
195 3 1024.25 0.48 0.550000 8 -1.0 15072        565.365 75 2.106185e-06 1.076938e-06 2.106185e+00 1.622314e+00 3     3.183123e-06 3.728500e+00
195 3 1024.28 0.48 0.550000 8 -1.0 15631        567.611 75 1.414342e-06 1.274393e-06 1.414342e+00 2.087402e+00 3     2.688735e-06 3.501745e+00
195 3 1024.29 0.48 0.550000 8 -1.0 14288        568.249 72 1.317780e-06 1.384980e-06 1.317780e+00 2.103271e+00 3     2.702760e-06 3.421052e+00
195 3 1024.30 0.48 0.550000 8 -1.0 17008        563.508 75 1.356181e-06 1.099435e-06 1.356181e+00 2.020264e+00 3     2.455616e-06 3.376445e+00
195 3 1024.30 0.48 0.550000 8 -1.0 2440        565.804 75 1.251980e-06 1.185753e-06 1.251980e+00 2.175293e+00 3     2.437733e-06 3.427273e+00
195 3 1024.30 0.48 0.550000 8 -1.0 3668        563.838 76 1.570745e-06 1.172352e-06 1.570745e+00 2.017822e+00 3     2.743097e-06 3.588568e+00
195 3 1024.31 0.48 0.550000 8 -1.0 18976        565.278 75 9.692757e-07 1.535043e-06 9.692756e-01 2.572021e+00 3     2.504319e-06 3.541297e+00
195 3 1024.32 0.48 0.550000 8 -1.0 11328        563.812 73 1.722374e-06 9.914122e-07 1.722374e+00 1.835938e+00 3     2.713786e-06 3.558312e+00
195 3 1024.33 0.48 0.550000 8 -1.0 16810        568.018 73 1.440162e-06 1.137530e-06 1.440162e+00 2.091064e+00 3     2.577692e-06 3.531227e+00
195 3 1024.36 0.48 0.550000 8 -1.0 18096        564.103 77 1.233341e-06 1.844281e-06 1.233341e+00 2.797852e+00 3     3.077622e-06 4.031193e+00
195 3 1024.37 0.48 0.550000 8 -1.0 13181        568.603 74 1.518207e-06 1.310449e-06 1.518207e+00 2.117920e+00 3     2.828656e-06 3.636127e+00
195 3 1024.38 0.48 0.550000 8 -1.0 11881        568.439 71 1.434406e-06 1.440830e-06 1.434406e+00 2.144775e+00 3     2.875236e-06 3.579181e+00
195 3 1024.38 0.48 0.550000 8 -1.0 9793        569.577 72 1.525729e-06 1.586186e-06 1.525728e+00 2.087402e+00 3     3.111914e-06 3.613131e+00
195 3 1024.39 0.48 0.550000 8 -1.0 4267        565.376 74 1.199012e-06 1.528782e-06 1.199012e+00 2.386475e+00 3     2.727794e-06 3.585486e+00
195 3 1024.39 0.48 0.550000 8 -1.0 8415        565.846 75 1.679826e-06 1.345359e-06 1.679826e+00 1.907959e+00 3     3.025186e-06 3.587785e+00
195 3 1024.40 0.48 0.550000 8 -1.0 19562        564.530 76 1.236420e-06 9.053246e-07 1.236420e+00 2.192383e+00 3     2.141745e-06 3.428803e+00
195 3 1024.42 0.48 0.550000 8 -1.0 5631        563.611 74 1.216984e-06 1.365213e-06 1.216984e+00 2.224121e+00 3     2.582197e-06 3.441105e+00
195 3 1024.43 0.48 0.550000 8 -1.0 12092        563.801 76 1.499248e-06 1.342615e-06 1.499248e+00 1.978760e+00 3     2.841863e-06 3.478008e+00
195 3 1024.44 0.48 0.550000 8 -1.0 13459        563.452 76 1.330574e-06 1.214991e-06 1.330574e+00 1.999512e+00 3     2.545566e-06 3.330086e+00
195 3 1024.44 0.48 0.550000 8 -1.0 272        564.128 90 2.167278e-06 9.923667e-07 2.167278e+00 1.485596e+00 3     3.159644e-06 3.652873e+00
195 3 1024.46 0.48 0.550000 8 -1.0 8880        564.842 78 1.449746e-06 1.002173e-06 1.449746e+00 1.755371e+00 3     2.451919e-06 3.205117e+00
195 3 1024.46 0.48 0.550000 8 -1.0 9847        565.121 77 1.654977e-06 1.542113e-06 1.654977e+00 2.202148e+00 3     3.197090e-06 3.857125e+00
195 3 1024.48 0.48 0.550000 8 -1.0 11130        566.108 74 1.008141e-06 1.477512e-06 1.008141e+00 2.186279e+00 3     2.485653e-06 3.194420e+00
195 3 1024.48 0.48 0.550000 8 -1.0 12993        567.587 75 1.402723e-06 1.192849e-06 1.402723e+00 1.965332e+00 3     2.595572e-06 3.368055e+00
195 3 1024.48 0.48 0.550000 8 -1.0 9124        564.000 77 8.276630e-07 1.988559e-06 8.276630e-01 2.790527e+00 3     2.816222e-06 3.618190e+00
195 3 1024.49 0.48 0.550000 8 -1.0 12559        564.805 77 1.274654e-06 1.528057e-06 1.274654e+00 2.252197e+00 3     2.802711e-06 3.526851e+00
195 3 1024.49 0.48 0.550000 8 -1.0 18580        563.952 77 1.267403e-06 1.383292e-06 1.267403e+00 2.290039e+00 3     2.650695e-06 3.557442e+00
195 3 1024.50 0.48 0.550000 8 -1.0 304        567.897 88 1.367780e-06 1.511921e-06 1.367780e+00 2.283936e+00 3     2.879701e-06 3.651715e+00
195 3 1024.51 0.48 0.550000 8 -1.0 11310        564.536 74 1.202287e-06 1.455346e-06 1.202287e+00 2.338867e+00 3     2.657634e-06 3.541155e+00
195 3 1024.57 0.48 0.550000 8 -1.0 14056        564.052 72 1.453290e-06 1.191559e-06 1.453290e+00 1.909180e+00 3     2.644849e-06 3.362470e+00
195 3 1024.61 0.48 0.550000 8 -1.0 16111        565.063 73 1.355887e-06 1.259448e-06 1.355887e+00 2.052002e+00 3     2.615335e-06 3.407889e+00
195 3 1024.61 0.48 0.550000 8 -1.0 8136        567.846 71 1.388991e-06 1.213437e-06 1.388991e+00 2.209473e+00 3     2.602428e-06 3.598464e+00
195 3 1024.63 0.48 0.550000 8 -1.0 10980        565.695 75 1.489594e-06 1.310779e-06 1.489594e+00 2.055664e+00 3     2.800373e-06 3.545258e+00
195 3 1024.64 0.48 0.550000 8 -1.0 10619        567.075 74 1.271143e-06 1.651262e-06 1.271143e+00 2.291260e+00 3     2.922405e-06 3.562402e+00
195 5 1023.93 0.48 0.550000 8 -1.0 17860        565.792 73 1.009121e-06 1.433783e-06 1.009121e+00 1.888428e+00 5     2.442904e-06 2.897548e+00
195 5 1023.97 0.48 0.550000 8 -1.0 14456        563.224 73 1.211692e-06 1.416450e-06 1.211692e+00 1.711426e+00 4     2.628142e-06 2.923118e+00
195 5 1023.99 0.48 0.550000 8 -1.0 8676        569.326 70 1.061209e-06 1.335982e-06 1.061209e+00 1.718140e+00 5     2.397191e-06 2.779348e+00
195 5 1024.00 0.48 0.550000 8 -1.0 1133        564.954 69 1.310075e-06 1.235911e-06 1.310075e+00 1.301880e+00 5     2.545986e-06 2.611954e+00
195 5 1024.01 0.48 0.550000 8 -1.0 15745        564.910 72 1.535500e-06 7.253138e-07 1.535500e+00 1.146851e+00 5     2.260814e-06 2.682350e+00
195 5 1024.01 0.48 0.550000 8 -1.0 386        567.044 82 2.016367e-06 5.862838e-07 2.016367e+00 8.047485e-01 5     2.602651e-06 2.821115e+00
195 5 1024.05 0.48 0.550000 8 -1.0 14387        569.513 74 1.316702e-06 1.184833e-06 1.316702e+00 1.419067e+00 5     2.501535e-06 2.735770e+00
195 5 1024.07 0.48 0.550000 8 -1.0 14225        568.658 73 1.260069e-06 1.351015e-06 1.260069e+00 1.594238e+00 5     2.611084e-06 2.854307e+00
195 5 1024.09 0.48 0.550000 8 -1.0 334        564.570 94 1.676302e-06 7.466106e-07 1.676302e+00 1.092529e+00 5     2.422912e-06 2.768831e+00
195 5 1024.12 0.48 0.550000 8 -1.0 301        567.943 91 1.496797e-06 9.492094e-07 1.496797e+00 1.378174e+00 5     2.446007e-06 2.874971e+00
195 5 1024.17 0.48 0.550000 8 -1.0 7793        565.079 73 1.382076e-06 1.155058e-06 1.382076e+00 1.586914e+00 4     2.537134e-06 2.968990e+00
195 5 1024.18 0.48 0.550000 8 -1.0 17271        568.912 74 1.074785e-06 1.819324e-06 1.074785e+00 2.005615e+00 5     2.894110e-06 3.080400e+00
195 5 1024.19 0.48 0.550000 8 -1.0 9432        563.491 65 1.264630e-06 1.716768e-06 1.264630e+00 1.954346e+00 5     2.981398e-06 3.218975e+00
195 5 1024.21 0.48 0.550000 8 -1.0 9854        565.461 73 1.888740e-06 1.000238e-06 1.888740e+00 1.063232e+00 5     2.888978e-06 2.951973e+00
195 5 1024.23 0.48 0.550000 8 -1.0 13445        564.437 74 1.223027e-06 1.089471e-06 1.223027e+00 1.356812e+00 5     2.312498e-06 2.579838e+00
195 5 1024.24 0.48 0.550000 8 -1.0 373        568.951 89 1.844609e-06 8.739375e-07 1.844609e+00 1.026306e+00 5     2.718547e-06 2.870915e+00
195 5 1024.25 0.48 0.550000 8 -1.0 4993        576.085 74 1.748903e-06 1.305202e-06 1.748903e+00 1.325684e+00 5     3.054105e-06 3.074587e+00
195 5 1024.28 0.48 0.550000 8 -1.0 5367        568.237 72 1.020647e-06 1.467597e-06 1.020647e+00 1.831055e+00 5     2.488244e-06 2.851702e+00
195 5 1024.29 0.48 0.550000 8 -1.0 16272        563.879 72 1.366449e-06 9.423551e-07 1.366449e+00 1.531372e+00 5     2.308804e-06 2.897821e+00
195 5 1024.30 0.48 0.550000 8 -1.0 17323        566.031 76 1.130106e-06 9.048411e-07 1.130106e+00 1.376953e+00 5     2.034947e-06 2.507059e+00
195 5 1024.30 0.48 0.550000 8 -1.0 264        567.726 90 2.112558e-06 8.175327e-07 2.112558e+00 1.049805e+00 5     2.930091e-06 3.162363e+00
195 5 1024.30 0.48 0.550000 8 -1.0 437        565.076 76 1.634595e-06 8.096184e-07 1.634595e+00 1.179810e+00 5     2.444213e-06 2.814404e+00
195 5 1024.31 0.48 0.550000 8 -1.0 10736        566.079 74 1.580825e-06 1.044008e-06 1.580825e+00 1.569824e+00 5     2.624833e-06 3.150649e+00
195 5 1024.32 0.48 0.550000 8 -1.0 422        568.830 87 1.339887e-06 7.816149e-07 1.339887e+00 1.456909e+00 5     2.121502e-06 2.796796e+00
195 5 1024.33 0.48 0.550000 8 -1.0 19744        565.661 72 1.337264e-06 9.603962e-07 1.337264e+00 1.368408e+00 5     2.297660e-06 2.705672e+00
195 5 1024.36 0.48 0.550000 8 -1.0 11346        563.478 77 2.140581e-06 8.506571e-07 2.140581e+00 1.090088e+00 5     2.991238e-06 3.230669e+00
195 5 1024.37 0.48 0.550000 8 -1.0 1565        565.238 81 1.282613e-06 9.311083e-07 1.282612e+00 1.558838e+00 5     2.213721e-06 2.841450e+00
195 5 1024.38 0.48 0.550000 8 -1.0 10142        563.461 74 1.563955e-06 1.053195e-06 1.563955e+00 1.424561e+00 5     2.617151e-06 2.988516e+00
195 5 1024.38 0.48 0.550000 8 -1.0 342        564.075 78 1.821575e-06 7.001223e-07 1.821575e+00 8.496094e-01 5     2.521698e-06 2.671185e+00
195 5 1024.39 0.48 0.550000 8 -1.0 11226        563.653 72 1.134033e-06 1.061869e-06 1.134033e+00 1.526489e+00 5     2.195902e-06 2.660522e+00
195 5 1024.39 0.48 0.550000 8 -1.0 356        566.501 90 1.731804e-06 1.046642e-06 1.731804e+00 1.209717e+00 5     2.778447e-06 2.941521e+00
195 5 1024.40 0.48 0.550000 8 -1.0 559        569.290 75 1.367986e-06 1.057744e-06 1.367986e+00 1.461182e+00 5     2.425731e-06 2.829168e+00
195 5 1024.42 0.48 0.550000 8 -1.0 14325        563.482 71 1.037019e-06 1.170321e-06 1.037019e+00 1.831665e+00 5     2.207340e-06 2.868684e+00
195 5 1024.43 0.48 0.550000 8 -1.0 12078        563.498 71 1.298900e-06 1.206429e-06 1.298900e+00 1.313477e+00 5     2.505329e-06 2.612377e+00
195 5 1024.44 0.48 0.550000 8 -1.0 15022        563.947 74 1.585279e-06 8.709181e-07 1.585279e+00 1.273804e+00 5     2.456197e-06 2.859082e+00
195 5 1024.44 0.48 0.550000 8 -1.0 278        567.274 90 1.612962e-06 7.764162e-07 1.612962e+00 1.306152e+00 5     2.389378e-06 2.919114e+00
195 5 1024.46 0.48 0.550000 8 -1.0 840        566.741 77 1.770651e-06 1.096051e-06 1.770651e+00 1.389160e+00 4     2.866702e-06 3.159811e+00
195 5 1024.46 0.48 0.550000 8 -1.0 976        572.096 73 1.422197e-06 1.356041e-06 1.422197e+00 1.483765e+00 5     2.778237e-06 2.905961e+00
195 5 1024.48 0.48 0.550000 8 -1.0 15124        567.820 73 1.251396e-06 1.412256e-06 1.251396e+00 1.607666e+00 5     2.663652e-06 2.859062e+00
195 5 1024.48 0.48 0.550000 8 -1.0 19513        567.966 73 1.238626e-06 1.397033e-06 1.238626e+00 1.721191e+00 4     2.635659e-06 2.959817e+00
195 5 1024.48 0.48 0.550000 8 -1.0 972        567.280 73 1.785399e-06 9.911154e-07 1.785399e+00 1.067810e+00 5     2.776515e-06 2.853209e+00
195 5 1024.49 0.48 0.550000 8 -1.0 18217        564.887 77 1.174594e-06 1.120358e-06 1.174594e+00 1.706543e+00 5     2.294952e-06 2.881137e+00
195 5 1024.49 0.48 0.550000 8 -1.0 9970        565.667 71 1.600030e-06 1.265559e-06 1.600029e+00 1.069336e+00 5     2.865588e-06 2.669365e+00
195 5 1024.50 0.48 0.550000 8 -1.0 17949        564.088 73 1.433520e-06 1.390184e-06 1.433519e+00 1.360474e+00 5     2.823703e-06 2.793993e+00
195 5 1024.51 0.48 0.550000 8 -1.0 348        566.258 86 1.461096e-06 5.946110e-07 1.461096e+00 1.201782e+00 5     2.055707e-06 2.662878e+00
195 5 1024.57 0.48 0.550000 8 -1.0 11961        564.222 72 1.558507e-06 1.153662e-06 1.558506e+00 1.425781e+00 5     2.712169e-06 2.984288e+00
195 5 1024.61 0.48 0.550000 8 -1.0 14167        567.709 73 1.310387e-06 1.385428e-06 1.310387e+00 1.356201e+00 5     2.695814e-06 2.666588e+00
195 5 1024.61 0.48 0.550000 8 -1.0 17011        564.775 73 1.428370e-06 9.763353e-07 1.428370e+00 1.209717e+00 5     2.404705e-06 2.638087e+00
195 5 1024.63 0.48 0.550000 8 -1.0 8654        568.610 72 1.798181e-06 8.917819e-07 1.798180e+00 1.286011e+00 5     2.689962e-06 3.084191e+00
195 5 1024.64 0.48 0.550000 8 -1.0 266        564.442 94 1.981106e-06 8.253041e-07 1.981106e+00 1.154785e+00 5     2.806411e-06 3.135891e+00
195 7 1023.93 0.48 0.550000 8 -1.0 6046        569.392 72 1.426300e-06 1.204456e-06 1.426300e+00 1.441040e+00 7     2.630756e-06 2.867340e+00
195 7 1023.97 0.48 0.550000 8 -1.0 363        570.725 80 1.443689e-06 1.091072e-06 1.443689e+00 1.215820e+00 7     2.534762e-06 2.659510e+00
195 7 1023.99 0.48 0.550000 8 -1.0 371        566.428 86 1.762603e-06 8.409460e-07 1.762603e+00 9.429932e-01 7     2.603549e-06 2.705596e+00
195 7 1024.00 0.48 0.550000 8 -1.0 2416        565.526 69 1.343168e-06 1.223364e-06 1.343168e+00 1.253662e+00 7     2.566532e-06 2.596831e+00
195 7 1024.01 0.48 0.550000 8 -1.0 12606        565.814 72 1.274090e-06 9.360476e-07 1.274090e+00 1.300659e+00 6     2.210137e-06 2.574749e+00
195 7 1024.01 0.48 0.550000 8 -1.0 14825        565.666 71 1.235578e-06 1.043747e-06 1.235578e+00 1.222534e+00 6     2.279325e-06 2.458112e+00
195 7 1024.05 0.48 0.550000 8 -1.0 9927        565.276 70 1.494403e-06 1.218236e-06 1.494403e+00 1.281738e+00 6     2.712639e-06 2.776142e+00
195 7 1024.07 0.48 0.550000 8 -1.0 18776        569.688 74 1.828813e-06 1.001965e-06 1.828813e+00 1.148682e+00 5     2.830777e-06 2.977494e+00
195 7 1024.09 0.48 0.550000 8 -1.0 515        566.254 79 1.643347e-06 7.770641e-07 1.643347e+00 1.016846e+00 7     2.420411e-06 2.660193e+00
195 7 1024.12 0.48 0.550000 8 -1.0 297        564.398 82 1.806820e-06 7.920885e-07 1.806820e+00 9.362793e-01 7     2.598908e-06 2.743099e+00
195 7 1024.17 0.48 0.550000 8 -1.0 8045        563.662 72 1.285985e-06 1.039611e-06 1.285985e+00 1.281738e+00 7     2.325596e-06 2.567724e+00
195 7 1024.18 0.48 0.550000 8 -1.0 16829        564.171 69 1.286895e-06 1.430371e-06 1.286895e+00 1.506348e+00 7     2.717266e-06 2.793243e+00
195 7 1024.19 0.48 0.550000 8 -1.0 17185        567.889 71 1.778347e-06 1.058403e-06 1.778347e+00 1.173096e+00 6     2.836750e-06 2.951443e+00
195 7 1024.21 0.48 0.550000 8 -1.0 6076        565.306 72 1.408566e-06 1.052687e-06 1.408566e+00 1.252441e+00 6     2.461254e-06 2.661008e+00
195 7 1024.23 0.48 0.550000 8 -1.0 364        566.436 88 1.561939e-06 1.095485e-06 1.561939e+00 1.083374e+00 7     2.657424e-06 2.645313e+00
195 7 1024.24 0.48 0.550000 8 -1.0 12835        565.955 73 1.368571e-06 1.687046e-06 1.368571e+00 1.420898e+00 5     3.055617e-06 2.789469e+00
195 7 1024.25 0.48 0.550000 8 -1.0 9355        568.264 70 1.575801e-06 1.739126e-06 1.575801e+00 1.244507e+00 6     3.314927e-06 2.820308e+00
195 7 1024.28 0.48 0.550000 8 -1.0 14920        566.087 72 1.710401e-06 1.038497e-06 1.710401e+00 1.076660e+00 5     2.748897e-06 2.787061e+00
195 7 1024.29 0.48 0.550000 8 -1.0 5333        568.587 72 1.622541e-06 7.304796e-07 1.622541e+00 1.182861e+00 7     2.353021e-06 2.805402e+00
195 7 1024.30 0.48 0.550000 8 -1.0 19127        563.489 70 1.122334e-06 1.389974e-06 1.122334e+00 1.621704e+00 7     2.512308e-06 2.744038e+00
195 7 1024.30 0.48 0.550000 8 -1.0 3665        564.574 73 1.790943e-06 8.346446e-07 1.790943e+00 1.091309e+00 6     2.625588e-06 2.882252e+00
195 7 1024.30 0.48 0.550000 8 -1.0 8131        568.253 73 1.412911e-06 1.081179e-06 1.412911e+00 1.424561e+00 7     2.494090e-06 2.837471e+00
195 7 1024.31 0.48 0.550000 8 -1.0 392        567.534 82 1.757649e-06 9.382442e-07 1.757649e+00 9.674072e-01 7     2.695894e-06 2.725057e+00
195 7 1024.32 0.48 0.550000 8 -1.0 19371        565.580 68 1.846361e-06 1.026295e-06 1.846361e+00 9.283447e-01 6     2.872656e-06 2.774705e+00
195 7 1024.33 0.48 0.550000 8 -1.0 576        568.523 70 1.409100e-06 1.051858e-06 1.409100e+00 1.077271e+00 5     2.460958e-06 2.486371e+00
195 7 1024.36 0.48 0.550000 8 -1.0 352        565.376 82 1.850275e-06 6.798040e-07 1.850275e+00 1.030884e+00 7     2.530079e-06 2.881158e+00
195 7 1024.37 0.48 0.550000 8 -1.0 19854        568.559 76 1.576329e-06 8.715780e-07 1.576329e+00 1.326904e+00 7     2.447907e-06 2.903233e+00
195 7 1024.38 0.48 0.550000 8 -1.0 1051        568.088 74 9.179845e-07 1.924860e-06 9.179845e-01 2.115479e+00 6     2.842845e-06 3.033463e+00
195 7 1024.38 0.48 0.550000 8 -1.0 11811        563.852 73 1.556769e-06 9.542416e-07 1.556769e+00 1.230469e+00 5     2.511011e-06 2.787238e+00
195 7 1024.39 0.48 0.550000 8 -1.0 17965        569.161 73 1.585273e-06 7.571287e-07 1.585273e+00 1.022339e+00 6     2.342402e-06 2.607612e+00
195 7 1024.39 0.48 0.550000 8 -1.0 4969        564.540 69 1.427926e-06 1.191646e-06 1.427926e+00 1.468506e+00 6     2.619571e-06 2.896432e+00
195 7 1024.40 0.48 0.550000 8 -1.0 7245        565.387 69 1.418573e-06 1.079662e-06 1.418573e+00 1.295166e+00 5     2.498235e-06 2.713739e+00
195 7 1024.42 0.48 0.550000 8 -1.0 405        564.334 82 1.548519e-06 8.110472e-07 1.548519e+00 1.223755e+00 7     2.359567e-06 2.772274e+00
195 7 1024.43 0.48 0.550000 8 -1.0 342        570.010 87 1.373600e-06 8.240819e-07 1.373600e+00 1.237793e+00 7     2.197682e-06 2.611393e+00
195 7 1024.44 0.48 0.550000 8 -1.0 19517        565.077 74 1.480139e-06 7.690388e-07 1.480139e+00 1.434326e+00 7     2.249177e-06 2.914465e+00
195 7 1024.44 0.48 0.550000 8 -1.0 314        565.092 86 1.711893e-06 4.050543e-07 1.711893e+00 6.823730e-01 7     2.116948e-06 2.394266e+00
195 7 1024.46 0.48 0.550000 8 -1.0 12746        563.636 70 1.751782e-06 9.305115e-07 1.751782e+00 1.080322e+00 7     2.682294e-06 2.832104e+00
195 7 1024.46 0.48 0.550000 8 -1.0 2534        568.879 71 1.434861e-06 1.448970e-06 1.434861e+00 1.621704e+00 5     2.883831e-06 3.056565e+00
195 7 1024.48 0.48 0.550000 8 -1.0 15632        563.671 69 1.341158e-06 1.886335e-06 1.341158e+00 1.655273e+00 6     3.227493e-06 2.996432e+00
195 7 1024.48 0.48 0.550000 8 -1.0 16953        564.326 74 1.310477e-06 1.110201e-06 1.310477e+00 1.618652e+00 7     2.420678e-06 2.929129e+00
195 7 1024.48 0.48 0.550000 8 -1.0 2410        565.687 73 1.393004e-06 1.284928e-06 1.393004e+00 1.306152e+00 5     2.677931e-06 2.699156e+00
195 7 1024.49 0.48 0.550000 8 -1.0 14921        564.199 73 1.527361e-06 1.139556e-06 1.527361e+00 1.323853e+00 7     2.666918e-06 2.851214e+00
195 7 1024.49 0.48 0.550000 8 -1.0 18885        563.581 72 1.277162e-06 1.218094e-06 1.277162e+00 1.411743e+00 7     2.495257e-06 2.688905e+00
195 7 1024.50 0.48 0.550000 8 -1.0 11843        570.654 72 1.606321e-06 1.218226e-06 1.606321e+00 1.262207e+00 6     2.824546e-06 2.868528e+00
195 7 1024.51 0.48 0.550000 8 -1.0 3696        568.909 76 1.090792e-06 1.423576e-06 1.090792e+00 1.574707e+00 5     2.514368e-06 2.665499e+00
195 7 1024.57 0.48 0.550000 8 -1.0 287        565.932 90 2.219650e-06 4.771585e-07 2.219649e+00 6.774902e-01 7     2.696808e-06 2.897140e+00
195 7 1024.61 0.48 0.550000 8 -1.0 19257        563.663 73 1.297302e-06 1.132602e-06 1.297302e+00 1.363525e+00 7     2.429904e-06 2.660827e+00
195 7 1024.61 0.48 0.550000 8 -1.0 481        563.837 75 1.209202e-06 9.675931e-07 1.209202e+00 1.149292e+00 7     2.176795e-06 2.358494e+00
195 7 1024.63 0.48 0.550000 8 -1.0 6299        567.665 75 1.314232e-06 1.273994e-06 1.314232e+00 1.683960e+00 6     2.588226e-06 2.998192e+00
195 7 1024.64 0.48 0.550000 8 -1.0 13014        567.839 74 1.645800e-06 1.232475e-06 1.645800e+00 1.220093e+00 6     2.878275e-06 2.865893e+00
195 9 1023.93 0.48 0.550000 8 -1.0 7755        564.898 71 1.677099e-06 1.175807e-06 1.677098e+00 1.278076e+00 5     2.852905e-06 2.955175e+00
195 9 1023.97 0.48 0.550000 8 -1.0 18935        566.032 71 1.411616e-06 9.223377e-07 1.411616e+00 1.239014e+00 9     2.333954e-06 2.650630e+00
195 9 1023.99 0.48 0.550000 8 -1.0 10691        563.645 72 1.859030e-06 1.098237e-06 1.859030e+00 1.228027e+00 6     2.957268e-06 3.087058e+00
195 9 1024.00 0.48 0.550000 8 -1.0 2046        569.196 69 1.426233e-06 1.104878e-06 1.426233e+00 1.342773e+00 6     2.531111e-06 2.769007e+00
195 9 1024.01 0.48 0.550000 8 -1.0 11059        563.272 71 1.019146e-06 2.099921e-06 1.019146e+00 1.320801e+00 7     3.119067e-06 2.339947e+00
195 9 1024.01 0.48 0.550000 8 -1.0 8535        570.629 71 1.552969e-06 1.002785e-06 1.552969e+00 1.241455e+00 7     2.555755e-06 2.794424e+00
195 9 1024.05 0.48 0.550000 8 -1.0 2547        564.200 71 1.584011e-06 1.034084e-06 1.584011e+00 1.184692e+00 5     2.618095e-06 2.768703e+00
195 9 1024.07 0.48 0.550000 8 -1.0 16025        564.400 70 1.391622e-06 1.232783e-06 1.391622e+00 1.553345e+00 8     2.624405e-06 2.944967e+00
195 9 1024.09 0.48 0.550000 8 -1.0 18620        567.766 73 1.074329e-06 1.439318e-06 1.074329e+00 2.045898e+00 6     2.513647e-06 3.120227e+00
195 9 1024.12 0.48 0.550000 8 -1.0 19243        563.645 71 1.007430e-06 1.525062e-06 1.007430e+00 1.622314e+00 8     2.532492e-06 2.629744e+00
195 9 1024.17 0.48 0.550000 8 -1.0 17015        564.410 76 1.843654e-06 6.121136e-07 1.843654e+00 1.011353e+00 6     2.455767e-06 2.855006e+00
195 9 1024.18 0.48 0.550000 8 -1.0 4283        563.607 71 1.309575e-06 1.224297e-06 1.309575e+00 1.861572e+00 4     2.533872e-06 3.171147e+00
195 9 1024.19 0.48 0.550000 8 -1.0 499        563.828 77 2.359367e-06 5.678179e-07 2.359367e+00 6.024170e-01 9     2.927185e-06 2.961784e+00
195 9 1024.21 0.48 0.550000 8 -1.0 15136        564.012 74 1.758526e-06 1.007127e-06 1.758526e+00 1.267700e+00 8     2.765653e-06 3.026226e+00
195 9 1024.23 0.48 0.550000 8 -1.0 1415        568.227 76 1.361860e-06 9.977363e-07 1.361860e+00 1.336670e+00 6     2.359597e-06 2.698530e+00
195 9 1024.24 0.48 0.550000 8 -1.0 11806        567.321 73 1.667416e-06 1.001581e-06 1.667416e+00 1.093750e+00 5     2.668997e-06 2.761166e+00
195 9 1024.25 0.48 0.550000 8 -1.0 10247        563.792 73 1.611487e-06 1.311849e-06 1.611487e+00 1.475830e+00 6     2.923335e-06 3.087317e+00
195 9 1024.28 0.48 0.550000 8 -1.0 431        565.473 76 1.547154e-06 8.051950e-07 1.547154e+00 1.152954e+00 8     2.352349e-06 2.700108e+00
195 9 1024.29 0.48 0.550000 8 -1.0 9726        564.731 72 1.576599e-06 8.282247e-07 1.576599e+00 1.175537e+00 9     2.404823e-06 2.752136e+00
195 9 1024.30 0.48 0.550000 8 -1.0 19015        565.866 73 1.750369e-06 1.011040e-06 1.750369e+00 1.204224e+00 8     2.761409e-06 2.954592e+00
195 9 1024.30 0.48 0.550000 8 -1.0 389        565.368 81 1.815916e-06 3.416719e-07 1.815916e+00 6.477356e-01 9     2.157588e-06 2.463651e+00
195 9 1024.30 0.48 0.550000 8 -1.0 4919        569.263 72 1.414356e-06 1.178292e-06 1.414356e+00 1.336670e+00 5     2.592648e-06 2.751026e+00
195 9 1024.31 0.48 0.550000 8 -1.0 13299        564.016 68 1.155765e-06 1.623835e-06 1.155765e+00 1.459961e+00 7     2.779600e-06 2.615726e+00
195 9 1024.32 0.48 0.550000 8 -1.0 358        563.943 76 1.955707e-06 3.929441e-07 1.955706e+00 5.590820e-01 8     2.348651e-06 2.514788e+00
195 9 1024.33 0.48 0.550000 8 -1.0 12826        566.410 70 1.881382e-06 5.528959e-07 1.881382e+00 8.740234e-01 9     2.434278e-06 2.755406e+00
195 9 1024.36 0.48 0.550000 8 -1.0 339        564.400 82 2.094162e-06 6.740129e-07 2.094162e+00 6.408691e-01 9     2.768175e-06 2.735031e+00
195 9 1024.37 0.48 0.550000 8 -1.0 10264        567.260 72 1.634047e-06 7.017498e-07 1.634047e+00 8.087158e-01 9     2.335797e-06 2.442763e+00
195 9 1024.38 0.48 0.550000 8 -1.0 10352        564.777 70 1.635307e-06 9.798504e-07 1.635307e+00 1.142578e+00 6     2.615157e-06 2.777885e+00
195 9 1024.38 0.48 0.550000 8 -1.0 3722        564.174 72 1.704503e-06 8.227724e-07 1.704503e+00 1.160889e+00 6     2.527276e-06 2.865392e+00
195 9 1024.39 0.48 0.550000 8 -1.0 16034        565.407 76 1.110847e-06 1.460249e-06 1.110847e+00 1.561890e+00 5     2.571096e-06 2.672737e+00
195 9 1024.39 0.48 0.550000 8 -1.0 901        564.671 75 1.626406e-06 1.097896e-06 1.626406e+00 1.222534e+00 7     2.724302e-06 2.848940e+00
195 9 1024.40 0.48 0.550000 8 -1.0 1520        567.972 72 1.411932e-06 1.371449e-06 1.411932e+00 1.500244e+00 6     2.783381e-06 2.912176e+00
195 9 1024.42 0.48 0.550000 8 -1.0 17316        566.290 69 1.899969e-06 8.951989e-07 1.899969e+00 1.031494e+00 9     2.795168e-06 2.931463e+00
195 9 1024.43 0.48 0.550000 8 -1.0 19778        571.566 71 1.589113e-06 1.126418e-06 1.589113e+00 1.347656e+00 6     2.715531e-06 2.936769e+00
195 9 1024.44 0.48 0.550000 8 -1.0 13902        568.046 70 1.472427e-06 1.484271e-06 1.472427e+00 1.309814e+00 8     2.956698e-06 2.782241e+00
195 9 1024.44 0.48 0.550000 8 -1.0 307        567.498 89 2.426054e-06 5.158335e-07 2.426054e+00 5.532837e-01 9     2.941888e-06 2.979338e+00
195 9 1024.46 0.48 0.550000 8 -1.0 398        566.247 85 2.400968e-06 6.678658e-07 2.400968e+00 6.875610e-01 9     3.068834e-06 3.088529e+00
195 9 1024.46 0.48 0.550000 8 -1.0 7002        571.677 71 1.413510e-06 1.118554e-06 1.413510e+00 1.266479e+00 8     2.532064e-06 2.679990e+00
195 9 1024.48 0.48 0.550000 8 -1.0 10279        564.105 72 1.543120e-06 1.055787e-06 1.543120e+00 1.358643e+00 5     2.598907e-06 2.901762e+00
195 9 1024.48 0.48 0.550000 8 -1.0 272        567.174 84 2.640469e-06 5.579987e-07 2.640469e+00 4.451752e-01 9     3.198468e-06 3.085644e+00
195 9 1024.48 0.48 0.550000 8 -1.0 386        569.329 79 2.175076e-06 4.124534e-07 2.175076e+00 6.124878e-01 9     2.587530e-06 2.787564e+00
195 9 1024.49 0.48 0.550000 8 -1.0 16427        566.607 72 1.090122e-06 1.628357e-06 1.090122e+00 1.564941e+00 7     2.718480e-06 2.655064e+00
195 9 1024.49 0.48 0.550000 8 -1.0 6843        563.691 70 1.111337e-06 1.854489e-06 1.111337e+00 1.697388e+00 5     2.965826e-06 2.808725e+00
195 9 1024.50 0.48 0.550000 8 -1.0 5460        566.662 73 1.469117e-06 1.451360e-06 1.469117e+00 1.506958e+00 6     2.920477e-06 2.976075e+00
195 9 1024.51 0.48 0.550000 8 -1.0 18638        567.190 73 1.874664e-06 8.836170e-07 1.874664e+00 8.584595e-01 7     2.758281e-06 2.733124e+00
195 9 1024.57 0.48 0.550000 8 -1.0 18504        564.887 70 1.182541e-06 8.554588e-07 1.182541e+00 1.110840e+00 7     2.038000e-06 2.293381e+00
195 9 1024.61 0.48 0.550000 8 -1.0 16082        564.661 72 1.110117e-06 1.129687e-06 1.110117e+00 1.820068e+00 5     2.239804e-06 2.930185e+00
195 9 1024.61 0.48 0.550000 8 -1.0 5945        568.513 75 1.347305e-06 1.114730e-06 1.347304e+00 1.411133e+00 8     2.462034e-06 2.758437e+00
195 9 1024.63 0.48 0.550000 8 -1.0 8906        567.229 71 1.800169e-06 1.146802e-06 1.800169e+00 1.082764e+00 5     2.946970e-06 2.882932e+00
195 9 1024.64 0.48 0.550000 8 -1.0 8273        564.587 73 1.436399e-06 1.016167e-06 1.436399e+00 1.303101e+00 7     2.452566e-06 2.739500e+00
