195 11 1488.16 0.24 0.950000 8 -1.0 13616        1415.026 178 3.238229e-06 5.171824e-06 3.238228e+00 3.786621e+00 10     8.410053e-06 7.024850e+00
195 11 1488.18 0.24 0.950000 8 -1.0 792        1415.937 178 3.528731e-06 6.538316e-06 3.528730e+00 4.633789e+00 11     1.006705e-05 8.162519e+00
195 11 1488.21 0.24 0.950000 8 -1.0 10192        1415.225 175 3.605954e-06 4.703316e-06 3.605953e+00 4.545898e+00 9     8.309269e-06 8.151852e+00
195 11 1488.23 0.24 0.950000 8 -1.0 13521        1414.366 174 2.860800e-06 6.499869e-06 2.860800e+00 4.965668e+00 10     9.360669e-06 7.826468e+00
195 11 1488.26 0.24 0.950000 8 -1.0 6978        1416.233 177 3.641930e-06 4.826760e-06 3.641930e+00 5.192871e+00 6     8.468690e-06 8.834801e+00
195 11 1488.28 0.24 0.950000 8 -1.0 4503        1414.823 177 3.964098e-06 4.533982e-06 3.964098e+00 3.646240e+00 8     8.498081e-06 7.610338e+00
195 11 1488.33 0.24 0.950000 8 -1.0 17769        1417.709 181 5.322893e-06 4.921502e-06 5.322892e+00 4.038086e+00 11     1.024439e-05 9.360978e+00
195 11 1488.35 0.24 0.950000 8 -1.0 10952        1418.756 180 3.095816e-06 6.279499e-06 3.095815e+00 4.069824e+00 11     9.375315e-06 7.165640e+00
195 11 1488.35 0.24 0.950000 8 -1.0 11163        1415.818 179 3.076055e-06 5.776256e-06 3.076055e+00 3.684082e+00 10     8.852312e-06 6.760137e+00
195 11 1488.45 0.24 0.950000 8 -1.0 12508        1415.740 175 3.230887e-06 6.075653e-06 3.230887e+00 5.180664e+00 11     9.306540e-06 8.411551e+00
195 11 1488.46 0.24 0.950000 8 -1.0 19248        1417.836 178 3.084289e-06 5.276667e-06 3.084289e+00 4.919434e+00 10     8.360957e-06 8.003723e+00
195 11 1488.48 0.24 0.950000 8 -1.0 19372        1418.587 175 2.897066e-06 6.070688e-06 2.897066e+00 4.669189e+00 11     8.967753e-06 7.566255e+00
195 11 1488.48 0.24 0.950000 8 -1.0 7214        1417.950 181 3.996789e-06 4.947630e-06 3.996789e+00 3.942871e+00 7     8.944420e-06 7.939660e+00
195 11 1488.50 0.24 0.950000 8 -1.0 13921        1415.002 179 3.636570e-06 4.446160e-06 3.636570e+00 3.790283e+00 11     8.082730e-06 7.426853e+00
195 11 1488.51 0.24 0.950000 8 -1.0 16297        1414.835 177 3.302585e-06 5.856462e-06 3.302585e+00 4.450684e+00 8     9.159047e-06 7.753269e+00
195 11 1488.55 0.24 0.950000 8 -1.0 14790        1415.219 176 3.596428e-06 5.746970e-06 3.596428e+00 4.602051e+00 9     9.343398e-06 8.198479e+00
195 11 1488.56 0.24 0.950000 8 -1.0 10044        1418.879 175 3.455544e-06 4.971455e-06 3.455544e+00 4.094238e+00 8     8.427000e-06 7.549783e+00
195 11 1488.56 0.24 0.950000 8 -1.0 12946        1414.273 178 3.186927e-06 6.463824e-06 3.186926e+00 4.755859e+00 9     9.650751e-06 7.942786e+00
195 11 1488.57 0.24 0.950000 8 -1.0 11333        1415.583 177 3.619020e-06 5.504692e-06 3.619020e+00 3.803711e+00 10     9.123713e-06 7.422731e+00
195 11 1488.58 0.24 0.950000 8 -1.0 1304        1415.913 181 4.203163e-06 4.600392e-06 4.203163e+00 3.771973e+00 10     8.803556e-06 7.975136e+00
195 11 1488.58 0.24 0.950000 8 -1.0 18940        1414.858 176 3.224335e-06 6.859581e-06 3.224334e+00 4.727783e+00 8     1.008392e-05 7.952118e+00
195 11 1488.64 0.24 0.950000 8 -1.0 15159        1414.655 177 2.719520e-06 8.257146e-06 2.719519e+00 5.214844e+00 10     1.097667e-05 7.934363e+00
195 11 1488.64 0.24 0.950000 8 -1.0 18393        1414.652 178 3.078651e-06 5.470876e-06 3.078651e+00 5.175781e+00 8     8.549526e-06 8.254432e+00
195 11 1488.65 0.24 0.950000 8 -1.0 13216        1418.432 176 3.653772e-06 5.184319e-06 3.653772e+00 3.602295e+00 8     8.838092e-06 7.256067e+00
195 11 1488.65 0.24 0.950000 8 -1.0 9211        1414.770 174 3.195640e-06 5.959378e-06 3.195640e+00 4.904785e+00 7     9.155018e-06 8.100425e+00
195 11 1488.68 0.24 0.950000 8 -1.0 3906        1427.369 179 4.412466e-06 4.629648e-06 4.412465e+00 4.155273e+00 9     9.042113e-06 8.567739e+00
195 11 1488.68 0.24 0.950000 8 -1.0 6556        1416.565 179 2.827869e-06 6.675291e-06 2.827869e+00 4.953613e+00 6     9.503160e-06 7.781482e+00
195 11 1488.71 0.24 0.950000 8 -1.0 18735        1416.987 176 3.055983e-06 6.769789e-06 3.055983e+00 4.147949e+00 11     9.825772e-06 7.203932e+00
195 11 1488.74 0.24 0.950000 8 -1.0 12314        1419.335 179 2.955992e-06 6.779738e-06 2.955992e+00 4.836426e+00 8     9.735730e-06 7.792418e+00
195 11 1488.74 0.24 0.950000 8 -1.0 3436        1421.159 178 3.396897e-06 5.432898e-06 3.396897e+00 3.887939e+00 9     8.829795e-06 7.284836e+00
195 11 1488.75 0.24 0.950000 8 -1.0 13951        1417.483 176 2.568400e-06 6.635717e-06 2.568400e+00 4.479980e+00 8     9.204117e-06 7.048380e+00
195 11 1488.76 0.24 0.950000 8 -1.0 1622        1424.294 181 3.685139e-06 4.967670e-06 3.685139e+00 3.457031e+00 9     8.652809e-06 7.142170e+00
195 11 1488.76 0.24 0.950000 8 -1.0 502        1418.200 180 6.940889e-06 3.082136e-06 6.940889e+00 2.346191e+00 11     1.002302e-05 9.287080e+00
195 11 1488.77 0.24 0.950000 8 -1.0 19953        1416.462 176 3.223245e-06 6.595338e-06 3.223245e+00 4.423828e+00 10     9.818584e-06 7.647073e+00
195 11 1488.78 0.24 0.950000 8 -1.0 18610        1417.418 184 3.099154e-06 7.911890e-06 3.099154e+00 4.965820e+00 10     1.101104e-05 8.064974e+00
195 11 1488.78 0.24 0.950000 8 -1.0 6837        1418.025 179 3.601896e-06 5.280487e-06 3.601896e+00 4.208984e+00 9     8.882383e-06 7.810881e+00
195 11 1488.81 0.24 0.950000 8 -1.0 18867        1418.262 177 3.532959e-06 6.047358e-06 3.532959e+00 4.399414e+00 9     9.580317e-06 7.932373e+00
195 11 1488.81 0.24 0.950000 8 -1.0 7019        1415.564 176 3.699644e-06 4.609722e-06 3.699644e+00 4.052734e+00 9     8.309366e-06 7.752378e+00
195 11 1488.81 0.24 0.950000 8 -1.0 8203        1414.848 177 4.686436e-06 4.167311e-06 4.686436e+00 3.776855e+00 9     8.853747e-06 8.463292e+00
195 11 1488.83 0.24 0.950000 8 -1.0 18824        1415.398 175 3.395403e-06 6.377863e-06 3.395403e+00 4.051514e+00 9     9.773267e-06 7.446917e+00
195 11 1488.84 0.24 0.950000 8 -1.0 15932        1415.776 181 3.231110e-06 5.724351e-06 3.231110e+00 4.262695e+00 9     8.955461e-06 7.493805e+00
195 11 1488.85 0.24 0.950000 8 -1.0 11412        1417.532 174 3.517282e-06 5.462359e-06 3.517282e+00 4.602051e+00 8     8.979642e-06 8.119333e+00
195 11 1488.86 0.24 0.950000 8 -1.0 17122        1421.122 179 3.370955e-06 5.727110e-06 3.370955e+00 4.299316e+00 8     9.098065e-06 7.670271e+00
195 11 1488.89 0.24 0.950000 8 -1.0 18509        1417.202 170 3.490562e-06 4.186054e-06 3.490562e+00 4.660645e+00 10     7.676616e-06 8.151207e+00
195 11 1488.94 0.24 0.950000 8 -1.0 11328        1417.648 172 3.127243e-06 5.717340e-06 3.127243e+00 4.396973e+00 8     8.844583e-06 7.524215e+00
195 11 1488.94 0.24 0.950000 8 -1.0 19154        1418.272 178 3.525247e-06 4.549671e-06 3.525246e+00 3.824463e+00 10     8.074918e-06 7.349709e+00
195 11 1488.94 0.24 0.950000 8 -1.0 3428        1417.437 177 2.685945e-06 7.114285e-06 2.685945e+00 5.129395e+00 8     9.800230e-06 7.815340e+00
195 11 1488.97 0.24 0.950000 8 -1.0 3972        1415.978 181 4.408396e-06 4.767915e-06 4.408396e+00 3.706055e+00 10     9.176311e-06 8.114451e+00
195 11 1488.98 0.24 0.950000 8 -1.0 17064        1416.620 182 4.186359e-06 4.428888e-06 4.186359e+00 4.045410e+00 9     8.615247e-06 8.231769e+00
195 11 1488.98 0.24 0.950000 8 -1.0 19964        1420.719 178 3.435481e-06 5.127177e-06 3.435481e+00 3.901367e+00 8     8.562658e-06 7.336848e+00
195 13 1488.16 0.24 0.950000 8 -1.0 12405        1414.329 182 3.341433e-06 5.351521e-06 3.341433e+00 3.693848e+00 9     8.692954e-06 7.035281e+00
195 13 1488.18 0.24 0.950000 8 -1.0 19699        1416.164 174 3.182826e-06 5.694763e-06 3.182826e+00 4.641113e+00 9     8.877589e-06 7.823939e+00
195 13 1488.21 0.24 0.950000 8 -1.0 13651        1415.546 176 3.014284e-06 6.852933e-06 3.014284e+00 5.610352e+00 9     9.867217e-06 8.624636e+00
195 13 1488.23 0.24 0.950000 8 -1.0 9679        1415.251 176 5.109657e-06 3.851942e-06 5.109657e+00 3.018799e+00 11     8.961599e-06 8.128456e+00
195 13 1488.26 0.24 0.950000 8 -1.0 2244        1414.914 179 3.663088e-06 5.569056e-06 3.663088e+00 4.538574e+00 9     9.232144e-06 8.201662e+00
195 13 1488.28 0.24 0.950000 8 -1.0 2619        1414.731 178 4.974859e-06 3.115489e-06 4.974859e+00 2.832031e+00 9     8.090348e-06 7.806890e+00
195 13 1488.33 0.24 0.950000 8 -1.0 8838        1418.881 181 3.921935e-06 5.665467e-06 3.921935e+00 4.768066e+00 10     9.587402e-06 8.690001e+00
195 13 1488.35 0.24 0.950000 8 -1.0 14739        1420.314 178 2.642198e-06 6.640870e-06 2.642198e+00 5.205078e+00 10     9.283068e-06 7.847276e+00
195 13 1488.35 0.24 0.950000 8 -1.0 17499        1415.482 178 2.595682e-06 7.467315e-06 2.595682e+00 4.626465e+00 10     1.006300e-05 7.222146e+00
195 13 1488.45 0.24 0.950000 8 -1.0 5019        1419.743 176 3.479460e-06 6.597879e-06 3.479460e+00 4.863281e+00 9     1.007734e-05 8.342741e+00
195 13 1488.46 0.24 0.950000 8 -1.0 7381        1415.377 177 2.897543e-06 4.544461e-06 2.897543e+00 4.479980e+00 8     7.442003e-06 7.377523e+00
195 13 1488.48 0.24 0.950000 8 -1.0 15367        1415.317 175 3.288325e-06 5.324672e-06 3.288325e+00 3.912354e+00 12     8.612997e-06 7.200679e+00
195 13 1488.48 0.24 0.950000 8 -1.0 7146        1414.063 177 3.500765e-06 5.760553e-06 3.500765e+00 4.619141e+00 7     9.261318e-06 8.119905e+00
195 13 1488.50 0.24 0.950000 8 -1.0 12898        1417.198 177 3.621947e-06 4.829485e-06 3.621947e+00 3.996582e+00 10     8.451432e-06 7.618529e+00
195 13 1488.51 0.24 0.950000 8 -1.0 2425        1414.424 180 3.267451e-06 6.594730e-06 3.267451e+00 5.395508e+00 8     9.862181e-06 8.662959e+00
195 13 1488.55 0.24 0.950000 8 -1.0 6161        1422.704 179 3.985445e-06 5.262784e-06 3.985444e+00 4.165039e+00 8     9.248229e-06 8.150483e+00
195 13 1488.56 0.24 0.950000 8 -1.0 14806        1415.348 175 2.510534e-06 7.589726e-06 2.510534e+00 4.687500e+00 11     1.010026e-05 7.198034e+00
195 13 1488.56 0.24 0.950000 8 -1.0 4289        1416.105 176 3.759632e-06 4.740420e-06 3.759631e+00 3.420410e+00 10     8.500052e-06 7.180042e+00
195 13 1488.57 0.24 0.950000 8 -1.0 14531        1415.676 178 2.625844e-06 6.751258e-06 2.625844e+00 5.063477e+00 10     9.377102e-06 7.689320e+00
195 13 1488.58 0.24 0.950000 8 -1.0 12140        1414.744 174 2.546829e-06 7.405148e-06 2.546829e+00 4.455566e+00 9     9.951976e-06 7.002395e+00
195 13 1488.58 0.24 0.950000 8 -1.0 1905        1419.709 183 3.883744e-06 4.857799e-06 3.883744e+00 3.718262e+00 13     8.741543e-06 7.602005e+00
195 13 1488.64 0.24 0.950000 8 -1.0 14312        1419.958 178 2.757415e-06 7.305429e-06 2.757415e+00 5.209961e+00 9     1.006284e-05 7.967376e+00
195 13 1488.64 0.24 0.950000 8 -1.0 5016        1415.233 182 3.871258e-06 4.566543e-06 3.871257e+00 4.165039e+00 8     8.437801e-06 8.036296e+00
195 13 1488.65 0.24 0.950000 8 -1.0 19980        1420.486 180 3.145193e-06 5.751011e-06 3.145193e+00 5.541992e+00 8     8.896204e-06 8.687185e+00
195 13 1488.65 0.24 0.950000 8 -1.0 9806        1418.818 175 3.254897e-06 6.260920e-06 3.254897e+00 5.002441e+00 8     9.515817e-06 8.257338e+00
195 13 1488.68 0.24 0.950000 8 -1.0 16966        1414.314 179 3.748476e-06 5.795577e-06 3.748476e+00 4.738770e+00 9     9.544053e-06 8.487245e+00
195 13 1488.68 0.24 0.950000 8 -1.0 4505        1416.894 178 3.210159e-06 6.059577e-06 3.210159e+00 4.680176e+00 8     9.269737e-06 7.890335e+00
195 13 1488.71 0.24 0.950000 8 -1.0 1084        1415.681 175 5.672430e-06 4.397001e-06 5.672430e+00 2.705078e+00 11     1.006943e-05 8.377508e+00
195 13 1488.74 0.24 0.950000 8 -1.0 17803        1418.156 177 3.678334e-06 5.618384e-06 3.678334e+00 3.688965e+00 10     9.296718e-06 7.367299e+00
195 13 1488.74 0.24 0.950000 8 -1.0 5588        1416.684 178 3.985171e-06 4.484622e-06 3.985171e+00 3.496094e+00 11     8.469793e-06 7.481265e+00
195 13 1488.75 0.24 0.950000 8 -1.0 18515        1415.212 174 3.067564e-06 6.020110e-06 3.067564e+00 4.589844e+00 11     9.087674e-06 7.657408e+00
195 13 1488.76 0.24 0.950000 8 -1.0 1549        1417.057 181 4.391436e-06 4.205645e-06 4.391436e+00 3.880615e+00 9     8.597081e-06 8.272051e+00
195 13 1488.76 0.24 0.950000 8 -1.0 1775        1419.211 183 4.233256e-06 4.724519e-06 4.233256e+00 3.468018e+00 10     8.957776e-06 7.701274e+00
195 13 1488.77 0.24 0.950000 8 -1.0 2287        1415.957 178 3.412016e-06 6.159423e-06 3.412016e+00 4.650879e+00 10     9.571439e-06 8.062895e+00
195 13 1488.78 0.24 0.950000 8 -1.0 17382        1414.734 181 3.393748e-06 6.613195e-06 3.393748e+00 4.658203e+00 13     1.000694e-05 8.051951e+00
195 13 1488.78 0.24 0.950000 8 -1.0 8642        1416.661 178 3.274588e-06 5.644813e-06 3.274588e+00 5.129395e+00 7     8.919402e-06 8.403983e+00
195 13 1488.81 0.24 0.950000 8 -1.0 10558        1414.813 179 3.979115e-06 4.698691e-06 3.979115e+00 4.626465e+00 10     8.677807e-06 8.605580e+00
195 13 1488.81 0.24 0.950000 8 -1.0 13618        1418.051 177 3.218538e-06 6.123797e-06 3.218538e+00 4.531250e+00 8     9.342335e-06 7.749788e+00
195 13 1488.81 0.24 0.950000 8 -1.0 19082        1415.330 177 2.763990e-06 6.921329e-06 2.763990e+00 4.180908e+00 8     9.685320e-06 6.944898e+00
195 13 1488.83 0.24 0.950000 8 -1.0 3231        1417.211 177 4.391059e-06 4.235769e-06 4.391058e+00 3.280029e+00 10     8.626827e-06 7.671088e+00
195 13 1488.84 0.24 0.950000 8 -1.0 2418        1419.195 179 3.890250e-06 4.643281e-06 3.890250e+00 3.300781e+00 11     8.533531e-06 7.191031e+00
195 13 1488.85 0.24 0.950000 8 -1.0 16592        1419.212 172 3.652623e-06 4.725251e-06 3.652623e+00 3.864746e+00 10     8.377874e-06 7.517369e+00
195 13 1488.86 0.24 0.950000 8 -1.0 17967        1414.629 180 3.207488e-06 6.512655e-06 3.207488e+00 4.245605e+00 9     9.720143e-06 7.453093e+00
195 13 1488.89 0.24 0.950000 8 -1.0 3737        1415.327 171 4.223595e-06 4.114403e-06 4.223595e+00 3.718262e+00 10     8.337999e-06 7.941857e+00
195 13 1488.94 0.24 0.950000 8 -1.0 11246        1416.849 175 3.894998e-06 4.012926e-06 3.894997e+00 4.035645e+00 8     7.907923e-06 7.930642e+00
195 13 1488.94 0.24 0.950000 8 -1.0 19596        1419.251 175 2.902718e-06 4.728942e-06 2.902718e+00 4.475098e+00 10     7.631659e-06 7.377816e+00
195 13 1488.94 0.24 0.950000 8 -1.0 6323        1421.817 181 3.124347e-06 6.012018e-06 3.124347e+00 4.293213e+00 13     9.136365e-06 7.417560e+00
195 13 1488.97 0.24 0.950000 8 -1.0 18996        1415.898 177 4.334626e-06 4.590597e-06 4.334626e+00 3.508301e+00 13     8.925223e-06 7.842926e+00
195 13 1488.98 0.24 0.950000 8 -1.0 16672        1415.019 180 3.516982e-06 5.695374e-06 3.516982e+00 4.217529e+00 10     9.212356e-06 7.734511e+00
195 13 1488.98 0.24 0.950000 8 -1.0 9180        1415.626 174 3.743150e-06 4.316131e-06 3.743150e+00 3.322754e+00 9     8.059281e-06 7.065904e+00
195 15 1488.16 0.24 0.950000 8 -1.0 5516        1421.298 179 3.269953e-06 5.400800e-06 3.269953e+00 3.662109e+00 10     8.670753e-06 6.932062e+00
195 15 1488.18 0.24 0.950000 8 -1.0 8327        1416.682 176 3.369461e-06 5.295488e-06 3.369461e+00 4.404297e+00 7     8.664948e-06 7.773757e+00
195 15 1488.21 0.24 0.950000 8 -1.0 19450        1420.033 177 4.098532e-06 3.625770e-06 4.098532e+00 3.165283e+00 10     7.724302e-06 7.263815e+00
195 15 1488.23 0.24 0.950000 8 -1.0 17979        1415.642 177 2.804965e-06 6.048609e-06 2.804965e+00 4.985352e+00 10     8.853574e-06 7.790317e+00
195 15 1488.26 0.24 0.950000 8 -1.0 18543        1416.327 180 4.377493e-06 4.238596e-06 4.377493e+00 3.553467e+00 8     8.616089e-06 7.930960e+00
195 15 1488.28 0.24 0.950000 8 -1.0 3120        1416.402 175 3.279227e-06 5.324005e-06 3.279227e+00 3.425293e+00 9     8.603232e-06 6.704520e+00
195 15 1488.33 0.24 0.950000 8 -1.0 3407        1415.453 179 5.896064e-06 4.287045e-06 5.896064e+00 3.548584e+00 10     1.018311e-05 9.444648e+00
195 15 1488.35 0.24 0.950000 8 -1.0 2581        1415.727 177 2.485349e-06 7.682194e-06 2.485349e+00 4.780273e+00 11     1.016754e-05 7.265623e+00
195 15 1488.35 0.24 0.950000 8 -1.0 6863        1417.306 179 3.607423e-06 5.108006e-06 3.607423e+00 3.524170e+00 9     8.715429e-06 7.131593e+00
195 15 1488.45 0.24 0.950000 8 -1.0 1083        1417.152 173 6.022744e-06 3.849295e-06 6.022744e+00 2.280884e+00 13     9.872039e-06 8.303627e+00
195 15 1488.46 0.24 0.950000 8 -1.0 19435        1414.463 179 3.293454e-06 4.115910e-06 3.293453e+00 4.145508e+00 9     7.409364e-06 7.438961e+00
195 15 1488.48 0.24 0.950000 8 -1.0 14868        1415.120 176 3.926968e-06 4.992798e-06 3.926967e+00 4.062500e+00 11     8.919765e-06 7.989467e+00
195 15 1488.48 0.24 0.950000 8 -1.0 8711        1414.275 173 3.506031e-06 4.158548e-06 3.506031e+00 3.709717e+00 8     7.664580e-06 7.215748e+00
195 15 1488.50 0.24 0.950000 8 -1.0 5175        1417.184 178 3.979339e-06 5.520702e-06 3.979339e+00 3.658447e+00 8     9.500041e-06 7.637786e+00
195 15 1488.51 0.24 0.950000 8 -1.0 8762        1419.353 176 2.811272e-06 7.531004e-06 2.811272e+00 5.285645e+00 9     1.034228e-05 8.096917e+00
195 15 1488.55 0.24 0.950000 8 -1.0 15116        1414.283 176 3.985230e-06 5.590091e-06 3.985229e+00 4.592285e+00 8     9.575320e-06 8.577515e+00
195 15 1488.56 0.24 0.950000 8 -1.0 18163        1415.005 179 3.197963e-06 6.364526e-06 3.197963e+00 4.270020e+00 10     9.562490e-06 7.467983e+00
195 15 1488.56 0.24 0.950000 8 -1.0 19361        1414.312 178 2.640284e-06 6.521271e-06 2.640284e+00 4.624023e+00 9     9.161555e-06 7.264308e+00
195 15 1488.57 0.24 0.950000 8 -1.0 15043        1414.326 177 2.492433e-06 8.227588e-06 2.492433e+00 4.918213e+00 8     1.072002e-05 7.410645e+00
195 15 1488.58 0.24 0.950000 8 -1.0 10844        1417.019 174 3.346774e-06 6.062138e-06 3.346774e+00 4.372559e+00 9     9.408912e-06 7.719332e+00
195 15 1488.58 0.24 0.950000 8 -1.0 1738        1418.308 182 5.503129e-06 4.273751e-06 5.503129e+00 3.270264e+00 11     9.776880e-06 8.773393e+00
195 15 1488.64 0.24 0.950000 8 -1.0 1331        1414.469 178 4.113921e-06 4.111374e-06 4.113921e+00 3.913574e+00 11     8.225295e-06 8.027495e+00
195 15 1488.64 0.24 0.950000 8 -1.0 17819        1414.826 176 2.745453e-06 7.442917e-06 2.745453e+00 5.174561e+00 7     1.018837e-05 7.920014e+00
195 15 1488.65 0.24 0.950000 8 -1.0 19986        1416.790 179 3.223572e-06 5.720248e-06 3.223572e+00 4.288330e+00 8     8.943820e-06 7.511902e+00
195 15 1488.65 0.24 0.950000 8 -1.0 2768        1414.659 176 3.502147e-06 5.592068e-06 3.502147e+00 4.453125e+00 8     9.094215e-06 7.955272e+00
195 15 1488.68 0.24 0.950000 8 -1.0 6337        1417.044 179 3.180899e-06 7.129602e-06 3.180899e+00 5.722656e+00 10     1.031050e-05 8.903555e+00
195 15 1488.68 0.24 0.950000 8 -1.0 9441        1417.157 181 2.775280e-06 6.215677e-06 2.775280e+00 4.680176e+00 9     8.990957e-06 7.455456e+00
195 15 1488.71 0.24 0.950000 8 -1.0 18015        1415.284 175 3.521666e-06 5.596229e-06 3.521666e+00 4.543457e+00 9     9.117895e-06 8.065123e+00
195 15 1488.74 0.24 0.950000 8 -1.0 1732        1415.348 181 3.567151e-06 5.117285e-06 3.567151e+00 4.345703e+00 10     8.684436e-06 7.912854e+00
195 15 1488.74 0.24 0.950000 8 -1.0 8790        1417.440 178 2.968044e-06 6.292729e-06 2.968044e+00 4.907227e+00 8     9.260773e-06 7.875271e+00
195 15 1488.75 0.24 0.950000 8 -1.0 7118        1415.785 176 3.018629e-06 5.736766e-06 3.018629e+00 4.277344e+00 8     8.755396e-06 7.295973e+00
195 15 1488.76 0.24 0.950000 8 -1.0 1412        1416.290 181 5.354882e-06 3.420314e-06 5.354882e+00 2.646484e+00 13     8.775197e-06 8.001367e+00
195 15 1488.76 0.24 0.950000 8 -1.0 6937        1414.552 183 3.765410e-06 4.500539e-06 3.765410e+00 3.497314e+00 10     8.265949e-06 7.262724e+00
195 15 1488.77 0.24 0.950000 8 -1.0 3967        1414.521 177 3.984854e-06 5.529824e-06 3.984854e+00 3.996582e+00 11     9.514679e-06 7.981436e+00
195 15 1488.78 0.24 0.950000 8 -1.0 15937        1414.607 184 4.267096e-06 5.113365e-06 4.267096e+00 4.143066e+00 8     9.380461e-06 8.410162e+00
195 15 1488.78 0.24 0.950000 8 -1.0 16235        1418.159 176 2.758885e-06 6.362835e-06 2.758885e+00 5.024414e+00 8     9.121720e-06 7.783299e+00
195 15 1488.81 0.24 0.950000 8 -1.0 12123        1422.713 181 3.133685e-06 6.962623e-06 3.133684e+00 5.183105e+00 9     1.009631e-05 8.316790e+00
195 15 1488.81 0.24 0.950000 8 -1.0 15296        1415.565 176 4.230036e-06 4.240665e-06 4.230036e+00 3.798828e+00 10     8.470701e-06 8.028864e+00
195 15 1488.81 0.24 0.950000 8 -1.0 9607        1417.341 178 3.400708e-06 5.770296e-06 3.400708e+00 4.631348e+00 7     9.171004e-06 8.032056e+00
195 15 1488.83 0.24 0.950000 8 -1.0 7704        1419.880 174 4.001698e-06 4.384788e-06 4.001698e+00 3.872070e+00 10     8.386487e-06 7.873768e+00
195 15 1488.84 0.24 0.950000 8 -1.0 6785        1420.961 182 3.430385e-06 5.330058e-06 3.430384e+00 3.876953e+00 8     8.760442e-06 7.307338e+00
195 15 1488.85 0.24 0.950000 8 -1.0 8567        1415.545 172 3.525646e-06 4.313071e-06 3.525646e+00 3.690186e+00 8     7.838716e-06 7.215831e+00
195 15 1488.86 0.24 0.950000 8 -1.0 9324        1416.019 179 3.232482e-06 6.099800e-06 3.232482e+00 4.401855e+00 8     9.332282e-06 7.634337e+00
195 15 1488.89 0.24 0.950000 8 -1.0 2266        1415.707 173 2.985634e-06 7.419802e-06 2.985634e+00 4.763184e+00 9     1.040544e-05 7.748818e+00
195 15 1488.94 0.24 0.950000 8 -1.0 14112        1422.781 174 2.695307e-06 6.295965e-06 2.695306e+00 4.443359e+00 12     8.991271e-06 7.138666e+00
195 15 1488.94 0.24 0.950000 8 -1.0 14368        1415.340 180 3.535145e-06 4.383594e-06 3.535145e+00 3.525391e+00 8     7.918739e-06 7.060535e+00
195 15 1488.94 0.24 0.950000 8 -1.0 3433        1418.190 173 4.852482e-06 3.235594e-06 4.852482e+00 2.893066e+00 9     8.088076e-06 7.745548e+00
195 15 1488.97 0.24 0.950000 8 -1.0 19411        1418.632 179 3.029165e-06 6.992131e-06 3.029165e+00 4.421387e+00 14     1.002130e-05 7.450551e+00
195 15 1488.98 0.24 0.950000 8 -1.0 18320        1415.648 180 3.680364e-06 5.037119e-06 3.680364e+00 4.379883e+00 7     8.717483e-06 8.060246e+00
195 15 1488.98 0.24 0.950000 8 -1.0 18489        1420.122 175 3.754756e-06 4.595409e-06 3.754756e+00 3.544922e+00 10     8.350165e-06 7.299678e+00
195 17 1488.16 0.24 0.950000 8 -1.0 7310        1415.741 178 3.073953e-06 5.518241e-06 3.073953e+00 4.726562e+00 9     8.592195e-06 7.800516e+00
195 17 1488.18 0.24 0.950000 8 -1.0 5208        1415.550 174 3.074244e-06 5.659436e-06 3.074244e+00 4.252930e+00 8     8.733680e-06 7.327173e+00
195 17 1488.21 0.24 0.950000 8 -1.0 8279        1416.178 178 4.338089e-06 3.516454e-06 4.338089e+00 3.184814e+00 10     7.854543e-06 7.522903e+00
195 17 1488.23 0.24 0.950000 8 -1.0 17115        1414.581 177 3.997384e-06 4.578693e-06 3.997384e+00 3.708496e+00 11     8.576078e-06 7.705880e+00
195 17 1488.26 0.24 0.950000 8 -1.0 9675        1416.883 178 4.011668e-06 4.866299e-06 4.011668e+00 3.995361e+00 11     8.877967e-06 8.007030e+00
195 17 1488.28 0.24 0.950000 8 -1.0 7090        1415.053 181 3.873897e-06 4.847266e-06 3.873897e+00 3.502197e+00 8     8.721162e-06 7.376094e+00
195 17 1488.33 0.24 0.950000 8 -1.0 19670        1414.611 178 3.310893e-06 6.906259e-06 3.310892e+00 5.178223e+00 10     1.021715e-05 8.489115e+00
195 17 1488.35 0.24 0.950000 8 -1.0 3653        1419.088 176 3.884962e-06 5.430547e-06 3.884962e+00 3.736572e+00 11     9.315509e-06 7.621534e+00
195 17 1488.35 0.24 0.950000 8 -1.0 9203        1418.806 179 2.594217e-06 8.257454e-06 2.594217e+00 5.893555e+00 8     1.085167e-05 8.487772e+00
195 17 1488.45 0.24 0.950000 8 -1.0 18110        1414.590 172 4.055138e-06 5.022321e-06 4.055138e+00 4.372559e+00 11     9.077459e-06 8.427696e+00
195 17 1488.46 0.24 0.950000 8 -1.0 16898        1421.009 179 2.866831e-06 5.305796e-06 2.866830e+00 3.843994e+00 10     8.172626e-06 6.710825e+00
195 17 1488.48 0.24 0.950000 8 -1.0 14669        1414.388 177 3.274220e-06 5.647038e-06 3.274220e+00 4.453125e+00 10     8.921258e-06 7.727345e+00
195 17 1488.48 0.24 0.950000 8 -1.0 16173        1414.905 174 3.413153e-06 5.352164e-06 3.413153e+00 3.798828e+00 9     8.765317e-06 7.211981e+00
195 17 1488.50 0.24 0.950000 8 -1.0 13617        1415.361 181 2.874415e-06 6.012082e-06 2.874415e+00 5.043945e+00 8     8.886497e-06 7.918360e+00
195 17 1488.51 0.24 0.950000 8 -1.0 5099        1417.205 177 4.002571e-06 6.028701e-06 4.002570e+00 3.817139e+00 10     1.003127e-05 7.819709e+00
195 17 1488.55 0.24 0.950000 8 -1.0 19612        1416.327 177 3.883653e-06 5.192395e-06 3.883653e+00 4.155273e+00 10     9.076049e-06 8.038927e+00
195 17 1488.56 0.24 0.950000 8 -1.0 17066        1414.959 176 3.252911e-06 5.809730e-06 3.252911e+00 4.626465e+00 10     9.062641e-06 7.879376e+00
195 17 1488.56 0.24 0.950000 8 -1.0 7552        1416.375 176 3.413514e-06 5.245660e-06 3.413514e+00 4.594727e+00 9     8.659174e-06 8.008241e+00
195 17 1488.57 0.24 0.950000 8 -1.0 16134        1418.329 178 3.264149e-06 5.867178e-06 3.264149e+00 3.807373e+00 11     9.131327e-06 7.071522e+00
195 17 1488.58 0.24 0.950000 8 -1.0 13104        1415.973 174 3.129136e-06 5.121916e-06 3.129135e+00 4.887695e+00 11     8.251051e-06 8.016831e+00
195 17 1488.58 0.24 0.950000 8 -1.0 17080        1419.250 177 4.292045e-06 4.324581e-06 4.292044e+00 4.178467e+00 10     8.616626e-06 8.470511e+00
195 17 1488.64 0.24 0.950000 8 -1.0 12971        1419.543 177 3.290592e-06 6.202492e-06 3.290592e+00 4.344482e+00 8     9.493084e-06 7.635074e+00
195 17 1488.64 0.24 0.950000 8 -1.0 1442        1414.721 179 3.921077e-06 5.444160e-06 3.921077e+00 3.392944e+00 14     9.365237e-06 7.314021e+00
195 17 1488.65 0.24 0.950000 8 -1.0 18059        1414.505 174 2.863172e-06 7.018797e-06 2.863172e+00 4.965820e+00 11     9.881969e-06 7.828992e+00
195 17 1488.65 0.24 0.950000 8 -1.0 2427        1416.047 179 3.902661e-06 4.462226e-06 3.902661e+00 4.157715e+00 11     8.364887e-06 8.060376e+00
195 17 1488.68 0.24 0.950000 8 -1.0 15612        1415.071 177 2.971186e-06 6.082028e-06 2.971186e+00 4.829102e+00 10     9.053214e-06 7.800287e+00
195 17 1488.68 0.24 0.950000 8 -1.0 16171        1418.494 174 3.708888e-06 5.170132e-06 3.708888e+00 4.150391e+00 11     8.879020e-06 7.859278e+00
195 17 1488.71 0.24 0.950000 8 -1.0 19890        1417.150 175 3.158076e-06 6.900369e-06 3.158076e+00 4.458008e+00 10     1.005844e-05 7.616083e+00
195 17 1488.74 0.24 0.950000 8 -1.0 11778        1416.192 178 3.465045e-06 5.763582e-06 3.465045e+00 4.261475e+00 9     9.228627e-06 7.726519e+00
195 17 1488.74 0.24 0.950000 8 -1.0 19313        1419.075 180 2.759988e-06 7.542865e-06 2.759988e+00 4.445801e+00 13     1.030285e-05 7.205789e+00
195 17 1488.75 0.24 0.950000 8 -1.0 11511        1416.533 173 3.481364e-06 5.633320e-06 3.481364e+00 4.134521e+00 9     9.114684e-06 7.615886e+00
195 17 1488.76 0.24 0.950000 8 -1.0 17222        1415.646 182 3.125259e-06 5.422975e-06 3.125259e+00 4.277344e+00 8     8.548234e-06 7.402603e+00
195 17 1488.76 0.24 0.950000 8 -1.0 5499        1420.859 180 3.484727e-06 5.319952e-06 3.484727e+00 3.330078e+00 10     8.804679e-06 6.814805e+00
195 17 1488.77 0.24 0.950000 8 -1.0 4461        1416.407 179 3.743524e-06 5.865543e-06 3.743524e+00 4.201660e+00 11     9.609066e-06 7.945184e+00
195 17 1488.78 0.24 0.950000 8 -1.0 2116        1416.364 172 4.442399e-06 6.220978e-06 4.442399e+00 3.955078e+00 14     1.066338e-05 8.397477e+00
195 17 1488.78 0.24 0.950000 8 -1.0 8914        1416.691 185 3.491323e-06 5.865619e-06 3.491323e+00 5.234375e+00 8     9.356942e-06 8.725698e+00
195 17 1488.81 0.24 0.950000 8 -1.0 13050        1419.948 177 2.953979e-06 5.845831e-06 2.953979e+00 4.433594e+00 9     8.799810e-06 7.387573e+00
195 17 1488.81 0.24 0.950000 8 -1.0 17435        1417.336 175 3.907421e-06 5.025574e-06 3.907421e+00 4.191895e+00 10     8.932995e-06 8.099315e+00
195 17 1488.81 0.24 0.950000 8 -1.0 8625        1415.921 178 3.489617e-06 5.958786e-06 3.489616e+00 4.575195e+00 10     9.448403e-06 8.064812e+00
195 17 1488.83 0.24 0.950000 8 -1.0 18485        1414.841 176 4.711141e-06 4.328343e-06 4.711141e+00 3.516846e+00 12     9.039484e-06 8.227986e+00
195 17 1488.84 0.24 0.950000 8 -1.0 6319        1419.907 181 3.662751e-06 4.443752e-06 3.662751e+00 4.050293e+00 10     8.106503e-06 7.713044e+00
195 17 1488.85 0.24 0.950000 8 -1.0 6325        1420.888 173 2.940389e-06 5.757353e-06 2.940389e+00 4.521484e+00 8     8.697743e-06 7.461874e+00
195 17 1488.86 0.24 0.950000 8 -1.0 2712        1420.072 177 3.123934e-06 6.177096e-06 3.123934e+00 4.304199e+00 8     9.301030e-06 7.428133e+00
195 17 1488.89 0.24 0.950000 8 -1.0 1073        1415.794 174 5.126243e-06 3.688821e-06 5.126243e+00 2.551270e+00 12     8.815064e-06 7.677512e+00
195 17 1488.94 0.24 0.950000 8 -1.0 11467        1416.571 174 2.858535e-06 5.727617e-06 2.858535e+00 4.770508e+00 7     8.586152e-06 7.629043e+00
195 17 1488.94 0.24 0.950000 8 -1.0 15830        1415.497 173 4.481358e-06 3.442641e-06 4.481358e+00 3.764648e+00 12     7.923999e-06 8.246007e+00
195 17 1488.94 0.24 0.950000 8 -1.0 6336        1415.939 178 3.654994e-06 4.765652e-06 3.654994e+00 3.969727e+00 10     8.420646e-06 7.624720e+00
195 17 1488.97 0.24 0.950000 8 -1.0 18369        1417.055 177 2.973413e-06 6.785560e-06 2.973413e+00 4.702148e+00 11     9.758973e-06 7.675561e+00
195 17 1488.98 0.24 0.950000 8 -1.0 11124        1415.438 180 3.837950e-06 4.496824e-06 3.837950e+00 3.984375e+00 11     8.334774e-06 7.822325e+00
195 17 1488.98 0.24 0.950000 8 -1.0 19463        1416.682 171 3.590470e-06 4.954469e-06 3.590470e+00 3.662109e+00 12     8.544939e-06 7.252579e+00
195 19 1488.16 0.24 0.950000 8 -1.0 18457        1415.904 175 2.984701e-06 5.507394e-06 2.984701e+00 3.979492e+00 10     8.492095e-06 6.964193e+00
195 19 1488.18 0.24 0.950000 8 -1.0 17849        1415.102 178 3.270656e-06 5.648646e-06 3.270656e+00 4.309082e+00 8     8.919302e-06 7.579738e+00
195 19 1488.21 0.24 0.950000 8 -1.0 3532        1415.322 178 3.963765e-06 4.430077e-06 3.963765e+00 3.144531e+00 9     8.393842e-06 7.108296e+00
195 19 1488.23 0.24 0.950000 8 -1.0 19008        1421.344 179 3.704940e-06 4.753062e-06 3.704940e+00 4.814453e+00 9     8.458002e-06 8.519393e+00
195 19 1488.26 0.24 0.950000 8 -1.0 3445        1414.860 179 4.228965e-06 4.111228e-06 4.228965e+00 3.642578e+00 8     8.340193e-06 7.871543e+00
195 19 1488.28 0.24 0.950000 8 -1.0 1793        1419.064 176 3.156872e-06 4.864129e-06 3.156872e+00 4.750977e+00 12     8.021000e-06 7.907848e+00
195 19 1488.33 0.24 0.950000 8 -1.0 9099        1417.093 182 5.749041e-06 4.470770e-06 5.749041e+00 3.937988e+00 11     1.021981e-05 9.687029e+00
195 19 1488.35 0.24 0.950000 8 -1.0 11383        1421.012 180 2.786810e-06 6.946010e-06 2.786810e+00 4.270020e+00 10     9.732820e-06 7.056830e+00
195 19 1488.35 0.24 0.950000 8 -1.0 19603        1416.694 179 2.856003e-06 6.424086e-06 2.856003e+00 4.863281e+00 9     9.280089e-06 7.719284e+00
195 19 1488.45 0.24 0.950000 8 -1.0 6480        1416.237 173 3.633546e-06 6.166878e-06 3.633545e+00 4.707031e+00 9     9.800424e-06 8.340577e+00
195 19 1488.46 0.24 0.950000 8 -1.0 4931        1415.914 181 3.232620e-06 4.839537e-06 3.232620e+00 4.545898e+00 7     8.072157e-06 7.778519e+00
195 19 1488.48 0.24 0.950000 8 -1.0 16467        1416.133 179 4.105317e-06 4.170816e-06 4.105317e+00 4.180908e+00 7     8.276133e-06 8.286225e+00
195 19 1488.48 0.24 0.950000 8 -1.0 9946        1414.773 176 2.655836e-06 5.388466e-06 2.655836e+00 5.078125e+00 7     8.044301e-06 7.733961e+00
195 19 1488.50 0.24 0.950000 8 -1.0 19800        1415.473 179 3.053578e-06 6.081151e-06 3.053578e+00 4.265137e+00 11     9.134729e-06 7.318714e+00
195 19 1488.51 0.24 0.950000 8 -1.0 7553        1415.366 177 3.024059e-06 6.245355e-06 3.024059e+00 5.058594e+00 7     9.269414e-06 8.082653e+00
195 19 1488.55 0.24 0.950000 8 -1.0 5084        1417.170 178 3.350060e-06 5.643922e-06 3.350060e+00 3.544922e+00 10     8.993982e-06 6.894982e+00
195 19 1488.56 0.24 0.950000 8 -1.0 13673        1414.824 178 2.928242e-06 6.223940e-06 2.928242e+00 4.631348e+00 9     9.152182e-06 7.559589e+00
195 19 1488.56 0.24 0.950000 8 -1.0 4076        1414.537 177 4.346523e-06 3.304166e-06 4.346522e+00 3.205566e+00 10     7.650689e-06 7.552089e+00
195 19 1488.57 0.24 0.950000 8 -1.0 15365        1414.230 178 3.049813e-06 6.227153e-06 3.049812e+00 4.370117e+00 15     9.276965e-06 7.419930e+00
195 19 1488.58 0.24 0.950000 8 -1.0 18087        1419.867 176 2.431470e-06 7.380588e-06 2.431470e+00 4.667969e+00 10     9.812058e-06 7.099439e+00
195 19 1488.58 0.24 0.950000 8 -1.0 4229        1418.873 181 2.663481e-06 6.126347e-06 2.663481e+00 5.314941e+00 7     8.789829e-06 7.978423e+00
195 19 1488.64 0.24 0.950000 8 -1.0 19707        1414.219 176 3.404143e-06 6.894539e-06 3.404142e+00 4.824219e+00 7     1.029868e-05 8.228361e+00
195 19 1488.64 0.24 0.950000 8 -1.0 7488        1418.187 180 3.412708e-06 5.005395e-06 3.412708e+00 4.149170e+00 8     8.418103e-06 7.561878e+00
195 19 1488.65 0.24 0.950000 8 -1.0 17345        1415.786 177 3.320462e-06 5.629434e-06 3.320461e+00 4.726562e+00 8     8.949896e-06 8.047024e+00
195 19 1488.65 0.24 0.950000 8 -1.0 5814        1416.388 177 3.142202e-06 6.328850e-06 3.142202e+00 4.956055e+00 8     9.471052e-06 8.098257e+00
195 19 1488.68 0.24 0.950000 8 -1.0 13288        1415.192 175 3.222491e-06 6.579251e-06 3.222491e+00 4.873047e+00 7     9.801742e-06 8.095538e+00
195 19 1488.68 0.24 0.950000 8 -1.0 19793        1414.912 176 3.860919e-06 5.161917e-06 3.860919e+00 3.963623e+00 9     9.022836e-06 7.824542e+00
195 19 1488.71 0.24 0.950000 8 -1.0 5867        1414.434 177 3.420650e-06 6.361478e-06 3.420650e+00 4.296875e+00 8     9.782128e-06 7.717525e+00
195 19 1488.74 0.24 0.950000 8 -1.0 17270        1419.998 178 3.130572e-06 6.011930e-06 3.130572e+00 4.462891e+00 11     9.142501e-06 7.593462e+00
195 19 1488.74 0.24 0.950000 8 -1.0 2941        1419.278 180 3.378790e-06 5.345954e-06 3.378790e+00 4.107666e+00 9     8.724744e-06 7.486456e+00
195 19 1488.75 0.24 0.950000 8 -1.0 8085        1422.850 173 3.649840e-06 5.147900e-06 3.649840e+00 3.787842e+00 8     8.797740e-06 7.437682e+00
195 19 1488.76 0.24 0.950000 8 -1.0 12491        1416.080 179 3.092261e-06 6.400417e-06 3.092261e+00 5.329590e+00 9     9.492678e-06 8.421851e+00
195 19 1488.76 0.24 0.950000 8 -1.0 5337        1417.056 185 3.044143e-06 5.188609e-06 3.044143e+00 4.270020e+00 8     8.232752e-06 7.314163e+00
195 19 1488.77 0.24 0.950000 8 -1.0 2778        1418.475 178 4.491136e-06 3.996919e-06 4.491136e+00 3.571777e+00 10     8.488055e-06 8.062913e+00
195 19 1488.78 0.24 0.950000 8 -1.0 6879        1420.575 184 2.949167e-06 7.417660e-06 2.949167e+00 5.620117e+00 8     1.036683e-05 8.569284e+00
195 19 1488.78 0.24 0.950000 8 -1.0 9956        1416.093 176 2.801085e-06 7.001506e-06 2.801084e+00 4.936523e+00 8     9.802591e-06 7.737608e+00
195 19 1488.81 0.24 0.950000 8 -1.0 10619        1417.211 176 4.157388e-06 4.857814e-06 4.157388e+00 4.348145e+00 11     9.015203e-06 8.505533e+00
195 19 1488.81 0.24 0.950000 8 -1.0 3414        1415.660 175 3.816822e-06 5.570893e-06 3.816821e+00 4.101562e+00 9     9.387714e-06 7.918384e+00
195 19 1488.81 0.24 0.950000 8 -1.0 4579        1419.849 179 3.660736e-06 5.510559e-06 3.660736e+00 3.699951e+00 11     9.171295e-06 7.360687e+00
195 19 1488.83 0.24 0.950000 8 -1.0 6609        1418.581 175 3.787548e-06 5.235054e-06 3.787548e+00 4.263916e+00 10     9.022602e-06 8.051464e+00
195 19 1488.84 0.24 0.950000 8 -1.0 9608        1415.737 179 3.429023e-06 4.271566e-06 3.429023e+00 3.510742e+00 12     7.700589e-06 6.939765e+00
195 19 1488.85 0.24 0.950000 8 -1.0 2721        1415.425 172 3.771732e-06 4.840430e-06 3.771732e+00 3.763428e+00 8     8.612162e-06 7.535159e+00
195 19 1488.86 0.24 0.950000 8 -1.0 1831        1419.113 177 4.635001e-06 3.678397e-06 4.635001e+00 3.205566e+00 14     8.313399e-06 7.840567e+00
195 19 1488.89 0.24 0.950000 8 -1.0 1528        1416.814 172 5.155019e-06 3.639421e-06 5.155019e+00 2.740479e+00 17     8.794441e-06 7.895497e+00
195 19 1488.94 0.24 0.950000 8 -1.0 13051        1416.064 172 3.630001e-06 4.516590e-06 3.630001e+00 3.909912e+00 15     8.146591e-06 7.539913e+00
195 19 1488.94 0.24 0.950000 8 -1.0 17926        1420.263 180 2.676759e-06 6.928921e-06 2.676759e+00 5.607910e+00 8     9.605680e-06 8.284669e+00
195 19 1488.94 0.24 0.950000 8 -1.0 2224        1415.879 174 4.503177e-06 3.279578e-06 4.503177e+00 3.476562e+00 10     7.782756e-06 7.979740e+00
195 19 1488.97 0.24 0.950000 8 -1.0 19870        1417.441 177 3.319335e-06 5.613645e-06 3.319335e+00 4.770508e+00 9     8.932980e-06 8.089843e+00
195 19 1488.98 0.24 0.950000 8 -1.0 18770        1414.712 181 4.007084e-06 5.436041e-06 4.007084e+00 3.941650e+00 10     9.443125e-06 7.948734e+00
195 19 1488.98 0.24 0.950000 8 -1.0 19602        1416.880 172 3.291018e-06 5.153611e-06 3.291018e+00 3.708496e+00 9     8.444629e-06 6.999514e+00
195 21 1488.16 0.24 0.950000 8 -1.0 16311        1415.589 176 2.279180e-06 6.846623e-06 2.279180e+00 5.129395e+00 16     9.125803e-06 7.408574e+00
195 21 1488.18 0.24 0.950000 8 -1.0 2252        1414.323 177 3.754666e-06 4.493728e-06 3.754665e+00 3.951416e+00 10     8.248393e-06 7.706081e+00
195 21 1488.21 0.24 0.950000 8 -1.0 11687        1415.487 176 4.044256e-06 4.519613e-06 4.044256e+00 4.060059e+00 10     8.563868e-06 8.104314e+00
195 21 1488.23 0.24 0.950000 8 -1.0 5809        1421.139 179 3.702577e-06 4.800828e-06 3.702577e+00 5.124512e+00 8     8.503404e-06 8.827088e+00
195 21 1488.26 0.24 0.950000 8 -1.0 2915        1416.995 179 3.958991e-06 5.517118e-06 3.958991e+00 3.243408e+00 10     9.476109e-06 7.202399e+00
195 21 1488.28 0.24 0.950000 8 -1.0 2224        1419.760 177 4.800564e-06 4.314428e-06 4.800564e+00 2.543945e+00 11     9.114992e-06 7.344509e+00
195 21 1488.33 0.24 0.950000 8 -1.0 13684        1415.334 180 3.087437e-06 7.218708e-06 3.087437e+00 6.435547e+00 7     1.030615e-05 9.522984e+00
195 21 1488.35 0.24 0.950000 8 -1.0 18376        1415.183 177 2.709371e-06 6.980662e-06 2.709371e+00 5.104980e+00 11     9.690033e-06 7.814352e+00
195 21 1488.35 0.24 0.950000 8 -1.0 3951        1418.619 177 2.720121e-06 7.129744e-06 2.720121e+00 5.517578e+00 8     9.849865e-06 8.237699e+00
195 21 1488.45 0.24 0.950000 8 -1.0 15497        1416.886 173 3.761760e-06 5.499282e-06 3.761760e+00 5.170898e+00 8     9.261042e-06 8.932658e+00
195 21 1488.46 0.24 0.950000 8 -1.0 3886        1414.728 177 3.510868e-06 3.864651e-06 3.510868e+00 3.820801e+00 10     7.375519e-06 7.331669e+00
195 21 1488.48 0.24 0.950000 8 -1.0 4883        1415.448 179 3.617102e-06 5.807290e-06 3.617102e+00 4.331055e+00 9     9.424392e-06 7.948156e+00
195 21 1488.48 0.24 0.950000 8 -1.0 9555        1416.301 177 3.753565e-06 4.544591e-06 3.753565e+00 3.769531e+00 11     8.298156e-06 7.523096e+00
195 21 1488.50 0.24 0.950000 8 -1.0 13893        1415.636 179 2.901413e-06 5.706647e-06 2.901413e+00 4.824219e+00 8     8.608060e-06 7.725632e+00
195 21 1488.51 0.24 0.950000 8 -1.0 9976        1417.913 180 3.183254e-06 6.798870e-06 3.183254e+00 4.704590e+00 10     9.982124e-06 7.887844e+00
195 21 1488.55 0.24 0.950000 8 -1.0 16467        1414.712 177 4.056369e-06 5.181480e-06 4.056368e+00 4.243164e+00 9     9.237849e-06 8.299532e+00
195 21 1488.56 0.24 0.950000 8 -1.0 11887        1421.028 178 2.887131e-06 6.305810e-06 2.887131e+00 4.826660e+00 9     9.192941e-06 7.713791e+00
195 21 1488.56 0.24 0.950000 8 -1.0 16732        1415.314 178 2.638713e-06 7.653292e-06 2.638713e+00 5.161133e+00 13     1.029200e-05 7.799846e+00
195 21 1488.57 0.24 0.950000 8 -1.0 18920        1416.729 177 2.738297e-06 6.804865e-06 2.738297e+00 4.997559e+00 11     9.543162e-06 7.735856e+00
195 21 1488.58 0.24 0.950000 8 -1.0 14983        1416.477 175 3.804239e-06 5.616778e-06 3.804239e+00 3.808594e+00 8     9.421017e-06 7.612833e+00
195 21 1488.58 0.24 0.950000 8 -1.0 3732        1414.285 178 3.294352e-06 6.451729e-06 3.294352e+00 4.332275e+00 9     9.746081e-06 7.626627e+00
195 21 1488.64 0.24 0.950000 8 -1.0 11741        1419.584 179 3.019893e-06 5.845110e-06 3.019892e+00 4.943848e+00 7     8.865002e-06 7.963740e+00
195 21 1488.64 0.24 0.950000 8 -1.0 11979        1415.573 177 2.968824e-06 7.739846e-06 2.968824e+00 5.468750e+00 7     1.070867e-05 8.437574e+00
195 21 1488.65 0.24 0.950000 8 -1.0 18311        1418.265 174 2.865915e-06 6.787963e-06 2.865915e+00 5.051270e+00 12     9.653879e-06 7.917185e+00
195 21 1488.65 0.24 0.950000 8 -1.0 5949        1420.607 176 3.160963e-06 6.438473e-06 3.160963e+00 3.925781e+00 9     9.599436e-06 7.086744e+00
195 21 1488.68 0.24 0.950000 8 -1.0 15556        1420.649 180 2.655112e-06 8.064599e-06 2.655111e+00 4.892578e+00 11     1.071971e-05 7.547690e+00
195 21 1488.68 0.24 0.950000 8 -1.0 3022        1417.719 178 4.038284e-06 4.816179e-06 4.038284e+00 3.527832e+00 12     8.854464e-06 7.566116e+00
195 21 1488.71 0.24 0.950000 8 -1.0 19783        1419.948 175 3.016111e-06 7.069296e-06 3.016111e+00 4.505615e+00 9     1.008541e-05 7.521726e+00
195 21 1488.74 0.24 0.950000 8 -1.0 14024        1418.056 177 3.597164e-06 5.497555e-06 3.597164e+00 4.921875e+00 7     9.094719e-06 8.519039e+00
195 21 1488.74 0.24 0.950000 8 -1.0 19206        1417.171 178 3.743470e-06 5.263722e-06 3.743470e+00 4.045410e+00 10     9.007192e-06 7.788880e+00
195 21 1488.75 0.24 0.950000 8 -1.0 4457        1420.447 172 3.562240e-06 5.316408e-06 3.562239e+00 3.767090e+00 9     8.878647e-06 7.329329e+00
195 21 1488.76 0.24 0.950000 8 -1.0 2702        1417.302 177 4.559947e-06 4.533469e-06 4.559946e+00 3.395996e+00 12     9.093416e-06 7.955943e+00
195 21 1488.76 0.24 0.950000 8 -1.0 9419        1422.138 180 3.378665e-06 5.766716e-06 3.378665e+00 4.768066e+00 9     9.145381e-06 8.146731e+00
195 21 1488.77 0.24 0.950000 8 -1.0 6218        1418.913 178 2.571266e-06 8.089290e-06 2.571266e+00 5.151367e+00 9     1.066056e-05 7.722633e+00
195 21 1488.78 0.24 0.950000 8 -1.0 18405        1416.642 181 2.949844e-06 7.878509e-06 2.949844e+00 4.890137e+00 10     1.082835e-05 7.839981e+00
195 21 1488.78 0.24 0.950000 8 -1.0 7822        1415.919 179 2.681700e-06 7.501653e-06 2.681699e+00 4.475098e+00 11     1.018335e-05 7.156797e+00
195 21 1488.81 0.24 0.950000 8 -1.0 10514        1416.577 178 3.489687e-06 5.583847e-06 3.489687e+00 4.645996e+00 8     9.073534e-06 8.135683e+00
195 21 1488.81 0.24 0.950000 8 -1.0 3135        1416.393 178 4.433850e-06 3.957873e-06 4.433850e+00 3.928223e+00 11     8.391723e-06 8.362073e+00
195 21 1488.81 0.24 0.950000 8 -1.0 3392        1415.222 176 4.174135e-06 5.304496e-06 4.174134e+00 4.028320e+00 8     9.478631e-06 8.202455e+00
195 21 1488.83 0.24 0.950000 8 -1.0 8917        1418.360 173 3.823196e-06 5.769980e-06 3.823195e+00 4.362793e+00 10     9.593176e-06 8.185988e+00
195 21 1488.84 0.24 0.950000 8 -1.0 18750        1416.239 180 3.127929e-06 5.019150e-06 3.127929e+00 4.450684e+00 9     8.147079e-06 7.578612e+00
195 21 1488.85 0.24 0.950000 8 -1.0 8374        1414.943 173 3.520395e-06 4.911553e-06 3.520394e+00 4.279785e+00 8     8.431948e-06 7.800180e+00
195 21 1488.86 0.24 0.950000 8 -1.0 16929        1415.252 178 3.483662e-06 5.606634e-06 3.483662e+00 4.069824e+00 10     9.090295e-06 7.553486e+00
195 21 1488.89 0.24 0.950000 8 -1.0 2436        1415.870 174 4.414775e-06 4.944670e-06 4.414775e+00 3.428955e+00 11     9.359445e-06 7.843730e+00
195 21 1488.94 0.24 0.950000 8 -1.0 18866        1415.947 176 3.131572e-06 6.175377e-06 3.131571e+00 5.087891e+00 9     9.306949e-06 8.219462e+00
195 21 1488.94 0.24 0.950000 8 -1.0 7246        1419.437 175 4.525749e-06 3.459979e-06 4.525748e+00 3.084717e+00 10     7.985728e-06 7.610465e+00
195 21 1488.94 0.24 0.950000 8 -1.0 7472        1414.593 177 3.256022e-06 5.272122e-06 3.256021e+00 4.014893e+00 8     8.528143e-06 7.270914e+00
195 21 1488.97 0.24 0.950000 8 -1.0 16021        1415.480 178 2.832823e-06 6.597833e-06 2.832823e+00 4.926758e+00 10     9.430656e-06 7.759581e+00
195 21 1488.98 0.24 0.950000 8 -1.0 16586        1417.138 174 3.798115e-06 4.054601e-06 3.798114e+00 3.289795e+00 8     7.852716e-06 7.087909e+00
195 21 1488.98 0.24 0.950000 8 -1.0 3377        1417.101 180 3.471396e-06 6.038273e-06 3.471396e+00 4.458008e+00 8     9.509669e-06 7.929404e+00
195 23 1488.16 0.24 0.950000 8 -1.0 11889        1420.035 178 2.972679e-06 5.206806e-06 2.972679e+00 4.660645e+00 8     8.179485e-06 7.633324e+00
195 23 1488.18 0.24 0.950000 8 -1.0 4231        1416.486 175 3.282120e-06 6.035813e-06 3.282120e+00 3.696289e+00 12     9.317934e-06 6.978409e+00
195 23 1488.21 0.24 0.950000 8 -1.0 3426        1416.315 175 4.053080e-06 4.053233e-06 4.053079e+00 3.671875e+00 11     8.106312e-06 7.724954e+00
195 23 1488.23 0.24 0.950000 8 -1.0 14667        1416.271 181 2.787125e-06 6.876211e-06 2.787125e+00 5.852051e+00 10     9.663336e-06 8.639176e+00
195 23 1488.26 0.24 0.950000 8 -1.0 1954        1414.195 175 4.073578e-06 4.734109e-06 4.073578e+00 3.967285e+00 10     8.807687e-06 8.040863e+00
195 23 1488.28 0.24 0.950000 8 -1.0 8695        1414.524 177 4.131908e-06 3.784446e-06 4.131907e+00 4.160156e+00 7     7.916354e-06 8.292064e+00
195 23 1488.33 0.24 0.950000 8 -1.0 19174        1414.358 179 5.300117e-06 4.500240e-06 5.300116e+00 3.891602e+00 13     9.800357e-06 9.191718e+00
195 23 1488.35 0.24 0.950000 8 -1.0 19989        1415.836 178 3.093761e-06 5.660324e-06 3.093761e+00 4.245605e+00 12     8.754084e-06 7.339366e+00
195 23 1488.35 0.24 0.950000 8 -1.0 9814        1417.196 177 2.402097e-06 8.271316e-06 2.402097e+00 5.341797e+00 9     1.067341e-05 7.743894e+00
195 23 1488.45 0.24 0.950000 8 -1.0 16207        1416.412 174 3.615394e-06 5.654714e-06 3.615394e+00 4.434814e+00 10     9.270109e-06 8.050209e+00
195 23 1488.46 0.24 0.950000 8 -1.0 12841        1416.724 177 2.753194e-06 5.486016e-06 2.753194e+00 4.868164e+00 9     8.239210e-06 7.621358e+00
195 23 1488.48 0.24 0.950000 8 -1.0 10556        1420.201 174 3.527331e-06 4.751678e-06 3.527330e+00 3.962402e+00 9     8.279009e-06 7.489733e+00
195 23 1488.48 0.24 0.950000 8 -1.0 16455        1414.084 173 4.177693e-06 4.655406e-06 4.177692e+00 3.768311e+00 13     8.833099e-06 7.946003e+00
195 23 1488.50 0.24 0.950000 8 -1.0 15363        1415.307 180 3.562474e-06 4.928921e-06 3.562474e+00 3.764648e+00 11     8.491395e-06 7.327122e+00
195 23 1488.51 0.24 0.950000 8 -1.0 1852        1416.479 175 5.519438e-06 4.973516e-06 5.519438e+00 3.121338e+00 11     1.049295e-05 8.640776e+00
195 23 1488.55 0.24 0.950000 8 -1.0 19692        1416.137 177 3.443160e-06 6.456473e-06 3.443159e+00 4.332275e+00 8     9.899633e-06 7.775435e+00
195 23 1488.56 0.24 0.950000 8 -1.0 3345        1414.216 177 3.538047e-06 5.880761e-06 3.538047e+00 4.453125e+00 10     9.418808e-06 7.991172e+00
195 23 1488.56 0.24 0.950000 8 -1.0 6330        1415.992 178 3.365020e-06 5.306626e-06 3.365020e+00 4.271240e+00 8     8.671645e-06 7.636260e+00
195 23 1488.57 0.24 0.950000 8 -1.0 12879        1414.296 178 2.698707e-06 7.846992e-06 2.698707e+00 4.975586e+00 8     1.054570e-05 7.674293e+00
195 23 1488.58 0.24 0.950000 8 -1.0 4336        1424.984 176 2.593621e-06 5.886562e-06 2.593621e+00 5.517578e+00 8     8.480182e-06 8.111199e+00
195 23 1488.58 0.24 0.950000 8 -1.0 5301        1416.193 179 4.049065e-06 5.039112e-06 4.049065e+00 3.789062e+00 9     9.088177e-06 7.838127e+00
195 23 1488.64 0.24 0.950000 8 -1.0 18873        1415.572 177 2.855050e-06 7.355310e-06 2.855050e+00 4.799805e+00 9     1.021036e-05 7.654854e+00
195 23 1488.64 0.24 0.950000 8 -1.0 5361        1414.535 177 3.945837e-06 4.051912e-06 3.945837e+00 3.769531e+00 12     7.997749e-06 7.715368e+00
195 23 1488.65 0.24 0.950000 8 -1.0 13368        1418.299 174 3.520731e-06 5.437823e-06 3.520731e+00 4.252930e+00 10     8.958554e-06 7.773660e+00
195 23 1488.65 0.24 0.950000 8 -1.0 6050        1415.382 176 3.551901e-06 5.165446e-06 3.551901e+00 3.676758e+00 9     8.717347e-06 7.228659e+00
195 23 1488.68 0.24 0.950000 8 -1.0 13019        1414.993 179 3.921598e-06 6.336362e-06 3.921598e+00 4.450684e+00 9     1.025796e-05 8.372281e+00
195 23 1488.68 0.24 0.950000 8 -1.0 16601        1416.309 181 2.812827e-06 6.495113e-06 2.812827e+00 4.653320e+00 8     9.307940e-06 7.466147e+00
195 23 1488.71 0.24 0.950000 8 -1.0 5254        1417.860 177 3.381120e-06 6.494768e-06 3.381120e+00 3.779297e+00 10     9.875888e-06 7.160417e+00
195 23 1488.74 0.24 0.950000 8 -1.0 15652        1418.896 182 3.772442e-06 5.558182e-06 3.772442e+00 3.801270e+00 10     9.330624e-06 7.573712e+00
195 23 1488.74 0.24 0.950000 8 -1.0 7023        1417.164 176 3.354744e-06 5.698024e-06 3.354744e+00 4.147949e+00 10     9.052769e-06 7.502693e+00
195 23 1488.75 0.24 0.950000 8 -1.0 3856        1418.337 176 3.663243e-06 5.592656e-06 3.663243e+00 3.699951e+00 11     9.255899e-06 7.363194e+00
195 23 1488.76 0.24 0.950000 8 -1.0 13216        1414.964 181 4.213765e-06 4.849270e-06 4.213765e+00 5.690918e+00 8     9.063035e-06 9.904683e+00
195 23 1488.76 0.24 0.950000 8 -1.0 15821        1417.045 178 3.589225e-06 4.290002e-06 3.589225e+00 3.999023e+00 14     7.879228e-06 7.588249e+00
195 23 1488.77 0.24 0.950000 8 -1.0 2035        1416.181 177 4.544946e-06 3.660518e-06 4.544945e+00 3.427734e+00 12     8.205463e-06 7.972680e+00
195 23 1488.78 0.24 0.950000 8 -1.0 14541        1414.520 175 3.922703e-06 5.065690e-06 3.922703e+00 4.011230e+00 11     8.988393e-06 7.933933e+00
195 23 1488.78 0.24 0.950000 8 -1.0 18920        1416.019 180 4.105537e-06 6.060044e-06 4.105536e+00 4.338379e+00 8     1.016558e-05 8.443915e+00
195 23 1488.81 0.24 0.950000 8 -1.0 12013        1415.336 175 3.025882e-06 5.662450e-06 3.025882e+00 4.550781e+00 7     8.688332e-06 7.576664e+00
195 23 1488.81 0.24 0.950000 8 -1.0 14661        1416.594 177 3.287400e-06 6.412381e-06 3.287400e+00 3.955078e+00 11     9.699780e-06 7.242478e+00
195 23 1488.81 0.24 0.950000 8 -1.0 2504        1420.021 177 4.948136e-06 3.933297e-06 4.948136e+00 2.664795e+00 15     8.881433e-06 7.612930e+00
195 23 1488.83 0.24 0.950000 8 -1.0 3854        1416.228 176 3.432855e-06 5.267097e-06 3.432855e+00 4.367676e+00 8     8.699952e-06 7.800531e+00
195 23 1488.84 0.24 0.950000 8 -1.0 2377        1414.499 177 3.859990e-06 4.342655e-06 3.859990e+00 3.800049e+00 9     8.202646e-06 7.660039e+00
195 23 1488.85 0.24 0.950000 8 -1.0 19100        1415.202 174 3.419101e-06 4.816724e-06 3.419101e+00 3.945312e+00 11     8.235825e-06 7.364414e+00
195 23 1488.86 0.24 0.950000 8 -1.0 1214        1416.562 180 4.968160e-06 3.798346e-06 4.968160e+00 2.930908e+00 13     8.766506e-06 7.899068e+00
195 23 1488.89 0.24 0.950000 8 -1.0 16913        1415.506 172 3.084506e-06 6.227054e-06 3.084506e+00 4.384766e+00 9     9.311560e-06 7.469272e+00
195 23 1488.94 0.24 0.950000 8 -1.0 11251        1415.584 172 3.108197e-06 4.657185e-06 3.108197e+00 4.296875e+00 10     7.765382e-06 7.405072e+00
195 23 1488.94 0.24 0.950000 8 -1.0 12618        1418.189 169 4.286783e-06 3.600748e-06 4.286783e+00 3.833008e+00 8     7.887531e-06 8.119791e+00
195 23 1488.94 0.24 0.950000 8 -1.0 2922        1416.222 178 3.723562e-06 4.782316e-06 3.723562e+00 4.074707e+00 10     8.505878e-06 7.798269e+00
195 23 1488.97 0.24 0.950000 8 -1.0 15474        1414.695 178 3.057542e-06 5.878683e-06 3.057542e+00 4.290771e+00 11     8.936225e-06 7.348314e+00
195 23 1488.98 0.24 0.950000 8 -1.0 10138        1415.745 174 3.745501e-06 4.556553e-06 3.745501e+00 3.244629e+00 9     8.302053e-06 6.990129e+00
195 23 1488.98 0.24 0.950000 8 -1.0 3867        1415.016 181 3.930859e-06 5.005834e-06 3.930859e+00 4.267578e+00 9     8.936693e-06 8.198437e+00
195 3 1488.16 0.24 0.950000 8 -1.0 7470        1419.148 184 3.001722e-06 7.587597e-06 3.001722e+00 1.353516e+01 3     1.058932e-05 1.653688e+01
195 3 1488.18 0.24 0.950000 8 -1.0 4544        1416.896 178 2.707211e-06 7.348299e-06 2.707211e+00 1.315430e+01 3     1.005551e-05 1.586151e+01
195 3 1488.21 0.24 0.950000 8 -1.0 4850        1415.315 183 3.730773e-06 7.774843e-06 3.730772e+00 1.439453e+01 3     1.150562e-05 1.812530e+01
195 3 1488.23 0.24 0.950000 8 -1.0 11137        1416.224 177 4.613511e-06 7.033513e-06 4.613511e+00 1.298828e+01 3     1.164702e-05 1.760179e+01
195 3 1488.26 0.24 0.950000 8 -1.0 11779        1414.772 182 3.690970e-06 6.791035e-06 3.690969e+00 1.167480e+01 3     1.048200e-05 1.536577e+01
195 3 1488.28 0.24 0.950000 8 -1.0 10532        1416.084 182 4.054644e-06 5.760288e-06 4.054644e+00 1.368164e+01 3     9.814932e-06 1.773628e+01
195 3 1488.33 0.24 0.950000 8 -1.0 5565        1414.755 183 2.302127e-06 9.703099e-06 2.302127e+00 1.546875e+01 3     1.200523e-05 1.777088e+01
195 3 1488.35 0.24 0.950000 8 -1.0 10146        1414.364 179 3.501449e-06 6.736665e-06 3.501449e+00 1.208008e+01 3     1.023811e-05 1.558153e+01
195 3 1488.35 0.24 0.950000 8 -1.0 7515        1414.002 180 2.614294e-06 8.653590e-06 2.614294e+00 1.423828e+01 3     1.126788e-05 1.685258e+01
195 3 1488.45 0.24 0.950000 8 -1.0 13592        1415.100 178 2.119567e-06 1.049948e-05 2.119566e+00 1.329102e+01 3     1.261905e-05 1.541058e+01
195 3 1488.46 0.24 0.950000 8 -1.0 4339        1416.945 183 3.851581e-06 6.064097e-06 3.851581e+00 1.216797e+01 3     9.915678e-06 1.601955e+01
195 3 1488.48 0.24 0.950000 8 -1.0 4820        1418.040 178 4.750039e-06 6.272759e-06 4.750038e+00 1.395508e+01 3     1.102280e-05 1.870512e+01
195 3 1488.48 0.24 0.950000 8 -1.0 7028        1414.750 182 4.999680e-06 5.441171e-06 4.999679e+00 1.099609e+01 3     1.044085e-05 1.599577e+01
195 3 1488.50 0.24 0.950000 8 -1.0 10951        1414.548 186 4.596116e-06 5.687236e-06 4.596116e+00 1.045898e+01 3     1.028335e-05 1.505510e+01
195 3 1488.51 0.24 0.950000 8 -1.0 5082        1415.382 179 3.266882e-06 7.653811e-06 3.266882e+00 1.362305e+01 3     1.092069e-05 1.688993e+01
195 3 1488.55 0.24 0.950000 8 -1.0 5797        1415.731 182 4.820164e-06 7.597977e-06 4.820164e+00 1.378906e+01 3     1.241814e-05 1.860923e+01
195 3 1488.56 0.24 0.950000 8 -1.0 2843        1414.541 184 3.757541e-06 6.841015e-06 3.757541e+00 1.375977e+01 3     1.059856e-05 1.751731e+01
195 3 1488.56 0.24 0.950000 8 -1.0 7737        1414.852 182 3.800145e-06 7.024304e-06 3.800145e+00 1.522461e+01 3     1.082445e-05 1.902475e+01
195 3 1488.57 0.24 0.950000 8 -1.0 14378        1415.694 183 3.165373e-06 7.995204e-06 3.165373e+00 1.294922e+01 3     1.116058e-05 1.611459e+01
195 3 1488.58 0.24 0.950000 8 -1.0 4949        1416.205 182 3.644821e-06 7.589635e-06 3.644821e+00 1.107422e+01 3     1.123446e-05 1.471904e+01
195 3 1488.58 0.24 0.950000 8 -1.0 6902        1419.557 183 2.473588e-06 9.417116e-06 2.473587e+00 1.317383e+01 3     1.189070e-05 1.564742e+01
195 3 1488.64 0.24 0.950000 8 -1.0 15004        1416.991 179 4.338728e-06 6.816448e-06 4.338728e+00 1.261719e+01 3     1.115518e-05 1.695592e+01
195 3 1488.64 0.24 0.950000 8 -1.0 16162        1414.475 181 2.461322e-06 1.019182e-05 2.461321e+00 1.504883e+01 3     1.265314e-05 1.751015e+01
195 3 1488.65 0.24 0.950000 8 -1.0 13185        1414.989 180 3.936770e-06 8.145851e-06 3.936770e+00 1.287109e+01 3     1.208262e-05 1.680786e+01
195 3 1488.65 0.24 0.950000 8 -1.0 8893        1418.386 180 3.238706e-06 7.273730e-06 3.238705e+00 1.590820e+01 3     1.051244e-05 1.914691e+01
195 3 1488.68 0.24 0.950000 8 -1.0 3537        1415.364 183 5.262486e-06 6.028938e-06 5.262485e+00 1.254883e+01 3     1.129142e-05 1.781131e+01
195 3 1488.68 0.24 0.950000 8 -1.0 8695        1415.063 184 3.977186e-06 6.161530e-06 3.977186e+00 1.272461e+01 3     1.013872e-05 1.670180e+01
195 3 1488.71 0.24 0.950000 8 -1.0 7615        1415.851 181 3.167827e-06 7.843849e-06 3.167827e+00 1.140625e+01 3     1.101168e-05 1.457408e+01
195 3 1488.74 0.24 0.950000 8 -1.0 3655        1414.605 183 5.312022e-06 6.263033e-06 5.312021e+00 1.228516e+01 3     1.157505e-05 1.759718e+01
195 3 1488.74 0.24 0.950000 8 -1.0 8849        1416.436 180 3.173342e-06 7.792442e-06 3.173341e+00 1.424805e+01 3     1.096578e-05 1.742139e+01
195 3 1488.75 0.24 0.950000 8 -1.0 3059        1416.832 181 4.735287e-06 7.363515e-06 4.735287e+00 1.381836e+01 3     1.209880e-05 1.855365e+01
195 3 1488.76 0.24 0.950000 8 -1.0 1741        1416.056 183 2.127375e-06 9.941653e-06 2.127374e+00 1.467773e+01 3     1.206903e-05 1.680511e+01
195 3 1488.76 0.24 0.950000 8 -1.0 8042        1416.817 182 2.695277e-06 6.459031e-06 2.695277e+00 1.283691e+01 3     9.154309e-06 1.553219e+01
195 3 1488.77 0.24 0.950000 8 -1.0 7032        1420.854 180 4.124161e-06 7.438802e-06 4.124161e+00 1.145020e+01 3     1.156296e-05 1.557436e+01
195 3 1488.78 0.24 0.950000 8 -1.0 12252        1414.455 179 2.659894e-06 9.151578e-06 2.659894e+00 1.323242e+01 3     1.181147e-05 1.589232e+01
195 3 1488.78 0.24 0.950000 8 -1.0 13572        1419.311 183 2.512385e-06 1.178735e-05 2.512385e+00 1.360352e+01 3     1.429974e-05 1.611590e+01
195 3 1488.81 0.24 0.950000 8 -1.0 1960        1422.282 183 2.705788e-06 9.028659e-06 2.705788e+00 1.216797e+01 3     1.173445e-05 1.487376e+01
195 3 1488.81 0.24 0.950000 8 -1.0 3636        1414.568 182 2.793080e-06 8.271949e-06 2.793080e+00 1.395508e+01 3     1.106503e-05 1.674816e+01
195 3 1488.81 0.24 0.950000 8 -1.0 5473        1414.457 182 2.233742e-06 9.611000e-06 2.233742e+00 1.640625e+01 3     1.184474e-05 1.863999e+01
195 3 1488.83 0.24 0.950000 8 -1.0 11879        1414.921 178 2.354809e-06 9.168497e-06 2.354809e+00 1.347656e+01 3     1.152331e-05 1.583137e+01
195 3 1488.84 0.24 0.950000 8 -1.0 3660        1414.964 184 2.444630e-06 8.324348e-06 2.444629e+00 1.493164e+01 3     1.076898e-05 1.737627e+01
195 3 1488.85 0.24 0.950000 8 -1.0 5057        1415.393 183 2.014316e-06 9.966761e-06 2.014316e+00 1.377930e+01 3     1.198108e-05 1.579361e+01
195 3 1488.86 0.24 0.950000 8 -1.0 17134        1417.444 179 5.156390e-06 5.896181e-06 5.156390e+00 1.147461e+01 3     1.105257e-05 1.663100e+01
195 3 1488.89 0.24 0.950000 8 -1.0 14404        1416.424 182 2.494947e-06 9.892668e-06 2.494947e+00 1.578125e+01 3     1.238762e-05 1.827620e+01
195 3 1488.94 0.24 0.950000 8 -1.0 12084        1414.894 175 2.099142e-06 8.650762e-06 2.099142e+00 1.432617e+01 3     1.074990e-05 1.642531e+01
195 3 1488.94 0.24 0.950000 8 -1.0 13083        1416.377 182 6.869022e-06 0.000000e+00 6.869022e+00 0.000000e+00 3     6.869022e-06 6.869022e+00
195 3 1488.94 0.24 0.950000 8 -1.0 14831        1415.140 178 2.505096e-06 6.580116e-06 2.505095e+00 1.380859e+01 3     9.085212e-06 1.631369e+01
195 3 1488.97 0.24 0.950000 8 -1.0 12329        1415.423 180 3.797943e-06 7.161401e-06 3.797943e+00 1.334961e+01 3     1.095934e-05 1.714755e+01
195 3 1488.98 0.24 0.950000 8 -1.0 189        1415.176 186 4.230948e-06 5.357835e-06 4.230948e+00 1.197754e+01 3     9.588783e-06 1.620849e+01
195 3 1488.98 0.24 0.950000 8 -1.0 2126        1415.384 185 2.505370e-06 9.866329e-06 2.505370e+00 1.455078e+01 3     1.237170e-05 1.705615e+01
195 5 1488.16 0.24 0.950000 8 -1.0 9416        1414.835 178 3.668240e-06 4.848100e-06 3.668240e+00 5.893555e+00 5     8.516340e-06 9.561795e+00
195 5 1488.18 0.24 0.950000 8 -1.0 1988        1414.401 181 3.088330e-06 5.612882e-06 3.088330e+00 6.582031e+00 5     8.701212e-06 9.670361e+00
195 5 1488.21 0.24 0.950000 8 -1.0 6706        1414.412 175 3.439546e-06 4.998570e-06 3.439545e+00 5.913086e+00 5     8.438115e-06 9.352631e+00
195 5 1488.23 0.24 0.950000 8 -1.0 11280        1416.733 177 3.653584e-06 6.126356e-06 3.653584e+00 5.947266e+00 5     9.779941e-06 9.600850e+00
195 5 1488.26 0.24 0.950000 8 -1.0 18392        1416.332 180 4.205183e-06 4.814274e-06 4.205182e+00 5.600586e+00 5     9.019457e-06 9.805768e+00
195 5 1488.28 0.24 0.950000 8 -1.0 8750        1414.441 179 3.053974e-06 6.052556e-06 3.053973e+00 6.206055e+00 5     9.106529e-06 9.260028e+00
195 5 1488.33 0.24 0.950000 8 -1.0 13447        1415.013 181 5.261841e-06 5.842797e-06 5.261841e+00 6.318359e+00 5     1.110464e-05 1.158020e+01
195 5 1488.35 0.24 0.950000 8 -1.0 17636        1414.060 179 3.141781e-06 6.711661e-06 3.141781e+00 5.895996e+00 5     9.853442e-06 9.037777e+00
195 5 1488.35 0.24 0.950000 8 -1.0 8401        1416.579 179 3.678560e-06 5.901276e-06 3.678560e+00 6.245117e+00 5     9.579836e-06 9.923677e+00
195 5 1488.45 0.24 0.950000 8 -1.0 2231        1416.220 181 3.825503e-06 6.893163e-06 3.825503e+00 5.793457e+00 5     1.071867e-05 9.618960e+00
195 5 1488.46 0.24 0.950000 8 -1.0 15156        1417.640 180 3.162352e-06 4.920033e-06 3.162352e+00 5.349121e+00 5     8.082385e-06 8.511473e+00
195 5 1488.48 0.24 0.950000 8 -1.0 11915        1414.113 184 4.502003e-06 4.975631e-06 4.502003e+00 4.824219e+00 5     9.477634e-06 9.326222e+00
195 5 1488.48 0.24 0.950000 8 -1.0 2316        1414.480 176 3.243523e-06 6.297435e-06 3.243523e+00 5.517578e+00 5     9.540959e-06 8.761101e+00
195 5 1488.50 0.24 0.950000 8 -1.0 10078        1417.198 181 3.569283e-06 5.449340e-06 3.569283e+00 5.629883e+00 5     9.018624e-06 9.199166e+00
195 5 1488.51 0.24 0.950000 8 -1.0 2154        1414.309 178 3.632734e-06 6.655917e-06 3.632734e+00 5.959473e+00 5     1.028865e-05 9.592207e+00
195 5 1488.55 0.24 0.950000 8 -1.0 11388        1414.579 179 4.290943e-06 5.454645e-06 4.290943e+00 4.931641e+00 5     9.745588e-06 9.222584e+00
195 5 1488.56 0.24 0.950000 8 -1.0 2769        1415.526 181 3.397989e-06 6.110007e-06 3.397989e+00 6.335449e+00 5     9.507996e-06 9.733439e+00
195 5 1488.56 0.24 0.950000 8 -1.0 445        1418.338 180 3.858760e-06 6.811871e-06 3.858760e+00 7.409668e+00 5     1.067063e-05 1.126843e+01
195 5 1488.57 0.24 0.950000 8 -1.0 9990        1417.625 181 3.804230e-06 5.602243e-06 3.804230e+00 5.393066e+00 5     9.406473e-06 9.197296e+00
195 5 1488.58 0.24 0.950000 8 -1.0 13251        1418.927 183 4.313933e-06 4.861392e-06 4.313933e+00 5.180664e+00 5     9.175325e-06 9.494597e+00
195 5 1488.58 0.24 0.950000 8 -1.0 7595        1417.836 177 3.038310e-06 6.791184e-06 3.038310e+00 7.001953e+00 5     9.829494e-06 1.004026e+01
195 5 1488.64 0.24 0.950000 8 -1.0 14039        1415.830 179 3.369925e-06 6.571236e-06 3.369925e+00 6.196289e+00 5     9.941161e-06 9.566214e+00
195 5 1488.64 0.24 0.950000 8 -1.0 19779        1419.085 183 3.910140e-06 5.821584e-06 3.910140e+00 6.367188e+00 5     9.731724e-06 1.027733e+01
195 5 1488.65 0.24 0.950000 8 -1.0 15390        1420.646 177 3.209109e-06 6.717143e-06 3.209109e+00 5.556641e+00 5     9.926252e-06 8.765750e+00
195 5 1488.65 0.24 0.950000 8 -1.0 19556        1419.940 178 3.724773e-06 5.711277e-06 3.724773e+00 5.803223e+00 5     9.436049e-06 9.527995e+00
195 5 1488.68 0.24 0.950000 8 -1.0 17618        1420.153 181 3.796959e-06 5.963477e-06 3.796958e+00 5.512695e+00 5     9.760435e-06 9.309654e+00
195 5 1488.68 0.24 0.950000 8 -1.0 422        1419.208 181 3.354125e-06 6.495783e-06 3.354124e+00 6.630859e+00 5     9.849907e-06 9.984984e+00
195 5 1488.71 0.24 0.950000 8 -1.0 14229        1414.530 180 3.482357e-06 6.394033e-06 3.482357e+00 5.607910e+00 5     9.876390e-06 9.090267e+00
195 5 1488.74 0.24 0.950000 8 -1.0 5506        1414.745 180 3.469896e-06 5.421965e-06 3.469896e+00 5.437012e+00 5     8.891861e-06 8.906908e+00
195 5 1488.74 0.24 0.950000 8 -1.0 960        1414.301 183 4.407135e-06 4.478863e-06 4.407135e+00 5.253906e+00 5     8.885998e-06 9.661041e+00
195 5 1488.75 0.24 0.950000 8 -1.0 10586        1415.670 178 2.742936e-06 6.385586e-06 2.742936e+00 5.998535e+00 5     9.128522e-06 8.741471e+00
195 5 1488.76 0.24 0.950000 8 -1.0 3142        1416.978 181 2.814532e-06 5.787752e-06 2.814532e+00 6.772461e+00 5     8.602284e-06 9.586993e+00
195 5 1488.76 0.24 0.950000 8 -1.0 6276        1417.970 181 3.843997e-06 5.162267e-06 3.843997e+00 6.633301e+00 5     9.006265e-06 1.047730e+01
195 5 1488.77 0.24 0.950000 8 -1.0 19997        1415.362 178 2.317122e-06 8.258869e-06 2.317121e+00 7.448730e+00 5     1.057599e-05 9.765852e+00
195 5 1488.78 0.24 0.950000 8 -1.0 11229        1419.612 183 4.592645e-06 6.304409e-06 4.592645e+00 5.878906e+00 5     1.089705e-05 1.047155e+01
195 5 1488.78 0.24 0.950000 8 -1.0 16097        1416.378 175 3.023315e-06 5.979815e-06 3.023315e+00 5.981445e+00 5     9.003130e-06 9.004760e+00
195 5 1488.81 0.24 0.950000 8 -1.0 16515        1416.314 177 3.716097e-06 5.588197e-06 3.716097e+00 5.783691e+00 5     9.304294e-06 9.499789e+00
195 5 1488.81 0.24 0.950000 8 -1.0 5210        1419.928 182 3.790305e-06 5.170946e-06 3.790305e+00 4.916992e+00 5     8.961251e-06 8.707297e+00
195 5 1488.81 0.24 0.950000 8 -1.0 9654        1416.529 182 2.876187e-06 6.394261e-06 2.876187e+00 6.179199e+00 5     9.270448e-06 9.055386e+00
195 5 1488.83 0.24 0.950000 8 -1.0 16580        1419.828 178 3.569269e-06 6.047229e-06 3.569269e+00 5.917969e+00 5     9.616498e-06 9.487238e+00
195 5 1488.84 0.24 0.950000 8 -1.0 14430        1416.279 178 3.273354e-06 5.739734e-06 3.273354e+00 5.852051e+00 5     9.013089e-06 9.125405e+00
195 5 1488.85 0.24 0.950000 8 -1.0 11171        1414.480 183 3.557160e-06 5.429551e-06 3.557159e+00 5.722656e+00 5     8.986711e-06 9.279816e+00
195 5 1488.86 0.24 0.950000 8 -1.0 19242        1414.965 181 3.784437e-06 5.665816e-06 3.784436e+00 5.295410e+00 5     9.450252e-06 9.079847e+00
195 5 1488.89 0.24 0.950000 8 -1.0 1395        1418.221 183 3.503135e-06 5.641342e-06 3.503135e+00 6.899414e+00 5     9.144477e-06 1.040255e+01
195 5 1488.94 0.24 0.950000 8 -1.0 1873        1415.809 180 4.354030e-06 5.274686e-06 4.354029e+00 5.883789e+00 5     9.628715e-06 1.023782e+01
195 5 1488.94 0.24 0.950000 8 -1.0 5720        1423.573 176 2.553182e-06 5.813758e-06 2.553182e+00 6.625977e+00 5     8.366940e-06 9.179158e+00
195 5 1488.94 0.24 0.950000 8 -1.0 8518        1416.566 177 3.774547e-06 4.865933e-06 3.774547e+00 5.124512e+00 5     8.640480e-06 8.899059e+00
195 5 1488.97 0.24 0.950000 8 -1.0 17133        1414.629 179 2.926985e-06 7.643520e-06 2.926984e+00 7.094727e+00 5     1.057050e-05 1.002171e+01
195 5 1488.98 0.24 0.950000 8 -1.0 11773        1418.911 179 3.793879e-06 5.801852e-06 3.793879e+00 5.136719e+00 5     9.595730e-06 8.930597e+00
195 5 1488.98 0.24 0.950000 8 -1.0 13759        1417.452 183 4.240029e-06 5.079461e-06 4.240029e+00 5.180664e+00 5     9.319490e-06 9.420693e+00
195 7 1488.16 0.24 0.950000 8 -1.0 19780        1414.562 178 2.711344e-06 6.219590e-06 2.711344e+00 5.065918e+00 7     8.930934e-06 7.777262e+00
195 7 1488.18 0.24 0.950000 8 -1.0 13417        1419.928 177 3.961299e-06 4.595631e-06 3.961299e+00 4.099121e+00 7     8.556930e-06 8.060420e+00
195 7 1488.21 0.24 0.950000 8 -1.0 6921        1418.103 180 4.617209e-06 3.553332e-06 4.617209e+00 3.264160e+00 7     8.170541e-06 7.881369e+00
195 7 1488.23 0.24 0.950000 8 -1.0 15095        1417.232 178 3.516122e-06 4.983377e-06 3.516121e+00 4.616699e+00 7     8.499498e-06 8.132821e+00
195 7 1488.26 0.24 0.950000 8 -1.0 4691        1415.949 183 4.388496e-06 4.232534e-06 4.388496e+00 3.621826e+00 7     8.621030e-06 8.010322e+00
195 7 1488.28 0.24 0.950000 8 -1.0 3084        1418.281 181 3.875714e-06 4.961457e-06 3.875714e+00 4.536133e+00 7     8.837171e-06 8.411847e+00
195 7 1488.33 0.24 0.950000 8 -1.0 3255        1417.326 182 4.633793e-06 5.185303e-06 4.633793e+00 4.982910e+00 7     9.819096e-06 9.616703e+00
195 7 1488.35 0.24 0.950000 8 -1.0 19533        1416.823 180 2.555658e-06 7.708334e-06 2.555658e+00 6.044922e+00 7     1.026399e-05 8.600580e+00
195 7 1488.35 0.24 0.950000 8 -1.0 3164        1415.158 179 3.314987e-06 4.735131e-06 3.314987e+00 4.533691e+00 7     8.050118e-06 7.848678e+00
195 7 1488.45 0.24 0.950000 8 -1.0 19958        1415.203 176 3.254402e-06 7.825378e-06 3.254402e+00 4.948730e+00 7     1.107978e-05 8.203133e+00
195 7 1488.46 0.24 0.950000 8 -1.0 2510        1416.539 180 2.954268e-06 5.865099e-06 2.954268e+00 4.848633e+00 7     8.819368e-06 7.802901e+00
195 7 1488.48 0.24 0.950000 8 -1.0 17905        1416.016 176 4.169618e-06 5.549116e-06 4.169617e+00 4.560547e+00 7     9.718734e-06 8.730164e+00
195 7 1488.48 0.24 0.950000 8 -1.0 9729        1414.357 182 4.222115e-06 4.422188e-06 4.222115e+00 4.362793e+00 6     8.644303e-06 8.584907e+00
195 7 1488.50 0.24 0.950000 8 -1.0 5794        1416.273 180 3.131022e-06 5.602136e-06 3.131022e+00 5.295410e+00 7     8.733157e-06 8.426432e+00
195 7 1488.51 0.24 0.950000 8 -1.0 1016        1418.904 181 2.942931e-06 7.130656e-06 2.942931e+00 5.134277e+00 7     1.007359e-05 8.077209e+00
195 7 1488.55 0.24 0.950000 8 -1.0 8195        1419.199 176 3.557539e-06 6.051800e-06 3.557539e+00 4.672852e+00 7     9.609340e-06 8.230391e+00
195 7 1488.56 0.24 0.950000 8 -1.0 10989        1419.129 178 3.975247e-06 5.246892e-06 3.975246e+00 4.210205e+00 7     9.222139e-06 8.185452e+00
195 7 1488.56 0.24 0.950000 8 -1.0 13770        1416.756 179 2.539135e-06 7.591700e-06 2.539135e+00 5.388184e+00 7     1.013084e-05 7.927319e+00
195 7 1488.57 0.24 0.950000 8 -1.0 15831        1416.899 176 3.555652e-06 6.155621e-06 3.555652e+00 4.140625e+00 7     9.711273e-06 7.696277e+00
195 7 1488.58 0.24 0.950000 8 -1.0 19984        1414.509 177 3.297222e-06 5.627976e-06 3.297222e+00 4.938965e+00 7     8.925198e-06 8.236187e+00
195 7 1488.58 0.24 0.950000 8 -1.0 2903        1414.556 179 3.937764e-06 5.236678e-06 3.937764e+00 4.565430e+00 7     9.174442e-06 8.503194e+00
195 7 1488.64 0.24 0.950000 8 -1.0 18906        1415.071 179 2.992090e-06 6.904796e-06 2.992090e+00 5.144043e+00 7     9.896886e-06 8.136133e+00
195 7 1488.64 0.24 0.950000 8 -1.0 786        1414.298 182 4.923429e-06 3.714193e-06 4.923429e+00 3.218994e+00 7     8.637622e-06 8.142423e+00
195 7 1488.65 0.24 0.950000 8 -1.0 11586        1415.113 181 4.065119e-06 5.454095e-06 4.065119e+00 4.339600e+00 7     9.519215e-06 8.404719e+00
195 7 1488.65 0.24 0.950000 8 -1.0 19268        1415.912 175 3.386644e-06 5.512984e-06 3.386644e+00 4.982910e+00 7     8.899629e-06 8.369554e+00
195 7 1488.68 0.24 0.950000 8 -1.0 377        1414.982 183 3.530732e-06 5.697386e-06 3.530732e+00 4.926758e+00 7     9.228118e-06 8.457490e+00
195 7 1488.68 0.24 0.950000 8 -1.0 9908        1414.597 179 3.686038e-06 6.031299e-06 3.686038e+00 5.173340e+00 7     9.717337e-06 8.859377e+00
195 7 1488.71 0.24 0.950000 8 -1.0 18756        1418.602 175 2.928600e-06 6.777652e-06 2.928600e+00 5.373535e+00 7     9.706252e-06 8.302135e+00
195 7 1488.74 0.24 0.950000 8 -1.0 15386        1415.817 177 3.542722e-06 6.179446e-06 3.542722e+00 4.479980e+00 7     9.722168e-06 8.022703e+00
195 7 1488.74 0.24 0.950000 8 -1.0 763        1415.584 181 3.585574e-06 5.910429e-06 3.585574e+00 4.376221e+00 7     9.496004e-06 7.961795e+00
195 7 1488.75 0.24 0.950000 8 -1.0 10019        1423.729 180 2.797481e-06 6.612471e-06 2.797481e+00 4.530029e+00 7     9.409952e-06 7.327510e+00
195 7 1488.76 0.24 0.950000 8 -1.0 1204        1416.248 181 4.619252e-06 4.590578e-06 4.619252e+00 4.371338e+00 7     9.209830e-06 8.990589e+00
195 7 1488.76 0.24 0.950000 8 -1.0 1410        1419.816 182 3.674256e-06 5.145849e-06 3.674255e+00 5.229492e+00 7     8.820105e-06 8.903748e+00
195 7 1488.77 0.24 0.950000 8 -1.0 11765        1415.614 179 3.948390e-06 4.578545e-06 3.948390e+00 4.575195e+00 7     8.526935e-06 8.523585e+00
195 7 1488.78 0.24 0.950000 8 -1.0 3357        1414.782 183 3.960257e-06 6.390900e-06 3.960257e+00 5.173340e+00 7     1.035116e-05 9.133597e+00
195 7 1488.78 0.24 0.950000 8 -1.0 7121        1420.725 177 2.999067e-06 6.530240e-06 2.999067e+00 4.997559e+00 7     9.529307e-06 7.996625e+00
195 7 1488.81 0.24 0.950000 8 -1.0 13414        1414.463 175 4.455576e-06 4.574627e-06 4.455576e+00 3.588867e+00 7     9.030203e-06 8.044443e+00
195 7 1488.81 0.24 0.950000 8 -1.0 15280        1416.682 179 3.318773e-06 6.140123e-06 3.318773e+00 5.463867e+00 7     9.458896e-06 8.782640e+00
195 7 1488.81 0.24 0.950000 8 -1.0 5657        1418.792 180 3.241003e-06 6.445137e-06 3.241003e+00 4.772949e+00 7     9.686140e-06 8.013952e+00
195 7 1488.83 0.24 0.950000 8 -1.0 16253        1414.599 174 3.324275e-06 6.696433e-06 3.324275e+00 5.686035e+00 7     1.002071e-05 9.010310e+00
195 7 1488.84 0.24 0.950000 8 -1.0 8537        1414.683 181 3.283781e-06 4.821295e-06 3.283781e+00 4.897461e+00 7     8.105076e-06 8.181242e+00
195 7 1488.85 0.24 0.950000 8 -1.0 820        1415.475 183 3.170684e-06 4.833409e-06 3.170684e+00 4.543457e+00 7     8.004094e-06 7.714141e+00
195 7 1488.86 0.24 0.950000 8 -1.0 8633        1415.238 182 3.388502e-06 5.254931e-06 3.388502e+00 4.895020e+00 7     8.643434e-06 8.283522e+00
195 7 1488.89 0.24 0.950000 8 -1.0 10246        1414.618 174 2.561058e-06 7.423238e-06 2.561057e+00 5.751953e+00 7     9.984295e-06 8.313011e+00
195 7 1488.94 0.24 0.950000 8 -1.0 17307        1421.684 173 2.838151e-06 5.511305e-06 2.838151e+00 4.750977e+00 7     8.349456e-06 7.589127e+00
195 7 1488.94 0.24 0.950000 8 -1.0 5851        1415.135 174 2.508340e-06 6.736374e-06 2.508340e+00 5.683594e+00 7     9.244714e-06 8.191934e+00
195 7 1488.94 0.24 0.950000 8 -1.0 9149        1419.560 179 3.010315e-06 5.435284e-06 3.010315e+00 4.621582e+00 7     8.445599e-06 7.631897e+00
195 7 1488.97 0.24 0.950000 8 -1.0 4859        1416.719 181 3.041647e-06 7.273631e-06 3.041647e+00 4.982910e+00 7     1.031528e-05 8.024557e+00
195 7 1488.98 0.24 0.950000 8 -1.0 15051        1414.785 179 3.525866e-06 5.842227e-06 3.525865e+00 4.943848e+00 7     9.368093e-06 8.469713e+00
195 7 1488.98 0.24 0.950000 8 -1.0 18774        1416.133 175 3.696116e-06 4.645261e-06 3.696115e+00 3.409424e+00 7     8.341377e-06 7.105539e+00
195 9 1488.16 0.24 0.950000 8 -1.0 12878        1414.510 177 3.376155e-06 4.312788e-06 3.376155e+00 3.928223e+00 8     7.688943e-06 7.304378e+00
195 9 1488.18 0.24 0.950000 8 -1.0 6786        1417.882 177 3.122263e-06 4.929120e-06 3.122263e+00 5.100098e+00 9     8.051383e-06 8.222361e+00
195 9 1488.21 0.24 0.950000 8 -1.0 16453        1417.110 180 4.852666e-06 3.483387e-06 4.852666e+00 3.200684e+00 9     8.336053e-06 8.053349e+00
195 9 1488.23 0.24 0.950000 8 -1.0 3799        1415.034 179 4.715400e-06 3.877721e-06 4.715400e+00 3.615723e+00 8     8.593121e-06 8.331123e+00
195 9 1488.26 0.24 0.950000 8 -1.0 11136        1415.203 181 4.277871e-06 4.438889e-06 4.277871e+00 3.625488e+00 9     8.716761e-06 7.903360e+00
195 9 1488.28 0.24 0.950000 8 -1.0 9636        1414.585 176 2.792350e-06 5.995383e-06 2.792349e+00 4.560547e+00 8     8.787733e-06 7.352896e+00
195 9 1488.33 0.24 0.950000 8 -1.0 10208        1420.134 182 5.245028e-06 4.848978e-06 5.245027e+00 3.986816e+00 9     1.009401e-05 9.231844e+00
195 9 1488.35 0.24 0.950000 8 -1.0 15860        1414.266 180 2.378659e-06 7.498565e-06 2.378659e+00 5.444336e+00 9     9.877225e-06 7.822995e+00
195 9 1488.35 0.24 0.950000 8 -1.0 19481        1416.779 177 2.530211e-06 7.359741e-06 2.530211e+00 5.766602e+00 9     9.889952e-06 8.296813e+00
195 9 1488.45 0.24 0.950000 8 -1.0 16761        1417.479 175 4.331178e-06 4.851560e-06 4.331178e+00 4.268799e+00 8     9.182738e-06 8.599977e+00
195 9 1488.46 0.24 0.950000 8 -1.0 19270        1416.073 179 3.000754e-06 4.859862e-06 3.000754e+00 4.392090e+00 9     7.860615e-06 7.392843e+00
195 9 1488.48 0.24 0.950000 8 -1.0 11769        1418.319 181 3.396475e-06 7.078488e-06 3.396475e+00 5.512695e+00 7     1.047496e-05 8.909170e+00
195 9 1488.48 0.24 0.950000 8 -1.0 4578        1414.308 177 3.368364e-06 5.398518e-06 3.368364e+00 4.316406e+00 9     8.766882e-06 7.684770e+00
195 9 1488.50 0.24 0.950000 8 -1.0 11666        1415.405 179 3.117683e-06 5.754829e-06 3.117683e+00 4.333496e+00 9     8.872511e-06 7.451179e+00
195 9 1488.51 0.24 0.950000 8 -1.0 8297        1416.342 181 2.936623e-06 7.361674e-06 2.936622e+00 5.288086e+00 7     1.029830e-05 8.224708e+00
195 9 1488.55 0.24 0.950000 8 -1.0 14745        1414.173 183 3.373422e-06 6.680568e-06 3.373422e+00 4.472656e+00 8     1.005399e-05 7.846078e+00
195 9 1488.56 0.24 0.950000 8 -1.0 12392        1414.136 176 3.080158e-06 5.190727e-06 3.080158e+00 4.824219e+00 9     8.270884e-06 7.904376e+00
195 9 1488.56 0.24 0.950000 8 -1.0 4411        1420.540 178 3.492480e-06 5.633609e-06 3.492480e+00 4.327393e+00 9     9.126089e-06 7.819872e+00
195 9 1488.57 0.24 0.950000 8 -1.0 17955        1417.983 178 2.846336e-06 6.676920e-06 2.846336e+00 4.462891e+00 9     9.523256e-06 7.309227e+00
195 9 1488.58 0.24 0.950000 8 -1.0 2860        1415.736 177 2.936440e-06 6.726171e-06 2.936440e+00 5.119629e+00 8     9.662611e-06 8.056069e+00
195 9 1488.58 0.24 0.950000 8 -1.0 293        1415.711 181 6.146639e-06 3.540813e-06 6.146638e+00 2.654419e+00 9     9.687451e-06 8.801057e+00
195 9 1488.64 0.24 0.950000 8 -1.0 19433        1418.920 177 2.563495e-06 7.928744e-06 2.563495e+00 5.329590e+00 9     1.049224e-05 7.893085e+00
195 9 1488.64 0.24 0.950000 8 -1.0 581        1416.240 181 4.189581e-06 4.032087e-06 4.189581e+00 3.334961e+00 9     8.221668e-06 7.524542e+00
195 9 1488.65 0.24 0.950000 8 -1.0 12101        1415.781 179 3.252422e-06 6.526732e-06 3.252421e+00 5.207520e+00 6     9.779154e-06 8.459941e+00
195 9 1488.65 0.24 0.950000 8 -1.0 1336        1415.934 182 4.105353e-06 5.065631e-06 4.105353e+00 3.999023e+00 8     9.170984e-06 8.104376e+00
195 9 1488.68 0.24 0.950000 8 -1.0 14417        1416.131 178 2.718457e-06 6.220080e-06 2.718457e+00 5.000000e+00 7     8.938538e-06 7.718457e+00
195 9 1488.68 0.24 0.950000 8 -1.0 1703        1415.031 184 3.415062e-06 5.372500e-06 3.415061e+00 5.327148e+00 9     8.787562e-06 8.742210e+00
195 9 1488.71 0.24 0.950000 8 -1.0 1814        1415.086 175 4.402774e-06 5.299464e-06 4.402774e+00 3.737793e+00 9     9.702239e-06 8.140567e+00
195 9 1488.74 0.24 0.950000 8 -1.0 11133        1426.203 180 3.440512e-06 5.648830e-06 3.440512e+00 4.631348e+00 9     9.089342e-06 8.071860e+00
195 9 1488.74 0.24 0.950000 8 -1.0 9938        1416.476 178 3.368983e-06 5.534906e-06 3.368982e+00 4.014893e+00 9     8.903888e-06 7.383875e+00
195 9 1488.75 0.24 0.950000 8 -1.0 16421        1415.297 175 2.688278e-06 7.085795e-06 2.688278e+00 4.194336e+00 9     9.774074e-06 6.882614e+00
195 9 1488.76 0.24 0.950000 8 -1.0 3626        1419.359 182 2.670496e-06 5.522324e-06 2.670496e+00 4.770508e+00 8     8.192820e-06 7.441003e+00
195 9 1488.76 0.24 0.950000 8 -1.0 807        1416.251 182 4.616693e-06 4.490751e-06 4.616693e+00 3.193359e+00 9     9.107444e-06 7.810052e+00
195 9 1488.77 0.24 0.950000 8 -1.0 3989        1416.672 176 3.075852e-06 6.515689e-06 3.075852e+00 5.151367e+00 8     9.591541e-06 8.227219e+00
195 9 1488.78 0.24 0.950000 8 -1.0 509        1415.557 182 4.803125e-06 5.440045e-06 4.803125e+00 3.867188e+00 8     1.024317e-05 8.670312e+00
195 9 1488.78 0.24 0.950000 8 -1.0 8260        1421.469 179 2.756927e-06 7.585714e-06 2.756927e+00 5.449219e+00 7     1.034264e-05 8.206146e+00
195 9 1488.81 0.24 0.950000 8 -1.0 16823        1416.734 181 2.573472e-06 6.565000e-06 2.573471e+00 5.283203e+00 9     9.138472e-06 7.856675e+00
195 9 1488.81 0.24 0.950000 8 -1.0 2386        1420.680 181 3.153071e-06 7.090394e-06 3.153071e+00 4.672852e+00 8     1.024347e-05 7.825923e+00
195 9 1488.81 0.24 0.950000 8 -1.0 498        1414.886 178 4.936415e-06 4.410919e-06 4.936414e+00 3.078613e+00 9     9.347333e-06 8.015028e+00
195 9 1488.83 0.24 0.950000 8 -1.0 19755        1415.686 178 3.569634e-06 5.510922e-06 3.569634e+00 4.125977e+00 9     9.080556e-06 7.695610e+00
195 9 1488.84 0.24 0.950000 8 -1.0 1072        1414.898 177 3.161792e-06 5.325193e-06 3.161791e+00 4.227295e+00 8     8.486985e-06 7.389086e+00
195 9 1488.85 0.24 0.950000 8 -1.0 4139        1417.540 175 3.506869e-06 5.666535e-06 3.506869e+00 4.208984e+00 9     9.173405e-06 7.715854e+00
195 9 1488.86 0.24 0.950000 8 -1.0 2859        1422.042 181 3.107558e-06 6.671957e-06 3.107557e+00 5.366211e+00 8     9.779515e-06 8.473768e+00
195 9 1488.89 0.24 0.950000 8 -1.0 2703        1421.491 176 3.391242e-06 5.345175e-06 3.391242e+00 4.929199e+00 9     8.736416e-06 8.320441e+00
195 9 1488.94 0.24 0.950000 8 -1.0 14333        1417.829 177 3.413349e-06 5.296523e-06 3.413348e+00 4.576416e+00 7     8.709872e-06 7.989764e+00
195 9 1488.94 0.24 0.950000 8 -1.0 15774        1420.880 173 3.405813e-06 5.803946e-06 3.405813e+00 4.748535e+00 9     9.209759e-06 8.154348e+00
195 9 1488.94 0.24 0.950000 8 -1.0 4110        1415.528 178 3.276237e-06 4.758592e-06 3.276237e+00 4.338379e+00 8     8.034829e-06 7.614616e+00
195 9 1488.97 0.24 0.950000 8 -1.0 9701        1415.075 176 2.710340e-06 6.604061e-06 2.710340e+00 5.144043e+00 8     9.314401e-06 7.854383e+00
195 9 1488.98 0.24 0.950000 8 -1.0 8288        1415.417 180 4.210552e-06 4.193754e-06 4.210552e+00 4.086914e+00 8     8.404306e-06 8.297466e+00
195 9 1488.98 0.24 0.950000 8 -1.0 9015        1415.925 179 3.695518e-06 4.507635e-06 3.695518e+00 3.601074e+00 8     8.203154e-06 7.296592e+00
