150 11 1144.90 0.24 0.950000 8 -1.0 18895        1090.582 134 2.536212e-06 4.476805e-06 2.536211e+00 3.911133e+00 8     7.013017e-06 6.447344e+00
150 11 1144.92 0.24 0.950000 8 -1.0 3315        1088.226 139 2.586010e-06 4.137376e-06 2.586010e+00 3.090820e+00 8     6.723385e-06 5.676830e+00
150 11 1144.92 0.24 0.950000 8 -1.0 7194        1091.429 135 2.652529e-06 3.941193e-06 2.652529e+00 3.562012e+00 7     6.593721e-06 6.214540e+00
150 11 1144.96 0.24 0.950000 8 -1.0 15227        1089.123 137 3.409498e-06 3.842207e-06 3.409498e+00 2.729492e+00 10     7.251705e-06 6.138990e+00
150 11 1144.97 0.24 0.950000 8 -1.0 17490        1091.359 137 2.472353e-06 4.820994e-06 2.472353e+00 3.769531e+00 10     7.293347e-06 6.241884e+00
150 11 1144.99 0.24 0.950000 8 -1.0 11171        1092.091 139 3.556773e-06 4.020868e-06 3.556772e+00 2.941895e+00 7     7.577641e-06 6.498667e+00
150 11 1144.99 0.24 0.950000 8 -1.0 12216        1091.464 140 2.337326e-06 4.460100e-06 2.337326e+00 3.369141e+00 11     6.797426e-06 5.706467e+00
150 11 1144.99 0.24 0.950000 8 -1.0 1275        1095.481 136 4.398764e-06 2.513553e-06 4.398764e+00 1.975098e+00 10     6.912318e-06 6.373862e+00
150 11 1144.99 0.24 0.950000 8 -1.0 12874        1089.609 137 2.524460e-06 3.885521e-06 2.524460e+00 3.796387e+00 6     6.409982e-06 6.320847e+00
150 11 1144.99 0.24 0.950000 8 -1.0 6117        1089.495 136 2.392237e-06 4.334967e-06 2.392236e+00 3.728027e+00 7     6.727204e-06 6.120264e+00
150 11 1145.00 0.24 0.950000 8 -1.0 3068        1093.093 135 4.713687e-06 0.000000e+00 4.713687e+00 0.000000e+00 7     4.713687e-06 4.713687e+00
150 11 1145.00 0.24 0.950000 8 -1.0 5168        1093.191 136 2.135291e-06 5.135640e-06 2.135291e+00 3.273926e+00 8     7.270931e-06 5.409217e+00
150 11 1145.01 0.24 0.950000 8 -1.0 18287        1089.396 136 3.918516e-06 2.428384e-06 3.918516e+00 2.412109e+00 9     6.346900e-06 6.330625e+00
150 11 1145.01 0.24 0.950000 8 -1.0 19912        1090.435 139 3.549619e-06 4.120320e-06 3.549619e+00 3.610840e+00 10     7.669939e-06 7.160459e+00
150 11 1145.02 0.24 0.950000 8 -1.0 14403        1088.899 136 2.730794e-06 4.186782e-06 2.730794e+00 2.976074e+00 9     6.917576e-06 5.706868e+00
150 11 1145.03 0.24 0.950000 8 -1.0 10777        1094.208 137 2.019848e-06 5.233170e-06 2.019848e+00 3.432617e+00 9     7.253018e-06 5.452465e+00
150 11 1145.04 0.24 0.950000 8 -1.0 1276        1089.271 138 2.895670e-06 5.300772e-06 2.895669e+00 3.216553e+00 9     8.196442e-06 6.112222e+00
150 11 1145.04 0.24 0.950000 8 -1.0 18230        1090.018 138 2.246975e-06 3.596810e-06 2.246975e+00 3.920898e+00 10     5.843785e-06 6.167874e+00
150 11 1145.04 0.24 0.950000 8 -1.0 18996        1088.211 136 2.453214e-06 3.987999e-06 2.453214e+00 3.244629e+00 11     6.441213e-06 5.697843e+00
150 11 1145.04 0.24 0.950000 8 -1.0 9534        1095.027 136 2.776984e-06 3.448837e-06 2.776984e+00 2.934570e+00 10     6.225821e-06 5.711554e+00
150 11 1145.05 0.24 0.950000 8 -1.0 1508        1089.103 139 3.409516e-06 3.223810e-06 3.409516e+00 2.899170e+00 9     6.633326e-06 6.308686e+00
150 11 1145.05 0.24 0.950000 8 -1.0 19213        1091.824 134 2.436869e-06 5.016411e-06 2.436869e+00 3.148193e+00 10     7.453280e-06 5.585062e+00
150 11 1145.06 0.24 0.950000 8 -1.0 4795        1090.139 138 2.757799e-06 3.123040e-06 2.757799e+00 3.078613e+00 9     5.880839e-06 5.836412e+00
150 11 1145.07 0.24 0.950000 8 -1.0 11901        1090.031 136 2.348149e-06 4.738758e-06 2.348149e+00 3.510742e+00 9     7.086907e-06 5.858891e+00
150 11 1145.10 0.24 0.950000 8 -1.0 5165        1089.267 136 2.181966e-06 4.232907e-06 2.181966e+00 3.371582e+00 8     6.414873e-06 5.553548e+00
150 11 1145.10 0.24 0.950000 8 -1.0 7237        1088.934 133 2.357724e-06 4.397991e-06 2.357724e+00 3.253174e+00 8     6.755715e-06 5.610897e+00
150 11 1145.11 0.24 0.950000 8 -1.0 15889        1092.286 141 2.290125e-06 4.171531e-06 2.290125e+00 3.079834e+00 9     6.461656e-06 5.369959e+00
150 11 1145.11 0.24 0.950000 8 -1.0 4495        1088.495 137 3.354607e-06 2.828978e-06 3.354607e+00 2.905273e+00 9     6.183585e-06 6.259881e+00
150 11 1145.14 0.24 0.950000 8 -1.0 19253        1088.232 135 1.985998e-06 4.971981e-06 1.985998e+00 3.791504e+00 9     6.957978e-06 5.777501e+00
150 11 1145.14 0.24 0.950000 8 -1.0 19971        1093.945 138 2.397338e-06 3.606891e-06 2.397337e+00 3.165283e+00 11     6.004228e-06 5.562621e+00
150 11 1145.16 0.24 0.950000 8 -1.0 14905        1090.891 136 2.131543e-06 4.913144e-06 2.131543e+00 4.123535e+00 8     7.044687e-06 6.255078e+00
150 11 1145.16 0.24 0.950000 8 -1.0 18956        1090.311 135 2.485353e-06 5.167189e-06 2.485353e+00 3.317871e+00 8     7.652542e-06 5.803224e+00
150 11 1145.16 0.24 0.950000 8 -1.0 3048        1095.034 137 3.112791e-06 3.023866e-06 3.112790e+00 2.750244e+00 11     6.136657e-06 5.863035e+00
150 11 1145.19 0.24 0.950000 8 -1.0 14626        1088.883 134 2.372807e-06 4.403589e-06 2.372807e+00 3.291016e+00 7     6.776397e-06 5.663823e+00
150 11 1145.21 0.24 0.950000 8 -1.0 16382        1091.083 137 2.644718e-06 3.906929e-06 2.644718e+00 3.381348e+00 10     6.551647e-06 6.026065e+00
150 11 1145.22 0.24 0.950000 8 -1.0 19854        1088.553 134 2.504351e-06 4.410076e-06 2.504351e+00 3.369141e+00 10     6.914427e-06 5.873492e+00
150 11 1145.22 0.24 0.950000 8 -1.0 2989        1088.933 135 4.025703e-06 3.225701e-06 4.025703e+00 2.855225e+00 10     7.251404e-06 6.880927e+00
150 11 1145.23 0.24 0.950000 8 -1.0 4064        1088.445 137 3.045419e-06 3.678552e-06 3.045419e+00 2.901611e+00 11     6.723971e-06 5.947030e+00
150 11 1145.24 0.24 0.950000 8 -1.0 2453        1088.631 140 3.121540e-06 3.260125e-06 3.121540e+00 2.545166e+00 11     6.381665e-06 5.666706e+00
150 11 1145.24 0.24 0.950000 8 -1.0 5599        1088.122 135 2.664155e-06 4.007729e-06 2.664155e+00 2.690430e+00 7     6.671885e-06 5.354585e+00
150 11 1145.25 0.24 0.950000 8 -1.0 19741        1090.742 134 2.589363e-06 4.009252e-06 2.589363e+00 3.172607e+00 8     6.598615e-06 5.761971e+00
150 11 1145.26 0.24 0.950000 8 -1.0 13698        1088.365 136 2.791192e-06 3.477983e-06 2.791191e+00 2.924805e+00 8     6.269175e-06 5.715996e+00
150 11 1145.27 0.24 0.950000 8 -1.0 5798        1093.860 139 2.479990e-06 4.373492e-06 2.479989e+00 2.810059e+00 9     6.853482e-06 5.290048e+00
150 11 1145.28 0.24 0.950000 8 -1.0 16039        1092.918 136 2.687258e-06 3.907448e-06 2.687258e+00 2.712402e+00 9     6.594706e-06 5.399660e+00
150 11 1145.29 0.24 0.950000 8 -1.0 19149        1094.184 136 2.905491e-06 3.843638e-06 2.905491e+00 2.734375e+00 9     6.749129e-06 5.639866e+00
150 11 1145.30 0.24 0.950000 8 -1.0 2759        1089.365 138 2.994473e-06 3.962057e-06 2.994473e+00 3.215332e+00 7     6.956530e-06 6.209805e+00
150 11 1145.31 0.24 0.950000 8 -1.0 1636        1088.534 139 2.531796e-06 4.485757e-06 2.531796e+00 3.662109e+00 8     7.017553e-06 6.193905e+00
150 11 1145.33 0.24 0.950000 8 -1.0 478        1089.152 136 4.123342e-06 2.591349e-06 4.123342e+00 1.776123e+00 11     6.714691e-06 5.899465e+00
150 11 1145.35 0.24 0.950000 8 -1.0 1327        1091.247 135 3.348558e-06 2.141229e-06 3.348558e+00 2.023315e+00 11     5.489787e-06 5.371873e+00
150 11 1145.36 0.24 0.950000 8 -1.0 16510        1089.081 132 3.323549e-06 2.937958e-06 3.323549e+00 3.032227e+00 9     6.261506e-06 6.355775e+00
150 13 1144.90 0.24 0.950000 8 -1.0 12724        1090.399 136 5.325301e-06 0.000000e+00 5.325301e+00 0.000000e+00 9     5.325301e-06 5.325301e+00
150 13 1144.92 0.24 0.950000 8 -1.0 15047        1092.109 136 3.500503e-06 3.359309e-06 3.500503e+00 2.917480e+00 11     6.859812e-06 6.417983e+00
150 13 1144.92 0.24 0.950000 8 -1.0 16526        1088.895 135 2.800761e-06 3.775911e-06 2.800761e+00 2.617188e+00 9     6.576672e-06 5.417948e+00
150 13 1144.96 0.24 0.950000 8 -1.0 3599        1095.653 139 2.863626e-06 3.935098e-06 2.863625e+00 2.871094e+00 8     6.798723e-06 5.734719e+00
150 13 1144.97 0.24 0.950000 8 -1.0 3042        1087.826 140 3.087287e-06 4.420328e-06 3.087287e+00 3.171387e+00 8     7.507615e-06 6.258673e+00
150 13 1144.99 0.24 0.950000 8 -1.0 14334        1088.606 137 2.887047e-06 3.368723e-06 2.887046e+00 3.293457e+00 8     6.255769e-06 6.180503e+00
150 13 1144.99 0.24 0.950000 8 -1.0 19384        1089.696 135 3.563914e-06 3.841848e-06 3.563914e+00 2.762451e+00 9     7.405762e-06 6.326365e+00
150 13 1144.99 0.24 0.950000 8 -1.0 6221        1092.923 137 2.605469e-06 4.016298e-06 2.605469e+00 3.669434e+00 6     6.621766e-06 6.274902e+00
150 13 1144.99 0.24 0.950000 8 -1.0 8885        1091.995 133 1.952878e-06 5.254330e-06 1.952877e+00 4.885254e+00 8     7.207207e-06 6.838131e+00
150 13 1144.99 0.24 0.950000 8 -1.0 941        1087.806 135 4.160467e-06 1.975440e-06 4.160466e+00 1.726685e+00 10     6.135907e-06 5.887151e+00
150 13 1145.00 0.24 0.950000 8 -1.0 14191        1089.430 136 2.850123e-06 4.041600e-06 2.850122e+00 3.286133e+00 9     6.891722e-06 6.136255e+00
150 13 1145.00 0.24 0.950000 8 -1.0 16669        1087.845 136 1.991181e-06 5.603224e-06 1.991181e+00 3.317871e+00 10     7.594405e-06 5.309052e+00
150 13 1145.01 0.24 0.950000 8 -1.0 4889        1094.119 138 3.952001e-06 3.380573e-06 3.952001e+00 3.408203e+00 9     7.332574e-06 7.360204e+00
150 13 1145.01 0.24 0.950000 8 -1.0 808        1088.535 134 3.897714e-06 2.330127e-06 3.897713e+00 1.926270e+00 10     6.227840e-06 5.823983e+00
150 13 1145.02 0.24 0.950000 8 -1.0 9207        1088.729 137 3.208675e-06 4.075982e-06 3.208675e+00 3.079834e+00 9     7.284657e-06 6.288509e+00
150 13 1145.03 0.24 0.950000 8 -1.0 19852        1090.635 138 2.066269e-06 5.514572e-06 2.066269e+00 3.305664e+00 10     7.580841e-06 5.371933e+00
150 13 1145.04 0.24 0.950000 8 -1.0 11928        1088.136 139 2.292702e-06 4.214869e-06 2.292702e+00 3.613281e+00 8     6.507571e-06 5.905983e+00
150 13 1145.04 0.24 0.950000 8 -1.0 13702        1092.176 136 2.075365e-06 4.326004e-06 2.075365e+00 3.623047e+00 9     6.401369e-06 5.698412e+00
150 13 1145.04 0.24 0.950000 8 -1.0 2990        1088.109 138 3.204827e-06 3.209854e-06 3.204826e+00 2.636719e+00 10     6.414680e-06 5.841545e+00
150 13 1145.04 0.24 0.950000 8 -1.0 611        1089.161 139 3.810715e-06 2.830667e-06 3.810715e+00 2.297363e+00 12     6.641382e-06 6.108078e+00
150 13 1145.05 0.24 0.950000 8 -1.0 17000        1090.299 135 2.526603e-06 4.027865e-06 2.526603e+00 3.000488e+00 11     6.554468e-06 5.527091e+00
150 13 1145.05 0.24 0.950000 8 -1.0 4874        1088.968 137 4.400817e-06 3.033994e-06 4.400817e+00 2.033691e+00 9     7.434811e-06 6.434508e+00
150 13 1145.06 0.24 0.950000 8 -1.0 19054        1088.547 138 2.647583e-06 3.155465e-06 2.647583e+00 3.015137e+00 8     5.803048e-06 5.662719e+00
150 13 1145.07 0.24 0.950000 8 -1.0 19998        1088.121 134 1.971933e-06 5.299698e-06 1.971932e+00 3.930664e+00 10     7.271631e-06 5.902597e+00
150 13 1145.10 0.24 0.950000 8 -1.0 11532        1092.062 135 2.620461e-06 4.462191e-06 2.620461e+00 2.846680e+00 9     7.082652e-06 5.467141e+00
150 13 1145.10 0.24 0.950000 8 -1.0 6411        1091.335 137 2.111479e-06 5.109462e-06 2.111479e+00 4.577637e+00 9     7.220941e-06 6.689116e+00
150 13 1145.11 0.24 0.950000 8 -1.0 17841        1091.562 141 2.155603e-06 4.079722e-06 2.155603e+00 3.127441e+00 11     6.235325e-06 5.283045e+00
150 13 1145.11 0.24 0.950000 8 -1.0 18459        1090.843 137 2.139353e-06 5.773068e-06 2.139353e+00 5.009766e+00 6     7.912421e-06 7.149118e+00
150 13 1145.14 0.24 0.950000 8 -1.0 16977        1088.449 138 2.779613e-06 3.725708e-06 2.779613e+00 2.730713e+00 8     6.505321e-06 5.510326e+00
150 13 1145.14 0.24 0.950000 8 -1.0 1939        1090.084 133 3.480885e-06 3.275854e-06 3.480885e+00 2.977295e+00 8     6.756739e-06 6.458180e+00
150 13 1145.16 0.24 0.950000 8 -1.0 15026        1090.013 137 2.484316e-06 5.364642e-06 2.484316e+00 3.630371e+00 9     7.848958e-06 6.114687e+00
150 13 1145.16 0.24 0.950000 8 -1.0 18115        1091.211 138 2.335183e-06 3.643454e-06 2.335182e+00 3.269043e+00 13     5.978637e-06 5.604225e+00
150 13 1145.16 0.24 0.950000 8 -1.0 19765        1087.996 135 2.746840e-06 4.442881e-06 2.746840e+00 3.502197e+00 9     7.189721e-06 6.249037e+00
150 13 1145.19 0.24 0.950000 8 -1.0 13039        1090.534 137 2.211734e-06 5.000458e-06 2.211734e+00 3.878174e+00 6     7.212192e-06 6.089908e+00
150 13 1145.21 0.24 0.950000 8 -1.0 18325        1088.919 138 2.720016e-06 4.493656e-06 2.720015e+00 3.227539e+00 9     7.213672e-06 5.947555e+00
150 13 1145.22 0.24 0.950000 8 -1.0 10473        1090.499 137 2.026203e-06 5.239112e-06 2.026203e+00 3.645020e+00 9     7.265315e-06 5.671223e+00
150 13 1145.22 0.24 0.950000 8 -1.0 11733        1089.151 136 4.164866e-06 2.695261e-06 4.164866e+00 2.700195e+00 8     6.860127e-06 6.865061e+00
150 13 1145.23 0.24 0.950000 8 -1.0 12134        1093.064 135 2.713987e-06 3.307045e-06 2.713987e+00 3.280029e+00 11     6.021032e-06 5.994016e+00
150 13 1145.24 0.24 0.950000 8 -1.0 18983        1088.951 136 2.183187e-06 4.318440e-06 2.183187e+00 3.088379e+00 10     6.501627e-06 5.271566e+00
150 13 1145.24 0.24 0.950000 8 -1.0 3894        1089.039 135 2.617185e-06 4.013536e-06 2.617185e+00 2.691650e+00 8     6.630721e-06 5.308835e+00
150 13 1145.25 0.24 0.950000 8 -1.0 13425        1088.556 136 2.764695e-06 3.328547e-06 2.764695e+00 2.716064e+00 8     6.093241e-06 5.480759e+00
150 13 1145.26 0.24 0.950000 8 -1.0 18478        1090.193 132 3.045486e-06 3.070500e-06 3.045486e+00 2.762451e+00 10     6.115986e-06 5.807937e+00
150 13 1145.27 0.24 0.950000 8 -1.0 19549        1090.486 141 2.912411e-06 3.621654e-06 2.912410e+00 2.248535e+00 10     6.534064e-06 5.160946e+00
150 13 1145.28 0.24 0.950000 8 -1.0 9591        1089.257 138 2.433302e-06 3.914732e-06 2.433302e+00 3.222656e+00 10     6.348035e-06 5.655958e+00
150 13 1145.29 0.24 0.950000 8 -1.0 10007        1091.865 138 2.452840e-06 4.065225e-06 2.452840e+00 3.544922e+00 8     6.518065e-06 5.997762e+00
150 13 1145.30 0.24 0.950000 8 -1.0 19251        1089.028 136 2.772633e-06 4.621796e-06 2.772633e+00 2.916260e+00 11     7.394429e-06 5.688893e+00
150 13 1145.31 0.24 0.950000 8 -1.0 14978        1092.358 136 2.609907e-06 4.207588e-06 2.609907e+00 3.352051e+00 9     6.817495e-06 5.961957e+00
150 13 1145.33 0.24 0.950000 8 -1.0 2933        1093.700 134 3.151550e-06 3.955432e-06 3.151550e+00 2.525635e+00 9     7.106983e-06 5.677185e+00
150 13 1145.35 0.24 0.950000 8 -1.0 11559        1088.113 138 2.761164e-06 2.945385e-06 2.761164e+00 3.101807e+00 7     5.706549e-06 5.862971e+00
150 13 1145.36 0.24 0.950000 8 -1.0 3913        1090.378 134 3.378213e-06 3.174848e-06 3.378213e+00 2.996826e+00 8     6.553061e-06 6.375039e+00
150 15 1144.90 0.24 0.950000 8 -1.0 14662        1092.618 133 2.409893e-06 4.486362e-06 2.409892e+00 3.640137e+00 7     6.896254e-06 6.050029e+00
150 15 1144.92 0.24 0.950000 8 -1.0 15335        1088.485 138 3.441104e-06 3.658073e-06 3.441103e+00 2.668457e+00 11     7.099177e-06 6.109560e+00
150 15 1144.92 0.24 0.950000 8 -1.0 4182        1088.463 137 2.935720e-06 3.315489e-06 2.935720e+00 2.454834e+00 8     6.251210e-06 5.390554e+00
150 15 1144.96 0.24 0.950000 8 -1.0 15953        1090.295 139 3.256855e-06 3.311086e-06 3.256855e+00 2.949219e+00 7     6.567941e-06 6.206074e+00
150 15 1144.97 0.24 0.950000 8 -1.0 1739        1087.930 140 3.635951e-06 4.101640e-06 3.635951e+00 3.137207e+00 9     7.737591e-06 6.773158e+00
150 15 1144.99 0.24 0.950000 8 -1.0 11535        1090.517 135 2.153132e-06 5.354369e-06 2.153131e+00 4.133301e+00 8     7.507501e-06 6.286432e+00
150 15 1144.99 0.24 0.950000 8 -1.0 1188        1093.067 136 4.839759e-06 1.870226e-06 4.839759e+00 1.214600e+00 14     6.709985e-06 6.054358e+00
150 15 1144.99 0.24 0.950000 8 -1.0 1351        1089.143 135 3.492607e-06 3.180117e-06 3.492607e+00 3.035889e+00 9     6.672724e-06 6.528495e+00
150 15 1144.99 0.24 0.950000 8 -1.0 17147        1092.596 135 3.048723e-06 4.159015e-06 3.048723e+00 2.652588e+00 8     7.207738e-06 5.701311e+00
150 15 1144.99 0.24 0.950000 8 -1.0 2130        1088.677 135 4.068428e-06 2.657916e-06 4.068428e+00 3.176270e+00 7     6.726344e-06 7.244697e+00
150 15 1145.00 0.24 0.950000 8 -1.0 8552        1089.011 139 2.263342e-06 4.086224e-06 2.263342e+00 3.820801e+00 9     6.349566e-06 6.084142e+00
150 15 1145.00 0.24 0.950000 8 -1.0 9159        1088.003 133 2.568195e-06 5.047460e-06 2.568194e+00 3.508301e+00 10     7.615655e-06 6.076495e+00
150 15 1145.01 0.24 0.950000 8 -1.0 14511        1090.482 138 3.575770e-06 4.092914e-06 3.575770e+00 3.239746e+00 8     7.668684e-06 6.815516e+00
150 15 1145.01 0.24 0.950000 8 -1.0 4259        1091.282 135 5.209936e-06 0.000000e+00 5.209936e+00 0.000000e+00 5     5.209936e-06 5.209936e+00
150 15 1145.02 0.24 0.950000 8 -1.0 9073        1089.459 137 3.307269e-06 3.724442e-06 3.307269e+00 2.513428e+00 10     7.031712e-06 5.820697e+00
150 15 1145.03 0.24 0.950000 8 -1.0 19884        1087.930 136 2.724861e-06 3.884723e-06 2.724861e+00 2.746582e+00 10     6.609585e-06 5.471443e+00
150 15 1145.04 0.24 0.950000 8 -1.0 15232        1087.959 136 2.831613e-06 3.065177e-06 2.831613e+00 3.170166e+00 7     5.896790e-06 6.001779e+00
150 15 1145.04 0.24 0.950000 8 -1.0 15847        1088.732 132 2.331562e-06 4.715942e-06 2.331562e+00 3.248291e+00 8     7.047505e-06 5.579853e+00
150 15 1145.04 0.24 0.950000 8 -1.0 17378        1093.054 137 2.865945e-06 3.807817e-06 2.865945e+00 3.426514e+00 10     6.673763e-06 6.292459e+00
150 15 1145.04 0.24 0.950000 8 -1.0 3732        1087.871 139 3.028659e-06 3.764468e-06 3.028659e+00 2.625732e+00 9     6.793127e-06 5.654391e+00
150 15 1145.05 0.24 0.950000 8 -1.0 11099        1093.955 137 2.443151e-06 4.679101e-06 2.443151e+00 3.107910e+00 10     7.122252e-06 5.551061e+00
150 15 1145.05 0.24 0.950000 8 -1.0 3700        1092.654 136 3.390724e-06 3.013366e-06 3.390724e+00 2.949219e+00 10     6.404090e-06 6.339942e+00
150 15 1145.06 0.24 0.950000 8 -1.0 19672        1087.908 136 2.814120e-06 3.290099e-06 2.814119e+00 3.070068e+00 9     6.104219e-06 5.884188e+00
150 15 1145.07 0.24 0.950000 8 -1.0 14157        1088.774 138 2.531878e-06 3.895969e-06 2.531878e+00 3.280029e+00 11     6.427848e-06 5.811908e+00
150 15 1145.10 0.24 0.950000 8 -1.0 19723        1090.746 130 2.617238e-06 4.122605e-06 2.617238e+00 2.567139e+00 14     6.739843e-06 5.184377e+00
150 15 1145.10 0.24 0.950000 8 -1.0 9996        1093.992 135 2.623284e-06 3.262270e-06 2.623284e+00 3.051758e+00 8     5.885554e-06 5.675042e+00
150 15 1145.11 0.24 0.950000 8 -1.0 3989        1091.437 138 3.242934e-06 2.697680e-06 3.242934e+00 2.750244e+00 8     5.940614e-06 5.993178e+00
150 15 1145.11 0.24 0.950000 8 -1.0 980        1090.605 140 3.739524e-06 2.679142e-06 3.739524e+00 2.338867e+00 10     6.418666e-06 6.078391e+00
150 15 1145.14 0.24 0.950000 8 -1.0 16007        1087.976 138 3.306293e-06 3.121564e-06 3.306293e+00 2.611084e+00 9     6.427857e-06 5.917377e+00
150 15 1145.14 0.24 0.950000 8 -1.0 19244        1088.996 135 4.414687e-06 2.332650e-06 4.414687e+00 2.724609e+00 12     6.747337e-06 7.139296e+00
150 15 1145.16 0.24 0.950000 8 -1.0 12446        1090.405 135 2.512710e-06 3.293513e-06 2.512710e+00 3.015137e+00 8     5.806223e-06 5.527847e+00
150 15 1145.16 0.24 0.950000 8 -1.0 1680        1092.854 134 2.320823e-06 5.075852e-06 2.320822e+00 3.666992e+00 8     7.396675e-06 5.987815e+00
150 15 1145.16 0.24 0.950000 8 -1.0 7179        1090.034 136 1.954968e-06 5.930005e-06 1.954968e+00 3.634033e+00 8     7.884973e-06 5.589001e+00
150 15 1145.19 0.24 0.950000 8 -1.0 14246        1089.583 138 2.246676e-06 4.189174e-06 2.246676e+00 3.669434e+00 11     6.435850e-06 5.916110e+00
150 15 1145.21 0.24 0.950000 8 -1.0 13472        1092.318 137 3.395786e-06 3.292329e-06 3.395786e+00 2.614746e+00 11     6.688115e-06 6.010532e+00
150 15 1145.22 0.24 0.950000 8 -1.0 17551        1090.017 137 2.328160e-06 4.542005e-06 2.328160e+00 3.403320e+00 8     6.870166e-06 5.731480e+00
150 15 1145.22 0.24 0.950000 8 -1.0 8103        1088.671 134 4.183509e-06 2.999891e-06 4.183509e+00 2.593994e+00 8     7.183400e-06 6.777503e+00
150 15 1145.23 0.24 0.950000 8 -1.0 5571        1089.105 135 1.800795e-06 6.158671e-06 1.800795e+00 4.489746e+00 9     7.959466e-06 6.290541e+00
150 15 1145.24 0.24 0.950000 8 -1.0 17549        1088.491 133 2.754798e-06 3.948947e-06 2.754798e+00 2.918701e+00 7     6.703745e-06 5.673499e+00
150 15 1145.24 0.24 0.950000 8 -1.0 6905        1092.808 137 2.220900e-06 4.838560e-06 2.220900e+00 3.520508e+00 7     7.059460e-06 5.741408e+00
150 15 1145.25 0.24 0.950000 8 -1.0 2310        1088.710 138 3.701549e-06 2.403536e-06 3.701549e+00 2.735596e+00 7     6.105086e-06 6.437145e+00
150 15 1145.26 0.24 0.950000 8 -1.0 18022        1089.110 135 2.906305e-06 3.179957e-06 2.906305e+00 3.583984e+00 8     6.086262e-06 6.490289e+00
150 15 1145.27 0.24 0.950000 8 -1.0 19763        1090.312 139 2.328954e-06 4.777881e-06 2.328954e+00 2.971191e+00 9     7.106835e-06 5.300146e+00
150 15 1145.28 0.24 0.950000 8 -1.0 10400        1091.170 141 3.004831e-06 3.350672e-06 3.004830e+00 2.374878e+00 9     6.355503e-06 5.379708e+00
150 15 1145.29 0.24 0.950000 8 -1.0 19943        1090.943 138 2.819078e-06 3.577743e-06 2.819078e+00 2.946777e+00 7     6.396821e-06 5.765855e+00
150 15 1145.30 0.24 0.950000 8 -1.0 19421        1094.736 138 2.410297e-06 4.634138e-06 2.410297e+00 3.867188e+00 7     7.044434e-06 6.277484e+00
150 15 1145.31 0.24 0.950000 8 -1.0 1595        1090.233 138 3.612144e-06 3.260360e-06 3.612144e+00 2.462158e+00 10     6.872505e-06 6.074302e+00
150 15 1145.33 0.24 0.950000 8 -1.0 16135        1091.622 134 3.498274e-06 3.076870e-06 3.498274e+00 2.491455e+00 9     6.575145e-06 5.989729e+00
150 15 1145.35 0.24 0.950000 8 -1.0 3709        1091.802 141 2.500971e-06 3.230438e-06 2.500971e+00 3.217773e+00 8     5.731410e-06 5.718745e+00
150 15 1145.36 0.24 0.950000 8 -1.0 11651        1097.016 132 3.590353e-06 2.924161e-06 3.590353e+00 2.633057e+00 8     6.514515e-06 6.223410e+00
150 17 1144.90 0.24 0.950000 8 -1.0 14933        1091.795 135 1.868196e-06 5.612803e-06 1.868196e+00 3.916016e+00 8     7.480998e-06 5.784211e+00
150 17 1144.92 0.24 0.950000 8 -1.0 15213        1090.063 136 2.499094e-06 4.763910e-06 2.499094e+00 3.477783e+00 9     7.263004e-06 5.976877e+00
150 17 1144.92 0.24 0.950000 8 -1.0 2983        1096.103 138 2.493363e-06 4.169877e-06 2.493363e+00 3.093262e+00 11     6.663240e-06 5.586625e+00
150 17 1144.96 0.24 0.950000 8 -1.0 13968        1088.327 136 3.273765e-06 3.355530e-06 3.273765e+00 2.509766e+00 8     6.629295e-06 5.783530e+00
150 17 1144.97 0.24 0.950000 8 -1.0 10127        1087.741 139 2.347933e-06 4.890004e-06 2.347932e+00 3.571777e+00 9     7.237936e-06 5.919710e+00
150 17 1144.99 0.24 0.950000 8 -1.0 13664        1088.964 138 2.822569e-06 4.465806e-06 2.822569e+00 3.320312e+00 10     7.288375e-06 6.142882e+00
150 17 1144.99 0.24 0.950000 8 -1.0 1450        1092.093 136 4.323023e-06 2.144113e-06 4.323023e+00 2.013550e+00 10     6.467135e-06 6.336572e+00
150 17 1144.99 0.24 0.950000 8 -1.0 15218        1089.187 139 4.275025e-06 2.988464e-06 4.275025e+00 2.845459e+00 9     7.263490e-06 7.120484e+00
150 17 1144.99 0.24 0.950000 8 -1.0 19159        1088.332 135 2.289743e-06 5.562955e-06 2.289743e+00 3.850098e+00 8     7.852697e-06 6.139840e+00
150 17 1144.99 0.24 0.950000 8 -1.0 2492        1092.246 133 3.386618e-06 2.799193e-06 3.386618e+00 3.229980e+00 13     6.185811e-06 6.616598e+00
150 17 1145.00 0.24 0.950000 8 -1.0 14982        1090.494 136 3.142970e-06 3.696136e-06 3.142970e+00 3.112793e+00 9     6.839106e-06 6.255763e+00
150 17 1145.00 0.24 0.950000 8 -1.0 17457        1088.172 132 2.170703e-06 4.988740e-06 2.170703e+00 3.685303e+00 9     7.159443e-06 5.856006e+00
150 17 1145.01 0.24 0.950000 8 -1.0 2628        1089.171 138 3.300418e-06 3.334750e-06 3.300418e+00 2.392578e+00 11     6.635168e-06 5.692996e+00
150 17 1145.01 0.24 0.950000 8 -1.0 929        1091.760 137 6.041758e-06 1.890526e-06 6.041758e+00 1.430054e+00 14     7.932284e-06 7.471812e+00
150 17 1145.02 0.24 0.950000 8 -1.0 8567        1091.695 135 2.770329e-06 3.937469e-06 2.770329e+00 2.907715e+00 10     6.707798e-06 5.678044e+00
150 17 1145.03 0.24 0.950000 8 -1.0 18355        1092.965 132 1.956204e-06 5.439378e-06 1.956204e+00 3.293457e+00 9     7.395583e-06 5.249661e+00
150 17 1145.04 0.24 0.950000 8 -1.0 13093        1089.661 134 2.402609e-06 3.565479e-06 2.402609e+00 3.393555e+00 13     5.968088e-06 5.796164e+00
150 17 1145.04 0.24 0.950000 8 -1.0 16633        1087.906 136 2.713611e-06 3.223389e-06 2.713610e+00 3.293457e+00 9     5.937000e-06 6.007067e+00
150 17 1145.04 0.24 0.950000 8 -1.0 18519        1088.095 137 2.384298e-06 4.673794e-06 2.384298e+00 3.309326e+00 9     7.058092e-06 5.693624e+00
150 17 1145.04 0.24 0.950000 8 -1.0 5623        1090.411 138 2.482986e-06 3.212061e-06 2.482986e+00 3.278809e+00 10     5.695047e-06 5.761794e+00
150 17 1145.05 0.24 0.950000 8 -1.0 2651        1087.857 135 4.262853e-06 1.905615e-06 4.262852e+00 2.457275e+00 9     6.168468e-06 6.720128e+00
150 17 1145.05 0.24 0.950000 8 -1.0 5307        1091.309 133 2.907844e-06 4.165743e-06 2.907843e+00 2.951660e+00 9     7.073587e-06 5.859504e+00
150 17 1145.06 0.24 0.950000 8 -1.0 3710        1088.655 138 3.078463e-06 2.888583e-06 3.078463e+00 2.578125e+00 10     5.967046e-06 5.656588e+00
150 17 1145.07 0.24 0.950000 8 -1.0 2460        1095.128 137 3.335292e-06 2.918630e-06 3.335292e+00 2.484131e+00 10     6.253923e-06 5.819423e+00
150 17 1145.10 0.24 0.950000 8 -1.0 18685        1088.440 136 2.199761e-06 4.003611e-06 2.199761e+00 3.314209e+00 9     6.203372e-06 5.513970e+00
150 17 1145.10 0.24 0.950000 8 -1.0 7234        1094.118 133 2.677510e-06 4.354868e-06 2.677509e+00 2.729492e+00 10     7.032378e-06 5.407002e+00
150 17 1145.11 0.24 0.950000 8 -1.0 18418        1092.184 137 2.244446e-06 3.827084e-06 2.244445e+00 3.229980e+00 8     6.071530e-06 5.474426e+00
150 17 1145.11 0.24 0.950000 8 -1.0 6415        1095.980 138 2.070369e-06 5.565504e-06 2.070369e+00 4.082031e+00 8     7.635873e-06 6.152400e+00
150 17 1145.14 0.24 0.950000 8 -1.0 2819        1089.675 133 4.008638e-06 2.386174e-06 4.008638e+00 2.297363e+00 11     6.394812e-06 6.306001e+00
150 17 1145.14 0.24 0.950000 8 -1.0 3176        1090.358 138 2.614885e-06 3.421198e-06 2.614884e+00 2.602539e+00 9     6.036083e-06 5.217424e+00
150 17 1145.16 0.24 0.950000 8 -1.0 17819        1091.280 133 2.361991e-06 5.005367e-06 2.361991e+00 3.538818e+00 10     7.367358e-06 5.900810e+00
150 17 1145.16 0.24 0.950000 8 -1.0 4633        1090.727 134 2.789456e-06 3.518628e-06 2.789456e+00 3.439941e+00 8     6.308083e-06 6.229397e+00
150 17 1145.16 0.24 0.950000 8 -1.0 8077        1091.506 137 2.118059e-06 5.381307e-06 2.118059e+00 4.130859e+00 8     7.499366e-06 6.248919e+00
150 17 1145.19 0.24 0.950000 8 -1.0 19780        1092.123 136 2.307895e-06 4.439859e-06 2.307895e+00 3.208008e+00 9     6.747753e-06 5.515902e+00
150 17 1145.21 0.24 0.950000 8 -1.0 18326        1090.198 137 2.905375e-06 3.911294e-06 2.905375e+00 2.844238e+00 11     6.816670e-06 5.749613e+00
150 17 1145.22 0.24 0.950000 8 -1.0 14486        1087.975 134 2.355077e-06 5.994607e-06 2.355077e+00 4.584961e+00 11     8.349684e-06 6.940038e+00
150 17 1145.22 0.24 0.950000 8 -1.0 14825        1090.684 136 2.353072e-06 3.739039e-06 2.353072e+00 3.352051e+00 9     6.092112e-06 5.705123e+00
150 17 1145.23 0.24 0.950000 8 -1.0 6049        1089.306 135 1.992170e-06 5.298044e-06 1.992170e+00 3.654785e+00 9     7.290214e-06 5.646955e+00
150 17 1145.24 0.24 0.950000 8 -1.0 12407        1091.594 136 2.594466e-06 4.064194e-06 2.594466e+00 2.416992e+00 11     6.658660e-06 5.011458e+00
150 17 1145.24 0.24 0.950000 8 -1.0 5513        1090.231 138 2.174522e-06 4.962961e-06 2.174522e+00 3.388672e+00 7     7.137483e-06 5.563193e+00
150 17 1145.25 0.24 0.950000 8 -1.0 2065        1094.487 137 2.880136e-06 3.265379e-06 2.880136e+00 2.867432e+00 8     6.145516e-06 5.747568e+00
150 17 1145.26 0.24 0.950000 8 -1.0 8502        1091.993 135 4.769527e-06 0.000000e+00 4.769527e+00 0.000000e+00 6     4.769527e-06 4.769527e+00
150 17 1145.27 0.24 0.950000 8 -1.0 19205        1089.137 138 2.365963e-06 4.167982e-06 2.365962e+00 2.794189e+00 11     6.533945e-06 5.160152e+00
150 17 1145.28 0.24 0.950000 8 -1.0 15566        1089.775 139 2.622993e-06 4.061567e-06 2.622993e+00 2.966309e+00 9     6.684560e-06 5.589302e+00
150 17 1145.29 0.24 0.950000 8 -1.0 18469        1090.904 135 2.781180e-06 3.752799e-06 2.781180e+00 2.952881e+00 8     6.533979e-06 5.734061e+00
150 17 1145.30 0.24 0.950000 8 -1.0 14217        1090.244 137 3.177993e-06 3.856641e-06 3.177992e+00 3.040771e+00 8     7.034634e-06 6.218764e+00
150 17 1145.31 0.24 0.950000 8 -1.0 1561        1088.837 138 3.792821e-06 2.877946e-06 3.792821e+00 2.115479e+00 10     6.670766e-06 5.908299e+00
150 17 1145.33 0.24 0.950000 8 -1.0 9130        1089.452 135 3.196352e-06 2.767484e-06 3.196352e+00 2.822266e+00 7     5.963836e-06 6.018618e+00
150 17 1145.35 0.24 0.950000 8 -1.0 10595        1092.793 140 2.106200e-06 3.951445e-06 2.106200e+00 2.811279e+00 10     6.057645e-06 4.917479e+00
150 17 1145.36 0.24 0.950000 8 -1.0 9311        1089.534 131 3.184416e-06 3.678247e-06 3.184416e+00 3.491211e+00 7     6.862662e-06 6.675627e+00
150 19 1144.90 0.24 0.950000 8 -1.0 13010        1088.056 133 1.822960e-06 6.206968e-06 1.822960e+00 4.797363e+00 8     8.029928e-06 6.620324e+00
150 19 1144.92 0.24 0.950000 8 -1.0 10926        1088.128 137 3.234047e-06 3.877075e-06 3.234047e+00 3.526611e+00 7     7.111122e-06 6.760658e+00
150 19 1144.92 0.24 0.950000 8 -1.0 7419        1091.416 138 2.705262e-06 3.231727e-06 2.705262e+00 3.051758e+00 8     5.936989e-06 5.757020e+00
150 19 1144.96 0.24 0.950000 8 -1.0 3542        1092.373 138 3.044352e-06 3.158763e-06 3.044351e+00 3.060303e+00 8     6.203115e-06 6.104654e+00
150 19 1144.97 0.24 0.950000 8 -1.0 10226        1089.139 138 3.190276e-06 4.164735e-06 3.190276e+00 3.243408e+00 8     7.355011e-06 6.433684e+00
150 19 1144.99 0.24 0.950000 8 -1.0 14606        1092.213 136 2.176766e-06 5.101058e-06 2.176766e+00 4.428711e+00 11     7.277824e-06 6.605477e+00
150 19 1144.99 0.24 0.950000 8 -1.0 15355        1088.365 139 3.184607e-06 2.868937e-06 3.184607e+00 3.034668e+00 7     6.053544e-06 6.219275e+00
150 19 1144.99 0.24 0.950000 8 -1.0 15526        1093.702 136 2.780066e-06 4.259736e-06 2.780066e+00 3.575439e+00 7     7.039802e-06 6.355505e+00
150 19 1144.99 0.24 0.950000 8 -1.0 18368        1089.967 136 2.154803e-06 4.322650e-06 2.154803e+00 3.847656e+00 8     6.477454e-06 6.002459e+00
150 19 1144.99 0.24 0.950000 8 -1.0 5715        1088.766 135 4.249124e-06 2.516873e-06 4.249123e+00 2.990723e+00 8     6.765997e-06 7.239846e+00
150 19 1145.00 0.24 0.950000 8 -1.0 18675        1091.198 136 2.380139e-06 4.405299e-06 2.380138e+00 4.658203e+00 8     6.785437e-06 7.038342e+00
150 19 1145.00 0.24 0.950000 8 -1.0 18833        1088.500 137 2.991527e-06 3.325766e-06 2.991527e+00 3.204346e+00 8     6.317293e-06 6.195873e+00
150 19 1145.01 0.24 0.950000 8 -1.0 16410        1093.851 141 2.717606e-06 5.319157e-06 2.717606e+00 3.139648e+00 12     8.036764e-06 5.857255e+00
150 19 1145.01 0.24 0.950000 8 -1.0 7316        1090.768 134 2.991544e-06 3.476100e-06 2.991544e+00 2.983398e+00 10     6.467645e-06 5.974943e+00
150 19 1145.02 0.24 0.950000 8 -1.0 1773        1094.070 135 3.142870e-06 3.466075e-06 3.142870e+00 2.761230e+00 9     6.608945e-06 5.904100e+00
150 19 1145.03 0.24 0.950000 8 -1.0 10710        1092.228 137 2.983242e-06 4.099945e-06 2.983242e+00 2.529297e+00 11     7.083187e-06 5.512539e+00
150 19 1145.04 0.24 0.950000 8 -1.0 12249        1088.301 140 2.207310e-06 3.793465e-06 2.207310e+00 3.559570e+00 11     6.000774e-06 5.766880e+00
150 19 1145.04 0.24 0.950000 8 -1.0 18067        1092.153 136 2.985665e-06 4.336636e-06 2.985665e+00 2.971191e+00 10     7.322301e-06 5.956856e+00
150 19 1145.04 0.24 0.950000 8 -1.0 3177        1092.205 139 2.507020e-06 4.189716e-06 2.507019e+00 3.208008e+00 9     6.696736e-06 5.715027e+00
150 19 1145.04 0.24 0.950000 8 -1.0 8306        1091.726 133 2.801823e-06 4.374533e-06 2.801823e+00 3.071289e+00 8     7.176356e-06 5.873112e+00
150 19 1145.05 0.24 0.950000 8 -1.0 11061        1093.307 133 3.142886e-06 3.216052e-06 3.142885e+00 2.786865e+00 9     6.358938e-06 5.929751e+00
150 19 1145.05 0.24 0.950000 8 -1.0 18609        1089.043 133 3.851112e-06 2.813860e-06 3.851112e+00 2.087402e+00 12     6.664972e-06 5.938514e+00
150 19 1145.06 0.24 0.950000 8 -1.0 909        1091.127 135 4.193475e-06 2.248903e-06 4.193474e+00 1.914062e+00 14     6.442377e-06 6.107537e+00
150 19 1145.07 0.24 0.950000 8 -1.0 12394        1088.896 136 2.916623e-06 4.066829e-06 2.916623e+00 2.740479e+00 9     6.983452e-06 5.657101e+00
150 19 1145.10 0.24 0.950000 8 -1.0 13644        1089.379 133 2.466272e-06 4.111045e-06 2.466272e+00 3.000488e+00 11     6.577317e-06 5.466760e+00
150 19 1145.10 0.24 0.950000 8 -1.0 5027        1092.083 139 2.866255e-06 3.345417e-06 2.866254e+00 3.001709e+00 9     6.211672e-06 5.867963e+00
150 19 1145.11 0.24 0.950000 8 -1.0 1119        1089.326 138 3.725737e-06 3.495249e-06 3.725737e+00 2.508545e+00 10     7.220986e-06 6.234282e+00
150 19 1145.11 0.24 0.950000 8 -1.0 19124        1092.076 138 2.166372e-06 3.915553e-06 2.166372e+00 3.432617e+00 8     6.081925e-06 5.598989e+00
150 19 1145.14 0.24 0.950000 8 -1.0 16791        1092.663 138 2.407259e-06 4.030501e-06 2.407258e+00 3.120117e+00 8     6.437759e-06 5.527376e+00
150 19 1145.14 0.24 0.950000 8 -1.0 17933        1088.257 138 3.303467e-06 3.800000e-06 3.303467e+00 2.851562e+00 9     7.103467e-06 6.155029e+00
150 19 1145.16 0.24 0.950000 8 -1.0 13691        1089.216 134 2.368262e-06 5.387908e-06 2.368261e+00 3.437500e+00 9     7.756169e-06 5.805761e+00
150 19 1145.16 0.24 0.950000 8 -1.0 17685        1090.887 137 2.088075e-06 5.995465e-06 2.088075e+00 3.835449e+00 8     8.083540e-06 5.923524e+00
150 19 1145.16 0.24 0.950000 8 -1.0 5514        1092.248 134 2.632271e-06 3.158197e-06 2.632271e+00 3.212891e+00 9     5.790468e-06 5.845161e+00
150 19 1145.19 0.24 0.950000 8 -1.0 12932        1088.410 139 2.278160e-06 4.081525e-06 2.278160e+00 3.312988e+00 9     6.359685e-06 5.591148e+00
150 19 1145.21 0.24 0.950000 8 -1.0 13686        1093.387 135 3.154243e-06 4.057468e-06 3.154243e+00 3.027344e+00 10     7.211711e-06 6.181587e+00
150 19 1145.22 0.24 0.950000 8 -1.0 12045        1090.386 136 3.207878e-06 3.197544e-06 3.207878e+00 2.469482e+00 9     6.405422e-06 5.677360e+00
150 19 1145.22 0.24 0.950000 8 -1.0 19623        1089.054 134 3.188931e-06 4.611775e-06 3.188930e+00 3.474121e+00 13     7.800706e-06 6.663052e+00
150 19 1145.23 0.24 0.950000 8 -1.0 18565        1089.272 133 2.089102e-06 4.926064e-06 2.089102e+00 3.940430e+00 9     7.015166e-06 6.029532e+00
150 19 1145.24 0.24 0.950000 8 -1.0 14808        1089.213 135 3.079272e-06 3.600283e-06 3.079271e+00 2.899170e+00 10     6.679555e-06 5.978441e+00
150 19 1145.24 0.24 0.950000 8 -1.0 19877        1089.834 133 2.165660e-06 4.722963e-06 2.165660e+00 3.398438e+00 10     6.888623e-06 5.564097e+00
150 19 1145.25 0.24 0.950000 8 -1.0 18069        1090.167 137 3.597001e-06 2.860391e-06 3.597001e+00 2.354126e+00 8     6.457391e-06 5.951127e+00
150 19 1145.26 0.24 0.950000 8 -1.0 18932        1088.442 137 2.913890e-06 2.867798e-06 2.913890e+00 3.144531e+00 11     5.781688e-06 6.058421e+00
150 19 1145.27 0.24 0.950000 8 -1.0 10838        1089.483 137 2.028739e-06 5.186466e-06 2.028739e+00 3.227539e+00 8     7.215206e-06 5.256278e+00
150 19 1145.28 0.24 0.950000 8 -1.0 13910        1091.715 137 2.234467e-06 5.123535e-06 2.234467e+00 3.627930e+00 8     7.358002e-06 5.862396e+00
150 19 1145.29 0.24 0.950000 8 -1.0 13140        1089.722 134 2.799115e-06 3.615509e-06 2.799115e+00 3.225098e+00 8     6.414624e-06 6.024212e+00
150 19 1145.30 0.24 0.950000 8 -1.0 9742        1090.438 136 2.891876e-06 4.537716e-06 2.891876e+00 3.062744e+00 7     7.429592e-06 5.954620e+00
150 19 1145.31 0.24 0.950000 8 -1.0 16431        1090.946 135 2.446191e-06 4.569556e-06 2.446191e+00 3.267822e+00 9     7.015747e-06 5.714013e+00
150 19 1145.33 0.24 0.950000 8 -1.0 7584        1091.588 133 3.136931e-06 2.643558e-06 3.136931e+00 2.585449e+00 8     5.780488e-06 5.722380e+00
150 19 1145.35 0.24 0.950000 8 -1.0 19662        1090.086 138 2.588302e-06 3.252929e-06 2.588302e+00 3.527832e+00 9     5.841230e-06 6.116134e+00
150 19 1145.36 0.24 0.950000 8 -1.0 2275        1089.865 129 3.627100e-06 2.512104e-06 3.627100e+00 2.465820e+00 9     6.139205e-06 6.092920e+00
150 21 1144.90 0.24 0.950000 8 -1.0 16554        1091.070 135 2.277978e-06 4.596035e-06 2.277978e+00 3.906250e+00 8     6.874013e-06 6.184228e+00
150 21 1144.92 0.24 0.950000 8 -1.0 13899        1091.409 136 2.915476e-06 3.169543e-06 2.915476e+00 3.725586e+00 12     6.085018e-06 6.641061e+00
150 21 1144.92 0.24 0.950000 8 -1.0 4898        1090.543 137 2.822336e-06 3.766898e-06 2.822336e+00 2.843018e+00 9     6.589234e-06 5.665354e+00
150 21 1144.96 0.24 0.950000 8 -1.0 6192        1087.769 134 2.575330e-06 5.134176e-06 2.575329e+00 3.658447e+00 9     7.709505e-06 6.233777e+00
150 21 1144.97 0.24 0.950000 8 -1.0 15595        1087.812 135 3.306087e-06 4.661197e-06 3.306086e+00 3.254395e+00 10     7.967283e-06 6.560481e+00
150 21 1144.99 0.24 0.950000 8 -1.0 11245        1088.197 136 2.435876e-06 4.284345e-06 2.435876e+00 3.436279e+00 9     6.720221e-06 5.872155e+00
150 21 1144.99 0.24 0.950000 8 -1.0 5291        1090.925 138 2.328181e-06 4.875742e-06 2.328180e+00 3.774414e+00 8     7.203923e-06 6.102594e+00
150 21 1144.99 0.24 0.950000 8 -1.0 6653        1088.523 135 4.033687e-06 2.860541e-06 4.033686e+00 2.449951e+00 9     6.894227e-06 6.483638e+00
150 21 1144.99 0.24 0.950000 8 -1.0 6975        1088.537 134 3.536333e-06 2.830827e-06 3.536333e+00 3.051758e+00 7     6.367160e-06 6.588091e+00
150 21 1144.99 0.24 0.950000 8 -1.0 8057        1090.908 137 3.553803e-06 2.526579e-06 3.553803e+00 2.893066e+00 8     6.080383e-06 6.446870e+00
150 21 1145.00 0.24 0.950000 8 -1.0 13357        1090.108 135 3.252482e-06 3.862811e-06 3.252482e+00 3.062744e+00 11     7.115293e-06 6.315226e+00
150 21 1145.00 0.24 0.950000 8 -1.0 16234        1087.986 135 2.919368e-06 2.751901e-06 2.919368e+00 2.902832e+00 11     5.671269e-06 5.822200e+00
150 21 1145.01 0.24 0.950000 8 -1.0 15505        1095.881 136 2.737436e-06 4.304995e-06 2.737436e+00 3.471680e+00 13     7.042431e-06 6.209115e+00
150 21 1145.01 0.24 0.950000 8 -1.0 17820        1089.580 135 3.518685e-06 3.383715e-06 3.518685e+00 3.942871e+00 8     6.902400e-06 7.461556e+00
150 21 1145.02 0.24 0.950000 8 -1.0 12201        1089.235 135 3.010043e-06 2.831575e-06 3.010043e+00 3.106689e+00 8     5.841618e-06 6.116733e+00
150 21 1145.03 0.24 0.950000 8 -1.0 17509        1091.570 134 2.572363e-06 4.095071e-06 2.572362e+00 2.788086e+00 10     6.667433e-06 5.360448e+00
150 21 1145.04 0.24 0.950000 8 -1.0 10807        1088.622 135 3.217936e-06 3.037372e-06 3.217936e+00 2.895508e+00 8     6.255308e-06 6.113444e+00
150 21 1145.04 0.24 0.950000 8 -1.0 14453        1088.251 136 1.974620e-06 5.214471e-06 1.974620e+00 3.730469e+00 9     7.189091e-06 5.705089e+00
150 21 1145.04 0.24 0.950000 8 -1.0 16023        1093.048 139 2.489879e-06 3.462903e-06 2.489879e+00 3.442383e+00 9     5.952782e-06 5.932262e+00
150 21 1145.04 0.24 0.950000 8 -1.0 18227        1089.943 137 2.181225e-06 4.322888e-06 2.181225e+00 3.388672e+00 7     6.504114e-06 5.569897e+00
150 21 1145.05 0.24 0.950000 8 -1.0 12559        1088.455 135 2.732830e-06 4.405555e-06 2.732829e+00 3.115234e+00 10     7.138385e-06 5.848064e+00
150 21 1145.05 0.24 0.950000 8 -1.0 3317        1088.400 135 3.542758e-06 2.926280e-06 3.542758e+00 2.399902e+00 12     6.469038e-06 5.942660e+00
150 21 1145.06 0.24 0.950000 8 -1.0 19432        1090.105 137 2.650001e-06 3.483500e-06 2.650001e+00 3.081055e+00 11     6.133501e-06 5.731055e+00
150 21 1145.07 0.24 0.950000 8 -1.0 4089        1087.831 138 3.189787e-06 3.687602e-06 3.189787e+00 2.443848e+00 10     6.877390e-06 5.633635e+00
150 21 1145.10 0.24 0.950000 8 -1.0 17202        1088.187 132 2.331503e-06 4.846969e-06 2.331502e+00 2.828369e+00 10     7.178471e-06 5.159872e+00
150 21 1145.10 0.24 0.950000 8 -1.0 2286        1094.742 135 3.199763e-06 3.336581e-06 3.199763e+00 2.481079e+00 9     6.536344e-06 5.680842e+00
150 21 1145.11 0.24 0.950000 8 -1.0 15798        1088.856 136 2.318002e-06 3.749253e-06 2.318002e+00 3.710938e+00 7     6.067255e-06 6.028940e+00
150 21 1145.11 0.24 0.950000 8 -1.0 19469        1092.154 137 2.503471e-06 5.047814e-06 2.503471e+00 3.533936e+00 12     7.551285e-06 6.037406e+00
150 21 1145.14 0.24 0.950000 8 -1.0 18343        1088.076 137 2.328780e-06 3.695918e-06 2.328780e+00 2.973633e+00 11     6.024698e-06 5.302413e+00
150 21 1145.14 0.24 0.950000 8 -1.0 8986        1088.083 134 2.631526e-06 3.843870e-06 2.631526e+00 3.205566e+00 10     6.475396e-06 5.837092e+00
150 21 1145.16 0.24 0.950000 8 -1.0 13131        1088.913 136 2.173436e-06 4.855624e-06 2.173436e+00 3.935547e+00 10     7.029060e-06 6.108983e+00
150 21 1145.16 0.24 0.950000 8 -1.0 13310        1093.764 137 2.549173e-06 4.460658e-06 2.549173e+00 3.374023e+00 9     7.009831e-06 5.923197e+00
150 21 1145.16 0.24 0.950000 8 -1.0 14048        1088.541 134 2.696655e-06 4.050192e-06 2.696655e+00 3.118896e+00 9     6.746847e-06 5.815551e+00
150 21 1145.19 0.24 0.950000 8 -1.0 19184        1091.701 135 2.129082e-06 4.665490e-06 2.129082e+00 3.076172e+00 10     6.794572e-06 5.205254e+00
150 21 1145.21 0.24 0.950000 8 -1.0 6460        1088.802 135 3.074961e-06 3.912343e-06 3.074961e+00 2.835693e+00 8     6.987304e-06 5.910654e+00
150 21 1145.22 0.24 0.950000 8 -1.0 13163        1092.161 136 3.053581e-06 3.645602e-06 3.053581e+00 2.651367e+00 10     6.699183e-06 5.704948e+00
150 21 1145.22 0.24 0.950000 8 -1.0 17942        1090.882 135 2.719915e-06 4.909190e-06 2.719915e+00 3.913574e+00 10     7.629105e-06 6.633489e+00
150 21 1145.23 0.24 0.950000 8 -1.0 11169        1089.966 137 3.179358e-06 3.282967e-06 3.179357e+00 2.657471e+00 9     6.462325e-06 5.836828e+00
150 21 1145.24 0.24 0.950000 8 -1.0 11603        1092.197 135 2.935523e-06 3.430290e-06 2.935523e+00 2.431641e+00 13     6.365813e-06 5.367163e+00
150 21 1145.24 0.24 0.950000 8 -1.0 18846        1089.182 136 2.471879e-06 4.208895e-06 2.471879e+00 2.755127e+00 11     6.680775e-06 5.227006e+00
150 21 1145.25 0.24 0.950000 8 -1.0 2673        1089.437 133 3.082058e-06 3.579504e-06 3.082058e+00 2.465210e+00 9     6.661563e-06 5.547268e+00
150 21 1145.26 0.24 0.950000 8 -1.0 9136        1088.617 134 3.135120e-06 3.646236e-06 3.135120e+00 3.104248e+00 12     6.781356e-06 6.239368e+00
150 21 1145.27 0.24 0.950000 8 -1.0 13263        1089.187 139 2.266985e-06 5.145525e-06 2.266984e+00 3.041992e+00 8     7.412509e-06 5.308977e+00
150 21 1145.28 0.24 0.950000 8 -1.0 12567        1089.770 139 2.658535e-06 3.742433e-06 2.658535e+00 3.118896e+00 8     6.400968e-06 5.777431e+00
150 21 1145.29 0.24 0.950000 8 -1.0 3978        1091.045 137 3.572679e-06 3.654445e-06 3.572679e+00 2.775879e+00 10     7.227124e-06 6.348558e+00
150 21 1145.30 0.24 0.950000 8 -1.0 16030        1088.583 135 3.182376e-06 4.106915e-06 3.182376e+00 3.073730e+00 8     7.289291e-06 6.256106e+00
150 21 1145.31 0.24 0.950000 8 -1.0 14408        1089.298 137 2.679758e-06 3.591530e-06 2.679757e+00 3.260498e+00 8     6.271287e-06 5.940255e+00
150 21 1145.33 0.24 0.950000 8 -1.0 1976        1089.091 135 3.478518e-06 3.223614e-06 3.478518e+00 2.666016e+00 15     6.702132e-06 6.144533e+00
150 21 1145.35 0.24 0.950000 8 -1.0 16536        1088.499 136 2.062042e-06 3.792946e-06 2.062042e+00 3.022461e+00 9     5.854988e-06 5.084503e+00
150 21 1145.36 0.24 0.950000 8 -1.0 7145        1090.024 132 3.361726e-06 2.968010e-06 3.361726e+00 2.960205e+00 8     6.329736e-06 6.321931e+00
150 23 1144.90 0.24 0.950000 8 -1.0 14102        1091.788 136 2.121215e-06 4.862699e-06 2.121214e+00 3.981934e+00 8     6.983913e-06 6.103148e+00
150 23 1144.92 0.24 0.950000 8 -1.0 10286        1092.342 141 2.331103e-06 4.654990e-06 2.331103e+00 3.425293e+00 9     6.986092e-06 5.756395e+00
150 23 1144.92 0.24 0.950000 8 -1.0 19855        1089.303 137 2.818420e-06 3.525244e-06 2.818420e+00 2.838135e+00 12     6.343664e-06 5.656554e+00
150 23 1144.96 0.24 0.950000 8 -1.0 18775        1089.416 137 2.692565e-06 3.497786e-06 2.692565e+00 3.308105e+00 9     6.190351e-06 6.000670e+00
150 23 1144.97 0.24 0.950000 8 -1.0 17184        1092.389 140 2.692532e-06 4.204681e-06 2.692532e+00 3.135986e+00 9     6.897212e-06 5.828518e+00
150 23 1144.99 0.24 0.950000 8 -1.0 14327        1089.346 134 2.242946e-06 5.524228e-06 2.242946e+00 3.889160e+00 11     7.767174e-06 6.132106e+00
150 23 1144.99 0.24 0.950000 8 -1.0 16960        1091.828 137 3.804143e-06 3.578482e-06 3.804143e+00 2.574463e+00 9     7.382625e-06 6.378606e+00
150 23 1144.99 0.24 0.950000 8 -1.0 1812        1088.865 133 3.855106e-06 2.249580e-06 3.855106e+00 2.379150e+00 10     6.104686e-06 6.234256e+00
150 23 1144.99 0.24 0.950000 8 -1.0 7236        1088.065 139 3.514746e-06 2.536007e-06 3.514746e+00 2.944336e+00 7     6.050753e-06 6.459082e+00
150 23 1144.99 0.24 0.950000 8 -1.0 9820        1088.174 136 2.391506e-06 4.079715e-06 2.391506e+00 3.562012e+00 8     6.471221e-06 5.953518e+00
150 23 1145.00 0.24 0.950000 8 -1.0 10918        1087.888 135 2.967281e-06 4.510318e-06 2.967281e+00 2.952881e+00 9     7.477598e-06 5.920161e+00
150 23 1145.00 0.24 0.950000 8 -1.0 4382        1093.425 134 4.863371e-06 0.000000e+00 4.863371e+00 0.000000e+00 7     4.863371e-06 4.863371e+00
150 23 1145.01 0.24 0.950000 8 -1.0 19458        1089.455 134 4.662859e-06 3.911494e-06 4.662858e+00 3.015137e+00 11     8.574353e-06 7.677995e+00
150 23 1145.01 0.24 0.950000 8 -1.0 19626        1089.514 136 3.855590e-06 2.417861e-06 3.855590e+00 2.360840e+00 10     6.273452e-06 6.216430e+00
150 23 1145.02 0.24 0.950000 8 -1.0 14800        1088.561 135 3.084959e-06 2.946486e-06 3.084959e+00 3.345947e+00 8     6.031445e-06 6.430906e+00
150 23 1145.03 0.24 0.950000 8 -1.0 19925        1088.787 132 2.541417e-06 4.031566e-06 2.541417e+00 3.205566e+00 9     6.572983e-06 5.746984e+00
150 23 1145.04 0.24 0.950000 8 -1.0 13669        1089.559 135 2.326145e-06 4.124558e-06 2.326145e+00 3.911133e+00 8     6.450703e-06 6.237278e+00
150 23 1145.04 0.24 0.950000 8 -1.0 15738        1090.848 136 2.561301e-06 4.072396e-06 2.561301e+00 2.855225e+00 9     6.633697e-06 5.416526e+00
150 23 1145.04 0.24 0.950000 8 -1.0 2159        1087.854 137 2.478703e-06 4.521071e-06 2.478703e+00 3.840332e+00 7     6.999775e-06 6.319035e+00
150 23 1145.04 0.24 0.950000 8 -1.0 5777        1089.120 131 2.549874e-06 4.220048e-06 2.549874e+00 3.474121e+00 7     6.769921e-06 6.023995e+00
150 23 1145.05 0.24 0.950000 8 -1.0 7201        1090.461 135 2.923183e-06 4.699573e-06 2.923183e+00 3.864746e+00 6     7.622756e-06 6.787929e+00
150 23 1145.05 0.24 0.950000 8 -1.0 9773        1090.317 134 4.026296e-06 2.126365e-06 4.026296e+00 2.263794e+00 9     6.152661e-06 6.290090e+00
150 23 1145.06 0.24 0.950000 8 -1.0 11271        1088.395 137 3.295907e-06 2.602979e-06 3.295907e+00 2.538452e+00 12     5.898886e-06 5.834359e+00
150 23 1145.07 0.24 0.950000 8 -1.0 4573        1090.313 139 2.348050e-06 4.335235e-06 2.348050e+00 3.415527e+00 11     6.683284e-06 5.763577e+00
150 23 1145.10 0.24 0.950000 8 -1.0 19858        1087.930 132 2.519085e-06 4.228449e-06 2.519085e+00 2.907715e+00 11     6.747534e-06 5.426800e+00
150 23 1145.10 0.24 0.950000 8 -1.0 7925        1088.538 136 3.039282e-06 3.027209e-06 3.039282e+00 2.891846e+00 9     6.066490e-06 5.931128e+00
150 23 1145.11 0.24 0.950000 8 -1.0 13745        1089.620 139 3.791487e-06 3.393801e-06 3.791487e+00 2.807617e+00 8     7.185288e-06 6.599104e+00
150 23 1145.11 0.24 0.950000 8 -1.0 19583        1088.406 135 2.550092e-06 3.579076e-06 2.550092e+00 2.834473e+00 9     6.129169e-06 5.384565e+00
150 23 1145.14 0.24 0.950000 8 -1.0 13005        1088.876 136 2.464580e-06 4.741308e-06 2.464580e+00 3.149414e+00 10     7.205889e-06 5.613994e+00
150 23 1145.14 0.24 0.950000 8 -1.0 14278        1090.036 138 2.327092e-06 3.524054e-06 2.327092e+00 3.090820e+00 11     5.851147e-06 5.417912e+00
150 23 1145.16 0.24 0.950000 8 -1.0 10140        1088.551 136 2.453685e-06 5.133685e-06 2.453685e+00 2.836914e+00 11     7.587370e-06 5.290599e+00
150 23 1145.16 0.24 0.950000 8 -1.0 14346        1088.053 135 2.550538e-06 3.641355e-06 2.550538e+00 3.441162e+00 9     6.191893e-06 5.991700e+00
150 23 1145.16 0.24 0.950000 8 -1.0 4985        1088.112 137 2.543451e-06 4.204354e-06 2.543451e+00 3.402100e+00 9     6.747805e-06 5.945550e+00
150 23 1145.19 0.24 0.950000 8 -1.0 19982        1089.340 137 2.704043e-06 3.939329e-06 2.704043e+00 3.626709e+00 9     6.643372e-06 6.330752e+00
150 23 1145.21 0.24 0.950000 8 -1.0 19421        1088.239 137 2.841010e-06 3.932660e-06 2.841010e+00 3.251953e+00 7     6.773670e-06 6.092963e+00
150 23 1145.22 0.24 0.950000 8 -1.0 8631        1088.048 135 2.127219e-06 4.282371e-06 2.127219e+00 3.616943e+00 9     6.409590e-06 5.744162e+00
150 23 1145.22 0.24 0.950000 8 -1.0 9405        1093.574 134 2.807372e-06 3.915921e-06 2.807372e+00 3.321533e+00 8     6.723293e-06 6.128905e+00
150 23 1145.23 0.24 0.950000 8 -1.0 6368        1094.806 135 2.908382e-06 2.999148e-06 2.908381e+00 2.719727e+00 9     5.907529e-06 5.628108e+00
150 23 1145.24 0.24 0.950000 8 -1.0 12795        1088.637 138 2.144396e-06 4.970818e-06 2.144396e+00 3.571777e+00 7     7.115214e-06 5.716173e+00
150 23 1145.24 0.24 0.950000 8 -1.0 16428        1089.466 136 2.616256e-06 3.976524e-06 2.616256e+00 2.561035e+00 9     6.592780e-06 5.177291e+00
150 23 1145.25 0.24 0.950000 8 -1.0 12167        1091.471 134 2.967857e-06 4.700996e-06 2.967857e+00 3.117676e+00 11     7.668853e-06 6.085533e+00
150 23 1145.26 0.24 0.950000 8 -1.0 15513        1092.979 137 2.854771e-06 3.539715e-06 2.854771e+00 2.844238e+00 10     6.394486e-06 5.699009e+00
150 23 1145.27 0.24 0.950000 8 -1.0 8825        1088.094 139 2.336665e-06 4.372592e-06 2.336664e+00 2.930908e+00 12     6.709257e-06 5.267573e+00
150 23 1145.28 0.24 0.950000 8 -1.0 7884        1089.847 142 2.341812e-06 4.078169e-06 2.341812e+00 3.444824e+00 9     6.419981e-06 5.786636e+00
150 23 1145.29 0.24 0.950000 8 -1.0 14475        1089.509 139 2.985957e-06 3.874374e-06 2.985957e+00 2.899170e+00 7     6.860331e-06 5.885127e+00
150 23 1145.30 0.24 0.950000 8 -1.0 14655        1088.389 137 3.231453e-06 3.837243e-06 3.231452e+00 2.817383e+00 9     7.068695e-06 6.048835e+00
150 23 1145.31 0.24 0.950000 8 -1.0 5780        1089.111 135 2.982638e-06 3.696827e-06 2.982638e+00 3.096924e+00 8     6.679465e-06 6.079562e+00
150 23 1145.33 0.24 0.950000 8 -1.0 2810        1093.327 132 3.817726e-06 2.719872e-06 3.817726e+00 2.285156e+00 10     6.537598e-06 6.102882e+00
150 23 1145.35 0.24 0.950000 8 -1.0 4181        1089.150 136 3.694566e-06 1.920488e-06 3.694566e+00 2.036133e+00 11     5.615054e-06 5.730699e+00
150 23 1145.36 0.24 0.950000 8 -1.0 16760        1088.871 133 3.369441e-06 2.671608e-06 3.369441e+00 3.111572e+00 11     6.041049e-06 6.481013e+00
150 3 1144.90 0.24 0.950000 8 -1.0 748        1088.387 135 2.519786e-06 5.825752e-06 2.519785e+00 8.808594e+00 3     8.345537e-06 1.132838e+01
150 3 1144.92 0.24 0.950000 8 -1.0 13429        1087.897 139 2.334181e-06 6.132894e-06 2.334181e+00 1.092285e+01 3     8.467075e-06 1.325703e+01
150 3 1144.92 0.24 0.950000 8 -1.0 14845        1090.592 139 1.801568e-06 6.822284e-06 1.801568e+00 9.902344e+00 3     8.623852e-06 1.170391e+01
150 3 1144.96 0.24 0.950000 8 -1.0 885        1094.988 140 3.702276e-06 4.956527e-06 3.702276e+00 9.516602e+00 3     8.658803e-06 1.321888e+01
150 3 1144.97 0.24 0.950000 8 -1.0 6725        1087.984 138 2.787959e-06 6.475007e-06 2.787958e+00 1.079102e+01 3     9.262965e-06 1.357897e+01
150 3 1144.99 0.24 0.950000 8 -1.0 14974        1090.861 140 3.334341e-06 4.920561e-06 3.334340e+00 8.369141e+00 3     8.254902e-06 1.170348e+01
150 3 1144.99 0.24 0.950000 8 -1.0 15778        1092.528 139 2.942693e-06 5.254764e-06 2.942693e+00 8.291016e+00 3     8.197457e-06 1.123371e+01
150 3 1144.99 0.24 0.950000 8 -1.0 3915        1087.918 135 2.815024e-06 5.517018e-06 2.815024e+00 8.208008e+00 3     8.332041e-06 1.102303e+01
150 3 1144.99 0.24 0.950000 8 -1.0 5281        1094.071 140 4.006770e-06 3.942478e-06 4.006769e+00 8.598633e+00 3     7.949247e-06 1.260540e+01
150 3 1144.99 0.24 0.950000 8 -1.0 9105        1089.348 139 1.866495e-06 7.387586e-06 1.866495e+00 1.177734e+01 3     9.254082e-06 1.364384e+01
150 3 1145.00 0.24 0.950000 8 -1.0 5130        1088.975 130 8.255742e-06 0.000000e+00 8.255741e+00 0.000000e+00 3     8.255742e-06 8.255741e+00
150 3 1145.00 0.24 0.950000 8 -1.0 7969        1088.693 137 2.589132e-06 5.965946e-06 2.589132e+00 1.076172e+01 3     8.555078e-06 1.335085e+01
150 3 1145.01 0.24 0.950000 8 -1.0 17904        1089.108 141 2.159274e-06 6.769832e-06 2.159274e+00 1.038574e+01 3     8.929106e-06 1.254502e+01
150 3 1145.01 0.24 0.950000 8 -1.0 3319        1089.037 138 3.374376e-06 4.253601e-06 3.374376e+00 7.817383e+00 3     7.627977e-06 1.119176e+01
150 3 1145.02 0.24 0.950000 8 -1.0 10641        1089.414 140 4.013531e-06 4.312221e-06 4.013531e+00 8.940430e+00 3     8.325753e-06 1.295396e+01
150 3 1145.03 0.24 0.950000 8 -1.0 16193        1090.596 142 2.331342e-06 5.865360e-06 2.331342e+00 8.925781e+00 3     8.196702e-06 1.125712e+01
150 3 1145.04 0.24 0.950000 8 -1.0 12250        1089.383 136 2.798445e-06 4.826527e-06 2.798445e+00 9.189453e+00 3     7.624972e-06 1.198790e+01
150 3 1145.04 0.24 0.950000 8 -1.0 2909        1088.309 141 4.567175e-06 4.269480e-06 4.567175e+00 9.570312e+00 3     8.836655e-06 1.413749e+01
150 3 1145.04 0.24 0.950000 8 -1.0 3409        1088.695 139 1.919532e-06 6.773471e-06 1.919532e+00 9.580078e+00 3     8.693003e-06 1.149961e+01
150 3 1145.04 0.24 0.950000 8 -1.0 8073        1091.223 141 3.097882e-06 4.462487e-06 3.097881e+00 8.779297e+00 3     7.560368e-06 1.187718e+01
150 3 1145.05 0.24 0.950000 8 -1.0 889        1092.284 143 4.000140e-06 4.208292e-06 4.000140e+00 8.461914e+00 3     8.208432e-06 1.246205e+01
150 3 1145.05 0.24 0.950000 8 -1.0 923        1088.553 140 1.644272e-06 7.958860e-06 1.644272e+00 1.063965e+01 3     9.603132e-06 1.228392e+01
150 3 1145.06 0.24 0.950000 8 -1.0 14668        1090.771 140 2.786213e-06 5.402813e-06 2.786213e+00 8.779297e+00 3     8.189026e-06 1.156551e+01
150 3 1145.07 0.24 0.950000 8 -1.0 5695        1090.174 140 2.303602e-06 5.254551e-06 2.303602e+00 8.657227e+00 3     7.558153e-06 1.096083e+01
150 3 1145.10 0.24 0.950000 8 -1.0 8308        1091.866 141 3.121978e-06 5.302881e-06 3.121978e+00 9.931641e+00 3     8.424859e-06 1.305362e+01
150 3 1145.10 0.24 0.950000 8 -1.0 974        1089.736 140 2.853311e-06 4.425509e-06 2.853311e+00 8.139648e+00 3     7.278820e-06 1.099296e+01
150 3 1145.11 0.24 0.950000 8 -1.0 10503        1090.229 140 3.550364e-06 4.593859e-06 3.550364e+00 1.052734e+01 3     8.144224e-06 1.407771e+01
150 3 1145.11 0.24 0.950000 8 -1.0 15766        1088.740 135 3.286710e-06 5.707452e-06 3.286709e+00 9.682617e+00 3     8.994162e-06 1.296933e+01
150 3 1145.14 0.24 0.950000 8 -1.0 12977        1089.299 138 2.422624e-06 6.269029e-06 2.422624e+00 9.990234e+00 3     8.691652e-06 1.241286e+01
150 3 1145.14 0.24 0.950000 8 -1.0 8951        1092.311 137 1.705643e-06 7.562140e-06 1.705643e+00 1.069824e+01 3     9.267783e-06 1.240388e+01
150 3 1145.16 0.24 0.950000 8 -1.0 1329        1090.724 141 3.670331e-06 5.293022e-06 3.670331e+00 8.876953e+00 3     8.963352e-06 1.254728e+01
150 3 1145.16 0.24 0.950000 8 -1.0 17914        1094.516 138 2.128745e-06 5.653344e-06 2.128744e+00 8.959961e+00 3     7.782089e-06 1.108871e+01
150 3 1145.16 0.24 0.950000 8 -1.0 996        1088.518 135 1.360521e-06 9.389171e-06 1.360521e+00 1.260742e+01 3     1.074969e-05 1.396794e+01
150 3 1145.19 0.24 0.950000 8 -1.0 5067        1089.667 141 1.672757e-06 7.298922e-06 1.672757e+00 9.990234e+00 3     8.971679e-06 1.166299e+01
150 3 1145.21 0.24 0.950000 8 -1.0 6736        1089.239 137 3.236689e-06 6.355651e-06 3.236689e+00 8.876953e+00 3     9.592341e-06 1.211364e+01
150 3 1145.22 0.24 0.950000 8 -1.0 1015        1090.856 139 1.988769e-06 7.063320e-06 1.988769e+00 1.130859e+01 3     9.052088e-06 1.329736e+01
150 3 1145.22 0.24 0.950000 8 -1.0 7219        1091.306 136 1.869346e-06 6.157031e-06 1.869346e+00 9.150391e+00 3     8.026377e-06 1.101974e+01
150 3 1145.23 0.24 0.950000 8 -1.0 1005        1088.035 142 3.117285e-06 4.536475e-06 3.117285e+00 8.242188e+00 3     7.653760e-06 1.135947e+01
150 3 1145.24 0.24 0.950000 8 -1.0 15238        1089.863 140 1.532278e-06 7.174862e-06 1.532278e+00 1.064453e+01 3     8.707140e-06 1.217681e+01
150 3 1145.24 0.24 0.950000 8 -1.0 577        1088.670 140 3.160019e-06 5.328626e-06 3.160019e+00 9.326172e+00 3     8.488645e-06 1.248619e+01
150 3 1145.25 0.24 0.950000 8 -1.0 16486        1095.455 138 2.433291e-06 5.215429e-06 2.433291e+00 9.667969e+00 3     7.648720e-06 1.210126e+01
150 3 1145.26 0.24 0.950000 8 -1.0 8398        1088.588 139 3.348173e-06 6.714576e-06 3.348173e+00 1.110352e+01 3     1.006275e-05 1.445169e+01
150 3 1145.27 0.24 0.950000 8 -1.0 13071        1089.065 141 2.298008e-06 5.565972e-06 2.298008e+00 1.024414e+01 3     7.863980e-06 1.254215e+01
150 3 1145.28 0.24 0.950000 8 -1.0 4135        1089.666 138 3.910777e-06 4.525436e-06 3.910777e+00 8.706055e+00 3     8.436213e-06 1.261683e+01
150 3 1145.29 0.24 0.950000 8 -1.0 1844        1093.178 138 2.607359e-06 5.916416e-06 2.607359e+00 9.677734e+00 3     8.523775e-06 1.228509e+01
150 3 1145.30 0.24 0.950000 8 -1.0 12283        1089.296 138 4.648146e-06 4.461684e-06 4.648146e+00 8.144531e+00 3     9.109830e-06 1.279268e+01
150 3 1145.31 0.24 0.950000 8 -1.0 3057        1088.280 140 3.330202e-06 4.720398e-06 3.330201e+00 9.248047e+00 3     8.050599e-06 1.257825e+01
150 3 1145.33 0.24 0.950000 8 -1.0 8863        1091.440 141 2.939568e-06 5.452717e-06 2.939568e+00 9.370117e+00 3     8.392285e-06 1.230969e+01
150 3 1145.35 0.24 0.950000 8 -1.0 15539        1089.879 140 3.265000e-06 3.104752e-06 3.265000e+00 7.900391e+00 3     6.369752e-06 1.116539e+01
150 3 1145.36 0.24 0.950000 8 -1.0 5502        1090.837 139 2.761808e-06 5.751719e-06 2.761807e+00 8.535156e+00 3     8.513527e-06 1.129696e+01
150 5 1144.90 0.24 0.950000 8 -1.0 6270        1095.987 137 2.278481e-06 5.210363e-06 2.278481e+00 5.168457e+00 5     7.488844e-06 7.446938e+00
150 5 1144.92 0.24 0.950000 8 -1.0 2309        1089.262 141 2.933259e-06 3.935769e-06 2.933258e+00 3.784180e+00 5     6.869027e-06 6.717438e+00
150 5 1144.92 0.24 0.950000 8 -1.0 6701        1088.986 139 2.479621e-06 4.589276e-06 2.479621e+00 4.323730e+00 5     7.068898e-06 6.803352e+00
150 5 1144.96 0.24 0.950000 8 -1.0 12524        1089.737 137 2.692601e-06 4.995165e-06 2.692601e+00 4.609375e+00 5     7.687766e-06 7.301976e+00
150 5 1144.97 0.24 0.950000 8 -1.0 154        1092.401 139 3.201030e-06 4.169016e-06 3.201030e+00 4.248047e+00 5     7.370046e-06 7.449077e+00
150 5 1144.99 0.24 0.950000 8 -1.0 12702        1091.531 138 2.646007e-06 4.113958e-06 2.646006e+00 3.945312e+00 5     6.759964e-06 6.591319e+00
150 5 1144.99 0.24 0.950000 8 -1.0 16085        1090.630 136 2.740991e-06 4.988515e-06 2.740991e+00 4.707031e+00 5     7.729506e-06 7.448022e+00
150 5 1144.99 0.24 0.950000 8 -1.0 16284        1088.692 142 2.271718e-06 4.633235e-06 2.271718e+00 4.560547e+00 5     6.904953e-06 6.832265e+00
150 5 1144.99 0.24 0.950000 8 -1.0 17230        1087.945 134 2.656534e-06 4.219563e-06 2.656534e+00 4.375000e+00 5     6.876097e-06 7.031534e+00
150 5 1144.99 0.24 0.950000 8 -1.0 5957        1090.834 142 4.138195e-06 3.422067e-06 4.138195e+00 3.959961e+00 5     7.560262e-06 8.098156e+00
150 5 1145.00 0.24 0.950000 8 -1.0 10195        1089.257 135 2.004721e-06 5.333646e-06 2.004721e+00 5.644531e+00 5     7.338367e-06 7.649252e+00
150 5 1145.00 0.24 0.950000 8 -1.0 12447        1089.602 136 2.463234e-06 4.053266e-06 2.463234e+00 4.873047e+00 5     6.516499e-06 7.336280e+00
150 5 1145.01 0.24 0.950000 8 -1.0 17424        1088.977 137 3.251228e-06 3.299862e-06 3.251228e+00 3.840332e+00 5     6.551090e-06 7.091560e+00
150 5 1145.01 0.24 0.950000 8 -1.0 806        1090.167 140 2.966418e-06 4.653529e-06 2.966418e+00 4.645996e+00 5     7.619948e-06 7.612414e+00
150 5 1145.02 0.24 0.950000 8 -1.0 4158        1092.256 140 4.378534e-06 3.275576e-06 4.378533e+00 3.565674e+00 5     7.654110e-06 7.944207e+00
150 5 1145.03 0.24 0.950000 8 -1.0 14611        1088.423 136 2.018323e-06 5.662479e-06 2.018323e+00 4.724121e+00 5     7.680802e-06 6.742444e+00
150 5 1145.04 0.24 0.950000 8 -1.0 1541        1090.400 140 3.125508e-06 3.746619e-06 3.125508e+00 4.150391e+00 5     6.872127e-06 7.275898e+00
150 5 1145.04 0.24 0.950000 8 -1.0 15768        1088.970 136 2.716337e-06 4.861202e-06 2.716337e+00 4.155273e+00 5     7.577539e-06 6.871611e+00
150 5 1145.04 0.24 0.950000 8 -1.0 19673        1090.434 139 2.464894e-06 4.194210e-06 2.464894e+00 4.533691e+00 5     6.659104e-06 6.998585e+00
150 5 1145.04 0.24 0.950000 8 -1.0 5783        1095.020 133 2.390259e-06 5.135145e-06 2.390259e+00 4.418945e+00 5     7.525405e-06 6.809205e+00
150 5 1145.05 0.24 0.950000 8 -1.0 16486        1088.186 138 2.800227e-06 4.427705e-06 2.800227e+00 4.230957e+00 5     7.227932e-06 7.031184e+00
150 5 1145.05 0.24 0.950000 8 -1.0 19529        1087.873 137 1.948504e-06 4.962771e-06 1.948504e+00 5.129395e+00 5     6.911275e-06 7.077898e+00
150 5 1145.06 0.24 0.950000 8 -1.0 11988        1088.809 136 2.814185e-06 3.466781e-06 2.814185e+00 4.140625e+00 5     6.280966e-06 6.954810e+00
150 5 1145.07 0.24 0.950000 8 -1.0 19956        1088.253 135 3.509958e-06 3.866736e-06 3.509958e+00 4.377441e+00 5     7.376694e-06 7.887399e+00
150 5 1145.10 0.24 0.950000 8 -1.0 1330        1088.974 141 3.253082e-06 3.214819e-06 3.253082e+00 3.254395e+00 5     6.467902e-06 6.507477e+00
150 5 1145.10 0.24 0.950000 8 -1.0 2147        1088.355 140 2.554145e-06 4.416446e-06 2.554144e+00 4.028320e+00 5     6.970590e-06 6.582465e+00
150 5 1145.11 0.24 0.950000 8 -1.0 18938        1091.990 140 1.755918e-06 5.974016e-06 1.755918e+00 5.825195e+00 5     7.729934e-06 7.581113e+00
150 5 1145.11 0.24 0.950000 8 -1.0 19376        1090.467 138 3.316319e-06 3.097410e-06 3.316319e+00 4.228516e+00 5     6.413729e-06 7.544835e+00
150 5 1145.14 0.24 0.950000 8 -1.0 3770        1091.914 139 2.240476e-06 4.655760e-06 2.240475e+00 4.543457e+00 5     6.896236e-06 6.783933e+00
150 5 1145.14 0.24 0.950000 8 -1.0 7898        1090.697 135 2.811771e-06 3.933449e-06 2.811770e+00 3.688965e+00 5     6.745220e-06 6.500735e+00
150 5 1145.16 0.24 0.950000 8 -1.0 16375        1087.997 135 2.599566e-06 5.359149e-06 2.599566e+00 4.204102e+00 5     7.958715e-06 6.803668e+00
150 5 1145.16 0.24 0.950000 8 -1.0 3169        1088.033 137 2.601231e-06 3.571373e-06 2.601231e+00 4.648438e+00 5     6.172603e-06 7.249668e+00
150 5 1145.16 0.24 0.950000 8 -1.0 8651        1095.589 138 2.089368e-06 5.854254e-06 2.089367e+00 4.619141e+00 5     7.943622e-06 6.708508e+00
150 5 1145.19 0.24 0.950000 8 -1.0 13916        1090.549 135 2.795519e-06 4.241087e-06 2.795519e+00 3.751221e+00 5     7.036607e-06 6.546740e+00
150 5 1145.21 0.24 0.950000 8 -1.0 5716        1088.839 135 2.847556e-06 4.602895e-06 2.847555e+00 4.135742e+00 5     7.450450e-06 6.983298e+00
150 5 1145.22 0.24 0.950000 8 -1.0 7952        1089.079 136 2.400394e-06 4.323818e-06 2.400394e+00 3.920898e+00 5     6.724212e-06 6.321292e+00
150 5 1145.22 0.24 0.950000 8 -1.0 8326        1088.865 139 2.479420e-06 5.872775e-06 2.479420e+00 5.141602e+00 5     8.352194e-06 7.621021e+00
150 5 1145.23 0.24 0.950000 8 -1.0 5682        1089.160 133 2.451780e-06 4.342098e-06 2.451780e+00 4.277344e+00 5     6.793878e-06 6.729123e+00
150 5 1145.24 0.24 0.950000 8 -1.0 1155        1088.573 139 2.286658e-06 4.635561e-06 2.286658e+00 4.589844e+00 5     6.922219e-06 6.876502e+00
150 5 1145.24 0.24 0.950000 8 -1.0 6608        1088.835 137 3.169796e-06 3.550163e-06 3.169796e+00 3.535156e+00 5     6.719959e-06 6.704952e+00
150 5 1145.25 0.24 0.950000 8 -1.0 6909        1088.108 140 3.312936e-06 3.689665e-06 3.312935e+00 3.471680e+00 5     7.002600e-06 6.784615e+00
150 5 1145.26 0.24 0.950000 8 -1.0 10997        1088.127 133 3.889179e-06 0.000000e+00 3.889179e+00 0.000000e+00 5     3.889179e-06 3.889179e+00
150 5 1145.27 0.24 0.950000 8 -1.0 14189        1091.073 139 3.063011e-06 3.690770e-06 3.063010e+00 3.798828e+00 5     6.753781e-06 6.861838e+00
150 5 1145.28 0.24 0.950000 8 -1.0 16885        1090.688 136 2.363272e-06 4.369884e-06 2.363272e+00 4.838867e+00 5     6.733156e-06 7.202139e+00
150 5 1145.29 0.24 0.950000 8 -1.0 1678        1094.890 136 3.398301e-06 4.347251e-06 3.398300e+00 5.190430e+00 5     7.745552e-06 8.588730e+00
150 5 1145.30 0.24 0.950000 8 -1.0 221        1088.067 141 4.009215e-06 3.391571e-06 4.009214e+00 4.084473e+00 5     7.400786e-06 8.093687e+00
150 5 1145.31 0.24 0.950000 8 -1.0 2417        1088.312 138 3.268671e-06 4.209420e-06 3.268671e+00 4.367676e+00 5     7.478092e-06 7.636347e+00
150 5 1145.33 0.24 0.950000 8 -1.0 18568        1090.067 135 2.078700e-06 5.514603e-06 2.078700e+00 5.039062e+00 5     7.593303e-06 7.117762e+00
150 5 1145.35 0.24 0.950000 8 -1.0 10376        1088.239 137 2.656822e-06 3.440218e-06 2.656822e+00 4.343262e+00 5     6.097040e-06 7.000084e+00
150 5 1145.36 0.24 0.950000 8 -1.0 2093        1090.045 137 2.911118e-06 3.933145e-06 2.911118e+00 4.301758e+00 5     6.844263e-06 7.212876e+00
150 7 1144.90 0.24 0.950000 8 -1.0 19777        1092.000 135 1.782020e-06 5.593834e-06 1.782020e+00 4.855957e+00 7     7.375854e-06 6.637977e+00
150 7 1144.92 0.24 0.950000 8 -1.0 16195        1090.605 136 3.535178e-06 3.719218e-06 3.535178e+00 2.939453e+00 7     7.254396e-06 6.474631e+00
150 7 1144.92 0.24 0.950000 8 -1.0 19739        1093.023 139 2.513800e-06 3.631893e-06 2.513800e+00 3.491211e+00 7     6.145693e-06 6.005011e+00
150 7 1144.96 0.24 0.950000 8 -1.0 5192        1093.561 140 3.131989e-06 3.610287e-06 3.131988e+00 3.027344e+00 7     6.742275e-06 6.159332e+00
150 7 1144.97 0.24 0.950000 8 -1.0 6076        1092.580 139 3.372921e-06 4.512345e-06 3.372921e+00 3.193359e+00 7     7.885266e-06 6.566280e+00
150 7 1144.99 0.24 0.950000 8 -1.0 14552        1091.826 137 3.284573e-06 3.163589e-06 3.284573e+00 3.181152e+00 7     6.448162e-06 6.465725e+00
150 7 1144.99 0.24 0.950000 8 -1.0 17299        1093.830 137 3.742692e-06 3.571320e-06 3.742692e+00 2.777100e+00 7     7.314012e-06 6.519792e+00
150 7 1144.99 0.24 0.950000 8 -1.0 3306        1093.091 138 2.091134e-06 5.179232e-06 2.091134e+00 4.609375e+00 7     7.270366e-06 6.700509e+00
150 7 1144.99 0.24 0.950000 8 -1.0 666        1088.499 138 2.845163e-06 4.474070e-06 2.845163e+00 4.145508e+00 7     7.319233e-06 6.990671e+00
150 7 1144.99 0.24 0.950000 8 -1.0 7109        1089.753 136 2.817667e-06 3.477406e-06 2.817667e+00 3.149414e+00 7     6.295073e-06 5.967081e+00
150 7 1145.00 0.24 0.950000 8 -1.0 14998        1091.397 139 2.310112e-06 5.389288e-06 2.310112e+00 4.272461e+00 7     7.699400e-06 6.582573e+00
150 7 1145.00 0.24 0.950000 8 -1.0 6334        1087.886 134 2.988832e-06 4.214506e-06 2.988832e+00 3.409424e+00 7     7.203339e-06 6.398256e+00
150 7 1145.01 0.24 0.950000 8 -1.0 8863        1089.873 141 4.399857e-06 4.987887e-06 4.399857e+00 3.145752e+00 7     9.387745e-06 7.545609e+00
150 7 1145.01 0.24 0.950000 8 -1.0 9308        1088.188 137 2.613461e-06 4.280337e-06 2.613461e+00 4.003906e+00 7     6.893798e-06 6.617367e+00
150 7 1145.02 0.24 0.950000 8 -1.0 11634        1088.309 137 2.954734e-06 3.592800e-06 2.954733e+00 3.220215e+00 6     6.547534e-06 6.174948e+00
150 7 1145.03 0.24 0.950000 8 -1.0 10832        1088.255 134 1.896152e-06 5.815500e-06 1.896152e+00 3.872070e+00 7     7.711652e-06 5.768222e+00
150 7 1145.04 0.24 0.950000 8 -1.0 11263        1092.108 140 2.575588e-06 3.813275e-06 2.575588e+00 3.520508e+00 7     6.388863e-06 6.096095e+00
150 7 1145.04 0.24 0.950000 8 -1.0 16946        1088.199 140 2.460789e-06 3.576676e-06 2.460789e+00 3.632812e+00 7     6.037466e-06 6.093602e+00
150 7 1145.04 0.24 0.950000 8 -1.0 19610        1091.855 135 2.736471e-06 3.348388e-06 2.736471e+00 3.551025e+00 7     6.084859e-06 6.287496e+00
150 7 1145.04 0.24 0.950000 8 -1.0 19984        1089.165 140 2.412977e-06 4.328909e-06 2.412977e+00 3.811035e+00 7     6.741886e-06 6.224012e+00
150 7 1145.05 0.24 0.950000 8 -1.0 10066        1089.086 136 3.521596e-06 2.787573e-06 3.521596e+00 2.761230e+00 7     6.309169e-06 6.282826e+00
150 7 1145.05 0.24 0.950000 8 -1.0 16101        1087.832 135 2.378788e-06 5.031048e-06 2.378788e+00 3.895264e+00 7     7.409836e-06 6.274052e+00
150 7 1145.06 0.24 0.950000 8 -1.0 7740        1089.698 138 2.860100e-06 3.335164e-06 2.860100e+00 3.698730e+00 7     6.195265e-06 6.558831e+00
150 7 1145.07 0.24 0.950000 8 -1.0 3925        1094.517 139 2.211581e-06 5.486092e-06 2.211581e+00 4.182129e+00 7     7.697672e-06 6.393709e+00
150 7 1145.10 0.24 0.950000 8 -1.0 2822        1090.536 136 2.513037e-06 3.760462e-06 2.513037e+00 3.446045e+00 7     6.273498e-06 5.959081e+00
150 7 1145.10 0.24 0.950000 8 -1.0 4406        1088.063 134 2.369636e-06 4.727545e-06 2.369636e+00 3.265381e+00 6     7.097181e-06 5.635017e+00
150 7 1145.11 0.24 0.950000 8 -1.0 11822        1090.451 140 2.325621e-06 5.152931e-06 2.325620e+00 3.511963e+00 7     7.478551e-06 5.837583e+00
150 7 1145.11 0.24 0.950000 8 -1.0 9846        1090.759 134 5.067808e-06 0.000000e+00 5.067808e+00 0.000000e+00 6     5.067808e-06 5.067808e+00
150 7 1145.14 0.24 0.950000 8 -1.0 11849        1092.311 134 2.642711e-06 3.966853e-06 2.642711e+00 3.367920e+00 7     6.609564e-06 6.010631e+00
150 7 1145.14 0.24 0.950000 8 -1.0 18910        1090.278 137 2.691230e-06 3.426081e-06 2.691230e+00 2.845459e+00 7     6.117311e-06 5.536689e+00
150 7 1145.16 0.24 0.950000 8 -1.0 11875        1088.284 136 2.911209e-06 3.687076e-06 2.911209e+00 3.502197e+00 7     6.598285e-06 6.413406e+00
150 7 1145.16 0.24 0.950000 8 -1.0 1286        1092.447 137 2.723481e-06 3.427606e-06 2.723481e+00 3.537598e+00 7     6.151087e-06 6.261079e+00
150 7 1145.16 0.24 0.950000 8 -1.0 754        1090.900 139 1.870622e-06 6.470418e-06 1.870622e+00 4.113770e+00 7     8.341040e-06 5.984392e+00
150 7 1145.19 0.24 0.950000 8 -1.0 11489        1088.765 137 2.493292e-06 4.562942e-06 2.493292e+00 3.588867e+00 7     7.056234e-06 6.082159e+00
150 7 1145.21 0.24 0.950000 8 -1.0 15316        1088.369 136 2.785055e-06 3.810497e-06 2.785055e+00 3.442383e+00 7     6.595552e-06 6.227438e+00
150 7 1145.22 0.24 0.950000 8 -1.0 17123        1090.752 136 2.012898e-06 5.213084e-06 2.012898e+00 3.499756e+00 7     7.225982e-06 5.512654e+00
150 7 1145.22 0.24 0.950000 8 -1.0 18585        1090.348 136 2.923510e-06 5.157938e-06 2.923510e+00 3.991699e+00 7     8.081449e-06 6.915209e+00
150 7 1145.23 0.24 0.950000 8 -1.0 14081        1088.117 136 2.655133e-06 3.567434e-06 2.655132e+00 3.308105e+00 7     6.222566e-06 5.963238e+00
150 7 1145.24 0.24 0.950000 8 -1.0 575        1091.762 138 3.039610e-06 4.718169e-06 3.039610e+00 2.978516e+00 7     7.757779e-06 6.018126e+00
150 7 1145.24 0.24 0.950000 8 -1.0 6809        1094.068 136 4.405784e-06 0.000000e+00 4.405784e+00 0.000000e+00 7     4.405784e-06 4.405784e+00
150 7 1145.25 0.24 0.950000 8 -1.0 8605        1094.458 137 2.970124e-06 3.312301e-06 2.970124e+00 2.957764e+00 7     6.282425e-06 5.927888e+00
150 7 1145.26 0.24 0.950000 8 -1.0 2389        1092.414 140 3.255874e-06 3.637443e-06 3.255874e+00 3.272705e+00 7     6.893316e-06 6.528579e+00
150 7 1145.27 0.24 0.950000 8 -1.0 16420        1092.456 139 2.560739e-06 4.422393e-06 2.560739e+00 2.893066e+00 7     6.983133e-06 5.453806e+00
150 7 1145.28 0.24 0.950000 8 -1.0 17352        1094.547 138 2.395616e-06 4.509467e-06 2.395616e+00 3.262939e+00 7     6.905082e-06 5.658555e+00
150 7 1145.29 0.24 0.950000 8 -1.0 6963        1088.239 136 3.075497e-06 3.565898e-06 3.075497e+00 2.829590e+00 7     6.641395e-06 5.905087e+00
150 7 1145.30 0.24 0.950000 8 -1.0 19209        1093.302 139 2.344440e-06 4.874640e-06 2.344439e+00 4.143066e+00 7     7.219079e-06 6.487506e+00
150 7 1145.31 0.24 0.950000 8 -1.0 2421        1089.892 137 3.500458e-06 3.523615e-06 3.500458e+00 3.497314e+00 7     7.024073e-06 6.997772e+00
150 7 1145.33 0.24 0.950000 8 -1.0 2403        1091.452 134 3.445213e-06 3.020698e-06 3.445212e+00 2.873535e+00 7     6.465911e-06 6.318748e+00
150 7 1145.35 0.24 0.950000 8 -1.0 10484        1092.295 139 2.368787e-06 3.687492e-06 2.368787e+00 3.344727e+00 7     6.056279e-06 5.713514e+00
150 7 1145.36 0.24 0.950000 8 -1.0 13300        1088.636 132 2.998958e-06 4.224568e-06 2.998958e+00 3.586426e+00 7     7.223526e-06 6.585384e+00
150 9 1144.90 0.24 0.950000 8 -1.0 9801        1092.722 137 2.589926e-06 4.022832e-06 2.589926e+00 3.212891e+00 7     6.612757e-06 5.802816e+00
150 9 1144.92 0.24 0.950000 8 -1.0 13506        1092.274 137 2.642115e-06 3.699692e-06 2.642115e+00 3.410645e+00 8     6.341807e-06 6.052760e+00
150 9 1144.92 0.24 0.950000 8 -1.0 19344        1091.004 140 3.262450e-06 3.940086e-06 3.262450e+00 3.437500e+00 8     7.202536e-06 6.699950e+00
150 9 1144.96 0.24 0.950000 8 -1.0 9367        1088.517 135 3.037717e-06 3.620109e-06 3.037716e+00 2.954102e+00 7     6.657826e-06 5.991818e+00
150 9 1144.97 0.24 0.950000 8 -1.0 16389        1089.672 137 2.558390e-06 4.790386e-06 2.558390e+00 3.671875e+00 6     7.348776e-06 6.230265e+00
150 9 1144.99 0.24 0.950000 8 -1.0 13035        1089.521 137 2.103559e-06 5.074601e-06 2.103559e+00 3.781738e+00 8     7.178160e-06 5.885297e+00
150 9 1144.99 0.24 0.950000 8 -1.0 19668        1090.419 135 3.766160e-06 2.502073e-06 3.766159e+00 2.104492e+00 8     6.268232e-06 5.870652e+00
150 9 1144.99 0.24 0.950000 8 -1.0 209        1090.575 141 4.195347e-06 2.212726e-06 4.195346e+00 2.526855e+00 9     6.408072e-06 6.722202e+00
150 9 1144.99 0.24 0.950000 8 -1.0 2282        1091.550 139 2.855539e-06 3.999910e-06 2.855539e+00 3.060303e+00 8     6.855448e-06 5.915841e+00
150 9 1144.99 0.24 0.950000 8 -1.0 7965        1093.604 137 3.896028e-06 3.403479e-06 3.896028e+00 2.575073e+00 7     7.299507e-06 6.471101e+00
150 9 1145.00 0.24 0.950000 8 -1.0 8096        1090.242 133 5.728697e-06 0.000000e+00 5.728696e+00 0.000000e+00 8     5.728697e-06 5.728696e+00
150 9 1145.00 0.24 0.950000 8 -1.0 8374        1087.797 133 2.413357e-06 4.778520e-06 2.413357e+00 3.032227e+00 8     7.191877e-06 5.445583e+00
150 9 1145.01 0.24 0.950000 8 -1.0 15524        1091.616 136 2.560888e-06 3.820272e-06 2.560888e+00 3.228760e+00 9     6.381160e-06 5.789648e+00
150 9 1145.01 0.24 0.950000 8 -1.0 17637        1092.659 138 2.551780e-06 5.151202e-06 2.551780e+00 4.138184e+00 6     7.702982e-06 6.689963e+00
150 9 1145.02 0.24 0.950000 8 -1.0 19792        1088.816 135 3.399786e-06 2.688698e-06 3.399786e+00 2.553711e+00 9     6.088485e-06 5.953497e+00
150 9 1145.03 0.24 0.950000 8 -1.0 8989        1089.774 137 3.027358e-06 4.541222e-06 3.027358e+00 3.166504e+00 9     7.568580e-06 6.193862e+00
150 9 1145.04 0.24 0.950000 8 -1.0 14985        1091.203 138 2.297876e-06 3.827318e-06 2.297876e+00 3.789062e+00 8     6.125194e-06 6.086939e+00
150 9 1145.04 0.24 0.950000 8 -1.0 1662        1092.498 140 2.355591e-06 3.931843e-06 2.355591e+00 3.503418e+00 9     6.287434e-06 5.859009e+00
150 9 1145.04 0.24 0.950000 8 -1.0 2423        1089.077 134 2.261921e-06 4.501792e-06 2.261921e+00 3.592529e+00 7     6.763713e-06 5.854450e+00
150 9 1145.04 0.24 0.950000 8 -1.0 643        1089.575 140 2.926948e-06 4.018150e-06 2.926948e+00 3.051758e+00 9     6.945098e-06 5.978705e+00
150 9 1145.05 0.24 0.950000 8 -1.0 17645        1090.116 134 2.156447e-06 5.460298e-06 2.156447e+00 4.433594e+00 7     7.616745e-06 6.590041e+00
150 9 1145.05 0.24 0.950000 8 -1.0 3277        1093.187 136 4.158905e-06 2.740448e-06 4.158905e+00 2.359619e+00 8     6.899353e-06 6.518524e+00
150 9 1145.06 0.24 0.950000 8 -1.0 17159        1089.618 138 2.741514e-06 3.749569e-06 2.741513e+00 3.153076e+00 8     6.491082e-06 5.894590e+00
150 9 1145.07 0.24 0.950000 8 -1.0 11993        1090.106 137 2.073986e-06 5.685844e-06 2.073986e+00 3.891602e+00 8     7.759830e-06 5.965588e+00
150 9 1145.10 0.24 0.950000 8 -1.0 10537        1089.909 135 2.283588e-06 3.904799e-06 2.283588e+00 3.781738e+00 8     6.188387e-06 6.065326e+00
150 9 1145.10 0.24 0.950000 8 -1.0 6812        1089.782 134 2.186494e-06 5.727413e-06 2.186493e+00 3.404541e+00 8     7.913907e-06 5.591034e+00
150 9 1145.11 0.24 0.950000 8 -1.0 12653        1089.185 140 3.157473e-06 3.341551e-06 3.157473e+00 2.851562e+00 8     6.499025e-06 6.009036e+00
150 9 1145.11 0.24 0.950000 8 -1.0 8416        1089.976 137 2.190903e-06 5.270208e-06 2.190903e+00 4.060059e+00 8     7.461111e-06 6.250961e+00
150 9 1145.14 0.24 0.950000 8 -1.0 19186        1088.775 138 2.353169e-06 3.909003e-06 2.353169e+00 3.105469e+00 8     6.262172e-06 5.458638e+00
150 9 1145.14 0.24 0.950000 8 -1.0 3677        1093.385 139 4.051306e-06 3.222914e-06 4.051306e+00 3.105469e+00 7     7.274220e-06 7.156774e+00
150 9 1145.16 0.24 0.950000 8 -1.0 18369        1088.392 139 1.939789e-06 5.809612e-06 1.939789e+00 4.221191e+00 9     7.749400e-06 6.160980e+00
150 9 1145.16 0.24 0.950000 8 -1.0 2467        1090.405 136 3.099062e-06 3.180591e-06 3.099062e+00 2.320557e+00 9     6.279653e-06 5.419619e+00
150 9 1145.16 0.24 0.950000 8 -1.0 3883        1095.372 136 3.315421e-06 3.587865e-06 3.315421e+00 2.573853e+00 8     6.903286e-06 5.889274e+00
150 9 1145.19 0.24 0.950000 8 -1.0 19139        1091.387 136 2.396518e-06 4.719864e-06 2.396518e+00 3.142090e+00 9     7.116383e-06 5.538608e+00
150 9 1145.21 0.24 0.950000 8 -1.0 5868        1092.680 136 2.952891e-06 4.251315e-06 2.952891e+00 3.029785e+00 9     7.204207e-06 5.982677e+00
150 9 1145.22 0.24 0.950000 8 -1.0 14214        1088.250 136 2.289369e-06 4.655659e-06 2.289369e+00 3.496094e+00 9     6.945028e-06 5.785463e+00
150 9 1145.22 0.24 0.950000 8 -1.0 16477        1089.754 134 2.190171e-06 6.171087e-06 2.190171e+00 4.697266e+00 8     8.361258e-06 6.887436e+00
150 9 1145.23 0.24 0.950000 8 -1.0 7566        1090.722 136 2.832163e-06 3.578765e-06 2.832163e+00 2.918701e+00 9     6.410928e-06 5.750864e+00
150 9 1145.24 0.24 0.950000 8 -1.0 11791        1088.488 136 1.812623e-06 7.129463e-06 1.812623e+00 3.417969e+00 9     8.942086e-06 5.230592e+00
150 9 1145.24 0.24 0.950000 8 -1.0 6187        1093.667 135 3.024603e-06 4.313445e-06 3.024603e+00 2.872314e+00 8     7.338048e-06 5.896917e+00
150 9 1145.25 0.24 0.950000 8 -1.0 18522        1089.890 134 2.912202e-06 3.127992e-06 2.912202e+00 2.740479e+00 8     6.040194e-06 5.652681e+00
150 9 1145.26 0.24 0.950000 8 -1.0 17860        1088.851 133 3.609420e-06 2.832845e-06 3.609420e+00 2.548828e+00 9     6.442265e-06 6.158248e+00
150 9 1145.27 0.24 0.950000 8 -1.0 5562        1088.341 138 2.665429e-06 4.260684e-06 2.665429e+00 2.707520e+00 8     6.926113e-06 5.372948e+00
150 9 1145.28 0.24 0.950000 8 -1.0 12872        1088.756 138 2.446899e-06 3.785989e-06 2.446899e+00 3.055420e+00 7     6.232888e-06 5.502319e+00
150 9 1145.29 0.24 0.950000 8 -1.0 16742        1089.070 136 2.879115e-06 3.529553e-06 2.879115e+00 3.161621e+00 7     6.408668e-06 6.040736e+00
150 9 1145.30 0.24 0.950000 8 -1.0 5913        1095.829 140 2.284487e-06 4.447147e-06 2.284486e+00 3.872070e+00 9     6.731634e-06 6.156557e+00
150 9 1145.31 0.24 0.950000 8 -1.0 1260        1090.226 135 2.639473e-06 3.537268e-06 2.639473e+00 2.994385e+00 9     6.176741e-06 5.633858e+00
150 9 1145.33 0.24 0.950000 8 -1.0 12051        1088.602 134 2.830797e-06 3.528147e-06 2.830797e+00 3.908691e+00 8     6.358944e-06 6.739488e+00
150 9 1145.35 0.24 0.950000 8 -1.0 13378        1089.014 139 2.935976e-06 2.542018e-06 2.935976e+00 2.836914e+00 7     5.477994e-06 5.772890e+00
150 9 1145.36 0.24 0.950000 8 -1.0 8382        1088.590 132 3.384746e-06 3.190027e-06 3.384746e+00 2.834473e+00 9     6.574774e-06 6.219219e+00
