195 11 1488.16 0.24 0.950000 8 -1.0 19390        1415.948 179 3.635311e-06 4.602525e-06 3.635311e+00 4.499512e+00 9     8.237837e-06 8.134823e+00
195 11 1488.18 0.24 0.950000 8 -1.0 506        1414.453 178 4.842152e-06 4.669119e-06 4.842151e+00 2.744751e+00 11     9.511271e-06 7.586902e+00
195 11 1488.21 0.24 0.950000 8 -1.0 2608        1414.414 179 4.902077e-06 4.171509e-06 4.902077e+00 3.214111e+00 9     9.073586e-06 8.116188e+00
195 11 1488.23 0.24 0.950000 8 -1.0 16628        1414.327 174 3.519842e-06 5.005240e-06 3.519842e+00 4.470215e+00 9     8.525081e-06 7.990056e+00
195 11 1488.26 0.24 0.950000 8 -1.0 9218        1418.767 181 3.361056e-06 5.655479e-06 3.361056e+00 4.472656e+00 10     9.016535e-06 7.833712e+00
195 11 1488.28 0.24 0.950000 8 -1.0 17658        1417.489 179 3.318786e-06 5.043735e-06 3.318786e+00 3.819580e+00 9     8.362522e-06 7.138366e+00
195 11 1488.33 0.24 0.950000 8 -1.0 14906        1417.981 181 5.468025e-06 4.046058e-06 5.468025e+00 3.618164e+00 11     9.514083e-06 9.086189e+00
195 11 1488.35 0.24 0.950000 8 -1.0 17011        1418.489 179 3.301289e-06 5.559719e-06 3.301288e+00 4.025879e+00 11     8.861007e-06 7.327167e+00
195 11 1488.35 0.24 0.950000 8 -1.0 2089        1422.237 178 3.271821e-06 5.438071e-06 3.271821e+00 4.129639e+00 9     8.709892e-06 7.401459e+00
195 11 1488.45 0.24 0.950000 8 -1.0 4507        1424.559 177 4.331839e-06 5.650730e-06 4.331838e+00 3.728027e+00 10     9.982568e-06 8.059866e+00
195 11 1488.46 0.24 0.950000 8 -1.0 17354        1418.370 179 3.310290e-06 4.071249e-06 3.310290e+00 3.447266e+00 11     7.381539e-06 6.757555e+00
195 11 1488.48 0.24 0.950000 8 -1.0 18619        1418.679 174 3.775491e-06 5.184316e-06 3.775490e+00 3.806152e+00 9     8.959806e-06 7.581643e+00
195 11 1488.48 0.24 0.950000 8 -1.0 685        1421.930 183 4.643296e-06 4.363625e-06 4.643296e+00 3.416748e+00 11     9.006921e-06 8.060044e+00
195 11 1488.50 0.24 0.950000 8 -1.0 17004        1418.716 183 3.811694e-06 5.119420e-06 3.811694e+00 3.575439e+00 9     8.931114e-06 7.387133e+00
195 11 1488.51 0.24 0.950000 8 -1.0 18527        1415.481 180 4.248706e-06 5.473961e-06 4.248706e+00 3.973389e+00 11     9.722666e-06 8.222094e+00
195 11 1488.55 0.24 0.950000 8 -1.0 14087        1417.833 176 3.392285e-06 6.373693e-06 3.392285e+00 4.285889e+00 11     9.765978e-06 7.678174e+00
195 11 1488.56 0.24 0.950000 8 -1.0 6010        1414.386 180 3.112834e-06 6.311638e-06 3.112834e+00 4.525146e+00 7     9.424472e-06 7.637981e+00
195 11 1488.56 0.24 0.950000 8 -1.0 8305        1417.752 179 3.267095e-06 5.811137e-06 3.267095e+00 4.775391e+00 9     9.078233e-06 8.042486e+00
195 11 1488.57 0.24 0.950000 8 -1.0 8179        1416.174 179 3.473528e-06 5.603727e-06 3.473528e+00 4.006348e+00 11     9.077255e-06 7.479876e+00
195 11 1488.58 0.24 0.950000 8 -1.0 277        1419.207 182 4.815516e-06 4.599830e-06 4.815516e+00 3.018799e+00 11     9.415346e-06 7.834315e+00
195 11 1488.58 0.24 0.950000 8 -1.0 9151        1418.187 176 2.663802e-06 5.689576e-06 2.663802e+00 5.644531e+00 10     8.353377e-06 8.308333e+00
195 11 1488.64 0.24 0.950000 8 -1.0 1523        1415.938 178 4.021503e-06 4.754179e-06 4.021503e+00 3.858643e+00 9     8.775682e-06 7.880145e+00
195 11 1488.64 0.24 0.950000 8 -1.0 6198        1421.388 182 4.325401e-06 5.646352e-06 4.325401e+00 3.731689e+00 9     9.971752e-06 8.057090e+00
195 11 1488.65 0.24 0.950000 8 -1.0 17838        1414.544 178 3.485589e-06 5.589184e-06 3.485589e+00 4.019775e+00 10     9.074774e-06 7.505365e+00
195 11 1488.65 0.24 0.950000 8 -1.0 8433        1416.211 179 2.922160e-06 6.660936e-06 2.922160e+00 4.831543e+00 8     9.583096e-06 7.753703e+00
195 11 1488.68 0.24 0.950000 8 -1.0 10837        1415.623 179 3.128644e-06 6.970609e-06 3.128644e+00 5.441895e+00 9     1.009925e-05 8.570538e+00
195 11 1488.68 0.24 0.950000 8 -1.0 19545        1416.686 178 2.776359e-06 6.247248e-06 2.776359e+00 4.626465e+00 11     9.023607e-06 7.402823e+00
195 11 1488.71 0.24 0.950000 8 -1.0 15983        1415.946 175 3.122160e-06 6.881221e-06 3.122160e+00 5.117188e+00 10     1.000338e-05 8.239348e+00
195 11 1488.74 0.24 0.950000 8 -1.0 15364        1415.249 180 3.167236e-06 6.860693e-06 3.167236e+00 4.992676e+00 9     1.002793e-05 8.159912e+00
195 11 1488.74 0.24 0.950000 8 -1.0 9209        1415.626 180 3.442329e-06 5.484820e-06 3.442329e+00 4.221191e+00 9     8.927149e-06 7.663520e+00
195 11 1488.75 0.24 0.950000 8 -1.0 19400        1417.392 173 3.398967e-06 5.099855e-06 3.398967e+00 4.038086e+00 10     8.498822e-06 7.437052e+00
195 11 1488.76 0.24 0.950000 8 -1.0 1155        1418.100 178 4.040259e-06 5.599150e-06 4.040259e+00 3.184814e+00 11     9.639409e-06 7.225074e+00
195 11 1488.76 0.24 0.950000 8 -1.0 9073        1419.745 183 2.803901e-06 5.838813e-06 2.803900e+00 4.877930e+00 9     8.642714e-06 7.681830e+00
195 11 1488.77 0.24 0.950000 8 -1.0 3076        1418.456 181 3.669038e-06 5.399416e-06 3.669038e+00 4.438477e+00 8     9.068455e-06 8.107515e+00
195 11 1488.78 0.24 0.950000 8 -1.0 1369        1417.994 185 4.348848e-06 4.714507e-06 4.348847e+00 4.514160e+00 11     9.063355e-06 8.863007e+00
195 11 1488.78 0.24 0.950000 8 -1.0 7897        1419.257 182 2.940875e-06 6.213291e-06 2.940875e+00 5.131836e+00 7     9.154167e-06 8.072711e+00
195 11 1488.81 0.24 0.950000 8 -1.0 18504        1418.506 179 3.094125e-06 6.424988e-06 3.094125e+00 4.802246e+00 9     9.519112e-06 7.896371e+00
195 11 1488.81 0.24 0.950000 8 -1.0 3778        1418.154 178 3.785456e-06 5.352475e-06 3.785456e+00 4.282227e+00 11     9.137932e-06 8.067683e+00
195 11 1488.81 0.24 0.950000 8 -1.0 3943        1416.691 177 2.672469e-06 6.873613e-06 2.672469e+00 4.968262e+00 8     9.546082e-06 7.640730e+00
195 11 1488.83 0.24 0.950000 8 -1.0 914        1416.069 177 4.942335e-06 3.689341e-06 4.942335e+00 3.208008e+00 11     8.631677e-06 8.150343e+00
195 11 1488.84 0.24 0.950000 8 -1.0 19841        1417.470 180 3.560205e-06 4.479558e-06 3.560205e+00 4.282227e+00 10     8.039764e-06 7.842432e+00
195 11 1488.85 0.24 0.950000 8 -1.0 14924        1415.932 174 2.997443e-06 5.785679e-06 2.997443e+00 4.240723e+00 9     8.783122e-06 7.238166e+00
195 11 1488.86 0.24 0.950000 8 -1.0 15700        1419.732 181 3.484727e-06 5.604534e-06 3.484726e+00 4.453125e+00 10     9.089260e-06 7.937851e+00
195 11 1488.89 0.24 0.950000 8 -1.0 15758        1415.459 172 4.015463e-06 4.210112e-06 4.015463e+00 4.121094e+00 9     8.225575e-06 8.136557e+00
195 11 1488.94 0.24 0.950000 8 -1.0 12417        1419.202 173 4.066604e-06 3.495500e-06 4.066603e+00 3.822021e+00 8     7.562103e-06 7.888625e+00
195 11 1488.94 0.24 0.950000 8 -1.0 12914        1417.269 175 3.263700e-06 4.804185e-06 3.263700e+00 4.299316e+00 11     8.067885e-06 7.563016e+00
195 11 1488.94 0.24 0.950000 8 -1.0 18710        1414.682 172 2.555245e-06 5.939839e-06 2.555245e+00 4.425049e+00 9     8.495085e-06 6.980294e+00
195 11 1488.97 0.24 0.950000 8 -1.0 2937        1417.400 178 3.077268e-06 6.533784e-06 3.077268e+00 4.362793e+00 8     9.611053e-06 7.440061e+00
195 11 1488.98 0.24 0.950000 8 -1.0 13716        1422.573 183 3.574400e-06 5.471161e-06 3.574400e+00 3.874512e+00 9     9.045562e-06 7.448912e+00
195 11 1488.98 0.24 0.950000 8 -1.0 14024        1415.088 174 3.749139e-06 4.433577e-06 3.749139e+00 3.215332e+00 8     8.182716e-06 6.964471e+00
195 13 1488.16 0.24 0.950000 8 -1.0 12754        1414.911 180 2.341574e-06 6.697296e-06 2.341574e+00 4.951172e+00 8     9.038870e-06 7.292746e+00
195 13 1488.18 0.24 0.950000 8 -1.0 16897        1417.126 176 3.258030e-06 4.749466e-06 3.258030e+00 4.406738e+00 9     8.007496e-06 7.664768e+00
195 13 1488.21 0.24 0.950000 8 -1.0 3789        1417.703 176 5.461996e-06 3.260230e-06 5.461996e+00 2.667236e+00 12     8.722227e-06 8.129233e+00
195 13 1488.23 0.24 0.950000 8 -1.0 18188        1418.501 173 2.791381e-06 7.152713e-06 2.791381e+00 5.244141e+00 8     9.944093e-06 8.035521e+00
195 13 1488.26 0.24 0.950000 8 -1.0 17575        1414.386 175 4.271183e-06 4.460448e-06 4.271183e+00 3.798828e+00 9     8.731631e-06 8.070011e+00
195 13 1488.28 0.24 0.950000 8 -1.0 5599        1414.944 175 3.866909e-06 3.980072e-06 3.866909e+00 3.742676e+00 9     7.846981e-06 7.609585e+00
195 13 1488.33 0.24 0.950000 8 -1.0 2466        1417.030 181 6.842814e-06 2.948170e-06 6.842813e+00 2.606201e+00 11     9.790984e-06 9.449015e+00
195 13 1488.35 0.24 0.950000 8 -1.0 17238        1414.421 179 3.474151e-06 6.037650e-06 3.474151e+00 3.970947e+00 10     9.511802e-06 7.445099e+00
195 13 1488.35 0.24 0.950000 8 -1.0 18467        1416.557 175 3.612049e-06 5.231452e-06 3.612049e+00 3.629150e+00 8     8.843501e-06 7.241199e+00
195 13 1488.45 0.24 0.950000 8 -1.0 6983        1416.339 174 4.069415e-06 6.083996e-06 4.069415e+00 4.062500e+00 10     1.015341e-05 8.131915e+00
195 13 1488.46 0.24 0.950000 8 -1.0 2370        1417.474 177 3.941153e-06 4.540896e-06 3.941153e+00 3.369141e+00 12     8.482050e-06 7.310294e+00
195 13 1488.48 0.24 0.950000 8 -1.0 16285        1417.653 182 3.707840e-06 5.382734e-06 3.707840e+00 3.889160e+00 11     9.090573e-06 7.597000e+00
195 13 1488.48 0.24 0.950000 8 -1.0 7736        1417.372 174 2.451845e-06 6.423203e-06 2.451845e+00 5.039062e+00 10     8.875048e-06 7.490907e+00
195 13 1488.50 0.24 0.950000 8 -1.0 18399        1416.650 179 3.271431e-06 5.671454e-06 3.271431e+00 4.245605e+00 9     8.942886e-06 7.517036e+00
195 13 1488.51 0.24 0.950000 8 -1.0 14186        1417.658 175 3.160330e-06 6.939527e-06 3.160330e+00 3.975830e+00 10     1.009986e-05 7.136160e+00
195 13 1488.55 0.24 0.950000 8 -1.0 9251        1418.130 176 3.474755e-06 6.508779e-06 3.474755e+00 4.306641e+00 8     9.983534e-06 7.781395e+00
195 13 1488.56 0.24 0.950000 8 -1.0 11589        1418.119 177 3.427517e-06 5.271656e-06 3.427517e+00 4.155273e+00 10     8.699173e-06 7.582790e+00
195 13 1488.56 0.24 0.950000 8 -1.0 17925        1414.277 178 3.034844e-06 6.596799e-06 3.034843e+00 4.091797e+00 9     9.631642e-06 7.126640e+00
195 13 1488.57 0.24 0.950000 8 -1.0 10461        1414.350 179 3.175234e-06 5.877428e-06 3.175234e+00 5.119629e+00 9     9.052663e-06 8.294863e+00
195 13 1488.58 0.24 0.950000 8 -1.0 11796        1416.331 180 2.416533e-06 7.335570e-06 2.416533e+00 6.201172e+00 9     9.752104e-06 8.617705e+00
195 13 1488.58 0.24 0.950000 8 -1.0 12393        1414.764 176 3.029556e-06 6.492840e-06 3.029555e+00 4.716797e+00 8     9.522395e-06 7.746352e+00
195 13 1488.64 0.24 0.950000 8 -1.0 17017        1414.275 177 2.426782e-06 7.344103e-06 2.426782e+00 5.585938e+00 9     9.770885e-06 8.012719e+00
195 13 1488.64 0.24 0.950000 8 -1.0 17314        1414.239 179 3.429856e-06 4.458057e-06 3.429856e+00 4.685059e+00 10     7.887913e-06 8.114914e+00
195 13 1488.65 0.24 0.950000 8 -1.0 3531        1418.405 177 4.524846e-06 5.578386e-06 4.524845e+00 4.086914e+00 10     1.010323e-05 8.611759e+00
195 13 1488.65 0.24 0.950000 8 -1.0 8188        1416.714 175 2.866967e-06 7.075413e-06 2.866967e+00 4.904785e+00 13     9.942380e-06 7.771752e+00
195 13 1488.68 0.24 0.950000 8 -1.0 13423        1420.884 178 3.380256e-06 5.217978e-06 3.380256e+00 4.843750e+00 8     8.598234e-06 8.224006e+00
195 13 1488.68 0.24 0.950000 8 -1.0 6707        1415.140 181 2.957272e-06 6.140412e-06 2.957272e+00 4.697266e+00 7     9.097685e-06 7.654538e+00
195 13 1488.71 0.24 0.950000 8 -1.0 3890        1415.843 176 3.711086e-06 7.469385e-06 3.711086e+00 3.903809e+00 9     1.118047e-05 7.614895e+00
195 13 1488.74 0.24 0.950000 8 -1.0 18953        1418.025 178 3.621523e-06 6.376013e-06 3.621523e+00 4.801025e+00 9     9.997536e-06 8.422549e+00
195 13 1488.74 0.24 0.950000 8 -1.0 3058        1416.609 179 3.173980e-06 6.300415e-06 3.173980e+00 4.509277e+00 8     9.474395e-06 7.683257e+00
195 13 1488.75 0.24 0.950000 8 -1.0 19339        1416.649 171 3.663179e-06 5.210112e-06 3.663179e+00 3.378906e+00 11     8.873291e-06 7.042085e+00
195 13 1488.76 0.24 0.950000 8 -1.0 10248        1415.964 180 3.032819e-06 5.878934e-06 3.032819e+00 4.547119e+00 10     8.911753e-06 7.579938e+00
195 13 1488.76 0.24 0.950000 8 -1.0 3078        1421.762 181 2.736753e-06 6.924855e-06 2.736753e+00 4.958496e+00 8     9.661608e-06 7.695249e+00
195 13 1488.77 0.24 0.950000 8 -1.0 3500        1414.651 177 5.272275e-06 3.686534e-06 5.272275e+00 2.901611e+00 11     8.958809e-06 8.173886e+00
195 13 1488.78 0.24 0.950000 8 -1.0 12429        1416.533 176 3.191723e-06 6.477749e-06 3.191723e+00 4.511719e+00 10     9.669471e-06 7.703441e+00
195 13 1488.78 0.24 0.950000 8 -1.0 2313        1418.425 181 4.267948e-06 5.460386e-06 4.267948e+00 3.803711e+00 9     9.728334e-06 8.071659e+00
195 13 1488.81 0.24 0.950000 8 -1.0 19767        1414.411 178 4.088480e-06 4.523884e-06 4.088480e+00 3.433838e+00 10     8.612364e-06 7.522318e+00
195 13 1488.81 0.24 0.950000 8 -1.0 5013        1421.036 179 3.479962e-06 5.888111e-06 3.479962e+00 4.316406e+00 10     9.368073e-06 7.796369e+00
195 13 1488.81 0.24 0.950000 8 -1.0 6752        1416.149 179 3.502357e-06 5.657412e-06 3.502357e+00 4.403076e+00 7     9.159769e-06 7.905433e+00
195 13 1488.83 0.24 0.950000 8 -1.0 16716        1418.198 177 3.857598e-06 5.407981e-06 3.857598e+00 3.491211e+00 10     9.265580e-06 7.348809e+00
195 13 1488.84 0.24 0.950000 8 -1.0 16199        1417.262 180 3.707154e-06 4.473351e-06 3.707154e+00 3.474121e+00 11     8.180506e-06 7.181275e+00
195 13 1488.85 0.24 0.950000 8 -1.0 14228        1414.959 174 3.514570e-06 5.007952e-06 3.514570e+00 3.820801e+00 11     8.522522e-06 7.335370e+00
195 13 1488.86 0.24 0.950000 8 -1.0 5501        1415.369 181 3.376067e-06 5.634165e-06 3.376067e+00 4.350586e+00 9     9.010232e-06 7.726653e+00
195 13 1488.89 0.24 0.950000 8 -1.0 11052        1415.772 175 3.467768e-06 6.123586e-06 3.467767e+00 4.484863e+00 13     9.591353e-06 7.952631e+00
195 13 1488.94 0.24 0.950000 8 -1.0 13836        1417.032 176 4.189259e-06 3.899810e-06 4.189258e+00 3.344727e+00 9     8.089068e-06 7.533985e+00
195 13 1488.94 0.24 0.950000 8 -1.0 1592        1416.780 180 3.248814e-06 4.698954e-06 3.248814e+00 4.291992e+00 9     7.947767e-06 7.540806e+00
195 13 1488.94 0.24 0.950000 8 -1.0 17587        1415.510 173 3.349758e-06 5.019052e-06 3.349758e+00 3.627930e+00 10     8.368810e-06 6.977687e+00
195 13 1488.97 0.24 0.950000 8 -1.0 14946        1418.089 178 3.280576e-06 5.623997e-06 3.280575e+00 4.389648e+00 9     8.904572e-06 7.670224e+00
195 13 1488.98 0.24 0.950000 8 -1.0 1676        1415.581 178 3.699255e-06 6.413031e-06 3.699255e+00 4.843750e+00 11     1.011229e-05 8.543005e+00
195 13 1488.98 0.24 0.950000 8 -1.0 19468        1414.533 175 3.267866e-06 4.998640e-06 3.267866e+00 3.822021e+00 8     8.266506e-06 7.089887e+00
195 15 1488.16 0.24 0.950000 8 -1.0 16306        1418.304 178 2.960867e-06 4.738374e-06 2.960866e+00 5.134277e+00 8     7.699241e-06 8.095144e+00
195 15 1488.18 0.24 0.950000 8 -1.0 4013        1415.953 181 3.105527e-06 5.646042e-06 3.105527e+00 4.208984e+00 13     8.751569e-06 7.314511e+00
195 15 1488.21 0.24 0.950000 8 -1.0 4052        1416.423 179 4.289427e-06 3.700840e-06 4.289427e+00 3.132324e+00 9     7.990267e-06 7.421751e+00
195 15 1488.23 0.24 0.950000 8 -1.0 19873        1415.784 176 4.083224e-06 4.731980e-06 4.083224e+00 3.957520e+00 8     8.815204e-06 8.040743e+00
195 15 1488.26 0.24 0.950000 8 -1.0 3150        1414.984 175 3.718476e-06 6.178092e-06 3.718475e+00 3.948975e+00 10     9.896567e-06 7.667450e+00
195 15 1488.28 0.24 0.950000 8 -1.0 5042        1422.389 178 2.666240e-06 6.878599e-06 2.666240e+00 5.402832e+00 9     9.544839e-06 8.069072e+00
195 15 1488.33 0.24 0.950000 8 -1.0 2560        1416.895 180 6.375451e-06 3.187552e-06 6.375451e+00 2.976685e+00 15     9.563004e-06 9.352135e+00
195 15 1488.35 0.24 0.950000 8 -1.0 15402        1414.904 179 2.639129e-06 7.285606e-06 2.639129e+00 4.033203e+00 9     9.924735e-06 6.672332e+00
195 15 1488.35 0.24 0.950000 8 -1.0 1697        1415.269 180 3.545552e-06 5.663978e-06 3.545552e+00 3.884277e+00 10     9.209530e-06 7.429830e+00
195 15 1488.45 0.24 0.950000 8 -1.0 5735        1416.740 174 3.440264e-06 7.041159e-06 3.440263e+00 4.836426e+00 7     1.048142e-05 8.276689e+00
195 15 1488.46 0.24 0.950000 8 -1.0 13351        1415.117 177 3.466762e-06 4.119346e-06 3.466762e+00 4.260254e+00 9     7.586109e-06 7.727016e+00
195 15 1488.48 0.24 0.950000 8 -1.0 2448        1414.978 174 3.465347e-06 5.401304e-06 3.465347e+00 4.128418e+00 9     8.866651e-06 7.593765e+00
195 15 1488.48 0.24 0.950000 8 -1.0 6678        1416.261 180 3.447452e-06 5.308802e-06 3.447452e+00 4.357910e+00 9     8.756255e-06 7.805362e+00
195 15 1488.50 0.24 0.950000 8 -1.0 16655        1415.786 179 3.472127e-06 5.654688e-06 3.472127e+00 4.052734e+00 8     9.126815e-06 7.524861e+00
195 15 1488.51 0.24 0.950000 8 -1.0 17623        1416.778 177 3.223414e-06 5.633150e-06 3.223414e+00 5.012207e+00 10     8.856564e-06 8.235621e+00
195 15 1488.55 0.24 0.950000 8 -1.0 2312        1422.105 177 4.602207e-06 4.598977e-06 4.602207e+00 3.061523e+00 10     9.201184e-06 7.663730e+00
195 15 1488.56 0.24 0.950000 8 -1.0 13372        1419.416 178 3.102671e-06 6.247585e-06 3.102671e+00 4.335938e+00 9     9.350256e-06 7.438608e+00
195 15 1488.56 0.24 0.950000 8 -1.0 17734        1416.830 177 3.117859e-06 6.013251e-06 3.117859e+00 4.946289e+00 8     9.131110e-06 8.064148e+00
195 15 1488.57 0.24 0.950000 8 -1.0 12266        1415.864 179 3.593510e-06 5.954895e-06 3.593510e+00 3.850098e+00 9     9.548405e-06 7.443607e+00
195 15 1488.58 0.24 0.950000 8 -1.0 17367        1419.822 180 3.041698e-06 6.858157e-06 3.041698e+00 5.046387e+00 11     9.899855e-06 8.088085e+00
195 15 1488.58 0.24 0.950000 8 -1.0 2025        1414.922 180 3.918957e-06 5.305283e-06 3.918957e+00 4.248047e+00 8     9.224240e-06 8.167004e+00
195 15 1488.64 0.24 0.950000 8 -1.0 13153        1414.500 180 3.468180e-06 4.907350e-06 3.468180e+00 3.852539e+00 8     8.375531e-06 7.320719e+00
195 15 1488.64 0.24 0.950000 8 -1.0 14007        1416.356 175 3.029002e-06 7.372032e-06 3.029002e+00 5.095215e+00 11     1.040103e-05 8.124217e+00
195 15 1488.65 0.24 0.950000 8 -1.0 1343        1420.602 180 5.253790e-06 4.777269e-06 5.253789e+00 2.974243e+00 11     1.003106e-05 8.228033e+00
195 15 1488.65 0.24 0.950000 8 -1.0 15411        1416.911 178 3.057476e-06 5.420879e-06 3.057476e+00 4.753418e+00 12     8.478355e-06 7.810894e+00
195 15 1488.68 0.24 0.950000 8 -1.0 16358        1415.072 177 3.567977e-06 5.627371e-06 3.567977e+00 4.890137e+00 6     9.195347e-06 8.458113e+00
195 15 1488.68 0.24 0.950000 8 -1.0 6126        1414.697 180 3.984273e-06 5.170019e-06 3.984273e+00 4.443359e+00 8     9.154292e-06 8.427633e+00
195 15 1488.71 0.24 0.950000 8 -1.0 1529        1416.769 179 3.461563e-06 6.837465e-06 3.461563e+00 4.414062e+00 9     1.029903e-05 7.875626e+00
195 15 1488.74 0.24 0.950000 8 -1.0 3509        1416.361 175 3.660304e-06 5.805383e-06 3.660304e+00 4.235840e+00 10     9.465688e-06 7.896144e+00
195 15 1488.74 0.24 0.950000 8 -1.0 6943        1414.615 181 3.751363e-06 5.643961e-06 3.751363e+00 3.963623e+00 9     9.395324e-06 7.714986e+00
195 15 1488.75 0.24 0.950000 8 -1.0 9736        1414.502 172 2.640818e-06 6.638725e-06 2.640817e+00 4.680176e+00 7     9.279542e-06 7.320993e+00
195 15 1488.76 0.24 0.950000 8 -1.0 2229        1415.089 177 3.959728e-06 4.945069e-06 3.959727e+00 3.327637e+00 11     8.904797e-06 7.287364e+00
195 15 1488.76 0.24 0.950000 8 -1.0 3345        1416.605 184 3.156371e-06 4.929816e-06 3.156370e+00 3.834229e+00 10     8.086187e-06 6.990599e+00
195 15 1488.77 0.24 0.950000 8 -1.0 3178        1420.079 175 3.686728e-06 5.776054e-06 3.686728e+00 4.304199e+00 9     9.462782e-06 7.990927e+00
195 15 1488.78 0.24 0.950000 8 -1.0 10031        1416.492 177 3.255121e-06 6.708488e-06 3.255121e+00 4.628906e+00 8     9.963609e-06 7.884027e+00
195 15 1488.78 0.24 0.950000 8 -1.0 3432        1419.743 185 4.424561e-06 5.237809e-06 4.424561e+00 3.679199e+00 12     9.662370e-06 8.103760e+00
195 15 1488.81 0.24 0.950000 8 -1.0 11357        1415.732 181 3.877914e-06 5.550735e-06 3.877913e+00 4.189453e+00 8     9.428649e-06 8.067367e+00
195 15 1488.81 0.24 0.950000 8 -1.0 14214        1417.479 177 3.062846e-06 5.825019e-06 3.062846e+00 4.934082e+00 9     8.887865e-06 7.996928e+00
195 15 1488.81 0.24 0.950000 8 -1.0 953        1426.580 179 5.261626e-06 3.199404e-06 5.261626e+00 1.936646e+00 15     8.461030e-06 7.198271e+00
195 15 1488.83 0.24 0.950000 8 -1.0 14956        1418.503 174 3.612907e-06 6.082544e-06 3.612907e+00 4.187012e+00 10     9.695450e-06 7.799918e+00
195 15 1488.84 0.24 0.950000 8 -1.0 11248        1414.635 182 3.232061e-06 5.184871e-06 3.232060e+00 4.594727e+00 9     8.416932e-06 7.826787e+00
195 15 1488.85 0.24 0.950000 8 -1.0 13167        1418.813 174 2.944116e-06 5.117048e-06 2.944116e+00 4.360352e+00 9     8.061163e-06 7.304467e+00
195 15 1488.86 0.24 0.950000 8 -1.0 4635        1415.849 179 3.564393e-06 4.869355e-06 3.564392e+00 4.404297e+00 9     8.433748e-06 7.968689e+00
195 15 1488.89 0.24 0.950000 8 -1.0 18838        1415.388 170 3.170761e-06 5.174257e-06 3.170761e+00 4.677734e+00 12     8.345018e-06 7.848495e+00
195 15 1488.94 0.24 0.950000 8 -1.0 12490        1414.746 175 3.851227e-06 4.449850e-06 3.851227e+00 4.050293e+00 10     8.301076e-06 7.901520e+00
195 15 1488.94 0.24 0.950000 8 -1.0 19404        1418.783 174 3.134359e-06 5.491331e-06 3.134359e+00 5.100098e+00 9     8.625690e-06 8.234456e+00
195 15 1488.94 0.24 0.950000 8 -1.0 19926        1415.895 177 3.200402e-06 4.796064e-06 3.200402e+00 3.798828e+00 10     7.996466e-06 6.999230e+00
195 15 1488.97 0.24 0.950000 8 -1.0 2646        1420.337 181 4.232827e-06 4.685071e-06 4.232827e+00 3.974609e+00 11     8.917897e-06 8.207436e+00
195 15 1488.98 0.24 0.950000 8 -1.0 2107        1418.968 181 3.812503e-06 4.447901e-06 3.812503e+00 2.923584e+00 13     8.260405e-06 6.736087e+00
195 15 1488.98 0.24 0.950000 8 -1.0 9731        1420.677 183 3.408401e-06 6.313392e-06 3.408400e+00 4.943848e+00 7     9.721793e-06 8.352248e+00
195 17 1488.16 0.24 0.950000 8 -1.0 17021        1419.223 178 3.420854e-06 4.094884e-06 3.420854e+00 4.107666e+00 10     7.515738e-06 7.528520e+00
195 17 1488.18 0.24 0.950000 8 -1.0 18619        1414.361 176 2.732268e-06 5.844356e-06 2.732267e+00 4.636230e+00 10     8.576624e-06 7.368498e+00
195 17 1488.21 0.24 0.950000 8 -1.0 5444        1414.646 180 3.893044e-06 4.011162e-06 3.893044e+00 3.674316e+00 8     7.904206e-06 7.567360e+00
195 17 1488.23 0.24 0.950000 8 -1.0 3315        1420.194 178 5.715514e-06 3.447548e-06 5.715514e+00 2.572632e+00 14     9.163062e-06 8.288146e+00
195 17 1488.26 0.24 0.950000 8 -1.0 2501        1416.107 179 4.404862e-06 3.805295e-06 4.404861e+00 3.544922e+00 10     8.210157e-06 7.949783e+00
195 17 1488.28 0.24 0.950000 8 -1.0 4697        1414.118 181 3.917688e-06 4.600664e-06 3.917688e+00 3.276367e+00 12     8.518353e-06 7.194055e+00
195 17 1488.33 0.24 0.950000 8 -1.0 4778        1419.444 182 5.836022e-06 3.486693e-06 5.836022e+00 3.760986e+00 9     9.322715e-06 9.597008e+00
195 17 1488.35 0.24 0.950000 8 -1.0 16149        1420.745 178 2.278081e-06 8.202177e-06 2.278081e+00 5.527344e+00 8     1.048026e-05 7.805425e+00
195 17 1488.35 0.24 0.950000 8 -1.0 4998        1415.542 179 2.353005e-06 7.931111e-06 2.353005e+00 5.529785e+00 8     1.028412e-05 7.882790e+00
195 17 1488.45 0.24 0.950000 8 -1.0 13488        1414.718 174 3.828454e-06 5.263000e-06 3.828454e+00 4.213867e+00 9     9.091454e-06 8.042321e+00
195 17 1488.46 0.24 0.950000 8 -1.0 14963        1414.885 177 3.694704e-06 4.066933e-06 3.694704e+00 4.025879e+00 10     7.761637e-06 7.720583e+00
195 17 1488.48 0.24 0.950000 8 -1.0 12043        1422.634 179 2.651091e-06 6.855159e-06 2.651091e+00 4.804688e+00 7     9.506250e-06 7.455778e+00
195 17 1488.48 0.24 0.950000 8 -1.0 3689        1419.073 177 3.955933e-06 4.715107e-06 3.955933e+00 4.260254e+00 8     8.671040e-06 8.216187e+00
195 17 1488.50 0.24 0.950000 8 -1.0 9515        1416.921 183 3.450519e-06 4.751975e-06 3.450519e+00 3.875732e+00 10     8.202494e-06 7.326251e+00
195 17 1488.51 0.24 0.950000 8 -1.0 18814        1418.812 173 3.232818e-06 6.034223e-06 3.232818e+00 4.501953e+00 8     9.267041e-06 7.734771e+00
195 17 1488.55 0.24 0.950000 8 -1.0 3831        1418.836 180 3.581187e-06 5.749998e-06 3.581187e+00 3.835449e+00 8     9.331185e-06 7.416636e+00
195 17 1488.56 0.24 0.950000 8 -1.0 19949        1417.945 174 3.077348e-06 5.736474e-06 3.077348e+00 4.333496e+00 10     8.813822e-06 7.410844e+00
195 17 1488.56 0.24 0.950000 8 -1.0 3149        1415.528 177 3.186590e-06 6.592076e-06 3.186590e+00 4.504395e+00 10     9.778665e-06 7.690984e+00
195 17 1488.57 0.24 0.950000 8 -1.0 4001        1419.272 176 3.612081e-06 5.354962e-06 3.612081e+00 3.997803e+00 10     8.967043e-06 7.609884e+00
195 17 1488.58 0.24 0.950000 8 -1.0 16641        1416.462 181 3.013864e-06 6.887293e-06 3.013864e+00 5.200195e+00 7     9.901157e-06 8.214059e+00
195 17 1488.58 0.24 0.950000 8 -1.0 2857        1415.261 175 3.885662e-06 5.066459e-06 3.885662e+00 3.603516e+00 9     8.952121e-06 7.489177e+00
195 17 1488.64 0.24 0.950000 8 -1.0 18655        1418.699 177 2.941628e-06 7.227066e-06 2.941628e+00 4.816895e+00 13     1.016869e-05 7.758523e+00
195 17 1488.64 0.24 0.950000 8 -1.0 2716        1418.783 181 3.679106e-06 5.396529e-06 3.679106e+00 4.230957e+00 9     9.075635e-06 7.910063e+00
195 17 1488.65 0.24 0.950000 8 -1.0 18848        1416.764 175 2.846939e-06 6.392858e-06 2.846939e+00 5.805664e+00 8     9.239797e-06 8.652603e+00
195 17 1488.65 0.24 0.950000 8 -1.0 2594        1417.356 182 4.178573e-06 4.334218e-06 4.178573e+00 3.735352e+00 9     8.512790e-06 7.913924e+00
195 17 1488.68 0.24 0.950000 8 -1.0 1975        1414.791 179 4.640952e-06 5.069492e-06 4.640952e+00 3.059082e+00 13     9.710444e-06 7.700034e+00
195 17 1488.68 0.24 0.950000 8 -1.0 4455        1415.682 181 3.044812e-06 6.516363e-06 3.044812e+00 4.951172e+00 6     9.561175e-06 7.995983e+00
195 17 1488.71 0.24 0.950000 8 -1.0 13439        1416.213 173 3.347390e-06 6.108649e-06 3.347389e+00 4.916992e+00 11     9.456039e-06 8.264382e+00
195 17 1488.74 0.24 0.950000 8 -1.0 18056        1415.640 176 3.343428e-06 6.222442e-06 3.343428e+00 4.636230e+00 8     9.565870e-06 7.979658e+00
195 17 1488.74 0.24 0.950000 8 -1.0 3386        1417.857 179 3.612664e-06 5.943463e-06 3.612664e+00 4.000244e+00 9     9.556127e-06 7.612908e+00
195 17 1488.75 0.24 0.950000 8 -1.0 5422        1414.570 176 3.457838e-06 5.066984e-06 3.457838e+00 4.196777e+00 7     8.524822e-06 7.654615e+00
195 17 1488.76 0.24 0.950000 8 -1.0 15200        1414.508 178 3.741369e-06 5.402929e-06 3.741369e+00 3.522949e+00 10     9.144297e-06 7.264318e+00
195 17 1488.76 0.24 0.950000 8 -1.0 9050        1421.093 181 3.251271e-06 4.481985e-06 3.251271e+00 3.657227e+00 8     7.733256e-06 6.908497e+00
195 17 1488.77 0.24 0.950000 8 -1.0 3367        1419.041 176 2.530050e-06 7.525311e-06 2.530050e+00 5.485840e+00 9     1.005536e-05 8.015890e+00
195 17 1488.78 0.24 0.950000 8 -1.0 16460        1416.944 184 4.377059e-06 5.520604e-06 4.377059e+00 4.135742e+00 10     9.897663e-06 8.512801e+00
195 17 1488.78 0.24 0.950000 8 -1.0 5677        1419.737 175 3.146546e-06 5.609032e-06 3.146546e+00 4.388428e+00 9     8.755578e-06 7.534973e+00
195 17 1488.81 0.24 0.950000 8 -1.0 13024        1421.045 178 3.231010e-06 6.305960e-06 3.231010e+00 4.404297e+00 8     9.536970e-06 7.635307e+00
195 17 1488.81 0.24 0.950000 8 -1.0 14173        1415.083 175 2.938536e-06 5.649434e-06 2.938535e+00 4.653320e+00 11     8.587969e-06 7.591856e+00
195 17 1488.81 0.24 0.950000 8 -1.0 7157        1421.417 176 4.150419e-06 4.627985e-06 4.150418e+00 4.201660e+00 11     8.778404e-06 8.352079e+00
195 17 1488.83 0.24 0.950000 8 -1.0 5841        1418.709 178 4.695317e-06 4.599280e-06 4.695317e+00 3.378906e+00 11     9.294597e-06 8.074223e+00
195 17 1488.84 0.24 0.950000 8 -1.0 6529        1417.273 178 3.107412e-06 4.923147e-06 3.107412e+00 4.428711e+00 7     8.030559e-06 7.536123e+00
195 17 1488.85 0.24 0.950000 8 -1.0 18381        1417.619 175 3.160107e-06 5.023278e-06 3.160107e+00 4.042969e+00 7     8.183386e-06 7.203076e+00
195 17 1488.86 0.24 0.950000 8 -1.0 15121        1415.046 178 3.485859e-06 5.508451e-06 3.485859e+00 4.123535e+00 10     8.994310e-06 7.609394e+00
195 17 1488.89 0.24 0.950000 8 -1.0 16904        1418.184 172 3.060504e-06 6.713160e-06 3.060504e+00 4.543457e+00 13     9.773664e-06 7.603961e+00
195 17 1488.94 0.24 0.950000 8 -1.0 13828        1414.950 172 2.982629e-06 4.807932e-06 2.982629e+00 4.357910e+00 8     7.790561e-06 7.340539e+00
195 17 1488.94 0.24 0.950000 8 -1.0 1440        1427.607 178 4.428875e-06 4.237702e-06 4.428875e+00 3.374023e+00 13     8.666577e-06 7.802899e+00
195 17 1488.94 0.24 0.950000 8 -1.0 2318        1414.712 173 5.148050e-06 3.625116e-06 5.148050e+00 2.558594e+00 13     8.773166e-06 7.706644e+00
195 17 1488.97 0.24 0.950000 8 -1.0 11509        1416.170 177 2.969987e-06 6.591105e-06 2.969987e+00 4.448242e+00 9     9.561091e-06 7.418229e+00
195 17 1488.98 0.24 0.950000 8 -1.0 4673        1415.136 180 3.885216e-06 4.410776e-06 3.885216e+00 4.257812e+00 9     8.295993e-06 8.143029e+00
195 17 1488.98 0.24 0.950000 8 -1.0 4881        1415.861 173 3.796923e-06 3.863412e-06 3.796923e+00 3.122559e+00 10     7.660335e-06 6.919481e+00
195 19 1488.16 0.24 0.950000 8 -1.0 19004        1415.697 175 3.624621e-06 4.933239e-06 3.624621e+00 3.841553e+00 10     8.557860e-06 7.466174e+00
195 19 1488.18 0.24 0.950000 8 -1.0 8919        1414.308 175 2.783089e-06 5.583672e-06 2.783089e+00 4.602051e+00 11     8.366761e-06 7.385140e+00
195 19 1488.21 0.24 0.950000 8 -1.0 11306        1415.229 175 3.278323e-06 6.427515e-06 3.278323e+00 5.400391e+00 7     9.705838e-06 8.678714e+00
195 19 1488.23 0.24 0.950000 8 -1.0 17556        1415.810 176 2.809635e-06 6.822115e-06 2.809635e+00 5.253906e+00 9     9.631750e-06 8.063541e+00
195 19 1488.26 0.24 0.950000 8 -1.0 11858        1415.017 175 3.191375e-06 6.114570e-06 3.191375e+00 5.246582e+00 7     9.305945e-06 8.437957e+00
195 19 1488.28 0.24 0.950000 8 -1.0 17462        1418.436 175 3.894229e-06 4.708425e-06 3.894229e+00 4.135742e+00 13     8.602655e-06 8.029971e+00
195 19 1488.33 0.24 0.950000 8 -1.0 8443        1417.097 181 5.471461e-06 6.215171e-06 5.471461e+00 4.660645e+00 9     1.168663e-05 1.013211e+01
195 19 1488.35 0.24 0.950000 8 -1.0 11960        1417.342 179 3.189767e-06 5.442207e-06 3.189767e+00 3.935547e+00 9     8.631974e-06 7.125314e+00
195 19 1488.35 0.24 0.950000 8 -1.0 9892        1419.214 180 3.008937e-06 6.078745e-06 3.008937e+00 4.754639e+00 8     9.087682e-06 7.763576e+00
195 19 1488.45 0.24 0.950000 8 -1.0 5675        1419.062 174 4.091951e-06 5.266834e-06 4.091951e+00 4.519043e+00 9     9.358785e-06 8.610994e+00
195 19 1488.46 0.24 0.950000 8 -1.0 12194        1416.790 178 2.560671e-06 6.215654e-06 2.560671e+00 4.890137e+00 10     8.776325e-06 7.450808e+00
195 19 1488.48 0.24 0.950000 8 -1.0 19266        1421.617 176 3.578245e-06 5.310508e-06 3.578245e+00 4.273682e+00 9     8.888753e-06 7.851926e+00
195 19 1488.48 0.24 0.950000 8 -1.0 8455        1419.358 180 3.635395e-06 5.615865e-06 3.635395e+00 4.468994e+00 8     9.251260e-06 8.104389e+00
195 19 1488.50 0.24 0.950000 8 -1.0 14129        1414.478 177 3.178643e-06 5.365328e-06 3.178643e+00 4.254150e+00 8     8.543971e-06 7.432794e+00
195 19 1488.51 0.24 0.950000 8 -1.0 8467        1414.253 175 3.814914e-06 5.764801e-06 3.814914e+00 3.969727e+00 8     9.579715e-06 7.784641e+00
195 19 1488.55 0.24 0.950000 8 -1.0 8159        1416.099 177 3.623669e-06 5.821451e-06 3.623669e+00 4.565430e+00 8     9.445120e-06 8.189099e+00
195 19 1488.56 0.24 0.950000 8 -1.0 17548        1418.180 177 3.098309e-06 6.511539e-06 3.098309e+00 4.520264e+00 10     9.609848e-06 7.618573e+00
195 19 1488.56 0.24 0.950000 8 -1.0 2525        1414.303 176 3.574613e-06 4.908493e-06 3.574613e+00 3.410645e+00 11     8.483106e-06 6.985257e+00
195 19 1488.57 0.24 0.950000 8 -1.0 19104        1416.211 178 2.878630e-06 6.912747e-06 2.878630e+00 4.609375e+00 8     9.791377e-06 7.488005e+00
195 19 1488.58 0.24 0.950000 8 -1.0 2438        1419.890 178 3.666445e-06 5.889869e-06 3.666445e+00 4.460449e+00 12     9.556314e-06 8.126894e+00
195 19 1488.58 0.24 0.950000 8 -1.0 9417        1415.135 181 4.029628e-06 5.006870e-06 4.029628e+00 4.089355e+00 9     9.036498e-06 8.118983e+00
195 19 1488.64 0.24 0.950000 8 -1.0 19505        1417.904 177 2.466335e-06 8.157812e-06 2.466335e+00 5.439453e+00 10     1.062415e-05 7.905788e+00
195 19 1488.64 0.24 0.950000 8 -1.0 4333        1415.606 178 3.644661e-06 4.284718e-06 3.644661e+00 4.210205e+00 8     7.929379e-06 7.854866e+00
195 19 1488.65 0.24 0.950000 8 -1.0 19248        1414.563 175 2.889602e-06 7.791991e-06 2.889602e+00 5.180664e+00 9     1.068159e-05 8.070266e+00
195 19 1488.65 0.24 0.950000 8 -1.0 8376        1418.089 184 3.413768e-06 6.237508e-06 3.413768e+00 4.550781e+00 10     9.651276e-06 7.964549e+00
195 19 1488.68 0.24 0.950000 8 -1.0 4358        1419.493 178 3.852675e-06 4.938289e-06 3.852675e+00 4.182129e+00 9     8.790964e-06 8.034804e+00
195 19 1488.68 0.24 0.950000 8 -1.0 4585        1414.672 178 2.809516e-06 7.148562e-06 2.809516e+00 4.504395e+00 10     9.958079e-06 7.313911e+00
195 19 1488.71 0.24 0.950000 8 -1.0 3419        1415.918 178 3.841511e-06 5.492774e-06 3.841511e+00 3.977051e+00 8     9.334286e-06 7.818562e+00
195 19 1488.74 0.24 0.950000 8 -1.0 17978        1419.224 179 3.336763e-06 6.491156e-06 3.336762e+00 4.443359e+00 12     9.827918e-06 7.780122e+00
195 19 1488.74 0.24 0.950000 8 -1.0 7167        1417.036 176 3.732193e-06 5.580411e-06 3.732193e+00 3.695068e+00 9     9.312604e-06 7.427261e+00
195 19 1488.75 0.24 0.950000 8 -1.0 14986        1416.016 173 3.401794e-06 5.460533e-06 3.401794e+00 4.367676e+00 9     8.862327e-06 7.769470e+00
195 19 1488.76 0.24 0.950000 8 -1.0 3614        1418.831 175 3.560697e-06 5.590472e-06 3.560697e+00 5.095215e+00 10     9.151169e-06 8.655912e+00
195 19 1488.76 0.24 0.950000 8 -1.0 7365        1416.790 181 2.684118e-06 5.751832e-06 2.684118e+00 4.794922e+00 10     8.435950e-06 7.479040e+00
195 19 1488.77 0.24 0.950000 8 -1.0 4103        1417.773 175 3.351956e-06 6.537239e-06 3.351956e+00 5.537109e+00 9     9.889195e-06 8.889065e+00
195 19 1488.78 0.24 0.950000 8 -1.0 15389        1418.193 178 3.041453e-06 6.499810e-06 3.041453e+00 4.653320e+00 8     9.541263e-06 7.694773e+00
195 19 1488.78 0.24 0.950000 8 -1.0 4715        1417.350 182 4.433815e-06 5.139771e-06 4.433815e+00 3.577881e+00 9     9.573586e-06 8.011696e+00
195 19 1488.81 0.24 0.950000 8 -1.0 19491        1415.525 176 3.711138e-06 5.716880e-06 3.711137e+00 4.127197e+00 8     9.428018e-06 7.838335e+00
195 19 1488.81 0.24 0.950000 8 -1.0 19624        1418.763 181 2.478911e-06 7.081514e-06 2.478911e+00 5.400391e+00 9     9.560425e-06 7.879301e+00
195 19 1488.81 0.24 0.950000 8 -1.0 3342        1415.749 177 3.312888e-06 5.174455e-06 3.312887e+00 4.481201e+00 12     8.487343e-06 7.794089e+00
195 19 1488.83 0.24 0.950000 8 -1.0 13415        1414.868 175 3.190963e-06 6.258514e-06 3.190963e+00 5.373535e+00 9     9.449476e-06 8.564498e+00
195 19 1488.84 0.24 0.950000 8 -1.0 15519        1415.106 180 3.213396e-06 4.760510e-06 3.213396e+00 4.138184e+00 9     7.973906e-06 7.351580e+00
195 19 1488.85 0.24 0.950000 8 -1.0 3207        1416.462 171 3.412961e-06 5.485915e-06 3.412961e+00 3.590088e+00 11     8.898876e-06 7.003049e+00
195 19 1488.86 0.24 0.950000 8 -1.0 9843        1415.515 177 3.453270e-06 5.977008e-06 3.453270e+00 3.994141e+00 10     9.430278e-06 7.447410e+00
195 19 1488.89 0.24 0.950000 8 -1.0 6052        1414.733 173 4.936676e-06 3.596352e-06 4.936676e+00 3.166504e+00 9     8.533028e-06 8.103180e+00
195 19 1488.94 0.24 0.950000 8 -1.0 10096        1420.359 175 3.653093e-06 4.671912e-06 3.653092e+00 4.663086e+00 7     8.325004e-06 8.316178e+00
195 19 1488.94 0.24 0.950000 8 -1.0 5942        1417.080 173 2.794116e-06 5.129510e-06 2.794116e+00 4.404297e+00 8     7.923626e-06 7.198413e+00
195 19 1488.94 0.24 0.950000 8 -1.0 7344        1421.559 180 3.272441e-06 5.247230e-06 3.272441e+00 4.729004e+00 8     8.519671e-06 8.001445e+00
195 19 1488.97 0.24 0.950000 8 -1.0 9827        1418.290 178 4.582514e-06 4.438854e-06 4.582514e+00 3.707275e+00 12     9.021369e-06 8.289790e+00
195 19 1488.98 0.24 0.950000 8 -1.0 19998        1414.670 171 3.766504e-06 4.791017e-06 3.766503e+00 3.828125e+00 10     8.557520e-06 7.594628e+00
195 19 1488.98 0.24 0.950000 8 -1.0 8219        1417.049 182 3.509657e-06 5.744456e-06 3.509657e+00 4.765625e+00 7     9.254113e-06 8.275282e+00
195 21 1488.16 0.24 0.950000 8 -1.0 7968        1415.392 178 3.110943e-06 5.087302e-06 3.110943e+00 4.096680e+00 12     8.198245e-06 7.207622e+00
195 21 1488.18 0.24 0.950000 8 -1.0 12670        1413.890 177 3.542734e-06 4.523966e-06 3.542733e+00 4.154053e+00 11     8.066699e-06 7.696786e+00
195 21 1488.21 0.24 0.950000 8 -1.0 4185        1414.865 178 3.998646e-06 4.458460e-06 3.998646e+00 3.935547e+00 10     8.457106e-06 7.934193e+00
195 21 1488.23 0.24 0.950000 8 -1.0 6976        1415.953 177 3.026097e-06 6.251089e-06 3.026097e+00 5.170898e+00 8     9.277186e-06 8.196996e+00
195 21 1488.26 0.24 0.950000 8 -1.0 3192        1415.244 180 3.730699e-06 5.513491e-06 3.730699e+00 3.925781e+00 9     9.244191e-06 7.656480e+00
195 21 1488.28 0.24 0.950000 8 -1.0 2695        1414.896 177 3.920392e-06 5.034730e-06 3.920391e+00 3.856201e+00 12     8.955121e-06 7.776593e+00
195 21 1488.33 0.24 0.950000 8 -1.0 17148        1417.988 181 5.247585e-06 5.442152e-06 5.247585e+00 4.305420e+00 10     1.068974e-05 9.553005e+00
195 21 1488.35 0.24 0.950000 8 -1.0 2649        1420.824 180 3.620368e-06 5.928135e-06 3.620368e+00 4.741211e+00 9     9.548503e-06 8.361579e+00
195 21 1488.35 0.24 0.950000 8 -1.0 8380        1415.827 177 3.368244e-06 5.762816e-06 3.368244e+00 3.977051e+00 9     9.131060e-06 7.345294e+00
195 21 1488.45 0.24 0.950000 8 -1.0 14782        1414.335 173 3.624405e-06 6.425336e-06 3.624405e+00 4.736328e+00 8     1.004974e-05 8.360733e+00
195 21 1488.46 0.24 0.950000 8 -1.0 1487        1419.086 177 4.248462e-06 3.276783e-06 4.248461e+00 3.143311e+00 12     7.525245e-06 7.391772e+00
195 21 1488.48 0.24 0.950000 8 -1.0 10789        1417.538 175 2.781342e-06 6.324550e-06 2.781342e+00 4.509277e+00 8     9.105892e-06 7.290619e+00
195 21 1488.48 0.24 0.950000 8 -1.0 5863        1417.313 176 3.088282e-06 5.315973e-06 3.088282e+00 4.520264e+00 7     8.404255e-06 7.608545e+00
195 21 1488.50 0.24 0.950000 8 -1.0 7190        1414.573 180 3.562292e-06 4.875470e-06 3.562292e+00 3.862305e+00 9     8.437762e-06 7.424596e+00
195 21 1488.51 0.24 0.950000 8 -1.0 14899        1415.944 181 3.949448e-06 5.442653e-06 3.949448e+00 4.521484e+00 9     9.392102e-06 8.470933e+00
195 21 1488.55 0.24 0.950000 8 -1.0 5465        1416.555 177 3.236251e-06 6.443161e-06 3.236251e+00 5.698242e+00 7     9.679412e-06 8.934493e+00
195 21 1488.56 0.24 0.950000 8 -1.0 10717        1419.072 177 2.903981e-06 6.155828e-06 2.903981e+00 4.870605e+00 7     9.059809e-06 7.774587e+00
195 21 1488.56 0.24 0.950000 8 -1.0 14946        1415.473 176 3.406489e-06 5.325584e-06 3.406489e+00 4.125977e+00 13     8.732073e-06 7.532465e+00
195 21 1488.57 0.24 0.950000 8 -1.0 2378        1414.635 177 4.089327e-06 4.363575e-06 4.089327e+00 3.215332e+00 11     8.452901e-06 7.304659e+00
195 21 1488.58 0.24 0.950000 8 -1.0 3371        1415.178 180 3.903717e-06 5.509156e-06 3.903717e+00 3.901367e+00 12     9.412873e-06 7.805084e+00
195 21 1488.58 0.24 0.950000 8 -1.0 6404        1421.202 178 3.032014e-06 6.093272e-06 3.032014e+00 5.178223e+00 9     9.125286e-06 8.210236e+00
195 21 1488.64 0.24 0.950000 8 -1.0 19637        1415.057 177 3.139512e-06 5.975061e-06 3.139512e+00 4.570312e+00 8     9.114573e-06 7.709825e+00
195 21 1488.64 0.24 0.950000 8 -1.0 4130        1414.309 178 3.990002e-06 4.679948e-06 3.990002e+00 3.492432e+00 10     8.669950e-06 7.482434e+00
195 21 1488.65 0.24 0.950000 8 -1.0 12155        1419.002 180 3.614038e-06 5.534803e-06 3.614038e+00 4.106445e+00 8     9.148841e-06 7.720483e+00
195 21 1488.65 0.24 0.950000 8 -1.0 9236        1418.711 177 4.813115e-06 4.233051e-06 4.813115e+00 3.386230e+00 10     9.046166e-06 8.199346e+00
195 21 1488.68 0.24 0.950000 8 -1.0 19299        1422.186 182 2.683149e-06 6.437535e-06 2.683149e+00 4.880371e+00 8     9.120684e-06 7.563520e+00
195 21 1488.68 0.24 0.950000 8 -1.0 4092        1415.477 178 3.511946e-06 6.819029e-06 3.511946e+00 4.798584e+00 10     1.033098e-05 8.310530e+00
195 21 1488.71 0.24 0.950000 8 -1.0 3513        1415.074 176 3.696883e-06 5.448476e-06 3.696882e+00 3.942871e+00 11     9.145359e-06 7.639753e+00
195 21 1488.74 0.24 0.950000 8 -1.0 2716        1414.355 177 3.502378e-06 4.765009e-06 3.502378e+00 4.101562e+00 9     8.267387e-06 7.603940e+00
195 21 1488.74 0.24 0.950000 8 -1.0 4799        1415.342 178 4.120941e-06 5.057617e-06 4.120941e+00 3.471680e+00 9     9.178558e-06 7.592620e+00
195 21 1488.75 0.24 0.950000 8 -1.0 9014        1414.970 173 2.573826e-06 6.729890e-06 2.573826e+00 4.462891e+00 10     9.303715e-06 7.036716e+00
195 21 1488.76 0.24 0.950000 8 -1.0 15730        1415.028 179 3.351875e-06 6.267981e-06 3.351875e+00 5.170898e+00 8     9.619856e-06 8.522773e+00
195 21 1488.76 0.24 0.950000 8 -1.0 4256        1421.183 180 3.042450e-06 4.779894e-06 3.042450e+00 3.696289e+00 9     7.822344e-06 6.738739e+00
195 21 1488.77 0.24 0.950000 8 -1.0 10921        1416.780 178 4.060952e-06 4.548344e-06 4.060952e+00 4.523926e+00 7     8.609296e-06 8.584877e+00
195 21 1488.78 0.24 0.950000 8 -1.0 4252        1414.864 182 4.118573e-06 5.018786e-06 4.118573e+00 5.300293e+00 8     9.137360e-06 9.418866e+00
195 21 1488.78 0.24 0.950000 8 -1.0 9412        1415.202 177 2.738044e-06 7.691856e-06 2.738044e+00 5.170898e+00 7     1.042990e-05 7.908942e+00
195 21 1488.81 0.24 0.950000 8 -1.0 10088        1416.955 178 2.461982e-06 7.117647e-06 2.461982e+00 5.437012e+00 8     9.579629e-06 7.898994e+00
195 21 1488.81 0.24 0.950000 8 -1.0 2300        1414.743 177 4.094382e-06 4.165805e-06 4.094382e+00 3.193359e+00 12     8.260187e-06 7.287742e+00
195 21 1488.81 0.24 0.950000 8 -1.0 9553        1416.478 177 3.532881e-06 6.047484e-06 3.532880e+00 3.991699e+00 10     9.580364e-06 7.524580e+00
195 21 1488.83 0.24 0.950000 8 -1.0 4934        1416.029 178 3.652491e-06 6.429698e-06 3.652491e+00 3.925781e+00 9     1.008219e-05 7.578272e+00
195 21 1488.84 0.24 0.950000 8 -1.0 7661        1421.184 178 3.685380e-06 5.012735e-06 3.685380e+00 3.591309e+00 9     8.698115e-06 7.276688e+00
195 21 1488.85 0.24 0.950000 8 -1.0 13464        1418.735 174 2.858745e-06 6.750303e-06 2.858745e+00 4.580078e+00 10     9.609049e-06 7.438823e+00
195 21 1488.86 0.24 0.950000 8 -1.0 19000        1416.472 179 3.351746e-06 5.899378e-06 3.351746e+00 4.318848e+00 8     9.251124e-06 7.670593e+00
195 21 1488.89 0.24 0.950000 8 -1.0 9730        1415.412 172 3.057337e-06 6.686008e-06 3.057337e+00 4.975586e+00 11     9.743346e-06 8.032923e+00
195 21 1488.94 0.24 0.950000 8 -1.0 3674        1420.700 178 2.706092e-06 6.536242e-06 2.706092e+00 5.573730e+00 10     9.242334e-06 8.279822e+00
195 21 1488.94 0.24 0.950000 8 -1.0 4400        1418.245 170 3.757435e-06 3.671669e-06 3.757435e+00 3.933105e+00 11     7.429105e-06 7.690541e+00
195 21 1488.94 0.24 0.950000 8 -1.0 6078        1414.738 174 4.437559e-06 3.352317e-06 4.437559e+00 3.393555e+00 9     7.789876e-06 7.831113e+00
195 21 1488.97 0.24 0.950000 8 -1.0 19276        1414.959 177 2.820174e-06 7.011141e-06 2.820174e+00 4.746094e+00 8     9.831315e-06 7.566267e+00
195 21 1488.98 0.24 0.950000 8 -1.0 14157        1422.691 182 3.852039e-06 5.695292e-06 3.852038e+00 4.670410e+00 9     9.547331e-06 8.522449e+00
195 21 1488.98 0.24 0.950000 8 -1.0 19071        1418.363 172 3.807617e-06 4.367215e-06 3.807616e+00 3.253174e+00 8     8.174831e-06 7.060790e+00
195 23 1488.16 0.24 0.950000 8 -1.0 15855        1416.893 176 2.914253e-06 5.768787e-06 2.914253e+00 4.122314e+00 10     8.683041e-06 7.036567e+00
195 23 1488.18 0.24 0.950000 8 -1.0 7230        1413.914 174 2.823605e-06 5.528344e-06 2.823605e+00 5.043945e+00 8     8.351949e-06 7.867551e+00
195 23 1488.21 0.24 0.950000 8 -1.0 15519        1415.298 177 4.280872e-06 3.828963e-06 4.280872e+00 3.195801e+00 11     8.109836e-06 7.476673e+00
195 23 1488.23 0.24 0.950000 8 -1.0 7327        1415.153 174 4.471222e-06 4.425357e-06 4.471222e+00 4.179688e+00 9     8.896579e-06 8.650910e+00
195 23 1488.26 0.24 0.950000 8 -1.0 17968        1415.032 179 3.223520e-06 6.237772e-06 3.223520e+00 4.926758e+00 11     9.461292e-06 8.150278e+00
195 23 1488.28 0.24 0.950000 8 -1.0 4090        1415.935 179 3.715864e-06 4.261200e-06 3.715864e+00 3.552246e+00 10     7.977063e-06 7.268110e+00
195 23 1488.33 0.24 0.950000 8 -1.0 4724        1416.798 180 5.620902e-06 5.168053e-06 5.620901e+00 3.890381e+00 10     1.078895e-05 9.511282e+00
195 23 1488.35 0.24 0.950000 8 -1.0 15146        1414.439 180 4.179971e-06 3.929674e-06 4.179971e+00 4.001465e+00 12     8.109645e-06 8.181436e+00
195 23 1488.35 0.24 0.950000 8 -1.0 19149        1419.919 179 2.393511e-06 7.826487e-06 2.393511e+00 4.948730e+00 10     1.022000e-05 7.342241e+00
195 23 1488.45 0.24 0.950000 8 -1.0 5835        1414.081 178 3.719214e-06 5.047327e-06 3.719214e+00 5.456543e+00 8     8.766541e-06 9.175757e+00
195 23 1488.46 0.24 0.950000 8 -1.0 5223        1414.392 175 2.926371e-06 4.815014e-06 2.926371e+00 4.543457e+00 9     7.741385e-06 7.469828e+00
195 23 1488.48 0.24 0.950000 8 -1.0 11233        1416.417 179 3.825038e-06 4.956777e-06 3.825038e+00 3.769531e+00 10     8.781816e-06 7.594569e+00
195 23 1488.48 0.24 0.950000 8 -1.0 4334        1415.310 172 3.673685e-06 4.674585e-06 3.673685e+00 3.486328e+00 11     8.348270e-06 7.160013e+00
195 23 1488.50 0.24 0.950000 8 -1.0 19469        1416.788 178 2.808830e-06 6.149856e-06 2.808830e+00 5.007324e+00 10     8.958686e-06 7.816154e+00
195 23 1488.51 0.24 0.950000 8 -1.0 16858        1414.189 172 3.230721e-06 7.780797e-06 3.230721e+00 4.572754e+00 9     1.101152e-05 7.803475e+00
195 23 1488.55 0.24 0.950000 8 -1.0 5901        1416.914 176 3.102599e-06 6.463900e-06 3.102599e+00 4.060059e+00 8     9.566499e-06 7.162657e+00
195 23 1488.56 0.24 0.950000 8 -1.0 12150        1416.596 177 3.265714e-06 5.596607e-06 3.265714e+00 4.204102e+00 12     8.862321e-06 7.469816e+00
195 23 1488.56 0.24 0.950000 8 -1.0 17233        1416.497 177 3.504964e-06 5.626708e-06 3.504964e+00 4.206543e+00 10     9.131672e-06 7.711507e+00
195 23 1488.57 0.24 0.950000 8 -1.0 3719        1414.290 177 2.935955e-06 6.418000e-06 2.935954e+00 5.065918e+00 9     9.353955e-06 8.001872e+00
195 23 1488.58 0.24 0.950000 8 -1.0 15917        1416.502 176 2.770485e-06 6.619007e-06 2.770485e+00 6.005859e+00 7     9.389491e-06 8.776344e+00
195 23 1488.58 0.24 0.950000 8 -1.0 8486        1419.664 180 2.669496e-06 6.773469e-06 2.669496e+00 5.766602e+00 7     9.442965e-06 8.436098e+00
195 23 1488.64 0.24 0.950000 8 -1.0 14046        1414.244 177 2.721414e-06 7.239243e-06 2.721414e+00 4.897461e+00 10     9.960657e-06 7.618875e+00
195 23 1488.64 0.24 0.950000 8 -1.0 3353        1417.754 178 4.456667e-06 4.207830e-06 4.456667e+00 3.486328e+00 8     8.664497e-06 7.942995e+00
195 23 1488.65 0.24 0.950000 8 -1.0 19554        1414.301 175 3.234766e-06 6.144236e-06 3.234766e+00 4.528809e+00 10     9.379002e-06 7.763574e+00
195 23 1488.65 0.24 0.950000 8 -1.0 5230        1415.362 178 4.478417e-06 4.623277e-06 4.478416e+00 4.152832e+00 9     9.101694e-06 8.631248e+00
195 23 1488.68 0.24 0.950000 8 -1.0 19487        1418.510 179 3.282103e-06 6.129955e-06 3.282103e+00 4.604492e+00 9     9.412058e-06 7.886595e+00
195 23 1488.68 0.24 0.950000 8 -1.0 4992        1418.302 180 3.846401e-06 5.431788e-06 3.846401e+00 3.697510e+00 10     9.278189e-06 7.543910e+00
195 23 1488.71 0.24 0.950000 8 -1.0 2973        1416.215 175 3.367615e-06 5.393303e-06 3.367615e+00 4.354248e+00 12     8.760918e-06 7.721863e+00
195 23 1488.74 0.24 0.950000 8 -1.0 14135        1421.032 180 3.341680e-06 6.067500e-06 3.341680e+00 4.589844e+00 11     9.409180e-06 7.931523e+00
195 23 1488.74 0.24 0.950000 8 -1.0 5115        1415.796 177 3.456127e-06 6.233815e-06 3.456127e+00 4.448242e+00 9     9.689941e-06 7.904369e+00
195 23 1488.75 0.24 0.950000 8 -1.0 9470        1415.828 172 4.427587e-06 4.262333e-06 4.427587e+00 3.419189e+00 13     8.689920e-06 7.846776e+00
195 23 1488.76 0.24 0.950000 8 -1.0 17787        1414.859 181 3.188471e-06 5.096815e-06 3.188471e+00 3.865967e+00 10     8.285286e-06 7.054438e+00
195 23 1488.76 0.24 0.950000 8 -1.0 2658        1417.265 180 4.187612e-06 4.636675e-06 4.187612e+00 3.854980e+00 10     8.824287e-06 8.042592e+00
195 23 1488.77 0.24 0.950000 8 -1.0 14414        1414.828 178 3.426530e-06 6.297752e-06 3.426530e+00 4.775391e+00 9     9.724282e-06 8.201921e+00
195 23 1488.78 0.24 0.950000 8 -1.0 14374        1416.537 176 2.917723e-06 6.569109e-06 2.917723e+00 5.002441e+00 11     9.486832e-06 7.920164e+00
195 23 1488.78 0.24 0.950000 8 -1.0 2940        1415.969 182 4.616788e-06 4.279918e-06 4.616788e+00 3.449707e+00 10     8.896706e-06 8.066495e+00
195 23 1488.81 0.24 0.950000 8 -1.0 14809        1418.506 179 2.263462e-06 7.764658e-06 2.263461e+00 5.556641e+00 7     1.002812e-05 7.820102e+00
195 23 1488.81 0.24 0.950000 8 -1.0 15182        1421.354 177 4.524528e-06 3.756219e-06 4.524528e+00 3.364258e+00 9     8.280747e-06 7.888785e+00
195 23 1488.81 0.24 0.950000 8 -1.0 7037        1415.123 178 2.780718e-06 6.308694e-06 2.780717e+00 5.166016e+00 7     9.089411e-06 7.946733e+00
195 23 1488.83 0.24 0.950000 8 -1.0 7212        1416.589 175 3.870395e-06 5.223069e-06 3.870395e+00 3.927002e+00 9     9.093464e-06 7.797397e+00
195 23 1488.84 0.24 0.950000 8 -1.0 2784        1415.251 181 3.656091e-06 4.680322e-06 3.656091e+00 3.657227e+00 12     8.336413e-06 7.313317e+00
195 23 1488.85 0.24 0.950000 8 -1.0 9393        1418.121 175 2.986582e-06 5.183605e-06 2.986582e+00 4.450684e+00 8     8.170187e-06 7.437265e+00
195 23 1488.86 0.24 0.950000 8 -1.0 4811        1415.607 177 3.623683e-06 5.931574e-06 3.623683e+00 4.145508e+00 8     9.555257e-06 7.769191e+00
195 23 1488.89 0.24 0.950000 8 -1.0 12011        1417.178 173 2.942331e-06 6.599282e-06 2.942331e+00 5.014648e+00 9     9.541613e-06 7.956979e+00
195 23 1488.94 0.24 0.950000 8 -1.0 19494        1416.063 175 3.748205e-06 4.617751e-06 3.748205e+00 3.422852e+00 12     8.365956e-06 7.171057e+00
195 23 1488.94 0.24 0.950000 8 -1.0 2029        1415.843 179 5.116622e-06 4.393133e-06 5.116622e+00 3.033447e+00 11     9.509755e-06 8.150069e+00
195 23 1488.94 0.24 0.950000 8 -1.0 2986        1421.111 175 2.786552e-06 6.624906e-06 2.786552e+00 3.919678e+00 11     9.411458e-06 6.706230e+00
195 23 1488.97 0.24 0.950000 8 -1.0 17039        1414.783 177 3.423785e-06 5.313862e-06 3.423785e+00 4.821777e+00 10     8.737647e-06 8.245562e+00
195 23 1488.98 0.24 0.950000 8 -1.0 4675        1414.697 173 3.980864e-06 3.640930e-06 3.980864e+00 2.843018e+00 11     7.621794e-06 6.823882e+00
195 23 1488.98 0.24 0.950000 8 -1.0 9258        1418.644 179 3.987973e-06 5.438666e-06 3.987973e+00 5.039062e+00 9     9.426639e-06 9.027035e+00
195 3 1488.16 0.24 0.950000 8 -1.0 10421        1418.303 184 3.003698e-06 7.700956e-06 3.003698e+00 1.354492e+01 3     1.070465e-05 1.654862e+01
195 3 1488.18 0.24 0.950000 8 -1.0 11234        1417.477 180 2.704301e-06 7.343853e-06 2.704301e+00 1.318359e+01 3     1.004815e-05 1.588789e+01
195 3 1488.21 0.24 0.950000 8 -1.0 16806        1418.024 179 1.756517e-06 1.164209e-05 1.756517e+00 1.691406e+01 3     1.339861e-05 1.867058e+01
195 3 1488.23 0.24 0.950000 8 -1.0 4546        1418.675 181 3.323732e-06 7.615661e-06 3.323732e+00 1.399414e+01 3     1.093939e-05 1.731787e+01
195 3 1488.26 0.24 0.950000 8 -1.0 13123        1416.099 184 4.835502e-06 6.478917e-06 4.835502e+00 1.047852e+01 3     1.131442e-05 1.531402e+01
195 3 1488.28 0.24 0.950000 8 -1.0 5304        1416.443 183 3.871399e-06 6.739707e-06 3.871399e+00 1.376953e+01 3     1.061111e-05 1.764093e+01
195 3 1488.33 0.24 0.950000 8 -1.0 17031        1414.922 183 2.350710e-06 9.864017e-06 2.350710e+00 1.468750e+01 3     1.221473e-05 1.703821e+01
195 3 1488.35 0.24 0.950000 8 -1.0 1860        1414.537 183 2.747460e-06 8.629589e-06 2.747460e+00 1.536133e+01 3     1.137705e-05 1.810879e+01
195 3 1488.35 0.24 0.950000 8 -1.0 554        1417.278 183 4.178439e-06 6.194091e-06 4.178439e+00 1.244141e+01 3     1.037253e-05 1.661985e+01
195 3 1488.45 0.24 0.950000 8 -1.0 5587        1414.888 181 3.632830e-06 8.409451e-06 3.632830e+00 1.527344e+01 3     1.204228e-05 1.890627e+01
195 3 1488.46 0.24 0.950000 8 -1.0 4146        1417.369 183 3.891463e-06 5.959593e-06 3.891463e+00 1.205078e+01 3     9.851056e-06 1.594224e+01
195 3 1488.48 0.24 0.950000 8 -1.0 1841        1417.207 180 4.985414e-06 5.437568e-06 4.985414e+00 1.114258e+01 3     1.042298e-05 1.612799e+01
195 3 1488.48 0.24 0.950000 8 -1.0 2446        1420.437 178 2.888082e-06 8.513344e-06 2.888082e+00 1.583984e+01 3     1.140143e-05 1.872793e+01
195 3 1488.50 0.24 0.950000 8 -1.0 4129        1419.465 186 4.671316e-06 5.952648e-06 4.671316e+00 1.025391e+01 3     1.062396e-05 1.492522e+01
195 3 1488.51 0.24 0.950000 8 -1.0 5604        1414.137 182 3.034472e-06 8.353737e-06 3.034472e+00 1.319336e+01 3     1.138821e-05 1.622783e+01
195 3 1488.55 0.24 0.950000 8 -1.0 5961        1414.346 183 5.099195e-06 8.360424e-06 5.099195e+00 1.411133e+01 3     1.345962e-05 1.921052e+01
195 3 1488.56 0.24 0.950000 8 -1.0 2132        1415.408 180 2.961355e-06 7.721259e-06 2.961355e+00 1.455078e+01 3     1.068261e-05 1.751214e+01
195 3 1488.56 0.24 0.950000 8 -1.0 4400        1415.877 183 3.765743e-06 6.955657e-06 3.765743e+00 1.378906e+01 3     1.072140e-05 1.755481e+01
195 3 1488.57 0.24 0.950000 8 -1.0 2061        1414.765 183 2.898716e-06 7.940632e-06 2.898716e+00 1.265625e+01 3     1.083935e-05 1.555497e+01
195 3 1488.58 0.24 0.950000 8 -1.0 14455        1414.413 181 3.059030e-06 7.797291e-06 3.059030e+00 1.230469e+01 3     1.085632e-05 1.536372e+01
195 3 1488.58 0.24 0.950000 8 -1.0 14740        1416.125 180 2.746953e-06 8.753746e-06 2.746953e+00 1.375000e+01 3     1.150070e-05 1.649695e+01
195 3 1488.64 0.24 0.950000 8 -1.0 17522        1416.822 179 4.329195e-06 6.701899e-06 4.329195e+00 1.246094e+01 3     1.103109e-05 1.679013e+01
195 3 1488.64 0.24 0.950000 8 -1.0 7351        1417.894 184 2.381358e-06 9.680457e-06 2.381357e+00 1.520508e+01 3     1.206181e-05 1.758644e+01
195 3 1488.65 0.24 0.950000 8 -1.0 12740        1418.937 182 3.637476e-06 7.441723e-06 3.637475e+00 1.555664e+01 3     1.107920e-05 1.919412e+01
195 3 1488.65 0.24 0.950000 8 -1.0 12863        1414.885 178 3.942915e-06 8.274073e-06 3.942914e+00 1.287109e+01 3     1.221699e-05 1.681401e+01
195 3 1488.68 0.24 0.950000 8 -1.0 10839        1415.136 183 3.752363e-06 7.153332e-06 3.752363e+00 1.272461e+01 3     1.090569e-05 1.647697e+01
195 3 1488.68 0.24 0.950000 8 -1.0 18628        1414.446 183 3.008442e-06 8.237567e-06 3.008442e+00 1.513672e+01 3     1.124601e-05 1.814516e+01
195 3 1488.71 0.24 0.950000 8 -1.0 7983        1418.414 181 3.649073e-06 6.709312e-06 3.649073e+00 1.054688e+01 3     1.035838e-05 1.419595e+01
195 3 1488.74 0.24 0.950000 8 -1.0 12813        1415.493 182 4.088325e-06 6.366518e-06 4.088325e+00 1.138672e+01 3     1.045484e-05 1.547504e+01
195 3 1488.74 0.24 0.950000 8 -1.0 5096        1415.544 182 5.326647e-06 6.202831e-06 5.326647e+00 1.241699e+01 3     1.152948e-05 1.774364e+01
195 3 1488.75 0.24 0.950000 8 -1.0 8075        1415.969 179 2.283341e-06 9.204279e-06 2.283341e+00 1.475586e+01 3     1.148762e-05 1.703920e+01
195 3 1488.76 0.24 0.950000 8 -1.0 11211        1415.214 183 2.027285e-06 1.077735e-05 2.027285e+00 1.506836e+01 3     1.280463e-05 1.709564e+01
195 3 1488.76 0.24 0.950000 8 -1.0 1626        1415.926 182 4.042686e-06 5.006211e-06 4.042686e+00 1.119629e+01 3     9.048897e-06 1.523897e+01
195 3 1488.77 0.24 0.950000 8 -1.0 15814        1416.516 180 4.129111e-06 7.350549e-06 4.129111e+00 1.135742e+01 3     1.147966e-05 1.548653e+01
195 3 1488.78 0.24 0.950000 8 -1.0 10082        1415.886 183 3.926270e-06 9.045396e-06 3.926270e+00 1.325195e+01 3     1.297167e-05 1.717822e+01
195 3 1488.78 0.24 0.950000 8 -1.0 2067        1414.445 181 2.828981e-06 8.743773e-06 2.828980e+00 1.516602e+01 3     1.157275e-05 1.799500e+01
195 3 1488.81 0.24 0.950000 8 -1.0 11956        1416.452 181 3.348558e-06 8.253470e-06 3.348558e+00 1.267578e+01 3     1.160203e-05 1.602434e+01
195 3 1488.81 0.24 0.950000 8 -1.0 12037        1415.506 184 3.308942e-06 7.723417e-06 3.308942e+00 1.250977e+01 3     1.103236e-05 1.581871e+01
195 3 1488.81 0.24 0.950000 8 -1.0 12128        1416.351 182 2.234450e-06 8.955788e-06 2.234450e+00 1.617188e+01 3     1.119024e-05 1.840632e+01
195 3 1488.83 0.24 0.950000 8 -1.0 10931        1415.473 179 2.350482e-06 9.055269e-06 2.350481e+00 1.357422e+01 3     1.140575e-05 1.592470e+01
195 3 1488.84 0.24 0.950000 8 -1.0 6020        1415.547 184 3.270668e-06 6.447342e-06 3.270668e+00 1.315430e+01 3     9.718010e-06 1.642496e+01
195 3 1488.85 0.24 0.950000 8 -1.0 4923        1414.954 182 4.264019e-06 7.343699e-06 4.264019e+00 1.202148e+01 3     1.160772e-05 1.628550e+01
195 3 1488.86 0.24 0.950000 8 -1.0 18856        1416.668 180 2.547954e-06 8.569570e-06 2.547954e+00 1.439453e+01 3     1.111752e-05 1.694249e+01
195 3 1488.89 0.24 0.950000 8 -1.0 7604        1420.626 180 2.270073e-06 9.696391e-06 2.270073e+00 1.313477e+01 3     1.196646e-05 1.540484e+01
195 3 1488.94 0.24 0.950000 8 -1.0 10088        1418.628 170 1.583808e-05 0.000000e+00 1.583807e+01 0.000000e+00 3     1.583808e-05 1.583807e+01
195 3 1488.94 0.24 0.950000 8 -1.0 13652        1414.638 178 2.522333e-06 6.491520e-06 2.522332e+00 1.409180e+01 3     9.013853e-06 1.661413e+01
195 3 1488.94 0.24 0.950000 8 -1.0 5895        1415.160 179 1.858366e-06 9.824320e-06 1.858366e+00 1.478516e+01 3     1.168269e-05 1.664352e+01
195 3 1488.97 0.24 0.950000 8 -1.0 12918        1415.905 180 3.801932e-06 7.303496e-06 3.801932e+00 1.349609e+01 3     1.110543e-05 1.729803e+01
195 3 1488.98 0.24 0.950000 8 -1.0 2562        1415.871 183 4.200992e-06 7.600669e-06 4.200992e+00 1.305664e+01 3     1.180166e-05 1.725763e+01
195 3 1488.98 0.24 0.950000 8 -1.0 7519        1416.722 183 4.510980e-06 4.956898e-06 4.510980e+00 9.638672e+00 3     9.467878e-06 1.414965e+01
195 5 1488.16 0.24 0.950000 8 -1.0 16164        1414.785 178 3.302206e-06 5.851377e-06 3.302206e+00 6.643066e+00 5     9.153583e-06 9.945273e+00
195 5 1488.18 0.24 0.950000 8 -1.0 10971        1416.285 178 5.634808e-06 0.000000e+00 5.634808e+00 0.000000e+00 5     5.634808e-06 5.634808e+00
195 5 1488.21 0.24 0.950000 8 -1.0 3039        1414.121 178 3.703451e-06 5.327719e-06 3.703451e+00 5.864258e+00 5     9.031170e-06 9.567708e+00
195 5 1488.23 0.24 0.950000 8 -1.0 2229        1417.837 179 2.461950e-06 6.895364e-06 2.461950e+00 6.967773e+00 5     9.357314e-06 9.429724e+00
195 5 1488.26 0.24 0.950000 8 -1.0 10201        1416.419 181 4.053343e-06 4.716596e-06 4.053343e+00 5.236816e+00 5     8.769939e-06 9.290159e+00
195 5 1488.28 0.24 0.950000 8 -1.0 10934        1414.155 176 3.091695e-06 5.527735e-06 3.091695e+00 6.435547e+00 5     8.619430e-06 9.527242e+00
195 5 1488.33 0.24 0.950000 8 -1.0 10538        1414.992 177 3.425465e-06 7.913947e-06 3.425465e+00 7.358398e+00 5     1.133941e-05 1.078386e+01
195 5 1488.35 0.24 0.950000 8 -1.0 15202        1415.468 176 3.224672e-06 6.228759e-06 3.224672e+00 6.013184e+00 5     9.453431e-06 9.237855e+00
195 5 1488.35 0.24 0.950000 8 -1.0 17661        1415.794 182 3.585279e-06 6.298595e-06 3.585279e+00 5.332031e+00 5     9.883874e-06 8.917310e+00
195 5 1488.45 0.24 0.950000 8 -1.0 8329        1414.956 179 3.849645e-06 5.864224e-06 3.849645e+00 5.493164e+00 5     9.713869e-06 9.342809e+00
195 5 1488.46 0.24 0.950000 8 -1.0 165        1415.504 184 3.375940e-06 5.458327e-06 3.375940e+00 6.171875e+00 5     8.834267e-06 9.547815e+00
195 5 1488.48 0.24 0.950000 8 -1.0 19043        1416.143 185 4.523393e-06 4.835397e-06 4.523393e+00 4.792480e+00 5     9.358791e-06 9.315874e+00
195 5 1488.48 0.24 0.950000 8 -1.0 5649        1414.465 181 2.784619e-06 5.951929e-06 2.784619e+00 5.866699e+00 5     8.736549e-06 8.651318e+00
195 5 1488.50 0.24 0.950000 8 -1.0 11810        1415.509 182 3.438987e-06 5.250926e-06 3.438987e+00 6.064453e+00 5     8.689913e-06 9.503440e+00
195 5 1488.51 0.24 0.950000 8 -1.0 685        1417.038 182 3.586158e-06 7.390960e-06 3.586158e+00 6.464844e+00 5     1.097712e-05 1.005100e+01
195 5 1488.55 0.24 0.950000 8 -1.0 15321        1414.890 179 4.686545e-06 4.776103e-06 4.686545e+00 5.224609e+00 5     9.462648e-06 9.911154e+00
195 5 1488.56 0.24 0.950000 8 -1.0 11422        1414.940 177 4.544893e-06 4.324606e-06 4.544893e+00 4.411621e+00 5     8.869499e-06 8.956514e+00
195 5 1488.56 0.24 0.950000 8 -1.0 698        1414.984 179 4.838773e-06 4.009933e-06 4.838772e+00 4.736328e+00 5     8.848705e-06 9.575100e+00
195 5 1488.57 0.24 0.950000 8 -1.0 5542        1415.305 182 2.921565e-06 6.605099e-06 2.921565e+00 6.906738e+00 5     9.526664e-06 9.828303e+00
195 5 1488.58 0.24 0.950000 8 -1.0 7894        1415.832 178 2.870530e-06 6.188566e-06 2.870530e+00 7.202148e+00 5     9.059095e-06 1.007268e+01
195 5 1488.58 0.24 0.950000 8 -1.0 8314        1415.689 180 4.048470e-06 5.754017e-06 4.048470e+00 6.149902e+00 5     9.802487e-06 1.019837e+01
195 5 1488.64 0.24 0.950000 8 -1.0 1352        1415.082 183 3.595322e-06 5.145367e-06 3.595322e+00 5.910645e+00 5     8.740689e-06 9.505967e+00
195 5 1488.64 0.24 0.950000 8 -1.0 3949        1414.437 179 3.243279e-06 6.112873e-06 3.243278e+00 6.772461e+00 5     9.356152e-06 1.001574e+01
195 5 1488.65 0.24 0.950000 8 -1.0 18845        1414.472 183 2.822068e-06 6.276312e-06 2.822067e+00 6.120605e+00 5     9.098380e-06 8.942673e+00
195 5 1488.65 0.24 0.950000 8 -1.0 6386        1420.043 182 4.804276e-06 5.483747e-06 4.804276e+00 6.894531e+00 5     1.028802e-05 1.169881e+01
195 5 1488.68 0.24 0.950000 8 -1.0 1068        1415.290 180 2.493750e-06 8.246140e-06 2.493750e+00 7.016602e+00 5     1.073989e-05 9.510351e+00
195 5 1488.68 0.24 0.950000 8 -1.0 15435        1419.093 179 2.877941e-06 7.272336e-06 2.877940e+00 6.281738e+00 5     1.015028e-05 9.159679e+00
195 5 1488.71 0.24 0.950000 8 -1.0 2283        1422.106 180 3.330508e-06 6.758167e-06 3.330507e+00 6.079102e+00 5     1.008867e-05 9.409609e+00
195 5 1488.74 0.24 0.950000 8 -1.0 19970        1415.693 178 3.478399e-06 5.505325e-06 3.478398e+00 5.361328e+00 5     8.983724e-06 8.839727e+00
195 5 1488.74 0.24 0.950000 8 -1.0 452        1419.345 184 4.160085e-06 5.537077e-06 4.160085e+00 5.734863e+00 5     9.697162e-06 9.894948e+00
195 5 1488.75 0.24 0.950000 8 -1.0 12758        1415.406 182 2.822780e-06 6.784482e-06 2.822780e+00 5.832520e+00 5     9.607262e-06 8.655300e+00
195 5 1488.76 0.24 0.950000 8 -1.0 11939        1416.897 181 4.380354e-06 3.964606e-06 4.380354e+00 4.892578e+00 5     8.344960e-06 9.272932e+00
195 5 1488.76 0.24 0.950000 8 -1.0 1782        1418.676 179 3.752728e-06 5.606339e-06 3.752728e+00 5.908203e+00 5     9.359067e-06 9.660931e+00
195 5 1488.77 0.24 0.950000 8 -1.0 8586        1416.035 180 2.856717e-06 6.849829e-06 2.856716e+00 6.806641e+00 5     9.706545e-06 9.663357e+00
195 5 1488.78 0.24 0.950000 8 -1.0 1927        1417.757 179 4.121900e-06 6.039613e-06 4.121900e+00 5.490723e+00 5     1.016151e-05 9.612623e+00
195 5 1488.78 0.24 0.950000 8 -1.0 5384        1414.398 185 3.468207e-06 6.453578e-06 3.468207e+00 5.927734e+00 5     9.921785e-06 9.395942e+00
195 5 1488.81 0.24 0.950000 8 -1.0 13835        1415.648 180 2.278966e-06 7.933840e-06 2.278965e+00 7.060547e+00 5     1.021281e-05 9.339512e+00
195 5 1488.81 0.24 0.950000 8 -1.0 2683        1416.630 184 3.342419e-06 6.593792e-06 3.342419e+00 5.834961e+00 5     9.936211e-06 9.177380e+00
195 5 1488.81 0.24 0.950000 8 -1.0 786        1416.651 179 4.556953e-06 4.474366e-06 4.556953e+00 5.620117e+00 5     9.031319e-06 1.017707e+01
195 5 1488.83 0.24 0.950000 8 -1.0 19174        1417.124 185 3.793104e-06 5.655187e-06 3.793103e+00 6.005859e+00 5     9.448291e-06 9.798963e+00
195 5 1488.84 0.24 0.950000 8 -1.0 15991        1414.995 179 3.110012e-06 5.844602e-06 3.110012e+00 5.905762e+00 5     8.954614e-06 9.015774e+00
195 5 1488.85 0.24 0.950000 8 -1.0 5771        1415.317 181 2.611444e-06 6.551183e-06 2.611444e+00 6.035156e+00 5     9.162627e-06 8.646600e+00
195 5 1488.86 0.24 0.950000 8 -1.0 16147        1414.940 180 3.659286e-06 5.803504e-06 3.659286e+00 5.249023e+00 5     9.462790e-06 8.908309e+00
195 5 1488.89 0.24 0.950000 8 -1.0 8330        1415.985 180 3.471280e-06 5.801207e-06 3.471280e+00 6.396484e+00 5     9.272487e-06 9.867764e+00
195 5 1488.94 0.24 0.950000 8 -1.0 3496        1415.533 175 3.751885e-06 5.026010e-06 3.751885e+00 5.490723e+00 5     8.777895e-06 9.242608e+00
195 5 1488.94 0.24 0.950000 8 -1.0 6451        1414.928 176 3.769031e-06 4.514183e-06 3.769031e+00 4.995117e+00 5     8.283214e-06 8.764148e+00
195 5 1488.94 0.24 0.950000 8 -1.0 907        1417.675 182 3.271303e-06 5.048202e-06 3.271303e+00 5.781250e+00 5     8.319505e-06 9.052553e+00
195 5 1488.97 0.24 0.950000 8 -1.0 5504        1415.530 180 4.568041e-06 4.974955e-06 4.568041e+00 6.977539e+00 5     9.542997e-06 1.154558e+01
195 5 1488.98 0.24 0.950000 8 -1.0 14882        1415.127 182 4.056346e-06 5.166854e-06 4.056346e+00 5.275879e+00 5     9.223200e-06 9.332225e+00
195 5 1488.98 0.24 0.950000 8 -1.0 9527        1414.557 178 3.616722e-06 5.563436e-06 3.616722e+00 5.932617e+00 5     9.180158e-06 9.549339e+00
195 7 1488.16 0.24 0.950000 8 -1.0 4116        1417.147 178 3.513220e-06 4.867515e-06 3.513219e+00 4.445801e+00 7     8.380734e-06 7.959020e+00
195 7 1488.18 0.24 0.950000 8 -1.0 18373        1414.421 178 3.647905e-06 4.406634e-06 3.647904e+00 4.187012e+00 7     8.054538e-06 7.834916e+00
195 7 1488.21 0.24 0.950000 8 -1.0 2541        1420.025 183 4.078831e-06 4.027021e-06 4.078831e+00 3.786621e+00 7     8.105852e-06 7.865452e+00
195 7 1488.23 0.24 0.950000 8 -1.0 14082        1419.396 177 2.908386e-06 6.190461e-06 2.908386e+00 5.507812e+00 7     9.098847e-06 8.416198e+00
195 7 1488.26 0.24 0.950000 8 -1.0 5581        1414.410 181 3.711112e-06 5.478231e-06 3.711112e+00 4.765625e+00 6     9.189343e-06 8.476737e+00
195 7 1488.28 0.24 0.950000 8 -1.0 6271        1415.939 183 3.780889e-06 4.614280e-06 3.780889e+00 4.428711e+00 7     8.395170e-06 8.209600e+00
195 7 1488.33 0.24 0.950000 8 -1.0 7937        1414.369 180 5.669147e-06 4.412641e-06 5.669147e+00 4.238281e+00 7     1.008179e-05 9.907428e+00
195 7 1488.35 0.24 0.950000 8 -1.0 10896        1415.220 176 2.493945e-06 7.835805e-06 2.493945e+00 5.417480e+00 7     1.032975e-05 7.911425e+00
195 7 1488.35 0.24 0.950000 8 -1.0 489        1414.717 178 3.416499e-06 5.736724e-06 3.416499e+00 5.151367e+00 7     9.153223e-06 8.567866e+00
195 7 1488.45 0.24 0.950000 8 -1.0 18938        1414.178 173 4.432391e-06 4.434812e-06 4.432391e+00 4.335938e+00 7     8.867202e-06 8.768328e+00
195 7 1488.46 0.24 0.950000 8 -1.0 10212        1417.236 178 3.159010e-06 4.420689e-06 3.159010e+00 4.382324e+00 7     7.579698e-06 7.541334e+00
195 7 1488.48 0.24 0.950000 8 -1.0 16869        1417.770 179 2.681710e-06 7.085433e-06 2.681710e+00 5.915527e+00 7     9.767142e-06 8.597237e+00
195 7 1488.48 0.24 0.950000 8 -1.0 3599        1415.183 176 2.927849e-06 5.632571e-06 2.927848e+00 5.000000e+00 7     8.560420e-06 7.927848e+00
195 7 1488.50 0.24 0.950000 8 -1.0 12209        1417.309 178 2.981645e-06 5.593118e-06 2.981645e+00 4.812012e+00 7     8.574764e-06 7.793657e+00
195 7 1488.51 0.24 0.950000 8 -1.0 15041        1418.850 180 3.429381e-06 5.771337e-06 3.429381e+00 5.502930e+00 7     9.200718e-06 8.932311e+00
195 7 1488.55 0.24 0.950000 8 -1.0 2153        1415.180 179 3.524774e-06 6.466512e-06 3.524774e+00 5.053711e+00 7     9.991286e-06 8.578485e+00
195 7 1488.56 0.24 0.950000 8 -1.0 10398        1419.809 179 2.327847e-06 7.475952e-06 2.327847e+00 5.422363e+00 7     9.803799e-06 7.750210e+00
195 7 1488.56 0.24 0.950000 8 -1.0 7139        1415.999 174 3.839197e-06 4.444377e-06 3.839196e+00 4.116211e+00 7     8.283574e-06 7.955407e+00
195 7 1488.57 0.24 0.950000 8 -1.0 19646        1415.200 177 2.775947e-06 6.800670e-06 2.775947e+00 4.826660e+00 7     9.576617e-06 7.602607e+00
195 7 1488.58 0.24 0.950000 8 -1.0 13680        1417.809 181 2.730374e-06 6.687719e-06 2.730374e+00 6.799316e+00 6     9.418093e-06 9.529690e+00
195 7 1488.58 0.24 0.950000 8 -1.0 8675        1416.798 177 2.790861e-06 7.005071e-06 2.790861e+00 5.754395e+00 7     9.795932e-06 8.545255e+00
195 7 1488.64 0.24 0.950000 8 -1.0 18411        1418.599 181 3.693582e-06 5.084361e-06 3.693582e+00 3.874512e+00 7     8.777942e-06 7.568093e+00
195 7 1488.64 0.24 0.950000 8 -1.0 19755        1418.246 181 2.830386e-06 8.059466e-06 2.830386e+00 5.173340e+00 7     1.088985e-05 8.003726e+00
195 7 1488.65 0.24 0.950000 8 -1.0 11743        1415.884 179 2.440791e-06 8.260809e-06 2.440791e+00 6.027832e+00 7     1.070160e-05 8.468623e+00
195 7 1488.65 0.24 0.950000 8 -1.0 19092        1414.750 180 3.301555e-06 5.994873e-06 3.301555e+00 4.836426e+00 7     9.296428e-06 8.137980e+00
195 7 1488.68 0.24 0.950000 8 -1.0 17265        1420.430 181 3.802439e-06 5.632582e-06 3.802438e+00 4.326172e+00 7     9.435021e-06 8.128610e+00
195 7 1488.68 0.24 0.950000 8 -1.0 17364        1414.282 179 3.453334e-06 6.225343e-06 3.453333e+00 5.781250e+00 7     9.678676e-06 9.234583e+00
195 7 1488.71 0.24 0.950000 8 -1.0 18693        1416.395 176 3.062852e-06 6.700857e-06 3.062852e+00 4.956055e+00 7     9.763709e-06 8.018906e+00
195 7 1488.74 0.24 0.950000 8 -1.0 16980        1414.772 178 4.075131e-06 4.766455e-06 4.075131e+00 4.362793e+00 7     8.841585e-06 8.437924e+00
195 7 1488.74 0.24 0.950000 8 -1.0 4393        1417.011 183 3.851451e-06 5.576511e-06 3.851451e+00 4.323730e+00 7     9.427962e-06 8.175181e+00
195 7 1488.75 0.24 0.950000 8 -1.0 8217        1416.197 180 2.878559e-06 6.883080e-06 2.878559e+00 4.577637e+00 7     9.761639e-06 7.456196e+00
195 7 1488.76 0.24 0.950000 8 -1.0 8512        1419.891 181 3.774299e-06 5.488146e-06 3.774299e+00 4.411621e+00 7     9.262444e-06 8.185920e+00
195 7 1488.76 0.24 0.950000 8 -1.0 9850        1417.732 182 4.087957e-06 4.477707e-06 4.087957e+00 4.123535e+00 7     8.565664e-06 8.211492e+00
195 7 1488.77 0.24 0.950000 8 -1.0 19377        1417.665 175 2.857260e-06 6.995912e-06 2.857259e+00 6.196289e+00 7     9.853172e-06 9.053549e+00
195 7 1488.78 0.24 0.950000 8 -1.0 16537        1417.727 178 3.379800e-06 5.582240e-06 3.379800e+00 4.769287e+00 7     8.962040e-06 8.149087e+00
195 7 1488.78 0.24 0.950000 8 -1.0 18865        1414.587 183 4.331891e-06 5.151853e-06 4.331891e+00 4.116211e+00 7     9.483744e-06 8.448102e+00
195 7 1488.81 0.24 0.950000 8 -1.0 1274        1415.654 183 3.208287e-06 6.754073e-06 3.208286e+00 4.907227e+00 7     9.962359e-06 8.115513e+00
195 7 1488.81 0.24 0.950000 8 -1.0 17068        1419.459 177 2.312668e-06 8.127320e-06 2.312668e+00 5.632324e+00 7     1.043999e-05 7.944992e+00
195 7 1488.81 0.24 0.950000 8 -1.0 4178        1415.691 183 4.694396e-06 4.093784e-06 4.694396e+00 3.358154e+00 7     8.788180e-06 8.052550e+00
195 7 1488.83 0.24 0.950000 8 -1.0 4398        1415.265 174 3.811282e-06 5.562115e-06 3.811281e+00 4.968262e+00 7     9.373397e-06 8.779543e+00
195 7 1488.84 0.24 0.950000 8 -1.0 2353        1432.147 183 3.421244e-06 5.075407e-06 3.421244e+00 4.621582e+00 7     8.496651e-06 8.042826e+00
195 7 1488.85 0.24 0.950000 8 -1.0 511        1414.905 183 3.873077e-06 4.794726e-06 3.873077e+00 3.767090e+00 7     8.667803e-06 7.640167e+00
195 7 1488.86 0.24 0.950000 8 -1.0 17572        1418.329 179 3.425763e-06 5.596452e-06 3.425763e+00 4.472656e+00 7     9.022215e-06 7.898419e+00
195 7 1488.89 0.24 0.950000 8 -1.0 5802        1415.765 172 2.407872e-06 7.823372e-06 2.407872e+00 5.322266e+00 6     1.023124e-05 7.730137e+00
195 7 1488.94 0.24 0.950000 8 -1.0 14430        1418.227 175 3.336474e-06 5.144679e-06 3.336474e+00 4.068604e+00 7     8.481153e-06 7.405078e+00
195 7 1488.94 0.24 0.950000 8 -1.0 17394        1415.776 177 3.560847e-06 5.424619e-06 3.560847e+00 3.925781e+00 7     8.985466e-06 7.486628e+00
195 7 1488.94 0.24 0.950000 8 -1.0 4314        1416.916 179 4.367570e-06 4.581569e-06 4.367570e+00 3.680420e+00 7     8.949139e-06 8.047989e+00
195 7 1488.97 0.24 0.950000 8 -1.0 14209        1419.475 179 3.056071e-06 6.372334e-06 3.056070e+00 5.000000e+00 7     9.428405e-06 8.056070e+00
195 7 1488.98 0.24 0.950000 8 -1.0 1928        1417.408 182 3.603846e-06 5.392991e-06 3.603846e+00 5.039062e+00 6     8.996837e-06 8.642908e+00
195 7 1488.98 0.24 0.950000 8 -1.0 954        1417.916 177 4.209604e-06 4.645146e-06 4.209604e+00 4.318848e+00 7     8.854750e-06 8.528452e+00
195 9 1488.16 0.24 0.950000 8 -1.0 19329        1415.521 178 2.881102e-06 5.930711e-06 2.881102e+00 4.290771e+00 9     8.811813e-06 7.171873e+00
195 9 1488.18 0.24 0.950000 8 -1.0 16256        1415.519 175 3.328038e-06 5.151805e-06 3.328038e+00 4.584961e+00 8     8.479843e-06 7.912999e+00
195 9 1488.21 0.24 0.950000 8 -1.0 15115        1414.063 179 3.678245e-06 4.300842e-06 3.678245e+00 3.835449e+00 9     7.979087e-06 7.513694e+00
195 9 1488.23 0.24 0.950000 8 -1.0 12153        1414.754 178 4.947773e-06 4.410087e-06 4.947772e+00 3.624268e+00 9     9.357860e-06 8.572040e+00
195 9 1488.26 0.24 0.950000 8 -1.0 7665        1414.256 183 4.189691e-06 4.412801e-06 4.189690e+00 3.647461e+00 8     8.602491e-06 7.837151e+00
195 9 1488.28 0.24 0.950000 8 -1.0 10966        1415.015 179 3.408444e-06 5.119329e-06 3.408444e+00 4.486084e+00 8     8.527773e-06 7.894528e+00
195 9 1488.33 0.24 0.950000 8 -1.0 15033        1416.780 182 5.558842e-06 4.339674e-06 5.558842e+00 4.199219e+00 8     9.898516e-06 9.758061e+00
195 9 1488.35 0.24 0.950000 8 -1.0 18328        1414.798 177 3.551432e-06 5.141251e-06 3.551431e+00 3.795166e+00 7     8.692683e-06 7.346597e+00
195 9 1488.35 0.24 0.950000 8 -1.0 4129        1414.409 176 3.269347e-06 5.399845e-06 3.269347e+00 4.460449e+00 9     8.669192e-06 7.729796e+00
195 9 1488.45 0.24 0.950000 8 -1.0 1038        1421.587 178 3.419790e-06 7.331914e-06 3.419789e+00 5.378418e+00 9     1.075170e-05 8.798207e+00
195 9 1488.46 0.24 0.950000 8 -1.0 6585        1417.927 183 3.573567e-06 4.394424e-06 3.573567e+00 4.016113e+00 9     7.967991e-06 7.589680e+00
195 9 1488.48 0.24 0.950000 8 -1.0 4052        1416.030 179 3.861323e-06 4.879783e-06 3.861322e+00 4.252930e+00 8     8.741106e-06 8.114252e+00
195 9 1488.48 0.24 0.950000 8 -1.0 4052        1419.199 175 3.392259e-06 4.809434e-06 3.392259e+00 3.907471e+00 9     8.201693e-06 7.299729e+00
195 9 1488.50 0.24 0.950000 8 -1.0 18456        1415.124 179 3.390812e-06 5.019606e-06 3.390812e+00 3.886719e+00 8     8.410418e-06 7.277531e+00
195 9 1488.51 0.24 0.950000 8 -1.0 7761        1414.097 180 3.567967e-06 6.809480e-06 3.567967e+00 4.887695e+00 8     1.037745e-05 8.455662e+00
195 9 1488.55 0.24 0.950000 8 -1.0 17249        1418.277 178 3.370479e-06 6.116388e-06 3.370478e+00 4.199219e+00 9     9.486866e-06 7.569697e+00
195 9 1488.56 0.24 0.950000 8 -1.0 15337        1415.848 177 3.166940e-06 5.672226e-06 3.166940e+00 4.228516e+00 9     8.839166e-06 7.395455e+00
195 9 1488.56 0.24 0.950000 8 -1.0 3231        1414.395 180 2.603189e-06 6.438592e-06 2.603189e+00 5.170898e+00 8     9.041781e-06 7.774087e+00
195 9 1488.57 0.24 0.950000 8 -1.0 12424        1423.594 179 2.713716e-06 6.895593e-06 2.713716e+00 4.820557e+00 9     9.609309e-06 7.534272e+00
195 9 1488.58 0.24 0.950000 8 -1.0 593        1415.617 182 4.143126e-06 4.126732e-06 4.143125e+00 3.612061e+00 9     8.269857e-06 7.755186e+00
195 9 1488.58 0.24 0.950000 8 -1.0 8780        1416.280 176 3.299961e-06 6.893347e-06 3.299960e+00 5.002441e+00 9     1.019331e-05 8.302402e+00
195 9 1488.64 0.24 0.950000 8 -1.0 10637        1414.645 176 2.831232e-06 6.767972e-06 2.831232e+00 4.843750e+00 9     9.599204e-06 7.674982e+00
195 9 1488.64 0.24 0.950000 8 -1.0 560        1415.974 182 3.360326e-06 4.885144e-06 3.360326e+00 4.603271e+00 9     8.245470e-06 7.963597e+00
195 9 1488.65 0.24 0.950000 8 -1.0 1880        1415.268 183 3.055119e-06 6.575562e-06 3.055119e+00 4.694824e+00 8     9.630681e-06 7.749943e+00
195 9 1488.65 0.24 0.950000 8 -1.0 8225        1416.456 176 3.325374e-06 5.570447e-06 3.325374e+00 4.780273e+00 7     8.895821e-06 8.105647e+00
195 9 1488.68 0.24 0.950000 8 -1.0 3270        1414.318 176 3.344117e-06 6.528926e-06 3.344117e+00 4.719238e+00 7     9.873043e-06 8.063355e+00
195 9 1488.68 0.24 0.950000 8 -1.0 8020        1419.900 177 3.276645e-06 6.640822e-06 3.276644e+00 4.365234e+00 8     9.917467e-06 7.641879e+00
195 9 1488.71 0.24 0.950000 8 -1.0 5799        1421.135 180 3.825503e-06 5.402450e-06 3.825503e+00 4.013672e+00 9     9.227954e-06 7.839175e+00
195 9 1488.74 0.24 0.950000 8 -1.0 2240        1416.673 177 3.610089e-06 6.004222e-06 3.610089e+00 3.898926e+00 9     9.614311e-06 7.509015e+00
195 9 1488.74 0.24 0.950000 8 -1.0 4783        1416.098 179 3.360769e-06 5.804666e-06 3.360769e+00 4.503174e+00 7     9.165435e-06 7.863943e+00
195 9 1488.75 0.24 0.950000 8 -1.0 19422        1414.979 176 2.596608e-06 7.517086e-06 2.596608e+00 4.501953e+00 9     1.011369e-05 7.098561e+00
195 9 1488.76 0.24 0.950000 8 -1.0 15630        1419.677 183 3.242452e-06 5.435545e-06 3.242452e+00 4.453125e+00 9     8.677998e-06 7.695577e+00
195 9 1488.76 0.24 0.950000 8 -1.0 2308        1414.636 182 3.850913e-06 5.298606e-06 3.850913e+00 3.958740e+00 8     9.149519e-06 7.809654e+00
195 9 1488.77 0.24 0.950000 8 -1.0 16297        1415.417 178 2.971535e-06 6.425735e-06 2.971535e+00 5.126953e+00 8     9.397271e-06 8.098488e+00
195 9 1488.78 0.24 0.950000 8 -1.0 1477        1414.973 182 4.518068e-06 4.490568e-06 4.518067e+00 3.779297e+00 9     9.008636e-06 8.297364e+00
195 9 1488.78 0.24 0.950000 8 -1.0 14835        1414.729 178 2.709561e-06 6.709927e-06 2.709561e+00 5.224609e+00 9     9.419488e-06 7.934170e+00
195 9 1488.81 0.24 0.950000 8 -1.0 1383        1416.051 176 4.707894e-06 3.026829e-06 4.707894e+00 3.273926e+00 9     7.734723e-06 7.981820e+00
195 9 1488.81 0.24 0.950000 8 -1.0 15370        1416.053 179 2.587235e-06 7.535882e-06 2.587235e+00 5.505371e+00 9     1.012312e-05 8.092606e+00
195 9 1488.81 0.24 0.950000 8 -1.0 19556        1415.600 177 3.382132e-06 6.148036e-06 3.382132e+00 4.606934e+00 8     9.530167e-06 7.989065e+00
195 9 1488.83 0.24 0.950000 8 -1.0 10123        1415.834 177 4.161357e-06 5.946198e-06 4.161357e+00 4.349365e+00 8     1.010756e-05 8.510722e+00
195 9 1488.84 0.24 0.950000 8 -1.0 1907        1414.587 180 3.734784e-06 4.264564e-06 3.734784e+00 4.060059e+00 8     7.999348e-06 7.794842e+00
195 9 1488.85 0.24 0.950000 8 -1.0 10556        1414.580 171 3.360658e-06 4.975777e-06 3.360657e+00 3.937988e+00 9     8.336434e-06 7.298646e+00
195 9 1488.86 0.24 0.950000 8 -1.0 3342        1415.937 182 3.233982e-06 5.906822e-06 3.233982e+00 5.063477e+00 7     9.140804e-06 8.297459e+00
195 9 1488.89 0.24 0.950000 8 -1.0 4504        1418.436 174 3.432566e-06 5.362815e-06 3.432566e+00 5.046387e+00 7     8.795380e-06 8.478952e+00
195 9 1488.94 0.24 0.950000 8 -1.0 14295        1415.048 178 3.217256e-06 5.032519e-06 3.217256e+00 3.991699e+00 9     8.249775e-06 7.208955e+00
195 9 1488.94 0.24 0.950000 8 -1.0 5426        1416.013 171 3.111530e-06 4.744353e-06 3.111530e+00 4.252930e+00 9     7.855883e-06 7.364460e+00
195 9 1488.94 0.24 0.950000 8 -1.0 6574        1419.341 176 4.119958e-06 4.471356e-06 4.119958e+00 3.488770e+00 9     8.591314e-06 7.608727e+00
195 9 1488.97 0.24 0.950000 8 -1.0 528        1416.758 179 3.686905e-06 5.642236e-06 3.686905e+00 3.916016e+00 9     9.329141e-06 7.602921e+00
195 9 1488.98 0.24 0.950000 8 -1.0 18219        1414.915 178 3.878060e-06 5.014838e-06 3.878060e+00 4.312744e+00 9     8.892898e-06 8.190804e+00
195 9 1488.98 0.24 0.950000 8 -1.0 7463        1420.445 179 3.416706e-06 5.449040e-06 3.416706e+00 3.977051e+00 9     8.865746e-06 7.393756e+00
