150 11 787.75 0.48 0.550000 8 -1.0 13367        437.143 53 1.157270e-06 8.949327e-07 1.157270e+00 8.465576e-01 7     2.052202e-06 2.003827e+00
150 11 787.75 0.48 0.550000 8 -1.0 1396        434.644 53 6.957711e-07 1.323282e-06 6.957711e-01 1.657715e+00 9     2.019053e-06 2.353486e+00
150 11 787.75 0.48 0.550000 8 -1.0 14048        434.938 54 1.130614e-06 6.470204e-07 1.130614e+00 8.850098e-01 6     1.777635e-06 2.015624e+00
150 11 787.78 0.48 0.550000 8 -1.0 18537        435.973 56 8.573650e-07 8.787117e-07 8.573650e-01 1.057129e+00 6     1.736077e-06 1.914494e+00
150 11 787.79 0.48 0.550000 8 -1.0 19299        434.933 54 9.974465e-07 1.072932e-06 9.974465e-01 1.217041e+00 7     2.070379e-06 2.214487e+00
150 11 787.79 0.48 0.550000 8 -1.0 19621        437.294 55 1.217929e-06 6.313471e-07 1.217929e+00 7.952881e-01 9     1.849276e-06 2.013217e+00
150 11 787.79 0.48 0.550000 8 -1.0 6727        436.547 57 9.796496e-07 9.548181e-07 9.796496e-01 1.182861e+00 6     1.934468e-06 2.162511e+00
150 11 787.80 0.48 0.550000 8 -1.0 18608        435.946 54 8.497034e-07 9.672777e-07 8.497034e-01 1.220093e+00 6     1.816981e-06 2.069796e+00
150 11 787.81 0.48 0.550000 8 -1.0 6672        436.503 53 9.327560e-07 8.735115e-07 9.327560e-01 1.073608e+00 6     1.806268e-06 2.006364e+00
150 11 787.82 0.48 0.550000 8 -1.0 14405        440.302 53 1.468295e-06 6.227881e-07 1.468295e+00 7.421875e-01 8     2.091083e-06 2.210483e+00
150 11 787.83 0.48 0.550000 8 -1.0 5817        434.242 53 9.491476e-07 9.270198e-07 9.491475e-01 9.539795e-01 5     1.876167e-06 1.903127e+00
150 11 787.84 0.48 0.550000 8 -1.0 9665        434.581 57 1.460965e-06 5.111290e-07 1.460965e+00 6.828308e-01 8     1.972094e-06 2.143796e+00
150 11 787.85 0.48 0.550000 8 -1.0 15951        439.311 56 1.013262e-06 1.055924e-06 1.013262e+00 1.395264e+00 6     2.069187e-06 2.408526e+00
150 11 787.87 0.48 0.550000 8 -1.0 19920        435.623 60 1.580789e-06 6.321562e-07 1.580789e+00 1.072388e+00 4     2.212946e-06 2.653177e+00
150 11 787.88 0.48 0.550000 8 -1.0 305        436.790 56 1.542131e-06 3.103944e-07 1.542131e+00 5.847168e-01 9     1.852526e-06 2.126848e+00
150 11 787.89 0.48 0.550000 8 -1.0 15485        436.525 55 9.420521e-07 2.089663e-06 9.420520e-01 1.270752e+00 9     3.031716e-06 2.212804e+00
150 11 787.89 0.48 0.550000 8 -1.0 17745        439.593 57 1.085927e-06 1.095064e-06 1.085927e+00 1.154175e+00 6     2.180992e-06 2.240102e+00
150 11 787.89 0.48 0.550000 8 -1.0 18726        437.085 53 9.690649e-07 9.612753e-07 9.690649e-01 1.004639e+00 6     1.930340e-06 1.973704e+00
150 11 787.90 0.48 0.550000 8 -1.0 14459        437.268 59 1.185163e-06 8.472452e-07 1.185163e+00 8.563232e-01 8     2.032408e-06 2.041486e+00
150 11 787.91 0.48 0.550000 8 -1.0 14439        433.415 53 7.666499e-07 1.232633e-06 7.666499e-01 1.440430e+00 5     1.999283e-06 2.207080e+00
150 11 787.91 0.48 0.550000 8 -1.0 9372        436.945 57 8.833518e-07 1.447025e-06 8.833517e-01 1.260986e+00 6     2.330377e-06 2.144338e+00
150 11 787.92 0.48 0.550000 8 -1.0 18745        437.419 56 1.033138e-06 1.559512e-06 1.033138e+00 1.177979e+00 8     2.592650e-06 2.211117e+00
150 11 787.92 0.48 0.550000 8 -1.0 19086        436.841 55 1.077146e-06 6.432458e-07 1.077146e+00 7.174683e-01 7     1.720392e-06 1.794614e+00
150 11 787.93 0.48 0.550000 8 -1.0 12175        436.213 56 1.187656e-06 6.469632e-07 1.187656e+00 6.584167e-01 9     1.834619e-06 1.846072e+00
150 11 787.93 0.48 0.550000 8 -1.0 4208        433.461 54 1.212954e-06 1.051997e-06 1.212954e+00 1.123648e+00 6     2.264951e-06 2.336602e+00
150 11 787.96 0.48 0.550000 8 -1.0 12736        436.743 54 9.217686e-07 8.523262e-07 9.217685e-01 1.059570e+00 6     1.774095e-06 1.981339e+00
150 11 787.96 0.48 0.550000 8 -1.0 18934        433.422 58 8.734031e-07 9.466876e-07 8.734030e-01 1.124878e+00 5     1.820091e-06 1.998281e+00
150 11 787.98 0.48 0.550000 8 -1.0 13802        439.282 55 1.144470e-06 7.671820e-07 1.144470e+00 8.905029e-01 7     1.911652e-06 2.034972e+00
150 11 787.99 0.48 0.550000 8 -1.0 18265        434.454 55 8.215418e-07 1.086119e-06 8.215418e-01 1.121216e+00 7     1.907661e-06 1.942758e+00
150 11 788.00 0.48 0.550000 8 -1.0 2901        434.509 51 1.048299e-06 9.556267e-07 1.048299e+00 1.198120e+00 6     2.003926e-06 2.246419e+00
150 11 788.01 0.48 0.550000 8 -1.0 1799        434.253 56 1.187370e-06 8.021515e-07 1.187370e+00 9.173584e-01 4     1.989521e-06 2.104728e+00
150 11 788.03 0.48 0.550000 8 -1.0 19578        435.060 54 1.173331e-06 7.442285e-07 1.173331e+00 9.527588e-01 7     1.917559e-06 2.126090e+00
150 11 788.05 0.48 0.550000 8 -1.0 11667        433.438 55 9.752638e-07 9.571978e-07 9.752637e-01 1.193848e+00 6     1.932462e-06 2.169111e+00
150 11 788.05 0.48 0.550000 8 -1.0 1167        433.571 53 9.273365e-07 8.910253e-07 9.273365e-01 9.588623e-01 6     1.818362e-06 1.886199e+00
150 11 788.06 0.48 0.550000 8 -1.0 14987        433.742 56 1.113263e-06 6.450002e-07 1.113263e+00 9.265137e-01 5     1.758263e-06 2.039777e+00
150 11 788.06 0.48 0.550000 8 -1.0 16491        433.969 55 1.216893e-06 7.650234e-07 1.216893e+00 8.819580e-01 5     1.981916e-06 2.098851e+00
150 11 788.06 0.48 0.550000 8 -1.0 7948        436.763 56 1.244222e-06 9.260816e-07 1.244222e+00 1.090698e+00 6     2.170303e-06 2.334920e+00
150 11 788.08 0.48 0.550000 8 -1.0 15858        434.537 53 7.749055e-07 1.321824e-06 7.749055e-01 9.936523e-01 7     2.096729e-06 1.768558e+00
150 11 788.11 0.48 0.550000 8 -1.0 12242        434.432 56 1.345432e-06 5.543653e-07 1.345432e+00 6.140137e-01 7     1.899798e-06 1.959446e+00
150 11 788.13 0.48 0.550000 8 -1.0 12034        440.826 57 9.124837e-07 1.074983e-06 9.124836e-01 1.295776e+00 4     1.987467e-06 2.208260e+00
150 11 788.14 0.48 0.550000 8 -1.0 16824        437.463 53 1.130563e-06 7.423515e-07 1.130563e+00 9.014893e-01 7     1.872914e-06 2.032052e+00
150 11 788.14 0.48 0.550000 8 -1.0 17703        437.195 54 1.446097e-06 8.042018e-07 1.446097e+00 8.190918e-01 7     2.250298e-06 2.265188e+00
150 11 788.14 0.48 0.550000 8 -1.0 2292        468.016 60 9.871723e-07 1.198620e-06 9.871723e-01 1.320801e+00 7     2.185792e-06 2.307973e+00
150 11 788.15 0.48 0.550000 8 -1.0 5787        441.046 55 1.353394e-06 4.895405e-07 1.353394e+00 8.038330e-01 7     1.842934e-06 2.157227e+00
150 11 788.16 0.48 0.550000 8 -1.0 1229        435.147 52 9.796778e-07 1.102700e-06 9.796777e-01 1.043091e+00 6     2.082378e-06 2.022769e+00
150 11 788.16 0.48 0.550000 8 -1.0 14582        438.854 56 1.412565e-06 8.366190e-07 1.412565e+00 8.056641e-01 8     2.249184e-06 2.218229e+00
150 11 788.16 0.48 0.550000 8 -1.0 2459        438.950 54 1.074798e-06 8.289833e-07 1.074798e+00 1.272583e+00 5     1.903781e-06 2.347381e+00
150 11 788.17 0.48 0.550000 8 -1.0 6454        434.895 56 9.224679e-07 9.697422e-07 9.224679e-01 1.330566e+00 5     1.892210e-06 2.253034e+00
150 11 788.18 0.48 0.550000 8 -1.0 2613        434.663 53 1.558862e-06 7.573721e-07 1.558862e+00 5.059814e-01 7     2.316234e-06 2.064843e+00
150 11 788.18 0.48 0.550000 8 -1.0 6156        439.565 55 1.178776e-06 8.542634e-07 1.178776e+00 8.337402e-01 5     2.033039e-06 2.012516e+00
150 13 787.75 0.48 0.550000 8 -1.0 11436        437.070 57 9.416173e-07 1.265807e-06 9.416173e-01 1.312256e+00 4     2.207425e-06 2.253873e+00
150 13 787.75 0.48 0.550000 8 -1.0 639        444.354 57 1.319808e-06 6.404817e-07 1.319808e+00 6.762695e-01 7     1.960290e-06 1.996077e+00
150 13 787.75 0.48 0.550000 8 -1.0 9979        434.330 55 1.308151e-06 9.793241e-07 1.308151e+00 1.127319e+00 6     2.287475e-06 2.435470e+00
150 13 787.78 0.48 0.550000 8 -1.0 16166        437.687 56 8.050813e-07 8.146730e-07 8.050812e-01 9.564209e-01 7     1.619754e-06 1.761502e+00
150 13 787.79 0.48 0.550000 8 -1.0 11530        436.598 53 9.730457e-07 8.939786e-07 9.730456e-01 1.122437e+00 5     1.867024e-06 2.095482e+00
150 13 787.79 0.48 0.550000 8 -1.0 5945        436.763 59 1.630152e-06 8.288488e-07 1.630152e+00 6.668091e-01 8     2.459001e-06 2.296961e+00
150 13 787.79 0.48 0.550000 8 -1.0 9547        436.539 54 1.194999e-06 1.197224e-06 1.194999e+00 1.116638e+00 6     2.392223e-06 2.311638e+00
150 13 787.80 0.48 0.550000 8 -1.0 15054        440.384 54 1.221939e-06 7.792335e-07 1.221939e+00 8.691406e-01 6     2.001172e-06 2.091079e+00
150 13 787.81 0.48 0.550000 8 -1.0 18639        435.909 54 1.161659e-06 9.882605e-07 1.161659e+00 1.049194e+00 9     2.149919e-06 2.210853e+00
150 13 787.82 0.48 0.550000 8 -1.0 6706        437.565 55 1.039758e-06 7.768378e-07 1.039758e+00 1.190186e+00 5     1.816596e-06 2.229944e+00
150 13 787.83 0.48 0.550000 8 -1.0 19108        435.105 55 1.004007e-06 7.392240e-07 1.004007e+00 9.185791e-01 7     1.743231e-06 1.922586e+00
150 13 787.84 0.48 0.550000 8 -1.0 18357        436.481 53 1.277948e-06 6.040532e-07 1.277948e+00 5.767822e-01 7     1.882001e-06 1.854730e+00
150 13 787.85 0.48 0.550000 8 -1.0 8416        433.334 57 1.233209e-06 9.635380e-07 1.233209e+00 1.040039e+00 7     2.196747e-06 2.273248e+00
150 13 787.87 0.48 0.550000 8 -1.0 9249        438.226 58 1.157241e-06 7.300889e-07 1.157241e+00 1.034546e+00 7     1.887330e-06 2.191787e+00
150 13 787.88 0.48 0.550000 8 -1.0 17928        437.432 58 1.157881e-06 3.397665e-07 1.157881e+00 7.897949e-01 5     1.497647e-06 1.947676e+00
150 13 787.89 0.48 0.550000 8 -1.0 10723        434.153 54 9.449089e-07 7.626314e-07 9.449088e-01 1.107788e+00 5     1.707540e-06 2.052697e+00
150 13 787.89 0.48 0.550000 8 -1.0 19229        433.711 52 8.941858e-07 1.238540e-06 8.941858e-01 1.182251e+00 6     2.132726e-06 2.076437e+00
150 13 787.89 0.48 0.550000 8 -1.0 2358        434.214 56 9.855583e-07 1.254523e-06 9.855582e-01 1.182251e+00 5     2.240082e-06 2.167809e+00
150 13 787.90 0.48 0.550000 8 -1.0 13720        434.295 52 1.289772e-06 6.707665e-07 1.289772e+00 8.706665e-01 6     1.960539e-06 2.160439e+00
150 13 787.91 0.48 0.550000 8 -1.0 16749        433.955 55 9.654863e-07 1.026364e-06 9.654862e-01 9.631348e-01 9     1.991850e-06 1.928621e+00
150 13 787.91 0.48 0.550000 8 -1.0 6899        434.312 54 1.552991e-06 1.010883e-06 1.552991e+00 1.107178e+00 7     2.563874e-06 2.660169e+00
150 13 787.92 0.48 0.550000 8 -1.0 16034        433.431 57 8.518420e-07 6.814546e-07 8.518420e-01 1.192627e+00 6     1.533297e-06 2.044469e+00
150 13 787.92 0.48 0.550000 8 -1.0 9540        440.434 56 1.024559e-06 7.402275e-07 1.024559e+00 1.005859e+00 5     1.764786e-06 2.030418e+00
150 13 787.93 0.48 0.550000 8 -1.0 16122        437.914 53 1.351789e-06 9.417844e-07 1.351789e+00 6.475830e-01 9     2.293574e-06 1.999372e+00
150 13 787.93 0.48 0.550000 8 -1.0 9901        433.434 58 1.263230e-06 5.007145e-07 1.263230e+00 7.745361e-01 5     1.763944e-06 2.037766e+00
150 13 787.96 0.48 0.550000 8 -1.0 17601        435.247 54 1.037849e-06 7.733289e-07 1.037849e+00 9.429932e-01 6     1.811178e-06 1.980842e+00
150 13 787.96 0.48 0.550000 8 -1.0 9303        435.220 52 7.919563e-07 1.434873e-06 7.919563e-01 1.184692e+00 8     2.226829e-06 1.976649e+00
150 13 787.98 0.48 0.550000 8 -1.0 8967        433.902 55 1.333517e-06 9.725550e-07 1.333517e+00 9.875488e-01 6     2.306072e-06 2.321066e+00
150 13 787.99 0.48 0.550000 8 -1.0 19165        435.233 56 1.203095e-06 7.140144e-07 1.203095e+00 7.232666e-01 7     1.917110e-06 1.926362e+00
150 13 788.00 0.48 0.550000 8 -1.0 16648        434.856 55 1.065668e-06 1.051042e-06 1.065668e+00 1.147461e+00 8     2.116710e-06 2.213129e+00
150 13 788.01 0.48 0.550000 8 -1.0 17347        434.508 55 9.590012e-07 8.440325e-07 9.590011e-01 1.082764e+00 6     1.803034e-06 2.041765e+00
150 13 788.03 0.48 0.550000 8 -1.0 10026        434.566 54 1.429341e-06 6.187689e-07 1.429341e+00 4.940796e-01 8     2.048110e-06 1.923420e+00
150 13 788.05 0.48 0.550000 8 -1.0 15349        437.813 56 7.933949e-07 9.301209e-07 7.933949e-01 1.060791e+00 7     1.723516e-06 1.854186e+00
150 13 788.05 0.48 0.550000 8 -1.0 19889        435.446 57 1.090676e-06 6.788040e-07 1.090676e+00 7.678223e-01 9     1.769480e-06 1.858498e+00
150 13 788.06 0.48 0.550000 8 -1.0 11213        433.523 55 9.397868e-07 8.949530e-07 9.397867e-01 1.091919e+00 6     1.834740e-06 2.031706e+00
150 13 788.06 0.48 0.550000 8 -1.0 14850        439.912 54 1.378416e-06 7.461794e-07 1.378416e+00 7.440186e-01 8     2.124595e-06 2.122434e+00
150 13 788.06 0.48 0.550000 8 -1.0 7132        433.460 51 9.377865e-07 1.193443e-06 9.377865e-01 1.192627e+00 7     2.131230e-06 2.130413e+00
150 13 788.08 0.48 0.550000 8 -1.0 7841        434.606 51 1.006267e-06 1.109714e-06 1.006267e+00 1.030884e+00 7     2.115981e-06 2.037151e+00
150 13 788.11 0.48 0.550000 8 -1.0 11217        439.807 58 9.373651e-07 6.709006e-07 9.373651e-01 1.177979e+00 8     1.608266e-06 2.115344e+00
150 13 788.13 0.48 0.550000 8 -1.0 6122        435.667 54 8.732410e-07 1.195597e-06 8.732409e-01 1.287231e+00 6     2.068838e-06 2.160472e+00
150 13 788.14 0.48 0.550000 8 -1.0 12514        433.999 53 1.252463e-06 6.353564e-07 1.252463e+00 7.080078e-01 7     1.887819e-06 1.960471e+00
150 13 788.14 0.48 0.550000 8 -1.0 14511        436.043 57 9.286125e-07 9.545889e-07 9.286124e-01 1.049805e+00 5     1.883201e-06 1.978417e+00
150 13 788.14 0.48 0.550000 8 -1.0 2503        436.039 54 1.543870e-06 1.189372e-06 1.543870e+00 1.112061e+00 4     2.733242e-06 2.655931e+00
150 13 788.15 0.48 0.550000 8 -1.0 19362        436.268 54 1.175839e-06 9.537586e-07 1.175839e+00 1.099548e+00 4     2.129597e-06 2.275387e+00
150 13 788.16 0.48 0.550000 8 -1.0 10318        434.957 58 1.144315e-06 7.580154e-07 1.144315e+00 8.169556e-01 5     1.902331e-06 1.961271e+00
150 13 788.16 0.48 0.550000 8 -1.0 16083        439.609 54 8.137592e-07 1.991549e-06 8.137591e-01 1.355591e+00 5     2.805309e-06 2.169350e+00
150 13 788.16 0.48 0.550000 8 -1.0 2888        437.024 56 9.971049e-07 9.202891e-07 9.971048e-01 8.410645e-01 8     1.917394e-06 1.838169e+00
150 13 788.17 0.48 0.550000 8 -1.0 4225        436.619 54 9.837776e-07 9.646681e-07 9.837775e-01 1.141357e+00 6     1.948446e-06 2.125135e+00
150 13 788.18 0.48 0.550000 8 -1.0 17436        437.748 56 1.156880e-06 7.732480e-07 1.156880e+00 7.022095e-01 6     1.930128e-06 1.859090e+00
150 13 788.18 0.48 0.550000 8 -1.0 857        439.696 59 6.922320e-07 1.339267e-06 6.922320e-01 1.514893e+00 5     2.031499e-06 2.207125e+00
150 15 787.75 0.48 0.550000 8 -1.0 11410        437.564 57 1.026946e-06 7.875865e-07 1.026946e+00 9.045410e-01 7     1.814532e-06 1.931487e+00
150 15 787.75 0.48 0.550000 8 -1.0 11772        434.757 55 1.531615e-06 4.446023e-07 1.531615e+00 6.411743e-01 7     1.976217e-06 2.172789e+00
150 15 787.75 0.48 0.550000 8 -1.0 12682        439.841 54 1.074752e-06 7.170373e-07 1.074752e+00 6.976318e-01 6     1.791789e-06 1.772384e+00
150 15 787.78 0.48 0.550000 8 -1.0 10597        436.133 56 8.670051e-07 7.499863e-07 8.670051e-01 1.104736e+00 9     1.616991e-06 1.971741e+00
150 15 787.79 0.48 0.550000 8 -1.0 12243        434.783 54 8.774261e-07 9.299075e-07 8.774260e-01 1.260986e+00 5     1.807334e-06 2.138412e+00
150 15 787.79 0.48 0.550000 8 -1.0 12776        436.014 57 1.348064e-06 8.302929e-07 1.348064e+00 8.807373e-01 6     2.178357e-06 2.228802e+00
150 15 787.79 0.48 0.550000 8 -1.0 17871        433.729 54 1.341651e-06 6.111998e-07 1.341651e+00 8.203125e-01 8     1.952851e-06 2.161964e+00
150 15 787.80 0.48 0.550000 8 -1.0 18433        435.550 52 1.094939e-06 9.853985e-07 1.094939e+00 1.042480e+00 7     2.080338e-06 2.137419e+00
150 15 787.81 0.48 0.550000 8 -1.0 17405        438.227 55 1.088128e-06 1.039164e-06 1.088128e+00 1.005249e+00 6     2.127292e-06 2.093377e+00
150 15 787.82 0.48 0.550000 8 -1.0 5861        436.841 57 1.131828e-06 8.259109e-07 1.131828e+00 1.141968e+00 4     1.957739e-06 2.273796e+00
150 15 787.83 0.48 0.550000 8 -1.0 16179        437.435 51 1.389354e-06 6.688837e-07 1.389354e+00 8.868408e-01 6     2.058238e-06 2.276195e+00
150 15 787.84 0.48 0.550000 8 -1.0 17513        436.522 57 1.311755e-06 5.007825e-07 1.311755e+00 8.328247e-01 7     1.812538e-06 2.144580e+00
150 15 787.85 0.48 0.550000 8 -1.0 9938        433.465 57 1.313437e-06 9.513904e-07 1.313437e+00 1.004639e+00 5     2.264827e-06 2.318076e+00
150 15 787.87 0.48 0.550000 8 -1.0 7844        433.982 53 1.373285e-06 1.195748e-06 1.373285e+00 1.188965e+00 6     2.569033e-06 2.562250e+00
150 15 787.88 0.48 0.550000 8 -1.0 9299        437.387 56 1.207031e-06 5.885322e-07 1.207031e+00 8.746338e-01 5     1.795563e-06 2.081665e+00
150 15 787.89 0.48 0.550000 8 -1.0 1535        434.900 54 9.417475e-07 7.969881e-07 9.417474e-01 1.056519e+00 5     1.738736e-06 1.998266e+00
150 15 787.89 0.48 0.550000 8 -1.0 4988        437.793 53 1.029499e-06 1.336388e-06 1.029499e+00 1.135864e+00 6     2.365886e-06 2.165363e+00
150 15 787.89 0.48 0.550000 8 -1.0 6345        439.562 52 1.304192e-06 9.501718e-07 1.304192e+00 7.308960e-01 9     2.254364e-06 2.035088e+00
150 15 787.90 0.48 0.550000 8 -1.0 8916        436.542 57 1.038769e-06 7.533133e-07 1.038769e+00 1.186523e+00 5     1.792082e-06 2.225292e+00
150 15 787.91 0.48 0.550000 8 -1.0 14429        434.635 58 7.125634e-07 1.046057e-06 7.125633e-01 1.213379e+00 6     1.758621e-06 1.925942e+00
150 15 787.91 0.48 0.550000 8 -1.0 17906        433.808 52 1.448260e-06 8.028647e-07 1.448260e+00 9.082031e-01 7     2.251125e-06 2.356463e+00
150 15 787.92 0.48 0.550000 8 -1.0 19589        433.957 53 1.234486e-06 6.223268e-07 1.234486e+00 8.190918e-01 9     1.856812e-06 2.053577e+00
150 15 787.92 0.48 0.550000 8 -1.0 9849        434.659 56 1.459979e-06 4.050436e-07 1.459979e+00 7.769775e-01 7     1.865022e-06 2.236956e+00
150 15 787.93 0.48 0.550000 8 -1.0 5554        434.348 54 1.161244e-06 8.224036e-07 1.161244e+00 1.077271e+00 6     1.983648e-06 2.238514e+00
150 15 787.93 0.48 0.550000 8 -1.0 6635        439.645 54 1.079721e-06 7.380091e-07 1.079721e+00 9.777832e-01 5     1.817730e-06 2.057504e+00
150 15 787.96 0.48 0.550000 8 -1.0 13047        437.606 56 9.915720e-07 9.439713e-07 9.915719e-01 1.070557e+00 9     1.935543e-06 2.062129e+00
150 15 787.96 0.48 0.550000 8 -1.0 18863        433.466 56 9.653545e-07 7.043343e-07 9.653545e-01 1.162720e+00 5     1.669689e-06 2.128074e+00
150 15 787.98 0.48 0.550000 8 -1.0 19652        435.618 54 1.303334e-06 7.373238e-07 1.303334e+00 8.593750e-01 6     2.040658e-06 2.162709e+00
150 15 787.99 0.48 0.550000 8 -1.0 10696        440.834 53 9.010646e-07 1.166729e-06 9.010646e-01 1.130371e+00 6     2.067794e-06 2.031436e+00
150 15 788.00 0.48 0.550000 8 -1.0 15792        436.075 51 8.270503e-07 1.606656e-06 8.270503e-01 1.311035e+00 7     2.433707e-06 2.138085e+00
150 15 788.01 0.48 0.550000 8 -1.0 9075        433.443 53 1.452916e-06 8.399291e-07 1.452916e+00 5.613708e-01 8     2.292845e-06 2.014286e+00
150 15 788.03 0.48 0.550000 8 -1.0 12831        434.478 55 1.633125e-06 6.104346e-07 1.633125e+00 6.604004e-01 9     2.243560e-06 2.293526e+00
150 15 788.05 0.48 0.550000 8 -1.0 16090        435.302 55 1.045675e-06 7.893253e-07 1.045675e+00 8.856201e-01 7     1.835001e-06 1.931295e+00
150 15 788.05 0.48 0.550000 8 -1.0 7351        433.785 54 1.399089e-06 5.933235e-07 1.399089e+00 6.716919e-01 8     1.992412e-06 2.070781e+00
150 15 788.06 0.48 0.550000 8 -1.0 14600        436.504 55 1.143742e-06 1.189628e-06 1.143742e+00 1.007080e+00 7     2.333370e-06 2.150822e+00
150 15 788.06 0.48 0.550000 8 -1.0 17300        439.096 54 1.084268e-06 1.023863e-06 1.084268e+00 9.631348e-01 6     2.108130e-06 2.047402e+00
150 15 788.06 0.48 0.550000 8 -1.0 8348        434.317 53 1.021251e-06 1.265683e-06 1.021251e+00 1.234131e+00 6     2.286934e-06 2.255382e+00
150 15 788.08 0.48 0.550000 8 -1.0 9776        434.273 55 1.117702e-06 1.044784e-06 1.117702e+00 9.552002e-01 7     2.162486e-06 2.072902e+00
150 15 788.11 0.48 0.550000 8 -1.0 19616        434.726 57 1.344001e-06 7.850238e-07 1.344001e+00 9.100342e-01 7     2.129025e-06 2.254035e+00
150 15 788.13 0.48 0.550000 8 -1.0 19072        434.234 53 1.009720e-06 9.758121e-07 1.009720e+00 7.760620e-01 8     1.985532e-06 1.785782e+00
150 15 788.14 0.48 0.550000 8 -1.0 16720        441.015 54 1.002475e-06 6.703350e-07 1.002475e+00 9.112549e-01 5     1.672810e-06 1.913730e+00
150 15 788.14 0.48 0.550000 8 -1.0 2759        433.651 55 1.095312e-06 9.600610e-07 1.095312e+00 1.367188e+00 6     2.055373e-06 2.462500e+00
150 15 788.14 0.48 0.550000 8 -1.0 9967        439.533 56 1.342298e-06 6.758821e-07 1.342298e+00 7.785034e-01 5     2.018180e-06 2.120802e+00
150 15 788.15 0.48 0.550000 8 -1.0 10727        433.626 51 1.445864e-06 9.540833e-07 1.445864e+00 9.686279e-01 7     2.399948e-06 2.414492e+00
150 15 788.16 0.48 0.550000 8 -1.0 16976        434.599 53 1.327592e-06 8.537254e-07 1.327592e+00 7.751465e-01 7     2.181318e-06 2.102739e+00
150 15 788.16 0.48 0.550000 8 -1.0 19091        434.843 56 1.094455e-06 7.009966e-07 1.094455e+00 8.526611e-01 6     1.795452e-06 1.947116e+00
150 15 788.16 0.48 0.550000 8 -1.0 19914        435.740 55 8.771082e-07 1.310670e-06 8.771082e-01 1.586914e+00 7     2.187778e-06 2.464022e+00
150 15 788.17 0.48 0.550000 8 -1.0 19545        434.064 56 1.076568e-06 6.223289e-07 1.076568e+00 1.278076e+00 7     1.698897e-06 2.354644e+00
150 15 788.18 0.48 0.550000 8 -1.0 17607        441.393 58 1.115690e-06 7.665434e-07 1.115690e+00 8.380127e-01 9     1.882234e-06 1.953703e+00
150 15 788.18 0.48 0.550000 8 -1.0 903        436.551 57 9.167973e-07 1.529969e-06 9.167972e-01 1.435547e+00 5     2.446767e-06 2.352344e+00
150 17 787.75 0.48 0.550000 8 -1.0 12404        434.275 56 1.262980e-06 5.728029e-07 1.262979e+00 8.602905e-01 10     1.835782e-06 2.123270e+00
150 17 787.75 0.48 0.550000 8 -1.0 15825        434.462 54 1.232420e-06 1.516736e-06 1.232420e+00 8.828735e-01 6     2.749156e-06 2.115293e+00
150 17 787.75 0.48 0.550000 8 -1.0 19371        434.694 53 1.092099e-06 9.101096e-07 1.092099e+00 1.006775e+00 7     2.002209e-06 2.098874e+00
150 17 787.78 0.48 0.550000 8 -1.0 10192        438.692 58 9.755348e-07 7.886747e-07 9.755347e-01 1.083984e+00 6     1.764209e-06 2.059519e+00
150 17 787.79 0.48 0.550000 8 -1.0 10293        434.480 52 1.222842e-06 1.093416e-06 1.222842e+00 1.040039e+00 5     2.316259e-06 2.262881e+00
150 17 787.79 0.48 0.550000 8 -1.0 17156        435.420 53 1.192833e-06 6.471864e-07 1.192833e+00 7.543945e-01 7     1.840020e-06 1.947228e+00
150 17 787.79 0.48 0.550000 8 -1.0 18590        433.677 52 1.002853e-06 1.270702e-06 1.002853e+00 1.047974e+00 8     2.273556e-06 2.050827e+00
150 17 787.80 0.48 0.550000 8 -1.0 19701        433.455 53 1.168336e-06 8.172882e-07 1.168336e+00 8.660889e-01 6     1.985624e-06 2.034425e+00
150 17 787.81 0.48 0.550000 8 -1.0 10406        433.642 54 1.276330e-06 9.375023e-07 1.276330e+00 1.070251e+00 6     2.213832e-06 2.346581e+00
150 17 787.82 0.48 0.550000 8 -1.0 5953        433.811 51 1.075431e-06 1.030865e-06 1.075430e+00 1.038208e+00 6     2.106295e-06 2.113638e+00
150 17 787.83 0.48 0.550000 8 -1.0 18211        435.991 52 9.402387e-07 7.885845e-07 9.402386e-01 1.043091e+00 6     1.728823e-06 1.983329e+00
150 17 787.84 0.48 0.550000 8 -1.0 11873        436.947 57 1.002269e-06 9.096499e-07 1.002269e+00 9.881592e-01 5     1.911919e-06 1.990428e+00
150 17 787.85 0.48 0.550000 8 -1.0 16667        434.584 55 8.983591e-07 1.152952e-06 8.983590e-01 1.543579e+00 5     2.051311e-06 2.441938e+00
150 17 787.87 0.48 0.550000 8 -1.0 15416        439.899 54 1.424180e-06 9.929430e-07 1.424180e+00 9.790039e-01 8     2.417123e-06 2.403184e+00
150 17 787.88 0.48 0.550000 8 -1.0 19141        437.909 59 1.195104e-06 5.088350e-07 1.195104e+00 9.191895e-01 4     1.703939e-06 2.114294e+00
150 17 787.89 0.48 0.550000 8 -1.0 10502        435.091 53 9.111749e-07 1.175404e-06 9.111749e-01 1.173096e+00 8     2.086579e-06 2.084271e+00
150 17 787.89 0.48 0.550000 8 -1.0 15755        438.430 54 9.953536e-07 1.497199e-06 9.953536e-01 1.166382e+00 6     2.492552e-06 2.161735e+00
150 17 787.89 0.48 0.550000 8 -1.0 16787        433.918 56 8.200069e-07 7.610512e-07 8.200069e-01 1.181641e+00 5     1.581058e-06 2.001648e+00
150 17 787.90 0.48 0.550000 8 -1.0 19517        439.484 56 1.182362e-06 7.986731e-07 1.182362e+00 8.715820e-01 5     1.981035e-06 2.053944e+00
150 17 787.91 0.48 0.550000 8 -1.0 19781        435.036 56 6.977024e-07 1.402836e-06 6.977024e-01 1.435547e+00 5     2.100539e-06 2.133249e+00
150 17 787.91 0.48 0.550000 8 -1.0 9073        433.448 56 1.295428e-06 6.865572e-07 1.295428e+00 1.089478e+00 5     1.981985e-06 2.384906e+00
150 17 787.92 0.48 0.550000 8 -1.0 3244        437.605 51 1.091562e-06 1.000082e-06 1.091562e+00 9.088135e-01 8     2.091644e-06 2.000375e+00
150 17 787.92 0.48 0.550000 8 -1.0 6613        436.173 56 1.343868e-06 6.816274e-07 1.343868e+00 8.978271e-01 8     2.025496e-06 2.241695e+00
150 17 787.93 0.48 0.550000 8 -1.0 13502        434.124 55 1.102970e-06 9.318036e-07 1.102970e+00 8.843994e-01 5     2.034774e-06 1.987370e+00
150 17 787.93 0.48 0.550000 8 -1.0 15189        433.654 55 1.022002e-06 8.822293e-07 1.022002e+00 1.179199e+00 6     1.904231e-06 2.201201e+00
150 17 787.96 0.48 0.550000 8 -1.0 14205        437.523 57 9.300915e-07 1.030520e-06 9.300915e-01 1.080933e+00 5     1.960611e-06 2.011024e+00
150 17 787.96 0.48 0.550000 8 -1.0 9337        437.881 54 1.526540e-06 5.240993e-07 1.526540e+00 4.809570e-01 8     2.050639e-06 2.007497e+00
150 17 787.98 0.48 0.550000 8 -1.0 18416        434.025 54 8.220274e-07 1.205536e-06 8.220274e-01 1.275635e+00 6     2.027563e-06 2.097662e+00
150 17 787.99 0.48 0.550000 8 -1.0 6939        434.146 56 1.292337e-06 4.768476e-07 1.292337e+00 1.038818e+00 5     1.769185e-06 2.331156e+00
150 17 788.00 0.48 0.550000 8 -1.0 1623        434.306 55 1.099791e-06 6.704657e-07 1.099791e+00 1.119995e+00 10     1.770257e-06 2.219786e+00
150 17 788.01 0.48 0.550000 8 -1.0 8208        433.534 55 1.005388e-06 8.942766e-07 1.005387e+00 9.857178e-01 6     1.899664e-06 1.991105e+00
150 17 788.03 0.48 0.550000 8 -1.0 15464        437.844 55 1.364279e-06 7.310435e-07 1.364279e+00 8.129883e-01 9     2.095323e-06 2.177267e+00
150 17 788.05 0.48 0.550000 8 -1.0 14183        433.599 54 8.432238e-07 1.174751e-06 8.432237e-01 1.226196e+00 5     2.017975e-06 2.069420e+00
150 17 788.05 0.48 0.550000 8 -1.0 17796        435.153 54 9.531546e-07 6.721231e-07 9.531546e-01 7.989502e-01 8     1.625278e-06 1.752105e+00
150 17 788.06 0.48 0.550000 8 -1.0 10002        433.544 53 1.280313e-06 9.401703e-07 1.280313e+00 9.063721e-01 7     2.220483e-06 2.186685e+00
150 17 788.06 0.48 0.550000 8 -1.0 18609        438.260 57 1.753277e-06 3.895100e-07 1.753277e+00 4.977417e-01 9     2.142787e-06 2.251018e+00
150 17 788.06 0.48 0.550000 8 -1.0 19339        436.679 56 9.892164e-07 8.816748e-07 9.892164e-01 9.753418e-01 6     1.870891e-06 1.964558e+00
150 17 788.08 0.48 0.550000 8 -1.0 17752        439.963 55 9.682731e-07 6.409639e-07 9.682731e-01 8.142090e-01 8     1.609237e-06 1.782482e+00
150 17 788.11 0.48 0.550000 8 -1.0 15466        435.003 61 8.667700e-07 9.543997e-07 8.667699e-01 1.292725e+00 5     1.821170e-06 2.159495e+00
150 17 788.13 0.48 0.550000 8 -1.0 16584        439.362 55 1.307735e-06 1.020266e-06 1.307735e+00 7.928467e-01 9     2.328001e-06 2.100581e+00
150 17 788.14 0.48 0.550000 8 -1.0 13226        434.632 52 1.248181e-06 7.677550e-07 1.248181e+00 9.191895e-01 5     2.015936e-06 2.167370e+00
150 17 788.14 0.48 0.550000 8 -1.0 15306        435.126 54 8.672106e-07 1.273960e-06 8.672105e-01 1.423340e+00 4     2.141170e-06 2.290550e+00
150 17 788.14 0.48 0.550000 8 -1.0 16280        436.341 56 1.378626e-06 5.077782e-07 1.378626e+00 4.675293e-01 6     1.886404e-06 1.846155e+00
150 17 788.15 0.48 0.550000 8 -1.0 17963        434.026 58 1.393395e-06 5.621970e-07 1.393395e+00 7.180786e-01 6     1.955592e-06 2.111473e+00
150 17 788.16 0.48 0.550000 8 -1.0 10962        438.730 51 1.305172e-06 1.017417e-06 1.305172e+00 8.975220e-01 6     2.322590e-06 2.202694e+00
150 17 788.16 0.48 0.550000 8 -1.0 15123        435.237 57 1.195712e-06 6.495154e-07 1.195712e+00 9.393311e-01 6     1.845227e-06 2.135043e+00
150 17 788.16 0.48 0.550000 8 -1.0 689        437.732 53 1.258029e-06 1.777065e-06 1.258029e+00 1.005859e+00 12     3.035094e-06 2.263888e+00
150 17 788.17 0.48 0.550000 8 -1.0 16987        438.510 55 9.897192e-07 7.626376e-07 9.897191e-01 9.167480e-01 8     1.752357e-06 1.906467e+00
150 17 788.18 0.48 0.550000 8 -1.0 13555        434.018 57 1.214597e-06 6.916462e-07 1.214597e+00 9.143066e-01 8     1.906244e-06 2.128904e+00
150 17 788.18 0.48 0.550000 8 -1.0 9853        435.035 54 7.508161e-07 1.580926e-06 7.508160e-01 1.268921e+00 8     2.331742e-06 2.019737e+00
150 19 787.75 0.48 0.550000 8 -1.0 18427        440.406 54 1.054324e-06 1.015386e-06 1.054324e+00 1.089478e+00 4     2.069710e-06 2.143801e+00
150 19 787.75 0.48 0.550000 8 -1.0 7938        439.084 54 1.206036e-06 6.763221e-07 1.206036e+00 8.679199e-01 9     1.882358e-06 2.073956e+00
150 19 787.75 0.48 0.550000 8 -1.0 8563        435.314 53 1.078391e-06 8.829630e-07 1.078391e+00 1.126709e+00 5     1.961354e-06 2.205100e+00
150 19 787.78 0.48 0.550000 8 -1.0 6804        434.856 54 1.150593e-06 5.614934e-07 1.150593e+00 8.023071e-01 9     1.712086e-06 1.952900e+00
150 19 787.79 0.48 0.550000 8 -1.0 16980        434.219 54 9.836233e-07 8.308194e-07 9.836232e-01 8.972168e-01 9     1.814443e-06 1.880840e+00
150 19 787.79 0.48 0.550000 8 -1.0 17402        436.843 54 1.003575e-06 8.736626e-07 1.003575e+00 1.157837e+00 6     1.877238e-06 2.161412e+00
150 19 787.79 0.48 0.550000 8 -1.0 19281        435.761 52 8.982442e-07 1.231223e-06 8.982442e-01 1.264648e+00 6     2.129468e-06 2.162893e+00
150 19 787.80 0.48 0.550000 8 -1.0 15869        435.566 54 9.613117e-07 6.668966e-07 9.613116e-01 8.184814e-01 10     1.628208e-06 1.779793e+00
150 19 787.81 0.48 0.550000 8 -1.0 14169        434.844 52 9.268338e-07 1.053540e-06 9.268338e-01 1.043701e+00 7     1.980373e-06 1.970535e+00
150 19 787.82 0.48 0.550000 8 -1.0 1287        444.770 56 1.495630e-06 6.952684e-07 1.495630e+00 7.299805e-01 6     2.190898e-06 2.225610e+00
150 19 787.83 0.48 0.550000 8 -1.0 7148        437.599 55 1.156595e-06 6.068938e-07 1.156595e+00 8.502197e-01 8     1.763489e-06 2.006815e+00
150 19 787.84 0.48 0.550000 8 -1.0 14128        433.647 57 1.218875e-06 6.837510e-07 1.218874e+00 6.466675e-01 8     1.902626e-06 1.865542e+00
150 19 787.85 0.48 0.550000 8 -1.0 4469        435.775 52 1.367278e-06 7.087533e-07 1.367277e+00 9.228516e-01 6     2.076031e-06 2.290129e+00
150 19 787.87 0.48 0.550000 8 -1.0 12340        438.823 58 7.923864e-07 9.957497e-07 7.923864e-01 1.727295e+00 5     1.788136e-06 2.519681e+00
150 19 787.88 0.48 0.550000 8 -1.0 18432        433.635 55 1.375108e-06 6.959113e-07 1.375107e+00 6.018066e-01 9     2.071019e-06 1.976914e+00
150 19 787.89 0.48 0.550000 8 -1.0 14062        438.895 55 9.073441e-07 1.120276e-06 9.073440e-01 1.213379e+00 5     2.027620e-06 2.120723e+00
150 19 787.89 0.48 0.550000 8 -1.0 16662        435.136 53 1.006970e-06 1.035898e-06 1.006970e+00 1.367188e+00 5     2.042868e-06 2.374157e+00
150 19 787.89 0.48 0.550000 8 -1.0 19633        433.886 55 1.509281e-06 5.847720e-07 1.509281e+00 9.069824e-01 9     2.094053e-06 2.416263e+00
150 19 787.90 0.48 0.550000 8 -1.0 9784        433.793 58 1.096798e-06 8.354178e-07 1.096798e+00 1.137695e+00 5     1.932216e-06 2.234493e+00
150 19 787.91 0.48 0.550000 8 -1.0 10748        436.314 54 8.780396e-07 1.470961e-06 8.780395e-01 1.431885e+00 4     2.349001e-06 2.309924e+00
150 19 787.91 0.48 0.550000 8 -1.0 11940        437.123 55 1.113712e-06 1.137433e-06 1.113712e+00 8.874512e-01 7     2.251145e-06 2.001163e+00
150 19 787.92 0.48 0.550000 8 -1.0 18529        435.967 55 8.327773e-07 9.081640e-07 8.327773e-01 1.110229e+00 6     1.740941e-06 1.943007e+00
150 19 787.92 0.48 0.550000 8 -1.0 9972        435.474 53 1.069949e-06 8.493294e-07 1.069949e+00 1.108398e+00 6     1.919279e-06 2.178348e+00
150 19 787.93 0.48 0.550000 8 -1.0 13352        433.994 54 1.277301e-06 9.584046e-07 1.277301e+00 9.344482e-01 8     2.235706e-06 2.211749e+00
150 19 787.93 0.48 0.550000 8 -1.0 19630        434.072 54 1.229849e-06 5.413484e-07 1.229849e+00 8.493042e-01 7     1.771198e-06 2.079153e+00
150 19 787.96 0.48 0.550000 8 -1.0 14541        435.205 55 1.255633e-06 5.584742e-07 1.255633e+00 7.006836e-01 7     1.814107e-06 1.956317e+00
150 19 787.96 0.48 0.550000 8 -1.0 7495        437.816 54 1.354058e-06 6.866194e-07 1.354058e+00 6.875610e-01 6     2.040677e-06 2.041619e+00
150 19 787.98 0.48 0.550000 8 -1.0 14399        434.192 58 1.124961e-06 1.071963e-06 1.124961e+00 9.729004e-01 6     2.196923e-06 2.097861e+00
150 19 787.99 0.48 0.550000 8 -1.0 11944        434.097 58 7.399845e-07 1.423548e-06 7.399845e-01 1.514893e+00 4     2.163533e-06 2.254877e+00
150 19 788.00 0.48 0.550000 8 -1.0 13114        436.664 52 1.460229e-06 9.276226e-07 1.460228e+00 1.020508e+00 6     2.387851e-06 2.480736e+00
150 19 788.01 0.48 0.550000 8 -1.0 11146        438.139 56 1.143499e-06 1.035018e-06 1.143499e+00 8.917236e-01 10     2.178517e-06 2.035222e+00
150 19 788.03 0.48 0.550000 8 -1.0 9062        438.703 57 1.410718e-06 8.023622e-07 1.410717e+00 9.429932e-01 4     2.213080e-06 2.353711e+00
150 19 788.05 0.48 0.550000 8 -1.0 16321        434.368 53 1.167713e-06 5.996775e-07 1.167713e+00 7.901001e-01 9     1.767391e-06 1.957813e+00
150 19 788.05 0.48 0.550000 8 -1.0 17151        434.467 56 1.153439e-06 5.405767e-07 1.153439e+00 5.770874e-01 9     1.694016e-06 1.730526e+00
150 19 788.06 0.48 0.550000 8 -1.0 12804        435.874 52 9.147585e-07 1.352649e-06 9.147585e-01 9.429932e-01 11     2.267408e-06 1.857752e+00
150 19 788.06 0.48 0.550000 8 -1.0 18082        434.066 55 1.162797e-06 8.367482e-07 1.162797e+00 8.569336e-01 7     1.999545e-06 2.019731e+00
150 19 788.06 0.48 0.550000 8 -1.0 18919        433.950 53 1.128398e-06 9.529776e-07 1.128397e+00 1.125488e+00 7     2.081375e-06 2.253886e+00
150 19 788.08 0.48 0.550000 8 -1.0 3653        434.745 55 1.124733e-06 7.553228e-07 1.124733e+00 1.067505e+00 5     1.880056e-06 2.192238e+00
150 19 788.11 0.48 0.550000 8 -1.0 14455        433.740 57 8.331168e-07 8.725723e-07 8.331167e-01 1.114502e+00 5     1.705689e-06 1.947619e+00
150 19 788.13 0.48 0.550000 8 -1.0 13391        434.797 56 1.353317e-06 5.742768e-07 1.353317e+00 8.416748e-01 6     1.927594e-06 2.194992e+00
150 19 788.14 0.48 0.550000 8 -1.0 12559        433.716 51 1.147098e-06 6.163771e-07 1.147098e+00 8.654785e-01 8     1.763475e-06 2.012576e+00
150 19 788.14 0.48 0.550000 8 -1.0 15272        435.748 57 1.158717e-06 9.873978e-07 1.158717e+00 9.274292e-01 8     2.146115e-06 2.086146e+00
150 19 788.14 0.48 0.550000 8 -1.0 18167        435.407 54 1.125202e-06 9.218038e-07 1.125202e+00 1.333618e+00 4     2.047005e-06 2.458820e+00
150 19 788.15 0.48 0.550000 8 -1.0 18915        435.315 55 1.101423e-06 7.457545e-07 1.101423e+00 9.051514e-01 7     1.847178e-06 2.006575e+00
150 19 788.16 0.48 0.550000 8 -1.0 11518        438.509 54 1.180761e-06 9.336129e-07 1.180761e+00 1.248779e+00 4     2.114374e-06 2.429541e+00
150 19 788.16 0.48 0.550000 8 -1.0 19837        434.976 53 1.074293e-06 6.757147e-07 1.074293e+00 8.367920e-01 9     1.750008e-06 1.911085e+00
150 19 788.16 0.48 0.550000 8 -1.0 6359        436.361 54 1.390144e-06 7.716506e-07 1.390144e+00 8.087158e-01 9     2.161795e-06 2.198860e+00
150 19 788.17 0.48 0.550000 8 -1.0 13063        434.231 53 9.452107e-07 9.525667e-07 9.452107e-01 1.142578e+00 5     1.897777e-06 2.087789e+00
150 19 788.18 0.48 0.550000 8 -1.0 14025        438.930 55 1.160040e-06 1.068919e-06 1.160040e+00 1.063843e+00 7     2.228959e-06 2.223883e+00
150 19 788.18 0.48 0.550000 8 -1.0 19150        434.490 54 8.812205e-07 1.046959e-06 8.812205e-01 1.079407e+00 5     1.928180e-06 1.960627e+00
150 21 787.75 0.48 0.550000 8 -1.0 13560        434.539 56 1.080414e-06 7.646048e-07 1.080414e+00 1.044312e+00 4     1.845019e-06 2.124725e+00
150 21 787.75 0.48 0.550000 8 -1.0 18386        433.834 55 1.014473e-06 1.018948e-06 1.014473e+00 1.248779e+00 5     2.033421e-06 2.263252e+00
150 21 787.75 0.48 0.550000 8 -1.0 18410        437.935 56 1.430167e-06 7.154431e-07 1.430166e+00 7.351685e-01 9     2.145610e-06 2.165335e+00
150 21 787.78 0.48 0.550000 8 -1.0 8544        433.382 57 9.290716e-07 8.687667e-07 9.290716e-01 1.213989e+00 5     1.797838e-06 2.143061e+00
150 21 787.79 0.48 0.550000 8 -1.0 1027        434.228 53 1.065065e-06 1.061281e-06 1.065065e+00 1.068726e+00 5     2.126346e-06 2.133790e+00
150 21 787.79 0.48 0.550000 8 -1.0 1560        434.332 57 1.344587e-06 6.348835e-07 1.344586e+00 7.644653e-01 6     1.979470e-06 2.109052e+00
150 21 787.79 0.48 0.550000 8 -1.0 16284        434.447 54 1.403714e-06 7.040499e-07 1.403714e+00 6.312561e-01 7     2.107764e-06 2.034970e+00
150 21 787.80 0.48 0.550000 8 -1.0 18324        434.128 52 1.074353e-06 7.117980e-07 1.074353e+00 7.891846e-01 8     1.786151e-06 1.863537e+00
150 21 787.81 0.48 0.550000 8 -1.0 4273        433.624 54 1.171203e-06 7.352036e-07 1.171203e+00 9.075928e-01 6     1.906406e-06 2.078796e+00
150 21 787.82 0.48 0.550000 8 -1.0 13969        436.462 55 1.491293e-06 6.636503e-07 1.491293e+00 8.410645e-01 7     2.154944e-06 2.332358e+00
150 21 787.83 0.48 0.550000 8 -1.0 2481        436.028 51 1.112339e-06 8.375912e-07 1.112339e+00 1.232300e+00 5     1.949930e-06 2.344639e+00
150 21 787.84 0.48 0.550000 8 -1.0 18192        436.742 57 1.137320e-06 7.305102e-07 1.137320e+00 8.523560e-01 6     1.867831e-06 1.989676e+00
150 21 787.85 0.48 0.550000 8 -1.0 19865        437.346 55 1.126241e-06 1.129219e-06 1.126241e+00 9.594727e-01 5     2.255460e-06 2.085714e+00
150 21 787.87 0.48 0.550000 8 -1.0 8161        437.964 57 1.138956e-06 9.816452e-07 1.138956e+00 1.386719e+00 6     2.120601e-06 2.525675e+00
150 21 787.88 0.48 0.550000 8 -1.0 2067        438.215 54 1.094842e-06 5.561420e-07 1.094842e+00 8.804321e-01 8     1.650984e-06 1.975274e+00
150 21 787.89 0.48 0.550000 8 -1.0 12827        434.013 54 9.008329e-07 1.163057e-06 9.008329e-01 1.357422e+00 6     2.063890e-06 2.258255e+00
150 21 787.89 0.48 0.550000 8 -1.0 13255        441.972 53 1.299662e-06 7.282621e-07 1.299662e+00 7.983398e-01 6     2.027924e-06 2.098001e+00
150 21 787.89 0.48 0.550000 8 -1.0 18521        433.447 53 9.657986e-07 8.725628e-07 9.657985e-01 1.204834e+00 7     1.838361e-06 2.170633e+00
150 21 787.90 0.48 0.550000 8 -1.0 1922        437.020 55 1.098903e-06 9.313156e-07 1.098902e+00 1.231079e+00 8     2.030218e-06 2.329982e+00
150 21 787.91 0.48 0.550000 8 -1.0 14784        433.839 56 1.200534e-06 7.782153e-07 1.200534e+00 1.013184e+00 6     1.978750e-06 2.213718e+00
150 21 787.91 0.48 0.550000 8 -1.0 16969        439.029 53 1.169704e-06 1.035796e-06 1.169704e+00 9.594727e-01 6     2.205499e-06 2.129176e+00
150 21 787.92 0.48 0.550000 8 -1.0 17097        434.700 53 9.098027e-07 8.157867e-07 9.098027e-01 1.354370e+00 5     1.725589e-06 2.264173e+00
150 21 787.92 0.48 0.550000 8 -1.0 19985        434.665 52 1.121934e-06 9.168997e-07 1.121934e+00 1.049805e+00 6     2.038834e-06 2.171739e+00
150 21 787.93 0.48 0.550000 8 -1.0 1032        436.931 54 1.249982e-06 9.025624e-07 1.249982e+00 1.059570e+00 7     2.152545e-06 2.309553e+00
150 21 787.93 0.48 0.550000 8 -1.0 9314        435.041 57 9.483385e-07 1.172523e-06 9.483384e-01 1.394043e+00 4     2.120862e-06 2.342381e+00
150 21 787.96 0.48 0.550000 8 -1.0 16673        439.562 57 1.325810e-06 7.147578e-07 1.325810e+00 9.265137e-01 5     2.040568e-06 2.252324e+00
150 21 787.96 0.48 0.550000 8 -1.0 17032        434.252 56 8.922266e-07 9.922041e-07 8.922265e-01 1.256104e+00 6     1.884431e-06 2.148330e+00
150 21 787.98 0.48 0.550000 8 -1.0 12051        434.470 52 9.597048e-07 9.867891e-07 9.597048e-01 1.306152e+00 5     1.946494e-06 2.265857e+00
150 21 787.99 0.48 0.550000 8 -1.0 4466        437.702 53 9.305146e-07 1.107993e-06 9.305146e-01 1.136475e+00 5     2.038508e-06 2.066989e+00
150 21 788.00 0.48 0.550000 8 -1.0 13100        434.231 54 1.121521e-06 7.460543e-07 1.121521e+00 9.954834e-01 4     1.867576e-06 2.117005e+00
150 21 788.01 0.48 0.550000 8 -1.0 6720        433.720 55 1.126319e-06 7.566303e-07 1.126319e+00 8.953857e-01 7     1.882950e-06 2.021705e+00
150 21 788.03 0.48 0.550000 8 -1.0 11851        436.376 56 1.557478e-06 8.478774e-07 1.557478e+00 1.102905e+00 4     2.405355e-06 2.660383e+00
150 21 788.05 0.48 0.550000 8 -1.0 3306        435.030 54 1.271091e-06 5.904439e-07 1.271091e+00 7.910156e-01 7     1.861535e-06 2.062107e+00
150 21 788.05 0.48 0.550000 8 -1.0 9499        438.771 56 9.217938e-07 8.637770e-07 9.217937e-01 9.234619e-01 8     1.785571e-06 1.845256e+00
150 21 788.06 0.48 0.550000 8 -1.0 13776        434.001 52 8.368414e-07 1.392901e-06 8.368413e-01 1.232910e+00 8     2.229743e-06 2.069751e+00
150 21 788.06 0.48 0.550000 8 -1.0 16515        435.863 54 9.309907e-07 6.902215e-07 9.309907e-01 1.027222e+00 9     1.621212e-06 1.958212e+00
150 21 788.06 0.48 0.550000 8 -1.0 18195        433.499 55 1.061677e-06 9.986313e-07 1.061677e+00 1.032104e+00 5     2.060309e-06 2.093782e+00
150 21 788.08 0.48 0.550000 8 -1.0 12841        433.935 53 9.956777e-07 8.449679e-07 9.956776e-01 1.156616e+00 6     1.840646e-06 2.152294e+00
150 21 788.11 0.48 0.550000 8 -1.0 5529        435.619 61 1.115952e-06 6.700067e-07 1.115952e+00 1.203613e+00 6     1.785958e-06 2.319565e+00
150 21 788.13 0.48 0.550000 8 -1.0 17177        435.485 53 1.001414e-06 1.078153e-06 1.001414e+00 1.188965e+00 5     2.079568e-06 2.190379e+00
150 21 788.14 0.48 0.550000 8 -1.0 11845        437.368 53 1.008350e-06 1.032506e-06 1.008350e+00 1.397095e+00 9     2.040856e-06 2.405444e+00
150 21 788.14 0.48 0.550000 8 -1.0 5184        436.039 56 1.060259e-06 9.081435e-07 1.060259e+00 1.271973e+00 6     1.968403e-06 2.332232e+00
150 21 788.14 0.48 0.550000 8 -1.0 6679        435.346 56 8.497048e-07 1.255507e-06 8.497048e-01 1.552734e+00 6     2.105212e-06 2.402439e+00
150 21 788.15 0.48 0.550000 8 -1.0 16734        439.354 56 1.296172e-06 5.456535e-07 1.296172e+00 9.020996e-01 7     1.841826e-06 2.198272e+00
150 21 788.16 0.48 0.550000 8 -1.0 10553        433.887 55 1.325804e-06 6.393746e-07 1.325804e+00 6.500244e-01 10     1.965179e-06 1.975829e+00
150 21 788.16 0.48 0.550000 8 -1.0 14903        439.993 55 9.714858e-07 8.590884e-07 9.714857e-01 1.046143e+00 5     1.830574e-06 2.017628e+00
150 21 788.16 0.48 0.550000 8 -1.0 19050        434.219 54 9.731548e-07 1.026511e-06 9.731547e-01 1.044922e+00 5     1.999666e-06 2.018077e+00
150 21 788.17 0.48 0.550000 8 -1.0 9539        436.205 57 9.909601e-07 8.954029e-07 9.909601e-01 1.054077e+00 7     1.886363e-06 2.045037e+00
150 21 788.18 0.48 0.550000 8 -1.0 18190        438.538 52 1.349379e-06 1.271979e-06 1.349379e+00 7.611084e-01 10     2.621358e-06 2.110487e+00
150 21 788.18 0.48 0.550000 8 -1.0 2367        438.811 56 9.848677e-07 6.987002e-07 9.848677e-01 8.245850e-01 7     1.683568e-06 1.809453e+00
150 23 787.75 0.48 0.550000 8 -1.0 12584        441.329 55 1.141079e-06 8.704535e-07 1.141079e+00 9.002686e-01 6     2.011533e-06 2.041348e+00
150 23 787.75 0.48 0.550000 8 -1.0 13437        436.271 57 1.113653e-06 5.691280e-07 1.113653e+00 7.070923e-01 5     1.682781e-06 1.820745e+00
150 23 787.75 0.48 0.550000 8 -1.0 17907        437.792 53 1.469647e-06 5.325061e-07 1.469647e+00 6.469727e-01 9     2.002153e-06 2.116620e+00
150 23 787.78 0.48 0.550000 8 -1.0 2124        434.484 57 1.607012e-06 3.884734e-07 1.607012e+00 5.865479e-01 7     1.995485e-06 2.193560e+00
150 23 787.79 0.48 0.550000 8 -1.0 13451        435.154 54 1.089971e-06 9.454391e-07 1.089970e+00 1.059570e+00 6     2.035410e-06 2.149541e+00
150 23 787.79 0.48 0.550000 8 -1.0 18828        433.886 57 9.745530e-07 7.366614e-07 9.745530e-01 1.040649e+00 8     1.711214e-06 2.015202e+00
150 23 787.79 0.48 0.550000 8 -1.0 7067        435.788 54 7.494163e-07 1.199316e-06 7.494162e-01 1.427612e+00 4     1.948732e-06 2.177029e+00
150 23 787.80 0.48 0.550000 8 -1.0 10215        435.772 54 1.063421e-06 1.280469e-06 1.063421e+00 1.075439e+00 7     2.343890e-06 2.138860e+00
150 23 787.81 0.48 0.550000 8 -1.0 6281        433.979 56 1.033094e-06 5.129393e-07 1.033094e+00 9.197998e-01 7     1.546034e-06 1.952894e+00
150 23 787.82 0.48 0.550000 8 -1.0 16401        437.143 53 1.604897e-06 5.124191e-07 1.604897e+00 5.703735e-01 8     2.117316e-06 2.175271e+00
150 23 787.83 0.48 0.550000 8 -1.0 14146        434.992 55 1.178219e-06 8.178981e-07 1.178219e+00 1.065674e+00 6     1.996117e-06 2.243893e+00
150 23 787.84 0.48 0.550000 8 -1.0 692        441.548 57 1.272148e-06 6.704299e-07 1.272148e+00 7.049561e-01 8     1.942577e-06 1.977104e+00
150 23 787.85 0.48 0.550000 8 -1.0 19000        435.553 51 1.359756e-06 8.708774e-07 1.359756e+00 1.063843e+00 10     2.230633e-06 2.423599e+00
150 23 787.87 0.48 0.550000 8 -1.0 12662        434.853 56 9.317258e-07 1.073651e-06 9.317258e-01 1.248169e+00 5     2.005377e-06 2.179895e+00
150 23 787.88 0.48 0.550000 8 -1.0 13867        435.706 53 8.911150e-07 7.794664e-07 8.911149e-01 8.468628e-01 6     1.670581e-06 1.737978e+00
150 23 787.89 0.48 0.550000 8 -1.0 11957        433.898 53 1.056965e-06 1.155708e-06 1.056965e+00 1.113281e+00 7     2.212673e-06 2.170246e+00
150 23 787.89 0.48 0.550000 8 -1.0 13282        436.258 56 1.023680e-06 1.306020e-06 1.023680e+00 1.058960e+00 8     2.329700e-06 2.082640e+00
150 23 787.89 0.48 0.550000 8 -1.0 901        436.589 52 1.093409e-06 1.083600e-06 1.093409e+00 9.637451e-01 9     2.177009e-06 2.057154e+00
150 23 787.90 0.48 0.550000 8 -1.0 18748        436.074 55 1.319967e-06 8.199364e-07 1.319967e+00 8.181763e-01 7     2.139904e-06 2.138143e+00
150 23 787.91 0.48 0.550000 8 -1.0 11759        433.553 54 1.220217e-06 8.668993e-07 1.220217e+00 1.033936e+00 6     2.087116e-06 2.254152e+00
150 23 787.91 0.48 0.550000 8 -1.0 17611        439.934 56 9.727017e-07 1.351817e-06 9.727017e-01 1.077271e+00 5     2.324519e-06 2.049972e+00
150 23 787.92 0.48 0.550000 8 -1.0 1114        435.242 57 9.760244e-07 9.134224e-07 9.760244e-01 9.832764e-01 6     1.889447e-06 1.959301e+00
150 23 787.92 0.48 0.550000 8 -1.0 14290        435.963 55 1.293398e-06 6.201654e-07 1.293398e+00 7.748413e-01 7     1.913563e-06 2.068239e+00
150 23 787.93 0.48 0.550000 8 -1.0 12970        434.530 53 1.130909e-06 9.830778e-07 1.130909e+00 9.704590e-01 7     2.113987e-06 2.101368e+00
150 23 787.93 0.48 0.550000 8 -1.0 2710        440.172 56 1.161672e-06 6.400441e-07 1.161672e+00 8.078003e-01 5     1.801716e-06 1.969472e+00
150 23 787.96 0.48 0.550000 8 -1.0 5946        434.654 53 1.196519e-06 8.195242e-07 1.196519e+00 7.302856e-01 6     2.016043e-06 1.926805e+00
150 23 787.96 0.48 0.550000 8 -1.0 6312        436.499 56 1.140593e-06 6.594908e-07 1.140593e+00 9.738159e-01 5     1.800084e-06 2.114409e+00
150 23 787.98 0.48 0.550000 8 -1.0 13878        434.001 53 1.089620e-06 6.951754e-07 1.089620e+00 1.018677e+00 6     1.784795e-06 2.108297e+00
150 23 787.99 0.48 0.550000 8 -1.0 11997        442.812 58 8.361404e-07 1.215083e-06 8.361404e-01 1.395569e+00 4     2.051223e-06 2.231709e+00
150 23 788.00 0.48 0.550000 8 -1.0 8757        437.031 55 1.164474e-06 5.798995e-07 1.164474e+00 8.032227e-01 7     1.744374e-06 1.967697e+00
150 23 788.01 0.48 0.550000 8 -1.0 18518        435.253 53 9.260291e-07 9.629006e-07 9.260290e-01 1.095581e+00 5     1.888930e-06 2.021610e+00
150 23 788.03 0.48 0.550000 8 -1.0 17063        433.660 53 1.304277e-06 6.800803e-07 1.304277e+00 8.538818e-01 7     1.984357e-06 2.158159e+00
150 23 788.05 0.48 0.550000 8 -1.0 3706        434.830 55 1.207409e-06 8.704665e-07 1.207409e+00 8.966064e-01 4     2.077875e-06 2.104015e+00
150 23 788.05 0.48 0.550000 8 -1.0 8158        436.526 53 9.808167e-07 1.059963e-06 9.808166e-01 9.686279e-01 7     2.040780e-06 1.949445e+00
150 23 788.06 0.48 0.550000 8 -1.0 13752        434.120 52 1.411243e-06 8.852599e-07 1.411243e+00 8.505249e-01 6     2.296503e-06 2.261768e+00
150 23 788.06 0.48 0.550000 8 -1.0 15751        439.225 55 9.801453e-07 6.965235e-07 9.801453e-01 1.085205e+00 6     1.676669e-06 2.065350e+00
150 23 788.06 0.48 0.550000 8 -1.0 4321        435.669 55 9.986643e-07 7.951259e-07 9.986642e-01 1.079712e+00 5     1.793790e-06 2.078376e+00
150 23 788.08 0.48 0.550000 8 -1.0 964        433.799 57 1.227921e-06 5.184243e-07 1.227921e+00 8.264160e-01 7     1.746345e-06 2.054337e+00
150 23 788.11 0.48 0.550000 8 -1.0 19488        434.072 53 1.061014e-06 9.737317e-07 1.061014e+00 9.631348e-01 8     2.034746e-06 2.024149e+00
150 23 788.13 0.48 0.550000 8 -1.0 16703        438.043 56 9.901230e-07 8.511986e-07 9.901230e-01 9.661865e-01 8     1.841322e-06 1.956310e+00
150 23 788.14 0.48 0.550000 8 -1.0 12177        435.189 53 1.112703e-06 1.096918e-06 1.112703e+00 1.109009e+00 8     2.209621e-06 2.221712e+00
150 23 788.14 0.48 0.550000 8 -1.0 16849        441.928 53 9.948425e-07 9.718669e-07 9.948425e-01 6.948853e-01 12     1.966709e-06 1.689728e+00
150 23 788.14 0.48 0.550000 8 -1.0 19916        434.507 52 8.760523e-07 1.301849e-06 8.760523e-01 1.038818e+00 6     2.177902e-06 1.914871e+00
150 23 788.15 0.48 0.550000 8 -1.0 19302        435.415 55 1.590888e-06 6.476118e-07 1.590888e+00 5.929565e-01 13     2.238500e-06 2.183844e+00
150 23 788.16 0.48 0.550000 8 -1.0 11112        436.320 56 1.282511e-06 5.029477e-07 1.282511e+00 6.835938e-01 6     1.785459e-06 1.966105e+00
150 23 788.16 0.48 0.550000 8 -1.0 15601        435.856 52 1.204572e-06 6.345299e-07 1.204572e+00 8.172607e-01 7     1.839102e-06 2.021832e+00
150 23 788.16 0.48 0.550000 8 -1.0 765        434.011 53 1.348103e-06 1.262330e-06 1.348103e+00 1.154785e+00 7     2.610433e-06 2.502888e+00
150 23 788.17 0.48 0.550000 8 -1.0 5052        437.152 52 7.528211e-07 1.320667e-06 7.528211e-01 1.384277e+00 7     2.073488e-06 2.137098e+00
150 23 788.18 0.48 0.550000 8 -1.0 12053        434.211 53 1.100845e-06 8.356643e-07 1.100845e+00 1.171875e+00 8     1.936510e-06 2.272720e+00
150 23 788.18 0.48 0.550000 8 -1.0 16164        434.264 54 1.339746e-06 9.746341e-07 1.339746e+00 9.448242e-01 8     2.314380e-06 2.284570e+00
150 3 787.75 0.48 0.550000 8 -1.0 14452        438.385 55 7.237362e-07 1.328231e-06 7.237362e-01 1.767578e+00 3     2.051967e-06 2.491314e+00
150 3 787.75 0.48 0.550000 8 -1.0 14908        433.871 55 1.016204e-06 1.153638e-06 1.016204e+00 1.662598e+00 3     2.169842e-06 2.678802e+00
150 3 787.75 0.48 0.550000 8 -1.0 16619        433.505 54 1.075949e-06 7.951452e-07 1.075949e+00 1.276855e+00 3     1.871094e-06 2.352805e+00
150 3 787.78 0.48 0.550000 8 -1.0 1042        433.367 63 9.224102e-07 6.671588e-07 9.224101e-01 1.459961e+00 3     1.589569e-06 2.382371e+00
150 3 787.79 0.48 0.550000 8 -1.0 14944        433.553 54 1.019688e-06 1.306363e-06 1.019688e+00 1.512451e+00 3     2.326051e-06 2.532140e+00
150 3 787.79 0.48 0.550000 8 -1.0 213        435.515 65 1.122149e-06 8.554553e-07 1.122149e+00 1.311035e+00 3     1.977604e-06 2.433184e+00
150 3 787.79 0.48 0.550000 8 -1.0 8257        435.661 56 9.207224e-07 1.459964e-06 9.207224e-01 1.669922e+00 3     2.380687e-06 2.590644e+00
150 3 787.80 0.48 0.550000 8 -1.0 2472        434.380 54 9.767209e-07 7.372350e-07 9.767209e-01 1.475220e+00 3     1.713956e-06 2.451941e+00
150 3 787.81 0.48 0.550000 8 -1.0 13834        437.597 59 1.037006e-06 7.181538e-07 1.037006e+00 1.358643e+00 3     1.755160e-06 2.395648e+00
150 3 787.82 0.48 0.550000 8 -1.0 10123        434.904 56 1.056642e-06 1.396551e-06 1.056642e+00 1.523438e+00 3     2.453193e-06 2.580079e+00
150 3 787.83 0.48 0.550000 8 -1.0 2167        435.133 57 1.226430e-06 7.909053e-07 1.226430e+00 1.329346e+00 3     2.017335e-06 2.555776e+00
150 3 787.84 0.48 0.550000 8 -1.0 2035        435.254 59 1.215522e-06 7.289419e-07 1.215522e+00 1.246948e+00 3     1.944464e-06 2.462470e+00
150 3 787.85 0.48 0.550000 8 -1.0 238        434.854 65 9.629924e-07 1.354892e-06 9.629924e-01 1.639404e+00 3     2.317885e-06 2.602397e+00
150 3 787.87 0.48 0.550000 8 -1.0 18682        433.959 59 1.376347e-06 9.073218e-07 1.376346e+00 1.302490e+00 3     2.283668e-06 2.678837e+00
150 3 787.88 0.48 0.550000 8 -1.0 17528        437.642 57 8.919028e-07 7.851565e-07 8.919028e-01 1.475830e+00 3     1.677059e-06 2.367733e+00
150 3 787.89 0.48 0.550000 8 -1.0 11514        439.660 55 9.990041e-07 9.640379e-07 9.990041e-01 1.350098e+00 3     1.963042e-06 2.349102e+00
150 3 787.89 0.48 0.550000 8 -1.0 16847        434.657 54 9.663836e-07 1.295227e-06 9.663835e-01 1.893311e+00 3     2.261611e-06 2.859694e+00
150 3 787.89 0.48 0.550000 8 -1.0 4846        433.502 55 1.125964e-06 9.020019e-07 1.125964e+00 1.375122e+00 3     2.027966e-06 2.501086e+00
150 3 787.90 0.48 0.550000 8 -1.0 15487        441.061 56 9.876219e-07 1.208433e-06 9.876218e-01 1.616211e+00 3     2.196055e-06 2.603833e+00
150 3 787.91 0.48 0.550000 8 -1.0 17448        436.216 58 1.290405e-06 8.689994e-07 1.290405e+00 1.502686e+00 3     2.159404e-06 2.793090e+00
150 3 787.91 0.48 0.550000 8 -1.0 217        440.213 74 1.070995e-06 9.158270e-07 1.070995e+00 1.450195e+00 3     1.986822e-06 2.521190e+00
150 3 787.92 0.48 0.550000 8 -1.0 13587        434.244 56 1.147638e-06 9.322433e-07 1.147638e+00 1.484375e+00 3     2.079881e-06 2.632013e+00
150 3 787.92 0.48 0.550000 8 -1.0 19247        434.193 57 1.063131e-06 9.364193e-07 1.063131e+00 1.406250e+00 3     1.999550e-06 2.469381e+00
150 3 787.93 0.48 0.550000 8 -1.0 14609        434.502 57 1.076592e-06 7.994630e-07 1.076592e+00 1.366577e+00 3     1.876055e-06 2.443169e+00
150 3 787.93 0.48 0.550000 8 -1.0 9607        433.554 57 9.911570e-07 9.246158e-07 9.911570e-01 1.457520e+00 3     1.915773e-06 2.448676e+00
150 3 787.96 0.48 0.550000 8 -1.0 14132        435.625 55 1.146232e-06 9.789340e-07 1.146232e+00 1.405029e+00 3     2.125166e-06 2.551262e+00
150 3 787.96 0.48 0.550000 8 -1.0 3703        434.177 61 1.022378e-06 1.020626e-06 1.022378e+00 1.564941e+00 3     2.043004e-06 2.587319e+00
150 3 787.98 0.48 0.550000 8 -1.0 11783        440.508 58 9.177588e-07 1.326843e-06 9.177587e-01 1.883545e+00 3     2.244602e-06 2.801304e+00
150 3 787.99 0.48 0.550000 8 -1.0 13950        435.186 53 7.751684e-07 1.219412e-06 7.751683e-01 1.734619e+00 3     1.994581e-06 2.509787e+00
150 3 788.00 0.48 0.550000 8 -1.0 19853        436.026 56 1.004552e-06 1.032234e-06 1.004552e+00 1.530762e+00 3     2.036786e-06 2.535313e+00
150 3 788.01 0.48 0.550000 8 -1.0 10305        434.197 57 1.182885e-06 8.963595e-07 1.182885e+00 1.412964e+00 3     2.079245e-06 2.595849e+00
150 3 788.03 0.48 0.550000 8 -1.0 17036        433.537 56 6.954493e-07 1.194025e-06 6.954493e-01 1.743164e+00 3     1.889474e-06 2.438613e+00
150 3 788.05 0.48 0.550000 8 -1.0 15046        435.034 58 1.168683e-06 1.088750e-06 1.168683e+00 1.374512e+00 3     2.257433e-06 2.543195e+00
150 3 788.05 0.48 0.550000 8 -1.0 16292        433.846 55 1.063840e-06 1.140929e-06 1.063840e+00 1.505737e+00 3     2.204769e-06 2.569577e+00
150 3 788.06 0.48 0.550000 8 -1.0 10352        434.231 56 8.294849e-07 1.257832e-06 8.294849e-01 1.662598e+00 3     2.087317e-06 2.492083e+00
150 3 788.06 0.48 0.550000 8 -1.0 13523        434.613 58 9.109897e-07 1.114024e-06 9.109896e-01 1.530762e+00 3     2.025014e-06 2.441751e+00
150 3 788.06 0.48 0.550000 8 -1.0 19267        438.878 55 9.674249e-07 9.712569e-07 9.674249e-01 1.518555e+00 3     1.938682e-06 2.485980e+00
150 3 788.08 0.48 0.550000 8 -1.0 6369        434.989 58 1.091509e-06 9.946172e-07 1.091509e+00 1.414795e+00 3     2.086126e-06 2.506304e+00
150 3 788.11 0.48 0.550000 8 -1.0 19661        440.850 55 8.300353e-07 1.259538e-06 8.300353e-01 1.860352e+00 3     2.089573e-06 2.690387e+00
150 3 788.13 0.48 0.550000 8 -1.0 16782        434.583 56 1.056934e-06 1.130868e-06 1.056934e+00 1.531982e+00 3     2.187802e-06 2.588917e+00
150 3 788.14 0.48 0.550000 8 -1.0 12386        434.723 54 1.096025e-06 1.166073e-06 1.096025e+00 1.437378e+00 3     2.262098e-06 2.533403e+00
150 3 788.14 0.48 0.550000 8 -1.0 18505        433.925 57 7.453959e-07 1.046562e-06 7.453959e-01 1.651611e+00 3     1.791958e-06 2.397007e+00
150 3 788.14 0.48 0.550000 8 -1.0 2051        437.988 55 1.005407e-06 1.116274e-06 1.005407e+00 1.683350e+00 3     2.121681e-06 2.688757e+00
150 3 788.15 0.48 0.550000 8 -1.0 252        436.857 70 1.273237e-06 8.697050e-07 1.273237e+00 1.307373e+00 3     2.142942e-06 2.580610e+00
150 3 788.16 0.48 0.550000 8 -1.0 11911        434.862 54 1.554606e-06 9.323966e-07 1.554606e+00 1.121216e+00 3     2.487002e-06 2.675822e+00
150 3 788.16 0.48 0.550000 8 -1.0 15542        436.687 57 8.448972e-07 1.102079e-06 8.448972e-01 1.826172e+00 3     1.946977e-06 2.671069e+00
150 3 788.16 0.48 0.550000 8 -1.0 19038        440.697 60 1.112334e-06 9.217982e-07 1.112334e+00 1.357422e+00 3     2.034132e-06 2.469756e+00
150 3 788.17 0.48 0.550000 8 -1.0 2337        433.819 53 9.960188e-07 1.013891e-06 9.960188e-01 1.470337e+00 3     2.009910e-06 2.466356e+00
150 3 788.18 0.48 0.550000 8 -1.0 14525        433.978 56 1.386229e-06 6.199760e-07 1.386228e+00 1.277466e+00 3     2.006205e-06 2.663694e+00
150 3 788.18 0.48 0.550000 8 -1.0 8641        435.114 53 9.661153e-07 1.253219e-06 9.661153e-01 1.683350e+00 3     2.219335e-06 2.649465e+00
150 5 787.75 0.48 0.550000 8 -1.0 13206        434.376 56 1.327008e-06 6.954446e-07 1.327008e+00 1.027832e+00 4     2.022452e-06 2.354840e+00
150 5 787.75 0.48 0.550000 8 -1.0 202        441.515 72 1.321094e-06 5.988888e-07 1.321094e+00 7.501221e-01 5     1.919983e-06 2.071216e+00
150 5 787.75 0.48 0.550000 8 -1.0 8017        433.283 53 7.714533e-07 1.022983e-06 7.714532e-01 1.327515e+00 4     1.794436e-06 2.098968e+00
150 5 787.78 0.48 0.550000 8 -1.0 2009        435.871 55 1.174987e-06 6.263690e-07 1.174987e+00 8.825684e-01 5     1.801356e-06 2.057555e+00
150 5 787.79 0.48 0.550000 8 -1.0 267        436.804 63 1.164242e-06 5.665914e-07 1.164242e+00 7.870483e-01 5     1.730833e-06 1.951290e+00
150 5 787.79 0.48 0.550000 8 -1.0 358        435.074 64 1.301385e-06 6.122518e-07 1.301385e+00 9.051514e-01 5     1.913636e-06 2.206536e+00
150 5 787.79 0.48 0.550000 8 -1.0 4076        438.170 54 8.926127e-07 9.478901e-07 8.926127e-01 1.275635e+00 5     1.840503e-06 2.168247e+00
150 5 787.80 0.48 0.550000 8 -1.0 288        437.675 66 1.143861e-06 5.428524e-07 1.143861e+00 8.227539e-01 5     1.686714e-06 1.966615e+00
150 5 787.81 0.48 0.550000 8 -1.0 252        437.725 62 1.421519e-06 4.600365e-07 1.421519e+00 7.000732e-01 5     1.881556e-06 2.121592e+00
150 5 787.82 0.48 0.550000 8 -1.0 17085        434.414 56 1.385749e-06 6.012788e-07 1.385749e+00 9.552002e-01 5     1.987028e-06 2.340949e+00
150 5 787.83 0.48 0.550000 8 -1.0 15636        436.215 56 1.088566e-06 5.705347e-07 1.088566e+00 9.844971e-01 5     1.659101e-06 2.073063e+00
150 5 787.84 0.48 0.550000 8 -1.0 260        440.927 74 1.054011e-06 7.194708e-07 1.054011e+00 8.349609e-01 5     1.773482e-06 1.888972e+00
150 5 787.85 0.48 0.550000 8 -1.0 8299        440.411 54 1.314475e-06 8.593669e-07 1.314475e+00 1.024780e+00 5     2.173841e-06 2.339255e+00
150 5 787.87 0.48 0.550000 8 -1.0 230        433.930 71 1.553618e-06 5.752247e-07 1.553617e+00 8.032227e-01 5     2.128842e-06 2.356840e+00
150 5 787.88 0.48 0.550000 8 -1.0 2132        437.717 59 6.555886e-07 7.780085e-07 6.555886e-01 1.446533e+00 4     1.433597e-06 2.102122e+00
150 5 787.89 0.48 0.550000 8 -1.0 216        438.626 70 1.237451e-06 6.665357e-07 1.237451e+00 8.813477e-01 5     1.903987e-06 2.118799e+00
150 5 787.89 0.48 0.550000 8 -1.0 330        436.795 63 1.189322e-06 6.991208e-07 1.189322e+00 7.812500e-01 5     1.888443e-06 1.970572e+00
150 5 787.89 0.48 0.550000 8 -1.0 5453        433.485 55 8.725125e-07 8.893132e-07 8.725125e-01 1.218872e+00 4     1.761826e-06 2.091385e+00
150 5 787.90 0.48 0.550000 8 -1.0 7533        437.409 57 1.112310e-06 8.332070e-07 1.112310e+00 1.105957e+00 5     1.945517e-06 2.218267e+00
150 5 787.91 0.48 0.550000 8 -1.0 1209        434.443 57 1.046570e-06 9.326647e-07 1.046570e+00 1.257324e+00 4     1.979235e-06 2.303894e+00
150 5 787.91 0.48 0.550000 8 -1.0 3001        433.568 55 9.532751e-07 9.127815e-07 9.532751e-01 1.203613e+00 5     1.866057e-06 2.156888e+00
150 5 787.92 0.48 0.550000 8 -1.0 15188        439.249 54 1.195619e-06 1.023819e-06 1.195619e+00 1.094360e+00 5     2.219438e-06 2.289979e+00
150 5 787.92 0.48 0.550000 8 -1.0 5176        438.078 57 8.848578e-07 9.020039e-07 8.848578e-01 1.170044e+00 5     1.786862e-06 2.054902e+00
150 5 787.93 0.48 0.550000 8 -1.0 15188        434.554 58 9.949177e-07 1.310634e-06 9.949176e-01 1.427002e+00 4     2.305552e-06 2.421920e+00
150 5 787.93 0.48 0.550000 8 -1.0 230        439.809 64 1.301155e-06 5.948886e-07 1.301155e+00 8.560181e-01 5     1.896044e-06 2.157173e+00
150 5 787.96 0.48 0.550000 8 -1.0 13402        435.052 58 9.570532e-07 6.570355e-07 9.570532e-01 9.649658e-01 5     1.614089e-06 1.922019e+00
150 5 787.96 0.48 0.550000 8 -1.0 19279        435.794 54 9.614764e-07 7.362612e-07 9.614763e-01 1.147461e+00 4     1.697738e-06 2.108937e+00
150 5 787.98 0.48 0.550000 8 -1.0 16705        436.287 55 1.116418e-06 8.424430e-07 1.116418e+00 1.066284e+00 5     1.958861e-06 2.182702e+00
150 5 787.99 0.48 0.550000 8 -1.0 19294        436.054 52 1.034427e-06 8.573782e-07 1.034427e+00 1.160889e+00 5     1.891805e-06 2.195316e+00
150 5 788.00 0.48 0.550000 8 -1.0 231        452.480 65 1.079728e-06 1.053054e-06 1.079728e+00 1.209717e+00 5     2.132782e-06 2.289445e+00
150 5 788.01 0.48 0.550000 8 -1.0 19842        434.851 55 1.423503e-06 7.083004e-07 1.423503e+00 9.051514e-01 5     2.131804e-06 2.328655e+00
150 5 788.03 0.48 0.550000 8 -1.0 11554        434.972 53 1.281888e-06 9.033473e-07 1.281888e+00 1.134644e+00 5     2.185235e-06 2.416531e+00
150 5 788.05 0.48 0.550000 8 -1.0 12016        434.378 54 9.916155e-07 1.113290e-06 9.916155e-01 1.218262e+00 5     2.104906e-06 2.209877e+00
150 5 788.05 0.48 0.550000 8 -1.0 171        440.475 69 1.438782e-06 4.348587e-07 1.438782e+00 6.701660e-01 5     1.873641e-06 2.108948e+00
150 5 788.06 0.48 0.550000 8 -1.0 15591        437.233 56 1.019566e-06 1.175849e-06 1.019566e+00 1.107178e+00 5     2.195415e-06 2.126743e+00
150 5 788.06 0.48 0.550000 8 -1.0 8737        434.089 56 1.076872e-06 9.238289e-07 1.076872e+00 1.164551e+00 4     2.000701e-06 2.241423e+00
150 5 788.06 0.48 0.550000 8 -1.0 8862        437.632 55 1.018172e-06 1.041873e-06 1.018172e+00 1.098022e+00 5     2.060044e-06 2.116194e+00
150 5 788.08 0.48 0.550000 8 -1.0 16759        436.330 57 1.314416e-06 1.024802e-06 1.314416e+00 8.001709e-01 5     2.339218e-06 2.114587e+00
150 5 788.11 0.48 0.550000 8 -1.0 13247        433.715 53 1.290751e-06 8.383267e-07 1.290751e+00 8.224487e-01 5     2.129078e-06 2.113200e+00
150 5 788.13 0.48 0.550000 8 -1.0 18617        438.075 55 1.022029e-06 9.548353e-07 1.022029e+00 1.031494e+00 5     1.976864e-06 2.053523e+00
150 5 788.14 0.48 0.550000 8 -1.0 17757        436.212 53 1.262858e-06 1.160371e-06 1.262858e+00 1.120605e+00 5     2.423229e-06 2.383463e+00
150 5 788.14 0.48 0.550000 8 -1.0 19817        438.665 53 7.870405e-07 6.681215e-07 7.870404e-01 1.126709e+00 5     1.455162e-06 1.913749e+00
150 5 788.14 0.48 0.550000 8 -1.0 8630        439.560 58 9.110460e-07 8.439821e-07 9.110460e-01 1.207275e+00 5     1.755028e-06 2.118321e+00
150 5 788.15 0.48 0.550000 8 -1.0 16436        433.553 56 1.222877e-06 6.239657e-07 1.222877e+00 1.029663e+00 5     1.846843e-06 2.252541e+00
150 5 788.16 0.48 0.550000 8 -1.0 10590        439.141 56 1.185120e-06 7.368407e-07 1.185120e+00 1.009521e+00 4     1.921961e-06 2.194641e+00
150 5 788.16 0.48 0.550000 8 -1.0 3755        436.056 53 1.414532e-06 7.690207e-07 1.414532e+00 7.641602e-01 5     2.183552e-06 2.178692e+00
150 5 788.16 0.48 0.550000 8 -1.0 9160        439.473 54 1.311577e-06 7.306832e-07 1.311577e+00 9.179688e-01 5     2.042260e-06 2.229546e+00
150 5 788.17 0.48 0.550000 8 -1.0 278        436.190 64 1.351559e-06 4.714397e-07 1.351559e+00 8.953857e-01 5     1.822999e-06 2.246945e+00
150 5 788.18 0.48 0.550000 8 -1.0 15999        438.145 53 6.939635e-07 1.023853e-06 6.939635e-01 1.284790e+00 5     1.717816e-06 1.978754e+00
150 5 788.18 0.48 0.550000 8 -1.0 4835        435.606 56 1.110246e-06 7.467764e-07 1.110246e+00 9.606934e-01 5     1.857023e-06 2.070940e+00
150 7 787.75 0.48 0.550000 8 -1.0 10349        434.980 53 1.000752e-06 9.065461e-07 1.000752e+00 9.173584e-01 5     1.907298e-06 1.918110e+00
150 7 787.75 0.48 0.550000 8 -1.0 11789        433.790 56 8.996652e-07 9.135186e-07 8.996652e-01 1.118164e+00 6     1.813184e-06 2.017829e+00
150 7 787.75 0.48 0.550000 8 -1.0 14739        435.454 52 1.196955e-06 7.161308e-07 1.196955e+00 9.729004e-01 6     1.913086e-06 2.169856e+00
150 7 787.78 0.48 0.550000 8 -1.0 7826        439.718 58 1.187999e-06 9.049978e-07 1.187999e+00 9.106445e-01 6     2.092997e-06 2.098644e+00
150 7 787.79 0.48 0.550000 8 -1.0 14449        434.344 55 9.144515e-07 9.445944e-07 9.144514e-01 1.250610e+00 6     1.859046e-06 2.165062e+00
150 7 787.79 0.48 0.550000 8 -1.0 16729        433.605 57 1.260544e-06 6.045314e-07 1.260544e+00 9.686279e-01 6     1.865076e-06 2.229172e+00
150 7 787.79 0.48 0.550000 8 -1.0 18093        433.754 52 8.739432e-07 1.286397e-06 8.739432e-01 1.032715e+00 7     2.160340e-06 1.906658e+00
150 7 787.80 0.48 0.550000 8 -1.0 13658        435.849 56 9.341582e-07 1.172716e-06 9.341582e-01 1.401367e+00 5     2.106874e-06 2.335525e+00
150 7 787.81 0.48 0.550000 8 -1.0 13677        435.595 53 1.005865e-06 8.287306e-07 1.005865e+00 1.105347e+00 6     1.834596e-06 2.111212e+00
150 7 787.82 0.48 0.550000 8 -1.0 14913        437.461 55 1.162456e-06 7.836348e-07 1.162456e+00 9.130859e-01 5     1.946091e-06 2.075542e+00
150 7 787.83 0.48 0.550000 8 -1.0 9112        434.454 54 1.084808e-06 7.359016e-07 1.084808e+00 1.002197e+00 5     1.820710e-06 2.087006e+00
150 7 787.84 0.48 0.550000 8 -1.0 18726        433.798 58 1.189854e-06 4.808958e-07 1.189854e+00 8.355713e-01 6     1.670749e-06 2.025425e+00
150 7 787.85 0.48 0.550000 8 -1.0 10982        433.742 54 1.101485e-06 1.286017e-06 1.101485e+00 1.125488e+00 6     2.387502e-06 2.226973e+00
150 7 787.87 0.48 0.550000 8 -1.0 19893        434.540 56 1.202969e-06 7.829995e-07 1.202969e+00 8.828735e-01 7     1.985968e-06 2.085842e+00
150 7 787.88 0.48 0.550000 8 -1.0 9373        441.472 53 1.038171e-06 7.373686e-07 1.038171e+00 9.875488e-01 5     1.775540e-06 2.025720e+00
150 7 787.89 0.48 0.550000 8 -1.0 10266        435.138 55 1.176270e-06 6.692975e-07 1.176269e+00 1.060791e+00 7     1.845567e-06 2.237060e+00
150 7 787.89 0.48 0.550000 8 -1.0 12240        438.293 57 1.254548e-06 7.078283e-07 1.254547e+00 7.385254e-01 6     1.962376e-06 1.993073e+00
150 7 787.89 0.48 0.550000 8 -1.0 1949        435.044 56 1.220320e-06 9.679178e-07 1.220320e+00 9.979248e-01 6     2.188238e-06 2.218245e+00
150 7 787.90 0.48 0.550000 8 -1.0 610        435.816 59 1.167841e-06 8.156902e-07 1.167841e+00 9.289551e-01 7     1.983531e-06 2.096796e+00
150 7 787.91 0.48 0.550000 8 -1.0 17527        434.400 59 1.140446e-06 1.152296e-06 1.140446e+00 1.398926e+00 6     2.292743e-06 2.539372e+00
150 7 787.91 0.48 0.550000 8 -1.0 19547        433.651 56 8.445539e-07 1.022847e-06 8.445538e-01 1.373901e+00 7     1.867401e-06 2.218455e+00
150 7 787.92 0.48 0.550000 8 -1.0 12856        434.107 54 7.828200e-07 8.095783e-07 7.828200e-01 1.120605e+00 6     1.592398e-06 1.903425e+00
150 7 787.92 0.48 0.550000 8 -1.0 339        436.332 65 1.367009e-06 9.520804e-07 1.367009e+00 8.374023e-01 7     2.319089e-06 2.204411e+00
150 7 787.93 0.48 0.550000 8 -1.0 15912        433.907 55 1.323887e-06 6.349465e-07 1.323887e+00 9.106445e-01 7     1.958834e-06 2.234532e+00
150 7 787.93 0.48 0.550000 8 -1.0 16430        433.686 53 1.107461e-06 1.089575e-06 1.107461e+00 1.118774e+00 6     2.197036e-06 2.226236e+00
150 7 787.96 0.48 0.550000 8 -1.0 12937        437.359 57 1.017486e-06 7.966779e-07 1.017486e+00 1.120605e+00 6     1.814164e-06 2.138091e+00
150 7 787.96 0.48 0.550000 8 -1.0 17993        440.746 53 9.451983e-07 9.781211e-07 9.451983e-01 1.049805e+00 5     1.923319e-06 1.995003e+00
150 7 787.98 0.48 0.550000 8 -1.0 18950        438.023 54 1.143972e-06 9.742971e-07 1.143972e+00 1.130371e+00 6     2.118269e-06 2.274343e+00
150 7 787.99 0.48 0.550000 8 -1.0 11344        437.775 57 9.343176e-07 8.784145e-07 9.343175e-01 1.231079e+00 5     1.812732e-06 2.165397e+00
150 7 788.00 0.48 0.550000 8 -1.0 16800        436.269 55 7.218135e-07 1.300217e-06 7.218134e-01 1.540527e+00 6     2.022031e-06 2.262341e+00
150 7 788.01 0.48 0.550000 8 -1.0 16384        434.351 53 1.175840e-06 6.327274e-07 1.175840e+00 7.360840e-01 6     1.808568e-06 1.911924e+00
150 7 788.03 0.48 0.550000 8 -1.0 367        436.763 67 1.409628e-06 3.750690e-07 1.409628e+00 6.668091e-01 7     1.784697e-06 2.076437e+00
150 7 788.05 0.48 0.550000 8 -1.0 253        437.428 57 1.157492e-06 7.907453e-07 1.157492e+00 7.556152e-01 7     1.948237e-06 1.913107e+00
150 7 788.05 0.48 0.550000 8 -1.0 7752        434.733 53 1.188553e-06 5.869607e-07 1.188553e+00 9.594727e-01 7     1.775514e-06 2.148026e+00
150 7 788.06 0.48 0.550000 8 -1.0 10050        435.212 55 1.106536e-06 8.700356e-07 1.106536e+00 1.082764e+00 5     1.976572e-06 2.189300e+00
150 7 788.06 0.48 0.550000 8 -1.0 15941        435.975 55 1.172533e-06 1.007217e-06 1.172533e+00 9.002686e-01 5     2.179750e-06 2.072802e+00
150 7 788.06 0.48 0.550000 8 -1.0 5410        434.005 55 8.921164e-07 1.247727e-06 8.921164e-01 1.317749e+00 5     2.139843e-06 2.209865e+00
150 7 788.08 0.48 0.550000 8 -1.0 14327        439.808 54 8.313423e-07 1.107258e-06 8.313423e-01 1.322021e+00 6     1.938600e-06 2.153364e+00
150 7 788.11 0.48 0.550000 8 -1.0 6155        444.482 59 9.954789e-07 8.424501e-07 9.954789e-01 1.002197e+00 6     1.837929e-06 1.997676e+00
150 7 788.13 0.48 0.550000 8 -1.0 9240        437.183 56 9.275627e-07 9.904565e-07 9.275626e-01 1.163940e+00 4     1.918019e-06 2.091503e+00
150 7 788.14 0.48 0.550000 8 -1.0 11506        437.994 55 1.377566e-06 6.306839e-07 1.377566e+00 8.770752e-01 7     2.008250e-06 2.254641e+00
150 7 788.14 0.48 0.550000 8 -1.0 16219        436.656 56 1.600325e-06 4.255181e-07 1.600325e+00 6.347656e-01 7     2.025844e-06 2.235091e+00
150 7 788.14 0.48 0.550000 8 -1.0 16320        436.102 56 8.415708e-07 1.011293e-06 8.415707e-01 1.727295e+00 6     1.852864e-06 2.568866e+00
150 7 788.15 0.48 0.550000 8 -1.0 1322        435.742 58 1.091053e-06 1.057032e-06 1.091053e+00 1.053467e+00 7     2.148085e-06 2.144520e+00
150 7 788.16 0.48 0.550000 8 -1.0 16450        436.261 56 9.127331e-07 1.064734e-06 9.127331e-01 1.148682e+00 6     1.977467e-06 2.061415e+00
150 7 788.16 0.48 0.550000 8 -1.0 356        436.034 58 1.479451e-06 5.448727e-07 1.479451e+00 6.112671e-01 7     2.024324e-06 2.090718e+00
150 7 788.16 0.48 0.550000 8 -1.0 3821        435.504 55 1.188102e-06 6.900291e-07 1.188102e+00 9.497070e-01 4     1.878132e-06 2.137809e+00
150 7 788.17 0.48 0.550000 8 -1.0 325        441.728 60 1.446951e-06 5.632187e-07 1.446950e+00 5.966187e-01 7     2.010169e-06 2.043569e+00
150 7 788.18 0.48 0.550000 8 -1.0 16542        434.413 53 9.361615e-07 9.858216e-07 9.361615e-01 1.376953e+00 4     1.921983e-06 2.313115e+00
150 7 788.18 0.48 0.550000 8 -1.0 6859        439.824 59 9.998728e-07 7.131912e-07 9.998727e-01 8.023071e-01 7     1.713064e-06 1.802180e+00
150 9 787.75 0.48 0.550000 8 -1.0 16077        433.911 54 1.331351e-06 7.403883e-07 1.331351e+00 9.161377e-01 8     2.071739e-06 2.247489e+00
150 9 787.75 0.48 0.550000 8 -1.0 17713        435.627 54 1.717342e-06 3.849833e-07 1.717342e+00 4.864502e-01 9     2.102325e-06 2.203792e+00
150 9 787.75 0.48 0.550000 8 -1.0 18633        433.265 55 1.116215e-06 1.045252e-06 1.116215e+00 1.196899e+00 6     2.161467e-06 2.313114e+00
150 9 787.78 0.48 0.550000 8 -1.0 17942        433.512 55 8.125445e-07 1.026583e-06 8.125444e-01 1.224976e+00 6     1.839128e-06 2.037520e+00
150 9 787.79 0.48 0.550000 8 -1.0 10832        439.335 55 1.143084e-06 1.048541e-06 1.143084e+00 1.067505e+00 5     2.191625e-06 2.210589e+00
150 9 787.79 0.48 0.550000 8 -1.0 16674        435.178 57 9.450231e-07 8.568852e-07 9.450231e-01 9.997559e-01 7     1.801908e-06 1.944779e+00
150 9 787.79 0.48 0.550000 8 -1.0 9794        436.869 54 1.242785e-06 7.145004e-07 1.242785e+00 8.425903e-01 7     1.957286e-06 2.085375e+00
150 9 787.80 0.48 0.550000 8 -1.0 4632        434.451 52 9.777662e-07 7.520813e-07 9.777661e-01 1.063232e+00 5     1.729847e-06 2.040999e+00
150 9 787.81 0.48 0.550000 8 -1.0 6615        437.712 56 7.719086e-07 1.092561e-06 7.719085e-01 1.013794e+00 8     1.864470e-06 1.785702e+00
150 9 787.82 0.48 0.550000 8 -1.0 12638        433.921 54 9.635990e-07 1.289028e-06 9.635990e-01 1.681519e+00 3     2.252627e-06 2.645118e+00
150 9 787.83 0.48 0.550000 8 -1.0 18144        441.206 53 1.230798e-06 7.215696e-07 1.230798e+00 8.874512e-01 5     1.952368e-06 2.118249e+00
150 9 787.84 0.48 0.550000 8 -1.0 13710        436.636 57 1.335854e-06 5.452352e-07 1.335854e+00 8.050537e-01 9     1.881089e-06 2.140908e+00
150 9 787.85 0.48 0.550000 8 -1.0 18442        433.957 54 1.471875e-06 6.526317e-07 1.471875e+00 6.370544e-01 6     2.124506e-06 2.108929e+00
150 9 787.87 0.48 0.550000 8 -1.0 17201        435.411 54 1.309477e-06 1.010247e-06 1.309477e+00 1.145020e+00 7     2.319724e-06 2.454496e+00
150 9 787.88 0.48 0.550000 8 -1.0 12236        437.512 57 1.155785e-06 5.373514e-07 1.155785e+00 9.197998e-01 6     1.693136e-06 2.075585e+00
150 9 787.89 0.48 0.550000 8 -1.0 16920        435.131 55 9.708452e-07 9.721529e-07 9.708452e-01 1.066284e+00 5     1.942998e-06 2.037129e+00
150 9 787.89 0.48 0.550000 8 -1.0 8295        436.248 54 9.554107e-07 8.611715e-07 9.554107e-01 1.012573e+00 7     1.816582e-06 1.967984e+00
150 9 787.89 0.48 0.550000 8 -1.0 9608        435.922 57 1.087673e-06 1.307876e-06 1.087672e+00 1.141357e+00 7     2.395549e-06 2.229030e+00
150 9 787.90 0.48 0.550000 8 -1.0 16613        435.150 55 1.056025e-06 8.685464e-07 1.056025e+00 1.231689e+00 5     1.924571e-06 2.287715e+00
150 9 787.91 0.48 0.550000 8 -1.0 13948        435.155 55 1.052734e-06 9.689528e-07 1.052734e+00 1.090088e+00 8     2.021687e-06 2.142822e+00
150 9 787.91 0.48 0.550000 8 -1.0 1553        436.532 57 1.252363e-06 7.051343e-07 1.252363e+00 9.649658e-01 7     1.957497e-06 2.217328e+00
150 9 787.92 0.48 0.550000 8 -1.0 16855        437.142 55 9.674558e-07 6.470736e-07 9.674558e-01 9.796143e-01 7     1.614529e-06 1.947070e+00
150 9 787.92 0.48 0.550000 8 -1.0 17659        434.683 53 1.206145e-06 1.035509e-06 1.206145e+00 9.655762e-01 7     2.241654e-06 2.171721e+00
150 9 787.93 0.48 0.550000 8 -1.0 12887        437.575 52 9.525839e-07 1.194722e-06 9.525838e-01 1.177979e+00 6     2.147306e-06 2.130562e+00
150 9 787.93 0.48 0.550000 8 -1.0 16893        433.538 53 1.461368e-06 5.337737e-07 1.461368e+00 6.237793e-01 8     1.995142e-06 2.085148e+00
150 9 787.96 0.48 0.550000 8 -1.0 16706        440.610 55 1.258349e-06 7.616601e-07 1.258349e+00 8.331299e-01 6     2.020009e-06 2.091479e+00
150 9 787.96 0.48 0.550000 8 -1.0 9687        436.922 57 1.148834e-06 8.063086e-07 1.148834e+00 1.035156e+00 7     1.955142e-06 2.183990e+00
150 9 787.98 0.48 0.550000 8 -1.0 9560        435.174 57 1.242752e-06 7.259222e-07 1.242752e+00 8.807373e-01 5     1.968674e-06 2.123489e+00
150 9 787.99 0.48 0.550000 8 -1.0 11400        435.162 53 6.994077e-07 9.470618e-07 6.994077e-01 9.390259e-01 7     1.646470e-06 1.638434e+00
150 9 788.00 0.48 0.550000 8 -1.0 8995        434.930 53 7.753156e-07 1.207193e-06 7.753155e-01 1.287842e+00 7     1.982509e-06 2.063157e+00
150 9 788.01 0.48 0.550000 8 -1.0 10250        434.789 53 9.915874e-07 1.021464e-06 9.915873e-01 7.504272e-01 6     2.013051e-06 1.742015e+00
150 9 788.03 0.48 0.550000 8 -1.0 12364        436.008 56 1.556249e-06 6.594175e-07 1.556249e+00 7.049561e-01 5     2.215666e-06 2.261205e+00
150 9 788.05 0.48 0.550000 8 -1.0 16000        441.415 56 1.084498e-06 6.200276e-07 1.084498e+00 8.209229e-01 6     1.704526e-06 1.905421e+00
150 9 788.05 0.48 0.550000 8 -1.0 18754        434.416 57 1.298190e-06 8.965806e-07 1.298190e+00 8.337402e-01 7     2.194771e-06 2.131930e+00
150 9 788.06 0.48 0.550000 8 -1.0 13420        436.178 54 1.183064e-06 7.277650e-07 1.183064e+00 8.364868e-01 4     1.910829e-06 2.019551e+00
150 9 788.06 0.48 0.550000 8 -1.0 17107        437.507 52 8.617930e-07 1.293432e-06 8.617930e-01 1.119995e+00 6     2.155225e-06 1.981788e+00
150 9 788.06 0.48 0.550000 8 -1.0 18816        441.379 57 1.110967e-06 8.468776e-07 1.110967e+00 7.702637e-01 8     1.957845e-06 1.881231e+00
150 9 788.08 0.48 0.550000 8 -1.0 17729        434.035 54 1.306642e-06 6.475875e-07 1.306642e+00 7.769775e-01 8     1.954229e-06 2.083619e+00
150 9 788.11 0.48 0.550000 8 -1.0 10016        435.071 59 7.940557e-07 1.007296e-06 7.940556e-01 1.424561e+00 5     1.801352e-06 2.218616e+00
150 9 788.13 0.48 0.550000 8 -1.0 16798        437.549 56 1.064727e-06 9.404765e-07 1.064727e+00 1.271362e+00 8     2.005204e-06 2.336089e+00
150 9 788.14 0.48 0.550000 8 -1.0 13203        433.851 51 1.018749e-06 9.522923e-07 1.018749e+00 1.188354e+00 5     1.971042e-06 2.207104e+00
150 9 788.14 0.48 0.550000 8 -1.0 18035        433.547 58 9.611842e-07 2.165483e-06 9.611842e-01 1.330566e+00 9     3.126667e-06 2.291751e+00
150 9 788.14 0.48 0.550000 8 -1.0 19088        434.373 53 1.198531e-06 1.060095e-06 1.198531e+00 8.905029e-01 8     2.258627e-06 2.089034e+00
150 9 788.15 0.48 0.550000 8 -1.0 13757        433.857 53 1.194054e-06 7.785016e-07 1.194054e+00 9.460449e-01 6     1.972556e-06 2.140099e+00
150 9 788.16 0.48 0.550000 8 -1.0 15454        437.686 55 1.017154e-06 8.972030e-07 1.017154e+00 1.022949e+00 9     1.914357e-06 2.040104e+00
150 9 788.16 0.48 0.550000 8 -1.0 16716        440.763 52 1.193419e-06 8.591250e-07 1.193419e+00 7.971191e-01 8     2.052544e-06 1.990538e+00
150 9 788.16 0.48 0.550000 8 -1.0 18911        433.574 55 1.061805e-06 8.561446e-07 1.061805e+00 1.071167e+00 6     1.917950e-06 2.132972e+00
150 9 788.17 0.48 0.550000 8 -1.0 13138        433.887 56 8.408227e-07 9.307771e-07 8.408226e-01 1.849365e+00 5     1.771600e-06 2.690188e+00
150 9 788.18 0.48 0.550000 8 -1.0 17966        434.368 54 1.003266e-06 9.886041e-07 1.003266e+00 9.368896e-01 9     1.991870e-06 1.940156e+00
150 9 788.18 0.48 0.550000 8 -1.0 8292        441.557 56 1.201219e-06 8.497530e-07 1.201219e+00 1.190186e+00 5     2.050972e-06 2.391405e+00
