150 5 787.79 0.48 0.950000 8 -1.0 3191        749.783 108 2.415506e-006 2.789884e-006 2.415506e+000 2.388916e+000 5     5.205391e-006 4.804422e+000
150 3 787.79 0.48 0.950000 8 -1.0 2830        750.794 127 2.797772e-006 3.935997e-006 2.797772e+000 6.845703e+000 3     6.733769e-006 9.643475e+000
150 7 787.79 0.48 0.950000 8 -1.0 14042        750.870 108 1.725187e-006 3.565135e-006 1.725187e+000 2.729492e+000 6     5.290322e-006 4.454679e+000
150 11 787.79 0.48 0.950000 8 -1.0 6915        748.752 110 2.345254e-006 3.027363e-006 2.345254e+000 2.202148e+000 9     5.372617e-006 4.547403e+000
150 9 787.79 0.48 0.950000 8 -1.0 10634        748.453 108 2.249936e-006 2.974383e-006 2.249936e+000 1.995850e+000 8     5.224319e-006 4.245785e+000
150 15 787.79 0.48 0.950000 8 -1.0 13673        749.158 106 2.503988e-006 2.550724e-006 2.503988e+000 1.877441e+000 11     5.054712e-006 4.381429e+000
150 13 787.79 0.48 0.950000 8 -1.0 13343        752.023 107 2.552835e-006 3.403939e-006 2.552834e+000 1.916504e+000 10     5.956774e-006 4.469338e+000
150 5 787.79 0.48 0.950000 8 -1.0 13252        749.126 111 2.350386e-006 2.788040e-006 2.350386e+000 2.667236e+000 5     5.138425e-006 5.017622e+000
150 3 787.79 0.48 0.950000 8 -1.0 14004        748.999 121 2.414257e-006 3.825359e-006 2.414257e+000 6.811523e+000 3     6.239616e-006 9.225780e+000
150 7 787.79 0.48 0.950000 8 -1.0 6079        752.042 109 2.300932e-006 2.465889e-006 2.300932e+000 2.264404e+000 7     4.766821e-006 4.565336e+000
150 9 787.79 0.48 0.950000 8 -1.0 5204        752.580 109 2.205411e-006 2.971941e-006 2.205411e+000 2.567139e+000 8     5.177351e-006 4.772549e+000
150 11 787.79 0.48 0.950000 8 -1.0 13980        751.097 107 2.036716e-006 4.197366e-006 2.036715e+000 2.092896e+000 10     6.234082e-006 4.129611e+000
150 5 787.79 0.48 0.950000 8 -1.0 12189        753.252 110 2.172767e-006 3.434681e-006 2.172767e+000 3.024902e+000 5     5.607448e-006 5.197670e+000
150 3 787.79 0.48 0.950000 8 -1.0 2761        749.452 119 2.034272e-006 4.585201e-006 2.034272e+000 7.207031e+000 3     6.619473e-006 9.241303e+000
150 13 787.79 0.48 0.950000 8 -1.0 4656        748.833 105 2.867031e-006 2.017862e-006 2.867031e+000 2.172852e+000 10     4.884893e-006 5.039882e+000
150 15 787.79 0.48 0.950000 8 -1.0 14204        752.868 107 2.807509e-006 2.590553e-006 2.807509e+000 1.855469e+000 12     5.398062e-006 4.662977e+000
150 7 787.79 0.48 0.950000 8 -1.0 7230        752.950 109 1.786020e-006 3.302579e-006 1.786020e+000 3.247070e+000 7     5.088600e-006 5.033090e+000
150 9 787.79 0.48 0.950000 8 -1.0 13283        752.167 104 2.206332e-006 2.976396e-006 2.206332e+000 2.509766e+000 7     5.182728e-006 4.716098e+000
150 5 787.79 0.48 0.950000 8 -1.0 6368        750.713 108 1.649176e-006 3.574247e-006 1.649176e+000 3.310547e+000 5     5.223423e-006 4.959723e+000
150 3 787.79 0.48 0.950000 8 -1.0 8384        750.601 125 2.798195e-006 4.159015e-006 2.798195e+000 7.041016e+000 3     6.957209e-006 9.839210e+000
150 11 787.79 0.48 0.950000 8 -1.0 10033        749.452 107 3.048413e-006 2.321632e-006 3.048413e+000 1.620483e+000 10     5.370045e-006 4.668896e+000
150 13 787.79 0.48 0.950000 8 -1.0 11983        751.469 107 3.005151e-006 2.204464e-006 3.005151e+000 2.274170e+000 9     5.209615e-006 5.279321e+000
150 15 787.79 0.48 0.950000 8 -1.0 14544        750.464 110 2.958586e-006 1.924746e-006 2.958586e+000 2.290039e+000 9     4.883333e-006 5.248625e+000
150 7 787.79 0.48 0.950000 8 -1.0 8391        748.453 114 2.028160e-006 3.558334e-006 2.028160e+000 2.548828e+000 7     5.586494e-006 4.576988e+000
150 5 787.79 0.48 0.950000 8 -1.0 10022        749.221 110 2.061119e-006 3.003032e-006 2.061119e+000 2.641602e+000 5     5.064151e-006 4.702720e+000
150 9 787.79 0.48 0.950000 8 -1.0 10061        750.412 108 2.241369e-006 2.741271e-006 2.241369e+000 2.008057e+000 8     4.982639e-006 4.249425e+000
150 3 787.79 0.48 0.950000 8 -1.0 12987        749.723 123 2.398694e-006 4.234485e-006 2.398694e+000 7.182617e+000 3     6.633180e-006 9.581312e+000
150 13 787.79 0.48 0.950000 8 -1.0 9457        749.048 106 2.746615e-006 1.883561e-006 2.746615e+000 1.683960e+000 11     4.630176e-006 4.430575e+000
150 7 787.79 0.48 0.950000 8 -1.0 11987        753.332 112 1.816633e-006 3.374617e-006 1.816633e+000 2.917480e+000 6     5.191250e-006 4.734114e+000
150 15 787.79 0.48 0.950000 8 -1.0 2845        750.308 109 2.910028e-006 1.848842e-006 2.910028e+000 2.000732e+000 9     4.758870e-006 4.910761e+000
150 5 787.79 0.48 0.950000 8 -1.0 4918        748.804 115 1.666299e-006 3.746085e-006 1.666299e+000 3.366699e+000 5     5.412384e-006 5.032998e+000
150 3 787.79 0.48 0.950000 8 -1.0 12945        749.139 122 2.329197e-006 3.672059e-006 2.329197e+000 7.436523e+000 3     6.001256e-006 9.765720e+000
150 9 787.79 0.48 0.950000 8 -1.0 13568        749.069 107 2.325785e-006 2.780672e-006 2.325785e+000 2.025146e+000 8     5.106457e-006 4.350932e+000
150 11 787.79 0.48 0.950000 8 -1.0 8458        749.541 106 2.801827e-006 2.183154e-006 2.801827e+000 1.862793e+000 11     4.984981e-006 4.664620e+000
150 7 787.79 0.48 0.950000 8 -1.0 9495        748.730 106 2.196107e-006 2.544367e-006 2.196107e+000 2.526855e+000 7     4.740474e-006 4.722962e+000
150 13 787.79 0.48 0.950000 8 -1.0 6780        750.437 108 2.639105e-006 2.717486e-006 2.639105e+000 2.096558e+000 7     5.356590e-006 4.735662e+000
150 15 787.79 0.48 0.950000 8 -1.0 12916        750.027 106 2.867422e-006 2.599530e-006 2.867422e+000 1.889648e+000 11     5.466952e-006 4.757070e+000
150 9 787.79 0.48 0.950000 8 -1.0 4720        750.700 107 2.058456e-006 3.566108e-006 2.058456e+000 2.358398e+000 8     5.624564e-006 4.416854e+000
150 11 787.79 0.48 0.950000 8 -1.0 6456        749.287 110 2.562927e-006 1.987016e-006 2.562927e+000 2.005615e+000 8     4.549943e-006 4.568542e+000
150 15 787.79 0.48 0.950000 8 -1.0 10536        748.556 106 1.922809e-006 3.635886e-006 1.922809e+000 2.246094e+000 9     5.558695e-006 4.168903e+000
150 13 787.79 0.48 0.950000 8 -1.0 4557        748.632 107 2.555301e-006 3.803027e-006 2.555301e+000 2.342529e+000 9     6.358328e-006 4.897830e+000
150 11 787.79 0.48 0.950000 8 -1.0 2616        752.401 109 2.804563e-006 2.158310e-006 2.804563e+000 1.989746e+000 8     4.962873e-006 4.794309e+000
150 19 787.79 0.48 0.950000 8 -1.0 14305        749.017 107 2.402959e-006 3.040813e-006 2.402959e+000 2.468262e+000 8     5.443771e-006 4.871220e+000
150 19 787.79 0.48 0.950000 8 -1.0 7384        749.667 110 3.973446e-006 1.428476e-006 3.973445e+000 1.020508e+000 16     5.401922e-006 4.993953e+000
150 21 787.79 0.48 0.950000 8 -1.0 14997        748.967 106 2.068354e-006 3.666759e-006 2.068354e+000 2.667236e+000 9     5.735113e-006 4.735590e+000
150 25 787.79 0.48 0.950000 8 -1.0 11337        748.537 110 2.487078e-006 2.903650e-006 2.487078e+000 2.414551e+000 7     5.390728e-006 4.901629e+000
150 17 787.79 0.48 0.950000 8 -1.0 13022        751.300 109 2.199712e-006 2.525527e-006 2.199712e+000 2.329102e+000 7     4.725240e-006 4.528814e+000
150 19 787.79 0.48 0.950000 8 -1.0 10342        751.820 110 2.411428e-006 2.744392e-006 2.411428e+000 2.245483e+000 7     5.155820e-006 4.656912e+000
150 23 787.79 0.48 0.950000 8 -1.0 11809        752.461 108 3.045923e-006 1.958337e-006 3.045923e+000 1.395264e+000 10     5.004260e-006 4.441186e+000
150 19 787.79 0.48 0.950000 8 -1.0 12221        749.503 106 2.765218e-006 2.463602e-006 2.765218e+000 2.104492e+000 11     5.228820e-006 4.869710e+000
150 25 787.79 0.48 0.950000 8 -1.0 14083        748.748 106 3.508055e-006 1.510315e-006 3.508055e+000 1.616211e+000 13     5.018370e-006 5.124266e+000
150 21 787.79 0.48 0.950000 8 -1.0 6540        749.335 107 3.544836e-006 3.199710e-006 3.544835e+000 1.650391e+000 13     6.744546e-006 5.195226e+000
150 17 787.79 0.48 0.950000 8 -1.0 14187        749.090 108 3.446144e-006 2.149463e-006 3.446143e+000 1.842651e+000 13     5.595607e-006 5.288795e+000
150 23 787.79 0.48 0.950000 8 -1.0 8527        751.270 110 2.112538e-006 3.595289e-006 2.112538e+000 2.679443e+000 9     5.707827e-006 4.791981e+000
150 19 787.79 0.48 0.950000 8 -1.0 12314        749.096 107 3.418345e-006 2.441923e-006 3.418345e+000 1.852417e+000 9     5.860268e-006 5.270762e+000
150 21 787.79 0.48 0.950000 8 -1.0 10897        750.911 110 2.465817e-006 2.312868e-006 2.465817e+000 2.663574e+000 9     4.778686e-006 5.129391e+000
150 25 787.79 0.48 0.950000 8 -1.0 7868        749.110 109 2.843244e-006 2.540037e-006 2.843244e+000 2.218628e+000 10     5.383281e-006 5.061872e+000
150 17 787.79 0.48 0.950000 8 -1.0 10742        748.560 107 3.851916e-006 1.564725e-006 3.851916e+000 1.800537e+000 10     5.416641e-006 5.652453e+000
150 23 787.79 0.48 0.950000 8 -1.0 6806        752.094 108 2.075596e-006 3.054344e-006 2.075596e+000 2.412109e+000 10     5.129940e-006 4.487705e+000
150 19 787.79 0.48 0.950000 8 -1.0 9625        748.913 107 2.246793e-006 2.560879e-006 2.246793e+000 2.108765e+000 9     4.807671e-006 4.355557e+000
150 25 787.79 0.48 0.950000 8 -1.0 11068        749.280 105 3.025068e-006 2.760102e-006 3.025068e+000 1.766357e+000 11     5.785170e-006 4.791425e+000
150 21 787.79 0.48 0.950000 8 -1.0 13141        749.484 108 2.515804e-006 2.506261e-006 2.515804e+000 1.988525e+000 8     5.022065e-006 4.504330e+000
150 17 787.79 0.48 0.950000 8 -1.0 9944        750.854 108 2.743515e-006 1.993626e-006 2.743515e+000 2.288818e+000 10     4.737141e-006 5.032333e+000
150 23 787.79 0.48 0.950000 8 -1.0 4309        752.557 109 2.813046e-006 2.629280e-006 2.813046e+000 2.287598e+000 8     5.442326e-006 5.100644e+000
150 25 787.79 0.48 0.950000 8 -1.0 14992        751.666 111 3.564903e-006 2.308579e-006 3.564902e+000 2.368774e+000 12     5.873481e-006 5.933677e+000
150 23 787.79 0.48 0.950000 8 -1.0 13879        752.042 108 2.636775e-006 2.389643e-006 2.636774e+000 1.964111e+000 11     5.026417e-006 4.600886e+000
150 17 787.79 0.48 0.950000 8 -1.0 14833        748.731 110 2.965540e-006 2.347100e-006 2.965540e+000 2.093506e+000 9     5.312641e-006 5.059046e+000
150 21 787.79 0.48 0.950000 8 -1.0 14905        752.018 106 2.925247e-006 2.206273e-006 2.925247e+000 1.597900e+000 11     5.131520e-006 4.523147e+000
150 25 787.79 0.48 0.950000 8 -1.0 8187        750.168 104 2.194197e-006 3.681487e-006 2.194197e+000 3.022461e+000 10     5.875684e-006 5.216658e+000
150 23 787.79 0.48 0.950000 8 -1.0 10418        748.849 108 2.687183e-006 1.889682e-006 2.687183e+000 1.909180e+000 10     4.576865e-006 4.596363e+000
150 17 787.79 0.48 0.950000 8 -1.0 3166        751.387 104 2.495702e-006 2.423467e-006 2.495702e+000 2.398682e+000 11     4.919168e-006 4.894383e+000
150 21 787.79 0.48 0.950000 8 -1.0 6206        751.420 105 2.414851e-006 3.389807e-006 2.414851e+000 2.067871e+000 11     5.804658e-006 4.482722e+000
