195 11 1023.94 0.48 0.950000 8 -1.0 5814        1016.518 186 3.591901e-006 3.952537e-006 3.591901e+000 3.681641e+000 11     7.544438e-006 7.273541e+000
195 13 1023.94 0.48 0.950000 8 -1.0 5915        1011.831 186 4.084299e-006 3.363421e-006 4.084299e+000 3.265381e+000 13     7.447721e-006 7.349680e+000
195 17 1023.94 0.48 0.950000 8 -1.0 5865        1010.606 186 6.663435e-006 3.170218e-006 6.663435e+000 2.316284e+000 17     9.833653e-006 8.979719e+000
195 15 1023.94 0.48 0.950000 8 -1.0 5944        1034.213 186 6.751698e-006 2.408464e-006 6.751697e+000 2.131958e+000 15     9.160162e-006 8.883655e+000
195 11 1023.94 0.48 0.950000 8 -1.0 5949        980.711 186 4.059673e-006 3.607149e-006 4.059672e+000 3.179932e+000 11     7.666822e-006 7.239604e+000
195 13 1023.94 0.48 0.950000 8 -1.0 4074        1000.261 186 4.536041e-006 3.140888e-006 4.536040e+000 3.125000e+000 13     7.676928e-006 7.661040e+000
195 15 1023.94 0.48 0.950000 8 -1.0 4187        1003.532 186 5.322416e-006 2.633612e-006 5.322416e+000 2.299805e+000 14     7.956028e-006 7.622220e+000
195 17 1023.94 0.48 0.950000 8 -1.0 5742        999.701 186 5.306055e-006 2.222819e-006 5.306054e+000 3.247070e+000 17     7.528874e-006 8.553125e+000
195 11 1023.94 0.48 0.950000 8 -1.0 3939        1006.611 186 3.951807e-006 3.831991e-006 3.951807e+000 3.591309e+000 10     7.783798e-006 7.543115e+000
195 13 1023.94 0.48 0.950000 8 -1.0 2915        1017.193 186 3.806266e-006 4.524504e-006 3.806266e+000 3.718262e+000 11     8.330771e-006 7.524528e+000
195 17 1023.94 0.48 0.950000 8 -1.0 4299        1006.662 186 8.757598e-006 0.000000e+000 8.757598e+000 0.000000e+000 17     8.757598e-006 8.757598e+000
195 15 1023.94 0.48 0.950000 8 -1.0 4264        1005.861 186 5.335351e-006 2.987400e-006 5.335351e+000 2.816162e+000 15     8.322751e-006 8.151513e+000
195 17 1023.94 0.48 0.950000 8 -1.0 5810        992.230 186 6.698963e-006 2.581365e-006 6.698963e+000 2.601929e+000 17     9.280328e-006 9.300892e+000
195 13 1023.94 0.48 0.950000 8 -1.0 5749        1008.589 186 4.051001e-006 3.835070e-006 4.051001e+000 3.691406e+000 13     7.886071e-006 7.742407e+000
195 15 1023.94 0.48 0.950000 8 -1.0 5401        1009.513 186 5.350683e-006 3.538161e-006 5.350683e+000 2.224121e+000 15     8.888844e-006 7.574804e+000
195 11 1023.94 0.48 0.950000 8 -1.0 2202        1008.839 186 3.490118e-006 3.979145e-006 3.490118e+000 3.884277e+000 10     7.469263e-006 7.374395e+000
195 15 1023.94 0.48 0.950000 8 -1.0 5081        1010.360 186 6.518127e-006 2.819475e-006 6.518126e+000 2.235718e+000 15     9.337601e-006 8.753844e+000
195 13 1023.94 0.48 0.950000 8 -1.0 4363        990.077 186 5.173373e-006 2.749808e-006 5.173373e+000 2.675781e+000 13     7.923181e-006 7.849154e+000
195 11 1023.94 0.48 0.950000 8 -1.0 4639        994.715 186 3.854226e-006 3.219006e-006 3.854226e+000 3.343506e+000 11     7.073232e-006 7.197732e+000
195 15 1023.94 0.48 0.950000 8 -1.0 5921        1009.429 186 5.415551e-006 3.370677e-006 5.415551e+000 2.162476e+000 15     8.786227e-006 7.578026e+000
195 13 1023.94 0.48 0.950000 8 -1.0 5923        996.505 186 5.215851e-006 2.474531e-006 5.215851e+000 2.980957e+000 13     7.690383e-006 8.196808e+000
195 11 1023.94 0.48 0.950000 8 -1.0 1979        1004.676 186 4.219180e-006 3.564786e-006 4.219180e+000 3.116455e+000 11     7.783966e-006 7.335635e+000
195 9 1023.94 0.48 0.950000 8 -1.0 2702        1002.297 186 3.307515e-006 4.744246e-006 3.307515e+000 3.645020e+000 9     8.051761e-006 6.952534e+000
195 19 1023.94 0.48 0.950000 8 -1.0 5638        1007.101 186 6.062488e-006 2.022691e-006 6.062488e+000 1.988525e+000 16     8.085180e-006 8.051013e+000
195 7 1023.94 0.48 0.950000 8 -1.0 5339        1005.145 186 2.562868e-006 6.387326e-006 2.562868e+000 4.978027e+000 7     8.950193e-006 7.540895e+000
195 9 1023.94 0.48 0.950000 8 -1.0 4794        996.167 186 3.408790e-006 3.882399e-006 3.408789e+000 3.009033e+000 9     7.291189e-006 6.417823e+000
195 7 1023.94 0.48 0.950000 8 -1.0 4113        1015.469 186 4.560376e-006 3.680488e-006 4.560375e+000 4.519043e+000 7     8.240864e-006 9.079418e+000
195 19 1023.94 0.48 0.950000 8 -1.0 1623        1003.051 186 6.975967e-006 1.862801e-006 6.975966e+000 2.110596e+000 19     8.838767e-006 9.086562e+000
195 7 1023.94 0.48 0.950000 8 -1.0 5950        1009.246 186 4.451448e-006 4.027252e-006 4.451448e+000 4.023438e+000 7     8.478700e-006 8.474885e+000
195 9 1023.94 0.48 0.950000 8 -1.0 2648        997.917 186 3.453005e-006 3.950302e-006 3.453005e+000 3.674316e+000 9     7.403308e-006 7.127321e+000
195 7 1023.94 0.48 0.950000 8 -1.0 1589        1012.540 186 3.783459e-006 3.996129e-006 3.783459e+000 4.338379e+000 7     7.779588e-006 8.121838e+000
195 9 1023.94 0.48 0.950000 8 -1.0 3280        1006.410 186 4.145129e-006 3.000774e-006 4.145129e+000 3.614502e+000 9     7.145903e-006 7.759631e+000
195 7 1023.94 0.48 0.950000 8 -1.0 2429        997.187 186 3.881060e-006 3.380880e-006 3.881060e+000 4.687500e+000 7     7.261940e-006 8.568560e+000
195 19 1023.94 0.48 0.950000 8 -1.0 5071        995.428 186 5.653759e-006 2.487412e-006 5.653758e+000 2.860107e+000 19     8.141170e-006 8.513866e+000
195 7 1023.94 0.48 0.950000 8 -1.0 1483        1032.634 186 4.530611e-006 3.871840e-006 4.530611e+000 3.684082e+000 7     8.402452e-006 8.214693e+000
195 9 1023.94 0.48 0.950000 8 -1.0 5128        1005.137 186 3.662762e-006 3.793157e-006 3.662761e+000 3.496094e+000 9     7.455918e-006 7.158855e+000
195 19 1023.94 0.48 0.950000 8 -1.0 4762        1008.271 186 7.291680e-006 1.782864e-006 7.291679e+000 1.843872e+000 19     9.074543e-006 9.135552e+000
195 19 1023.94 0.48 0.950000 8 -1.0 5600        1010.689 186 6.427718e-006 1.993136e-006 6.427718e+000 1.859131e+000 19     8.420854e-006 8.286849e+000
195 9 1023.94 0.48 0.950000 8 -1.0 5612        1012.975 186 3.827063e-006 4.054079e-006 3.827063e+000 3.647461e+000 9     7.881142e-006 7.474524e+000
195 19 1023.94 0.48 0.950000 8 -1.0 5999        999.530 186 5.660487e-006 2.428181e-006 5.660487e+000 1.778564e+000 19     8.088668e-006 7.439051e+000
195 17 1023.94 0.48 0.950000 8 -1.0 2671        1009.650 186 5.323894e-006 3.431605e-006 5.323894e+000 3.001709e+000 17     8.755500e-006 8.325603e+000
195 17 1023.94 0.48 0.950000 8 -1.0 3923        1001.710 186 5.893232e-006 2.193248e-006 5.893232e+000 2.216187e+000 17     8.086480e-006 8.109418e+000
195 3 1023.94 0.48 0.950000 8 -1.0 5177        1010.565 186 3.507121e-006 5.869291e-006 3.507121e+000 1.264648e+001 3     9.376412e-006 1.615361e+001
195 5 1023.94 0.48 0.950000 8 -1.0 2701        1013.437 186 4.198781e-006 4.003576e-006 4.198780e+000 5.317383e+000 5     8.202357e-006 9.516163e+000
195 3 1023.94 0.48 0.950000 8 -1.0 161        1016.042 186 3.526623e-006 5.845762e-006 3.526623e+000 1.262695e+001 3     9.372385e-006 1.615358e+001
195 5 1023.94 0.48 0.950000 8 -1.0 2151        996.911 186 2.517465e-006 6.013487e-006 2.517465e+000 6.750488e+000 5     8.530952e-006 9.267953e+000
195 23 1023.94 0.48 0.950000 8 -1.0 5587        1006.733 186 7.445809e-006 3.170962e-006 7.445809e+000 2.105103e+000 22     1.061677e-005 9.550912e+000
195 21 1023.94 0.48 0.950000 8 -1.0 5891        1021.783 186 6.495266e-006 2.536274e-006 6.495265e+000 2.156982e+000 21     9.031540e-006 8.652248e+000
195 3 1023.94 0.48 0.950000 8 -1.0 587        1016.813 186 3.529931e-006 5.812288e-006 3.529931e+000 1.248047e+001 3     9.342219e-006 1.601040e+001
195 25 1023.94 0.48 0.950000 8 -1.0 4555        1006.271 186 7.046482e-006 1.750401e-006 7.046482e+000 1.855164e+000 22     8.796883e-006 8.901646e+000
195 5 1023.94 0.48 0.950000 8 -1.0 5902        988.925 186 3.513581e-006 4.365322e-006 3.513581e+000 5.974121e+000 5     7.878902e-006 9.487702e+000
195 3 1023.94 0.48 0.950000 8 -1.0 3606        1016.042 186 3.526623e-006 5.845762e-006 3.526623e+000 1.262695e+001 3     9.372385e-006 1.615358e+001
195 23 1023.94 0.48 0.950000 8 -1.0 5457        992.601 186 8.412041e-006 1.402188e-006 8.412041e+000 1.525269e+000 23     9.814229e-006 9.937309e+000
195 5 1023.94 0.48 0.950000 8 -1.0 3943        999.889 186 3.442739e-006 5.152186e-006 3.442739e+000 5.585938e+000 5     8.594925e-006 9.028677e+000
195 3 1023.94 0.48 0.950000 8 -1.0 1736        1009.825 186 3.513855e-006 5.869902e-006 3.513855e+000 1.261719e+001 3     9.383757e-006 1.613104e+001
195 3 1023.94 0.48 0.950000 8 -1.0 1896        1008.933 186 3.515670e-006 5.745296e-006 3.515670e+000 1.285156e+001 3     9.260966e-006 1.636723e+001
195 5 1023.94 0.48 0.950000 8 -1.0 4011        1001.258 186 3.010411e-006 5.199566e-006 3.010411e+000 6.020508e+000 5     8.209978e-006 9.030919e+000
195 23 1023.94 0.48 0.950000 8 -1.0 1943        1018.089 186 7.877041e-006 1.514539e-006 7.877041e+000 1.674805e+000 23     9.391581e-006 9.551846e+000
195 25 1023.94 0.48 0.950000 8 -1.0 5988        1016.247 186 8.572468e-006 3.031120e-006 8.572468e+000 1.809692e+000 24     1.160359e-005 1.038216e+001
195 21 1023.94 0.48 0.950000 8 -1.0 5925        1005.921 186 7.375112e-006 1.948041e-006 7.375112e+000 2.233887e+000 20     9.323153e-006 9.608999e+000
195 5 1023.94 0.48 0.950000 8 -1.0 4675        1003.522 186 4.065008e-006 3.737807e-006 4.065008e+000 5.234375e+000 5     7.802815e-006 9.299383e+000
195 23 1023.94 0.48 0.950000 8 -1.0 5744        1019.065 186 8.356613e-006 0.000000e+000 8.356613e+000 0.000000e+000 19     8.356613e-006 8.356613e+000
195 21 1023.94 0.48 0.950000 8 -1.0 3299        1030.062 186 7.837556e-006 1.777331e-006 7.837556e+000 1.490784e+000 21     9.614887e-006 9.328339e+000
195 25 1023.94 0.48 0.950000 8 -1.0 5781        1009.098 186 9.352738e-006 1.247590e-006 9.352737e+000 2.065430e+000 25     1.060033e-005 1.141817e+001
195 23 1023.94 0.48 0.950000 8 -1.0 5953        1004.396 186 9.369829e-006 1.370709e-006 9.369828e+000 1.079254e+000 22     1.074054e-005 1.044908e+001
195 25 1023.94 0.48 0.950000 8 -1.0 5979        1009.777 186 9.104157e-006 2.180965e-006 9.104157e+000 2.440796e+000 23     1.128512e-005 1.154495e+001
195 23 1023.94 0.48 0.950000 8 -1.0 5749        1007.264 186 7.251164e-006 1.906989e-006 7.251164e+000 2.362671e+000 22     9.158154e-006 9.613835e+000
195 21 1023.94 0.48 0.950000 8 -1.0 5813        1025.821 186 7.599141e-006 1.875621e-006 7.599140e+000 2.066040e+000 21     9.474761e-006 9.665180e+000
195 25 1023.94 0.48 0.950000 8 -1.0 5141        989.502 186 8.508683e-006 1.139882e-006 8.508683e+000 1.264038e+000 25     9.648565e-006 9.772721e+000
195 21 1023.94 0.48 0.950000 8 -1.0 5944        1007.382 186 7.055737e-006 1.890460e-006 7.055737e+000 1.488647e+000 21     8.946198e-006 8.544385e+000
195 25 1023.94 0.48 0.950000 8 -1.0 5999        1001.734 186 8.538371e-006 4.620706e-006 8.538371e+000 2.917480e+000 21     1.315908e-005 1.145585e+001
195 21 1023.94 0.48 0.950000 8 -1.0 3783        1020.056 186 7.786155e-006 1.759448e-006 7.786155e+000 1.592712e+000 21     9.545604e-006 9.378867e+000
