195 13 1020.85 0.48 0.950000 8 -1.0 1742        970.998 146 4.291992e-006 1.890116e-006 4.291992e+000 2.237549e+000 13     6.182108e-006 6.529541e+000
195 23 1020.85 0.48 0.950000 8 -1.0 2455        971.040 141 6.353636e-006 7.283445e-007 6.353636e+000 9.948730e-001 23     7.081981e-006 7.348509e+000
195 13 1020.85 0.48 0.950000 8 -1.0 1818        971.335 146 4.188205e-006 2.068159e-006 4.188205e+000 1.564941e+000 13     6.256365e-006 5.753146e+000
195 23 1020.85 0.48 0.950000 8 -1.0 2932        974.217 140 6.022621e-006 1.360075e-006 6.022621e+000 1.195679e+000 23     7.382696e-006 7.218299e+000
195 13 1020.85 0.48 0.950000 8 -1.0 2993        970.288 141 3.206800e-006 2.814732e-006 3.206800e+000 2.590332e+000 13     6.021531e-006 5.797132e+000
195 23 1020.85 0.48 0.950000 8 -1.0 2449        970.642 140 5.913513e-006 1.138314e-006 5.913512e+000 1.409302e+000 23     7.051827e-006 7.322814e+000
195 13 1020.85 0.48 0.950000 8 -1.0 2086        969.940 144 3.436757e-006 3.117686e-006 3.436757e+000 1.914063e+000 13     6.554443e-006 5.350819e+000
195 23 1020.85 0.48 0.950000 8 -1.0 2608        972.982 137 5.738853e-006 1.807817e-006 5.738853e+000 1.224060e+000 23     7.546670e-006 6.962913e+000
195 13 1020.85 0.48 0.950000 8 -1.0 2710        970.937 147 3.560402e-006 2.016107e-006 3.560402e+000 2.050781e+000 13     5.576509e-006 5.611183e+000
195 23 1020.85 0.48 0.950000 8 -1.0 2996        969.982 137 6.362646e-006 1.349356e-006 6.362646e+000 1.116333e+000 23     7.712002e-006 7.478979e+000
195 13 1020.85 0.48 0.950000 8 -1.0 2832        971.021 138 2.921273e-006 2.851653e-006 2.921272e+000 2.506104e+000 13     5.772926e-006 5.427376e+000
195 23 1020.85 0.48 0.950000 8 -1.0 1284        971.862 143 6.901473e-006 1.172629e-006 6.901473e+000 8.062744e-001 23     8.074102e-006 7.707747e+000
195 15 1020.85 0.48 0.950000 8 -1.0 2728        970.247 141 4.383590e-006 2.676712e-006 4.383590e+000 1.594543e+000 15     7.060301e-006 5.978133e+000
195 25 1020.85 0.48 0.950000 8 -1.0 2848        971.825 136 6.706101e-006 9.201184e-007 6.706101e+000 7.855225e-001 25     7.626220e-006 7.491623e+000
195 15 1020.85 0.48 0.950000 8 -1.0 2991        972.097 140 3.908375e-006 2.165323e-006 3.908374e+000 1.850586e+000 15     6.073697e-006 5.758960e+000
195 25 1020.85 0.48 0.950000 8 -1.0 2677        970.768 136 7.262253e-006 5.744814e-007 7.262252e+000 8.786011e-001 25     7.836734e-006 8.140853e+000
195 15 1020.85 0.48 0.950000 8 -1.0 2983        972.023 145 4.041081e-006 3.193805e-006 4.041081e+000 2.641602e+000 15     7.234886e-006 6.682682e+000
195 15 1020.85 0.48 0.950000 8 -1.0 2995        970.279 137 4.042832e-006 2.470482e-006 4.042832e+000 1.699829e+000 15     6.513315e-006 5.742661e+000
195 25 1020.85 0.48 0.950000 8 -1.0 2625        971.630 140 6.903193e-006 5.147553e-007 6.903193e+000 1.104126e+000 25     7.417948e-006 8.007319e+000
195 25 1020.85 0.48 0.950000 8 -1.0 2795        969.965 138 7.277147e-006 7.218780e-007 7.277147e+000 6.669617e-001 25     7.999025e-006 7.944108e+000
195 25 1020.85 0.48 0.950000 8 -1.0 2634        971.212 139 6.558087e-006 1.229993e-006 6.558087e+000 9.725952e-001 25     7.788080e-006 7.530682e+000
195 15 1020.85 0.48 0.950000 8 -1.0 1726        970.388 146 4.047109e-006 2.118842e-006 4.047109e+000 2.104492e+000 15     6.165952e-006 6.151601e+000
195 25 1020.85 0.48 0.950000 8 -1.0 2472        971.227 140 7.036320e-006 9.933017e-007 7.036320e+000 9.652710e-001 25     8.029622e-006 8.001591e+000
195 15 1020.85 0.48 0.950000 8 -1.0 2982        970.875 148 3.604032e-006 2.696732e-006 3.604032e+000 2.263184e+000 15     6.300765e-006 5.867216e+000
195 17 1020.85 0.48 0.950000 8 -1.0 2421        971.637 139 5.055518e-006 1.526663e-006 5.055517e+000 1.207581e+000 17     6.582181e-006 6.263098e+000
195 17 1020.85 0.48 0.950000 8 -1.0 1711        970.611 141 4.592296e-006 1.889851e-006 4.592296e+000 1.563110e+000 17     6.482147e-006 6.155406e+000
195 17 1020.85 0.48 0.950000 8 -1.0 2851        972.831 139 4.598578e-006 1.841254e-006 4.598578e+000 1.341553e+000 17     6.439832e-006 5.940130e+000
195 17 1020.85 0.48 0.950000 8 -1.0 2470        974.440 139 4.311803e-006 2.380417e-006 4.311803e+000 1.762695e+000 17     6.692220e-006 6.074498e+000
195 17 1020.85 0.48 0.950000 8 -1.0 2614        972.007 142 4.840266e-006 1.751547e-006 4.840266e+000 1.476440e+000 17     6.591813e-006 6.316706e+000
195 17 1020.85 0.48 0.950000 8 -1.0 2868        970.457 139 4.348791e-006 2.048506e-006 4.348790e+000 2.052002e+000 17     6.397297e-006 6.400792e+000
195 19 1020.85 0.48 0.950000 8 -1.0 1418        973.351 140 5.681840e-006 1.230327e-006 5.681839e+000 1.508179e+000 19     6.912167e-006 7.190018e+000
195 19 1020.85 0.48 0.950000 8 -1.0 2904        970.259 139 6.894058e-006 1.009888e-006 6.894058e+000 1.161194e+000 19     7.903946e-006 8.055251e+000
195 19 1020.85 0.48 0.950000 8 -1.0 1992        971.756 144 4.663024e-006 1.244281e-006 4.663024e+000 1.754150e+000 19     5.907305e-006 6.417175e+000
195 19 1020.85 0.48 0.950000 8 -1.0 1941        969.892 140 4.875549e-006 1.179032e-006 4.875549e+000 1.851807e+000 19     6.054580e-006 6.727355e+000
195 19 1020.85 0.48 0.950000 8 -1.0 2891        971.847 141 5.333187e-006 1.535723e-006 5.333187e+000 1.389160e+000 19     6.868910e-006 6.722347e+000
195 19 1020.85 0.48 0.950000 8 -1.0 2713        971.397 139 5.403931e-006 1.085496e-006 5.403931e+000 1.350708e+000 19     6.489427e-006 6.754639e+000
195 21 1020.85 0.48 0.950000 8 -1.0 2999        978.802 142 5.597621e-006 1.741123e-006 5.597620e+000 1.525879e+000 21     7.338744e-006 7.123499e+000
195 21 1020.85 0.48 0.950000 8 -1.0 2967        973.197 140 4.619834e-006 1.500682e-006 4.619834e+000 1.302490e+000 21     6.120516e-006 5.922324e+000
195 21 1020.85 0.48 0.950000 8 -1.0 2908        971.261 138 5.430298e-006 1.299094e-006 5.430298e+000 1.524353e+000 21     6.729393e-006 6.954651e+000
195 21 1020.85 0.48 0.950000 8 -1.0 628        973.060 148 7.505788e-006 9.507634e-007 7.505788e+000 9.088135e-001 21     8.456551e-006 8.414601e+000
195 21 1020.85 0.48 0.950000 8 -1.0 1795        970.076 137 6.156547e-006 1.176142e-006 6.156547e+000 8.689880e-001 21     7.332689e-006 7.025535e+000
195 3 1020.85 0.48 0.950000 8 -1.0 1022        970.868 165 3.278684e-006 4.537635e-006 3.278684e+000 9.633789e+000 3     7.816319e-006 1.291247e+001
195 21 1020.85 0.48 0.950000 8 -1.0 1505        972.184 139 5.837141e-006 1.377268e-006 5.837140e+000 1.673584e+000 21     7.214409e-006 7.510724e+000
195 3 1020.85 0.48 0.950000 8 -1.0 595        971.269 167 3.281837e-006 4.511195e-006 3.281837e+000 9.389648e+000 3     7.793032e-006 1.267148e+001
195 3 1020.85 0.48 0.950000 8 -1.0 497        971.173 165 3.788929e-006 4.080199e-006 3.788929e+000 8.291016e+000 3     7.869128e-006 1.207994e+001
195 3 1020.85 0.48 0.950000 8 -1.0 1939        970.075 162 1.797823e-006 6.629964e-006 1.797822e+000 1.143555e+001 3     8.427786e-006 1.323337e+001
195 3 1020.85 0.48 0.950000 8 -1.0 1401        972.934 160 2.920488e-006 4.828537e-006 2.920488e+000 1.026367e+001 3     7.749025e-006 1.318416e+001
195 3 1020.85 0.48 0.950000 8 -1.0 1332        971.013 165 3.760519e-006 4.363101e-006 3.760518e+000 8.227539e+000 3     8.123620e-006 1.198806e+001
195 5 1020.85 0.48 0.950000 8 -1.0 398        970.346 163 3.464436e-006 3.373416e-006 3.464435e+000 4.189453e+000 5     6.837851e-006 7.653889e+000
195 5 1020.85 0.48 0.950000 8 -1.0 2977        970.414 162 2.882106e-006 3.886644e-006 2.882106e+000 4.494629e+000 5     6.768750e-006 7.376735e+000
195 5 1020.85 0.48 0.950000 8 -1.0 1187        970.451 157 2.160650e-006 4.999772e-006 2.160650e+000 5.014648e+000 5     7.160422e-006 7.175298e+000
195 5 1020.85 0.48 0.950000 8 -1.0 819        970.176 160 3.909431e-006 2.934482e-006 3.909430e+000 3.393555e+000 5     6.843912e-006 7.302985e+000
195 5 1020.85 0.48 0.950000 8 -1.0 2819        971.142 164 1.661686e-006 6.240723e-006 1.661686e+000 6.008301e+000 5     7.902409e-006 7.669986e+000
195 5 1020.85 0.48 0.950000 8 -1.0 1466        972.952 161 2.944011e-006 4.159184e-006 2.944011e+000 4.270020e+000 5     7.103195e-006 7.214030e+000
195 7 1020.85 0.48 0.950000 8 -1.0 2257        973.030 158 3.782953e-006 2.320092e-006 3.782953e+000 3.031006e+000 7     6.103046e-006 6.813959e+000
195 7 1020.85 0.48 0.950000 8 -1.0 2709        971.616 154 3.185966e-006 2.742143e-006 3.185965e+000 3.356934e+000 7     5.928108e-006 6.542899e+000
195 7 1020.85 0.48 0.950000 8 -1.0 1325        972.643 158 3.234053e-006 2.648797e-006 3.234053e+000 3.267822e+000 7     5.882850e-006 6.501875e+000
195 7 1020.85 0.48 0.950000 8 -1.0 941        970.332 160 2.945548e-006 3.234630e-006 2.945548e+000 3.839111e+000 7     6.180178e-006 6.784659e+000
195 7 1020.85 0.48 0.950000 8 -1.0 2541        970.096 154 3.608291e-006 2.428032e-006 3.608291e+000 3.232422e+000 7     6.036323e-006 6.840713e+000
195 7 1020.85 0.48 0.950000 8 -1.0 515        973.616 158 3.422524e-006 2.833581e-006 3.422524e+000 2.955322e+000 7     6.256105e-006 6.377846e+000
195 9 1020.85 0.48 0.950000 8 -1.0 1960        969.843 144 3.080497e-006 2.554729e-006 3.080497e+000 2.583008e+000 9     5.635226e-006 5.663504e+000
195 9 1020.85 0.48 0.950000 8 -1.0 336        970.685 157 3.316076e-006 2.983691e-006 3.316075e+000 2.351685e+000 9     6.299766e-006 5.667760e+000
195 9 1020.85 0.48 0.950000 8 -1.0 2710        970.967 150 3.208486e-006 3.122303e-006 3.208486e+000 2.873535e+000 9     6.330788e-006 6.082021e+000
195 9 1020.85 0.48 0.950000 8 -1.0 2274        970.715 145 2.783021e-006 2.825521e-006 2.783021e+000 2.532959e+000 9     5.608542e-006 5.315980e+000
195 9 1020.85 0.48 0.950000 8 -1.0 1868        972.006 150 3.671157e-006 2.149686e-006 3.671157e+000 2.620850e+000 9     5.820842e-006 6.292006e+000
195 9 1020.85 0.48 0.950000 8 -1.0 2186        974.074 147 2.897765e-006 3.134856e-006 2.897765e+000 2.884521e+000 9     6.032621e-006 5.782286e+000
195 11 1020.85 0.48 0.950000 8 -1.0 2616        971.526 140 3.219331e-006 2.615316e-006 3.219331e+000 2.261963e+000 11     5.834648e-006 5.481294e+000
195 11 1020.85 0.48 0.950000 8 -1.0 1593        972.217 145 2.742446e-006 3.454902e-006 2.742445e+000 2.982178e+000 11     6.197347e-006 5.724623e+000
195 11 1020.85 0.48 0.950000 8 -1.0 939        971.563 149 2.779616e-006 3.064744e-006 2.779616e+000 2.918701e+000 11     5.844360e-006 5.698317e+000
195 11 1020.85 0.48 0.950000 8 -1.0 2107        971.727 143 3.109322e-006 2.944550e-006 3.109321e+000 2.739258e+000 11     6.053871e-006 5.848579e+000
195 11 1020.85 0.48 0.950000 8 -1.0 2038        970.228 144 3.338325e-006 2.635501e-006 3.338325e+000 2.292480e+000 11     5.973826e-006 5.630805e+000
195 11 1020.85 0.48 0.950000 8 -1.0 2904        970.680 140 3.082515e-006 2.309460e-006 3.082515e+000 2.957764e+000 11     5.391975e-006 6.040279e+000
