195 11 1273.05 0.35 0.950000 8 -1.0 2457        1231.714 186 1.364387e-005 8.953328e-007 1.364387e+001 1.550903e+000      1.453920e-005 1.519477e+001
195 11 1012.36 0.48 0.950000 8 -1.0 832        978.125 186 1.187917e-005 1.282220e-006 1.187917e+001 1.586914e+000      1.316139e-005 1.346608e+001
195 11 1370.99 0.30 0.950000 8 -1.0 1571        1317.843 186 1.422125e-005 1.090035e-006 1.422125e+001 1.546021e+000      1.531129e-005 1.576727e+001
195 11 1469.24 0.25 0.950000 8 -1.0 785        1409.283 186 1.509296e-005 1.084298e-006 1.509296e+001 1.486053e+000      1.617726e-005 1.657901e+001
195 11 1174.84 0.40 0.950000 8 -1.0 1093        1133.691 186 1.290333e-005 9.650048e-007 1.290333e+001 1.627197e+000      1.386833e-005 1.453052e+001
195 11 1370.99 0.30 0.950000 8 -1.0 1203        1325.462 186 1.435696e-005 1.053668e-006 1.435696e+001 1.531982e+000      1.541063e-005 1.588894e+001
195 11 1012.36 0.48 0.950000 8 -1.0 1920        997.275 186 1.216218e-005 8.309196e-007 1.216218e+001 1.532288e+000      1.299310e-005 1.369446e+001
195 11 1273.05 0.35 0.950000 8 -1.0 1259        1229.950 186 1.364634e-005 1.051290e-006 1.364634e+001 1.514282e+000      1.469763e-005 1.516062e+001
195 11 1174.84 0.40 0.950000 8 -1.0 1034        1128.819 186 1.282987e-005 9.943404e-007 1.282987e+001 1.621399e+000      1.382421e-005 1.445127e+001
195 11 1469.24 0.25 0.950000 8 -1.0 1491        1408.777 186 1.484303e-005 9.354271e-007 1.484303e+001 1.588745e+000      1.577846e-005 1.643178e+001
195 11 1273.05 0.35 0.950000 8 -1.0 1315        1230.593 186 1.363711e-005 1.076146e-006 1.363711e+001 1.484222e+000      1.471326e-005 1.512133e+001
195 11 1469.24 0.25 0.950000 8 -1.0 879        1408.145 186 1.496983e-005 9.787612e-007 1.496983e+001 1.475830e+000      1.594859e-005 1.644566e+001
195 11 1012.36 0.48 0.950000 8 -1.0 2286        987.220 186 1.200311e-005 9.610124e-007 1.200311e+001 1.549988e+000      1.296413e-005 1.355310e+001
195 11 1370.99 0.30 0.950000 8 -1.0 1369        1320.566 186 1.422478e-005 9.227742e-007 1.422478e+001 1.531982e+000      1.514755e-005 1.575676e+001
195 11 1174.84 0.40 0.950000 8 -1.0 2580        1131.560 186 1.297180e-005 1.366024e-006 1.297179e+001 1.566162e+000      1.433782e-005 1.453796e+001
195 11 1469.24 0.25 0.950000 8 -1.0 887        1410.103 186 1.489345e-005 9.597596e-007 1.489345e+001 1.535034e+000      1.585321e-005 1.642848e+001
195 11 1273.05 0.35 0.950000 8 -1.0 1694        1233.159 186 1.366446e-005 1.118625e-006 1.366446e+001 1.529541e+000      1.478308e-005 1.519400e+001
195 11 1012.36 0.48 0.950000 8 -1.0 1525        986.055 186 1.199353e-005 1.079575e-006 1.199352e+001 1.540833e+000      1.307310e-005 1.353436e+001
195 11 1370.99 0.30 0.950000 8 -1.0 1306        1318.214 186 1.428989e-005 9.218428e-007 1.428989e+001 1.594849e+000      1.521173e-005 1.588474e+001
195 11 1174.84 0.40 0.950000 8 -1.0 948        1134.470 186 1.297515e-005 1.103600e-006 1.297515e+001 1.550903e+000      1.407875e-005 1.452605e+001
195 11 1469.24 0.25 0.950000 8 -1.0 1496        1414.488 186 1.502106e-005 9.575976e-007 1.502106e+001 1.458435e+000      1.597865e-005 1.647949e+001
195 11 1273.05 0.35 0.950000 8 -1.0 1119        1233.244 186 1.364298e-005 1.094624e-006 1.364298e+001 1.501770e+000      1.473760e-005 1.514475e+001
195 11 1370.99 0.30 0.950000 8 -1.0 2211        1320.079 186 1.426710e-005 9.239694e-007 1.426710e+001 1.593628e+000      1.519107e-005 1.586073e+001
195 11 1012.36 0.48 0.950000 8 -1.0 1660        993.084 186 1.214128e-005 8.144635e-007 1.214128e+001 1.557617e+000      1.295574e-005 1.369890e+001
195 11 1174.84 0.40 0.950000 8 -1.0 2054        1132.412 186 1.299397e-005 1.368677e-006 1.299396e+001 1.554871e+000      1.436264e-005 1.454884e+001
195 11 1469.24 0.25 0.950000 8 -1.0 2380        1406.405 186 1.491664e-005 1.257134e-006 1.491663e+001 1.559143e+000      1.617377e-005 1.647578e+001
195 11 1273.05 0.35 0.950000 8 -1.0 1309        1236.068 186 1.366220e-005 1.247745e-006 1.366220e+001 1.485600e+000      1.490994e-005 1.514780e+001
195 11 1370.99 0.30 0.950000 8 -1.0 2068        1324.266 186 1.427771e-005 1.055507e-006 1.427771e+001 1.535339e+000      1.533321e-005 1.581304e+001
195 11 1174.84 0.40 0.950000 8 -1.0 2554        1130.056 186 1.284286e-005 1.316985e-006 1.284286e+001 1.593628e+000      1.415984e-005 1.443648e+001
195 11 1012.36 0.48 0.950000 8 -1.0 2427        988.992 186 1.207769e-005 1.225397e-006 1.207769e+001 1.455994e+000      1.330309e-005 1.353369e+001
