195 15 1469.24 0.25 0.950000 8 -1.0 3280        1396.610 178 4.446785e-06 3.364505e-06 4.446785e+00 2.927246e+00 12     7.811290e-06 7.374031e+00
195 15 1469.24 0.25 0.950000 8 -1.0 3765        1396.100 177 3.049274e-06 5.992338e-06 3.049274e+00 5.485840e+00 13     9.041612e-06 8.535113e+00
195 15 1469.24 0.25 0.950000 8 -1.0 4914        1396.447 177 3.863884e-06 3.813940e-06 3.863884e+00 3.531494e+00 11     7.677824e-06 7.395378e+00
195 15 1469.24 0.25 0.950000 8 -1.0 4597        1401.918 177 5.810848e-06 3.454325e-06 5.810847e+00 3.122559e+00 14     9.265173e-06 8.933406e+00
195 15 1469.24 0.25 0.950000 8 -1.0 4751        1399.725 176 4.757908e-06 3.260265e-06 4.757908e+00 2.978516e+00 12     8.018173e-06 7.736423e+00
195 15 1469.24 0.25 0.950000 8 -1.0 2605        1399.576 178 4.295793e-06 5.141390e-06 4.295793e+00 4.873047e+00 13     9.437184e-06 9.168840e+00
195 15 1370.99 0.30 0.950000 8 -1.0 4393        1305.864 172 4.057687e-06 3.503786e-06 4.057687e+00 3.302002e+00 15     7.561473e-06 7.359689e+00
195 15 1370.99 0.30 0.950000 8 -1.0 4011        1307.304 176 4.786202e-06 3.389153e-06 4.786202e+00 3.039551e+00 12     8.175355e-06 7.825753e+00
195 15 1370.99 0.30 0.950000 8 -1.0 4042        1305.437 171 4.029437e-06 3.847018e-06 4.029437e+00 3.774414e+00 11     7.876455e-06 7.803851e+00
195 15 1370.99 0.30 0.950000 8 -1.0 2601        1308.231 172 5.244438e-06 3.157064e-06 5.244437e+00 3.448486e+00 10     8.401502e-06 8.692924e+00
195 15 1370.99 0.30 0.950000 8 -1.0 4401        1303.900 173 5.195703e-06 3.306727e-06 5.195703e+00 3.183594e+00 11     8.502430e-06 8.379296e+00
195 15 1370.99 0.30 0.950000 8 -1.0 4623        1306.045 176 3.316453e-06 4.693211e-06 3.316453e+00 4.047852e+00 9     8.009664e-06 7.364304e+00
195 15 1273.05 0.35 0.950000 8 -1.0 4883        1209.794 164 3.223820e-06 3.853779e-06 3.223820e+00 3.475342e+00 12     7.077599e-06 6.699162e+00
195 15 1273.05 0.35 0.950000 8 -1.0 4106        1209.999 164 4.117733e-06 3.831576e-06 4.117733e+00 4.587402e+00 11     7.949309e-06 8.705135e+00
195 15 1273.05 0.35 0.950000 8 -1.0 771        1211.307 170 5.688523e-06 2.529457e-06 5.688523e+00 2.238770e+00 12     8.217980e-06 7.927292e+00
195 15 1273.05 0.35 0.950000 8 -1.0 4597        1209.623 165 2.855510e-06 4.572331e-06 2.855510e+00 4.494629e+00 10     7.427841e-06 7.350139e+00
195 15 1273.05 0.35 0.950000 8 -1.0 2040        1209.477 165 3.780278e-06 4.633444e-06 3.780278e+00 3.684082e+00 9     8.413723e-06 7.464360e+00
195 15 1273.05 0.35 0.950000 8 -1.0 4776        1210.089 166 4.367095e-06 4.110530e-06 4.367095e+00 4.785156e+00 10     8.477625e-06 9.152251e+00
195 15 1174.85 0.40 0.950000 8 -1.0 3403        1117.024 161 3.486811e-06 3.760219e-06 3.486810e+00 3.088379e+00 9     7.247030e-06 6.575189e+00
195 15 1174.85 0.40 0.950000 8 -1.0 3677        1118.532 160 2.385012e-06 6.183388e-06 2.385012e+00 4.293213e+00 11     8.568400e-06 6.678225e+00
195 15 1174.85 0.40 0.950000 8 -1.0 2670        1118.351 160 3.522516e-06 3.334037e-06 3.522516e+00 2.996826e+00 9     6.856553e-06 6.519342e+00
195 15 1174.85 0.40 0.950000 8 -1.0 3010        1117.003 159 2.312253e-06 5.082761e-06 2.312253e+00 4.526367e+00 8     7.395014e-06 6.838620e+00
195 15 1174.85 0.40 0.950000 8 -1.0 3545        1119.070 160 3.249149e-06 3.408545e-06 3.249149e+00 3.173828e+00 9     6.657694e-06 6.422977e+00
195 15 1174.85 0.40 0.950000 8 -1.0 4317        1116.913 153 3.124790e-06 4.154263e-06 3.124790e+00 3.581543e+00 9     7.279053e-06 6.706333e+00
195 15 1012.38 0.48 0.950000 8 -1.0 4171        962.483 143 2.673827e-06 3.072684e-06 2.673827e+00 2.855225e+00 8     5.746511e-06 5.529052e+00
195 15 1012.38 0.48 0.950000 8 -1.0 2402        962.894 138 2.980667e-06 3.020585e-06 2.980667e+00 2.897949e+00 12     6.001253e-06 5.878617e+00
195 15 1012.38 0.48 0.950000 8 -1.0 3898        965.320 139 3.050719e-06 2.609482e-06 3.050719e+00 2.567139e+00 9     5.660201e-06 5.617858e+00
195 15 1012.38 0.48 0.950000 8 -1.0 2971        962.636 138 2.731466e-06 3.275515e-06 2.731466e+00 3.679199e+00 8     6.006981e-06 6.410665e+00
195 15 1012.38 0.48 0.950000 8 -1.0 4428        967.605 140 2.873494e-06 2.765574e-06 2.873493e+00 3.320312e+00 10     5.639068e-06 6.193806e+00
195 15 1012.38 0.48 0.950000 8 -1.0 4899        963.382 138 2.766440e-06 3.150411e-06 2.766440e+00 2.707520e+00 9     5.916851e-06 5.473959e+00
