195 15 1012.36 0.48 0.950000 8 -1.0 6498        989.438 186 5.485829e-006 2.469516e-006 5.485828e+000 2.755127e+000 15     7.955345e-006 8.240955e+000
195 15 1273.05 0.35 0.950000 8 -1.0 7184        1228.635 186 6.254737e-006 1.692789e-006 6.254737e+000 2.408447e+000 15     7.947526e-006 8.663184e+000
195 15 1174.84 0.40 0.950000 8 -1.0 2754        1154.336 186 6.274265e-006 2.429313e-006 6.274265e+000 3.548584e+000 14     8.703578e-006 9.822849e+000
195 15 1012.36 0.48 0.950000 8 -1.0 7308        1003.593 186 4.934127e-006 3.885969e-006 4.934127e+000 2.854004e+000 15     8.820096e-006 7.788131e+000
195 15 1469.24 0.25 0.950000 8 -1.0 2815        1417.491 186 6.284426e-006 2.384137e-006 6.284426e+000 2.574463e+000 15     8.668563e-006 8.858889e+000
195 15 1370.99 0.30 0.950000 8 -1.0 7844        1316.710 186 6.336709e-006 2.611426e-006 6.336709e+000 2.227783e+000 14     8.948135e-006 8.564492e+000
195 15 1174.84 0.40 0.950000 8 -1.0 6261        1159.140 186 5.153893e-006 3.312993e-006 5.153893e+000 3.220215e+000 15     8.466887e-006 8.374108e+000
195 15 1273.05 0.35 0.950000 8 -1.0 7839        1243.181 186 5.042505e-006 3.602050e-006 5.042505e+000 3.099365e+000 13     8.644555e-006 8.141870e+000
195 15 1174.84 0.40 0.950000 8 -1.0 6593        1133.437 186 5.981481e-006 2.790161e-006 5.981481e+000 2.596436e+000 15     8.771642e-006 8.577916e+000
195 15 1012.36 0.48 0.950000 8 -1.0 5297        998.622 186 5.280883e-006 3.252891e-006 5.280882e+000 2.885742e+000 14     8.533774e-006 8.166625e+000
195 15 1273.05 0.35 0.950000 8 -1.0 3888        1236.045 186 6.535307e-006 2.439805e-006 6.535307e+000 2.625732e+000 13     8.975112e-006 9.161039e+000
195 15 1174.84 0.40 0.950000 8 -1.0 7027        1149.862 186 3.893198e-006 3.725742e-006 3.893198e+000 3.710938e+000 13     7.618940e-006 7.604135e+000
195 15 1469.24 0.25 0.950000 8 -1.0 6728        1423.024 186 6.255585e-006 4.008205e-006 6.255584e+000 4.005127e+000 15     1.026379e-005 1.026071e+001
195 15 1273.05 0.35 0.950000 8 -1.0 3715        1227.029 186 8.758508e-006 0.000000e+000 8.758508e+000 0.000000e+000 15     8.758508e-006 8.758508e+000
195 15 1012.36 0.48 0.950000 8 -1.0 6533        992.136 186 4.664473e-006 3.014991e-006 4.664473e+000 2.816162e+000 14     7.679464e-006 7.480635e+000
195 15 1370.99 0.30 0.950000 8 -1.0 7844        1316.710 186 6.336709e-006 2.611426e-006 6.336709e+000 2.227783e+000 14     8.948135e-006 8.564492e+000
195 15 1174.84 0.40 0.950000 8 -1.0 6276        1159.230 186 4.983322e-006 4.042631e-006 4.983322e+000 3.514404e+000 15     9.025953e-006 8.497726e+000
195 15 1012.36 0.48 0.950000 8 -1.0 4448        1009.189 186 7.023888e-006 1.668456e-006 7.023887e+000 1.934814e+000 15     8.692343e-006 8.958702e+000
195 15 1273.05 0.35 0.950000 8 -1.0 7895        1241.220 186 4.633466e-006 4.499014e-006 4.633466e+000 3.380127e+000 15     9.132481e-006 8.013593e+000
195 15 1469.24 0.25 0.950000 8 -1.0 3180        1418.835 186 5.924462e-006 2.749681e-006 5.924462e+000 2.769775e+000 15     8.674143e-006 8.694237e+000
195 15 1174.84 0.40 0.950000 8 -1.0 7720        1145.643 186 6.187431e-006 2.308287e-006 6.187431e+000 2.333984e+000 15     8.495718e-006 8.521415e+000
195 15 1273.05 0.35 0.950000 8 -1.0 6793        1239.349 186 6.555756e-006 3.005628e-006 6.555756e+000 2.355347e+000 15     9.561385e-006 8.911103e+000
195 15 1370.99 0.30 0.950000 8 -1.0 4753        1338.323 186 5.408508e-006 3.361092e-006 5.408508e+000 3.736572e+000 14     8.769600e-006 9.145080e+000
195 15 1012.36 0.48 0.950000 8 -1.0 6320        1003.233 186 5.180999e-006 3.563522e-006 5.180999e+000 3.463135e+000 15     8.744521e-006 8.644133e+000
195 15 1469.24 0.25 0.950000 8 -1.0 4072        1425.594 186 5.230001e-006 3.318113e-006 5.230000e+000 3.375244e+000 14     8.548114e-006 8.605245e+000
195 15 1370.99 0.30 0.950000 8 -1.0 7844        1316.710 186 6.336709e-006 2.611426e-006 6.336709e+000 2.227783e+000 14     8.948135e-006 8.564492e+000
195 15 1469.24 0.25 0.950000 8 -1.0 7586        1414.146 186 4.530133e-006 3.865451e-006 4.530133e+000 4.028320e+000 12     8.395585e-006 8.558453e+000
195 15 1370.99 0.30 0.950000 8 -1.0 6475        1326.583 186 5.794674e-006 2.453137e-006 5.794674e+000 2.849121e+000 15     8.247811e-006 8.643795e+000
195 15 1469.24 0.25 0.950000 8 -1.0 6175        1426.687 186 4.640281e-006 4.611415e-006 4.640281e+000 3.656006e+000 15     9.251697e-006 8.296287e+000
195 15 1370.99 0.30 0.950000 8 -1.0 7819        1334.245 186 5.834567e-006 3.759253e-006 5.834567e+000 2.938232e+000 15     9.593821e-006 8.772800e+000
