195 11 1005.42 0.49 0.950000 8 -1.0 809        956.761 151 1.070814e-005 4.259805e-007 1.070814e+001 9.286499e-001 11     1.113412e-005 1.163679e+001
195 11 1270.68 0.35 0.950000 8 -1.0 2751        1209.421 172 1.310760e-005 5.646919e-007 1.310760e+001 1.249390e+000 11     1.367229e-005 1.435699e+001
195 11 1168.58 0.40 0.950000 8 -1.0 1370        1111.587 167 1.223237e-005 5.089806e-007 1.223237e+001 1.109924e+000 11     1.274135e-005 1.334230e+001
195 11 1468.45 0.25 0.950000 8 -1.0 98        1396.118 181 1.464027e-005 7.134532e-007 1.464027e+001 1.390991e+000 11     1.535372e-005 1.603126e+001
195 11 1365.45 0.30 0.950000 8 -1.0 170        1297.273 176 1.399100e-005 9.506106e-007 1.399100e+001 1.311646e+000 11     1.494161e-005 1.530264e+001
195 11 1005.42 0.49 0.950000 8 -1.0 1653        957.891 154 1.047156e-005 4.053824e-007 1.047156e+001 1.063843e+000 11     1.087694e-005 1.153540e+001
195 11 1270.68 0.35 0.950000 8 -1.0 319        1208.474 174 1.300864e-005 6.549130e-007 1.300864e+001 1.290283e+000 11     1.366355e-005 1.429892e+001
195 11 1468.45 0.25 0.950000 8 -1.0 297        1395.688 180 1.460151e-005 7.093841e-007 1.460151e+001 1.370544e+000 11     1.531089e-005 1.597205e+001
195 11 1168.58 0.40 0.950000 8 -1.0 259        1110.388 164 1.206480e-005 4.727594e-007 1.206480e+001 1.230469e+000 11     1.253756e-005 1.329527e+001
195 11 1365.45 0.30 0.950000 8 -1.0 214        1298.935 180 1.382692e-005 8.938045e-007 1.382691e+001 1.278076e+000 11     1.472072e-005 1.510499e+001
195 11 1005.42 0.49 0.950000 8 -1.0 1654        957.072 151 1.063448e-005 3.435536e-007 1.063448e+001 1.051941e+000 11     1.097803e-005 1.168642e+001
195 11 1270.68 0.35 0.950000 8 -1.0 1566        1207.936 171 1.309784e-005 5.525618e-007 1.309784e+001 1.295166e+000 11     1.365040e-005 1.439301e+001
195 11 1468.45 0.25 0.950000 8 -1.0 2528        1396.056 179 1.466323e-005 6.926964e-007 1.466323e+001 1.382141e+000 11     1.535593e-005 1.604537e+001
195 11 1168.58 0.40 0.950000 8 -1.0 1980        1111.954 164 1.222022e-005 6.852960e-007 1.222022e+001 1.085663e+000 11     1.290551e-005 1.330588e+001
195 11 1365.45 0.30 0.950000 8 -1.0 1751        1298.342 179 1.385658e-005 8.290212e-007 1.385658e+001 1.319580e+000 11     1.468560e-005 1.517616e+001
195 11 1005.42 0.49 0.950000 8 -1.0 1730        956.936 152 1.077223e-005 6.037336e-007 1.077223e+001 9.463501e-001 11     1.137597e-005 1.171858e+001
195 11 1270.68 0.35 0.950000 8 -1.0 2504        1208.959 173 1.313274e-005 6.501003e-007 1.313274e+001 1.121521e+000 11     1.378284e-005 1.425426e+001
195 11 1168.58 0.40 0.950000 8 -1.0 2627        1110.736 166 1.225777e-005 5.466009e-007 1.225777e+001 1.098022e+000 11     1.280437e-005 1.335579e+001
195 11 1468.45 0.25 0.950000 8 -1.0 1143        1395.755 179 1.480352e-005 6.386736e-007 1.480352e+001 1.345520e+000 11     1.544220e-005 1.614904e+001
195 11 1365.45 0.30 0.950000 8 -1.0 2260        1300.566 175 1.381037e-005 5.661850e-007 1.381037e+001 1.267700e+000 11     1.437656e-005 1.507807e+001
195 11 1005.42 0.49 0.950000 8 -1.0 1862        957.361 153 1.086082e-005 7.512196e-007 1.086082e+001 7.278442e-001 11     1.161204e-005 1.158867e+001
195 11 1468.45 0.25 0.950000 8 -1.0 321        1395.931 182 1.465765e-005 1.023455e-006 1.465765e+001 1.455994e+000 11     1.568110e-005 1.611364e+001
195 11 1168.58 0.40 0.950000 8 -1.0 453        1111.596 166 1.201333e-005 6.702807e-007 1.201333e+001 1.161346e+000 11     1.268361e-005 1.317468e+001
195 11 1365.45 0.30 0.950000 8 -1.0 1059        1297.832 177 1.382655e-005 6.851783e-007 1.382655e+001 1.361389e+000 11     1.451173e-005 1.518794e+001
195 11 1270.68 0.35 0.950000 8 -1.0 1726        1207.628 174 1.314434e-005 8.235877e-007 1.314434e+001 1.130676e+000 11     1.396793e-005 1.427502e+001
195 11 1005.42 0.49 0.950000 8 -1.0 2024        955.657 150 1.044698e-005 4.072741e-007 1.044698e+001 9.460449e-001 11     1.085425e-005 1.139302e+001
195 11 1468.45 0.25 0.950000 8 -1.0 2191        1399.508 180 1.468177e-005 7.343979e-007 1.468177e+001 1.339722e+000 11     1.541616e-005 1.602149e+001
195 11 1168.58 0.40 0.950000 8 -1.0 2645        1110.211 165 1.217601e-005 6.171782e-007 1.217601e+001 1.125183e+000 11     1.279318e-005 1.330119e+001
195 11 1365.45 0.30 0.950000 8 -1.0 1248        1297.291 177 1.378676e-005 6.703506e-007 1.378676e+001 1.298828e+000 11     1.445711e-005 1.508558e+001
195 11 1270.68 0.35 0.950000 8 -1.0 113        1209.728 176 1.310073e-005 7.207423e-007 1.310073e+001 1.233521e+000 11     1.382147e-005 1.433425e+001
