195 15 1174.84 0.40 0.950000 8 -1.0 14311        1118.616 155 4.435562e-006 2.995259e-006 4.435562e+000 1.950073e+000 13     7.430821e-006 6.385635e+000
195 15 1273.05 0.35 0.950000 8 -1.0 4502        1210.756 163 4.250009e-006 3.057907e-006 4.250009e+000 3.358154e+000 13     7.307916e-006 7.608163e+000
195 15 1469.24 0.25 0.950000 8 -1.0 7655        1396.829 176 5.077619e-006 2.687464e-006 5.077619e+000 2.452393e+000 15     7.765084e-006 7.530012e+000
195 15 1174.84 0.40 0.950000 8 -1.0 12922        1117.909 153 3.634550e-006 3.339117e-006 3.634550e+000 2.618408e+000 15     6.973667e-006 6.252958e+000
195 15 1273.05 0.35 0.950000 8 -1.0 14199        1211.045 165 4.103786e-006 3.768479e-006 4.103786e+000 2.247314e+000 15     7.872265e-006 6.351100e+000
195 15 1469.24 0.25 0.950000 8 -1.0 11004        1397.001 175 5.409013e-006 2.933449e-006 5.409013e+000 2.373657e+000 15     8.342462e-006 7.782670e+000
195 15 1174.84 0.40 0.950000 8 -1.0 4622        1121.033 157 3.977626e-006 3.889417e-006 3.977626e+000 3.182373e+000 11     7.867043e-006 7.159999e+000
195 15 1370.99 0.30 0.950000 8 -1.0 14931        1303.533 169 5.367867e-006 2.289246e-006 5.367866e+000 2.341919e+000 15     7.657113e-006 7.709785e+000
195 15 1273.05 0.35 0.950000 8 -1.0 12304        1210.700 160 5.060671e-006 3.179753e-006 5.060671e+000 2.951660e+000 14     8.240424e-006 8.012331e+000
195 15 1174.84 0.40 0.950000 8 -1.0 14593        1117.319 156 3.236460e-006 5.277794e-006 3.236459e+000 2.998047e+000 15     8.514254e-006 6.234506e+000
195 15 1012.36 0.48 0.950000 8 -1.0 11402        962.287 138 3.327714e-006 2.257345e-006 3.327714e+000 3.055420e+000 12     5.585060e-006 6.383134e+000
195 15 1370.99 0.30 0.950000 8 -1.0 9839        1302.959 170 5.031342e-006 3.052387e-006 5.031342e+000 2.574463e+000 15     8.083730e-006 7.605805e+000
195 15 1273.05 0.35 0.950000 8 -1.0 10407        1209.813 162 4.609775e-006 2.902216e-006 4.609774e+000 2.424316e+000 12     7.511991e-006 7.034091e+000
195 15 1012.36 0.48 0.950000 8 -1.0 4921        962.987 138 3.529532e-006 2.553180e-006 3.529532e+000 2.380371e+000 14     6.082711e-006 5.909903e+000
195 15 1174.84 0.40 0.950000 8 -1.0 4729        1119.567 153 4.087507e-006 2.985404e-006 4.087507e+000 2.456055e+000 11     7.072911e-006 6.543561e+000
195 15 1469.24 0.25 0.950000 8 -1.0 12096        1396.222 175 5.283716e-006 3.132887e-006 5.283716e+000 2.656860e+000 15     8.416604e-006 7.940576e+000
195 15 1012.36 0.48 0.950000 8 -1.0 13487        961.803 134 3.236684e-006 2.570352e-006 3.236684e+000 2.343750e+000 11     5.807036e-006 5.580434e+000
195 15 1174.84 0.40 0.950000 8 -1.0 12949        1116.766 152 3.981443e-006 3.068096e-006 3.981442e+000 2.608032e+000 12     7.049539e-006 6.589475e+000
195 15 1469.24 0.25 0.950000 8 -1.0 14081        1396.531 174 5.572656e-006 3.515136e-006 5.572656e+000 2.625732e+000 15     9.087792e-006 8.198388e+000
195 15 1370.99 0.30 0.950000 8 -1.0 9853        1306.050 168 5.504214e-006 2.499122e-006 5.504214e+000 2.201538e+000 15     8.003336e-006 7.705752e+000
195 15 1273.05 0.35 0.950000 8 -1.0 14144        1209.895 164 5.125694e-006 2.562075e-006 5.125694e+000 2.294312e+000 15     7.687769e-006 7.420005e+000
195 15 1012.36 0.48 0.950000 8 -1.0 4608        962.982 139 3.753574e-006 3.723158e-006 3.753573e+000 2.032471e+000 13     7.476732e-006 5.786044e+000
195 15 1370.99 0.30 0.950000 8 -1.0 13821        1304.773 172 6.081354e-006 2.351243e-006 6.081354e+000 2.345581e+000 14     8.432598e-006 8.426935e+000
195 15 1273.05 0.35 0.950000 8 -1.0 7419        1214.428 164 5.766869e-006 2.645255e-006 5.766869e+000 2.124023e+000 14     8.412124e-006 7.890892e+000
195 15 1012.36 0.48 0.950000 8 -1.0 4006        962.286 136 2.708049e-006 2.973012e-006 2.708049e+000 3.104248e+000 8     5.681060e-006 5.812297e+000
195 15 1469.24 0.25 0.950000 8 -1.0 11346        1396.320 175 5.790648e-006 2.695323e-006 5.790648e+000 2.940674e+000 15     8.485971e-006 8.731322e+000
195 15 1012.36 0.48 0.950000 8 -1.0 1489        966.226 143 3.614961e-006 2.764529e-006 3.614961e+000 2.564087e+000 12     6.379490e-006 6.179047e+000
195 15 1370.99 0.30 0.950000 8 -1.0 14996        1304.053 169 4.915188e-006 3.401949e-006 4.915188e+000 2.717285e+000 13     8.317137e-006 7.632473e+000
195 15 1469.24 0.25 0.950000 8 -1.0 14057        1396.415 176 4.595104e-006 3.566001e-006 4.595104e+000 3.133545e+000 14     8.161105e-006 7.728649e+000
195 15 1370.99 0.30 0.950000 8 -1.0 6176        1305.038 171 4.859753e-006 3.451608e-006 4.859753e+000 2.811279e+000 14     8.311361e-006 7.671032e+000
