195
16
1.000000e-03
2.125620e-314
98
5000
2.477380e+00
2.000732e+00
2.477380e-06
  inf
1 0 0 0 0 0 0 0 0 0 0 0 0 0 0 0 0 0 0 0 0 0 0 0 0 0 0 0 0 0 0 1 0 0 0 0 0 0 0 0 0 1 0 1 0 0 0 0 0 0 0 0 0 0 0 0 0 0 0 1 0 0 0 0 0 0 0 0 0 0 0 0 0 0 0 0 0 0 0 0 0 0 0 0 0 0 0 0 0 0 1 0 0 0 0 0 0 0 0 1 0 1 0 0 0 0 0 0 0 0 1 0 0 0 1 0 0 1 0 0 0 0 0 1 0 1 0 0 0 0 0 0 0 1 0 0 0 0 0 0 0 0 1 0 1 0 0 0 1 0 0 0 0 0 0 0 1 1 0 1 0 0 1 0 0 0 0 0 0 0 0 0 0 0 0 0 0 0 0 0 0 0 0 0 0 0 0 1 0 0 0 0 1 0 0 
0 0 0 0 0 0 0 0 0 0 0 0 0 0 0 0 0 0 0 0 0 0 0 0 0 1 0 0 0 0 0 0 0 0 0 0 0 0 0 0 0 0 0 0 0 0 0 0 0 0 0 0 0 0 0 0 0 0 0 0 0 0 0 0 0 0 0 0 0 0 0 0 0 0 0 0 0 0 0 0 0 0 1 0 0 0 0 0 0 0 0 0 0 0 0 0 0 0 0 0 0 0 0 0 0 0 0 0 0 0 0 0 0 0 0 0 0 0 0 0 0 0 0 0 0 0 0 0 0 0 0 0 0 0 0 0 0 0 0 0 0 0 0 0 0 0 0 0 0 0 0 0 0 0 0 0 0 0 0 0 0 0 0 0 1 0 0 0 0 0 0 0 0 0 0 0 0 0 0 0 0 0 0 0 0 0 0 0 0 0 0 0 0 0 0 
0 0 0 0 0 0 0 0 0 0 0 0 0 0 0 0 0 0 0 0 0 0 0 0 0 0 0 0 0 0 0 0 0 0 0 0 0 0 0 0 0 0 0 0 0 0 0 0 0 0 0 0 0 0 0 0 0 0 0 0 0 0 0 1 0 0 0 0 0 0 0 0 0 0 1 0 0 0 0 0 0 0 0 0 0 0 0 0 0 0 0 0 0 0 0 0 0 0 0 0 0 0 0 0 0 0 0 0 0 0 0 0 0 0 0 0 0 0 0 0 0 0 0 0 0 0 0 0 0 0 0 0 0 0 0 0 0 0 0 0 0 0 0 0 0 0 0 0 0 0 0 0 0 0 0 0 0 0 0 0 0 0 0 0 0 0 0 0 0 0 0 0 0 0 0 0 0 0 0 0 0 0 0 0 0 0 0 0 0 0 0 0 0 0 0 
0 0 1 1 0 0 0 0 0 0 0 0 0 0 0 0 0 0 0 0 0 0 0 0 0 0 0 0 0 1 0 0 0 0 0 0 0 0 0 0 0 0 0 0 0 0 0 0 0 0 0 0 0 0 0 0 0 0 0 0 0 0 0 0 0 0 0 0 0 0 0 0 0 1 0 0 0 0 0 0 0 0 0 0 0 0 0 0 0 0 0 1 0 0 0 0 1 0 0 0 0 0 0 0 0 0 0 0 0 0 0 0 0 0 0 0 0 0 0 1 0 0 0 0 0 0 0 0 0 0 0 0 0 0 0 1 0 0 0 1 0 0 0 0 0 1 0 0 0 0 0 0 1 0 0 0 0 0 0 0 0 0 0 0 0 0 0 0 0 0 0 0 0 0 1 0 0 0 0 0 0 1 0 0 0 0 0 0 0 0 1 0 0 0 0 
0 0 0 0 0 0 0 0 0 0 0 0 0 0 0 0 0 0 0 0 0 0 0 0 0 0 0 0 0 0 0 0 0 0 0 0 0 0 0 0 0 0 0 0 0 0 0 1 0 0 0 0 0 0 0 0 0 0 0 0 0 0 0 0 0 0 0 0 0 0 0 0 0 0 0 0 0 0 0 0 0 0 0 0 0 0 0 0 0 0 0 0 0 0 0 0 0 0 0 0 0 0 0 0 0 0 0 0 0 0 0 0 0 0 0 0 0 0 0 0 1 0 0 0 0 0 0 0 0 0 0 0 0 0 0 0 0 0 0 0 0 0 0 0 0 0 0 0 0 0 0 0 0 0 0 0 0 0 0 0 0 0 0 0 0 0 0 0 0 0 0 0 0 0 0 1 0 0 0 0 0 0 0 0 0 0 0 0 0 0 0 0 0 0 0 
0 0 0 0 0 1 0 1 0 1 0 0 0 0 0 0 0 1 0 0 1 0 0 0 0 0 1 0 0 0 0 0 0 0 0 0 1 1 0 0 0 0 0 0 0 0 1 0 0 0 0 0 0 0 1 0 0 0 0 0 0 0 0 0 1 0 0 0 0 1 0 1 1 0 0 0 0 1 0 1 0 1 0 1 0 0 0 1 1 0 0 0 0 0 0 1 0 0 0 0 1 0 0 0 1 1 0 0 0 0 0 0 0 0 0 0 0 0 0 0 0 0 0 0 0 0 0 0 1 0 0 0 0 0 0 0 0 0 0 0 0 0 0 0 0 0 0 0 0 0 0 0 0 0 0 0 0 0 0 0 1 0 0 0 0 0 0 0 1 0 0 0 0 0 0 0 0 0 0 0 0 0 0 0 0 0 0 0 0 0 0 0 0 0 0 
0 0 0 0 0 0 0 0 0 0 0 0 0 0 0 0 0 0 0 0 0 0 0 0 0 0 0 0 0 0 0 0 0 0 0 0 0 0 0 0 0 0 0 0 0 0 0 0 0 0 0 0 0 0 0 0 0 0 0 0 0 0 0 0 0 0 0 0 0 0 0 0 0 0 0 0 0 0 0 0 0 0 0 0 0 0 0 0 0 0 0 0 0 0 0 0 0 0 0 0 0 0 0 0 0 0 0 0 0 0 0 0 0 0 0 0 0 0 0 0 0 0 0 0 0 0 0 0 0 0 0 0 0 0 0 0 0 0 0 0 0 0 0 0 0 0 0 0 0 0 0 0 0 0 0 0 0 0 0 0 0 0 0 0 0 0 0 0 0 0 0 0 0 0 0 0 0 0 0 0 0 0 0 0 0 0 0 0 0 0 0 0 0 0 0 
0 0 0 0 0 0 0 0 0 0 0 0 0 0 0 0 0 0 0 0 0 0 0 0 0 0 0 0 0 0 0 0 0 0 0 0 0 0 0 0 0 0 0 0 0 0 0 0 0 0 0 0 0 0 0 0 0 0 0 0 0 0 0 0 0 0 0 0 0 0 0 0 0 0 0 0 0 0 0 0 0 0 0 0 0 0 0 0 0 0 0 0 0 0 0 0 0 0 0 0 0 0 0 0 0 0 0 0 0 0 0 0 0 0 0 0 0 0 0 0 0 0 0 0 0 0 0 0 0 0 0 0 0 0 0 0 0 0 0 0 0 0 0 0 0 0 0 0 0 0 0 0 0 0 0 0 0 0 0 0 0 0 0 0 0 0 0 0 0 0 0 0 0 0 0 0 0 0 0 0 0 0 0 0 0 0 0 0 0 0 0 0 0 0 0 
0 0 0 0 0 0 0 0 0 0 0 0 0 0 0 0 0 0 0 0 0 0 0 0 0 0 0 0 0 0 0 0 0 0 0 0 0 0 0 0 0 0 0 0 0 0 0 0 0 0 0 0 0 0 0 0 0 0 0 0 0 0 0 0 0 0 0 0 0 0 0 0 0 0 0 0 0 0 0 0 0 0 0 0 0 0 0 0 0 0 0 0 0 0 0 0 0 0 0 0 0 0 0 0 0 0 0 0 0 0 0 0 0 0 0 0 0 0 0 0 0 0 0 0 0 0 0 0 0 0 0 0 0 0 0 0 0 0 0 0 0 0 0 0 0 0 0 0 0 0 0 0 0 0 0 0 0 0 0 0 0 0 0 0 0 0 0 0 0 0 0 0 0 0 0 0 0 0 0 0 0 0 0 0 0 0 0 0 0 0 0 0 0 0 0 
0 0 0 0 0 0 0 0 1 0 0 1 0 0 0 0 0 0 0 0 0 1 0 0 0 0 0 0 0 0 0 0 0 0 0 0 0 0 0 0 0 0 0 0 0 0 0 0 1 0 0 0 0 0 0 1 0 1 0 0 0 0 0 0 0 0 1 0 0 0 0 0 0 0 0 0 0 0 1 0 0 0 0 0 1 0 0 0 0 0 0 0 0 0 1 0 0 0 0 0 0 0 0 0 0 0 0 0 0 0 0 0 1 0 0 0 0 0 0 0 0 1 0 0 0 0 0 0 0 0 0 0 0 0 0 0 0 0 0 0 0 0 0 0 0 0 0 0 0 0 1 0 0 0 0 0 0 0 0 0 0 0 0 0 0 0 0 0 0 0 0 0 0 0 0 0 1 0 0 0 0 0 0 0 1 0 1 0 1 0 0 1 0 0 0 
0 0 0 0 0 0 0 0 0 0 0 0 0 0 0 0 0 0 0 0 0 0 0 0 0 0 0 0 0 0 0 0 0 0 0 0 0 0 0 0 0 0 0 0 0 0 0 0 0 0 0 0 0 0 0 0 0 0 0 0 0 0 0 0 0 0 0 0 0 0 0 0 0 0 0 0 0 0 0 0 0 0 0 0 0 0 0 0 0 0 0 0 0 0 0 0 0 0 0 0 0 0 0 0 0 0 0 0 0 0 0 0 0 0 0 0 0 0 0 0 0 0 0 0 0 0 0 0 0 0 0 0 0 0 0 0 0 0 0 0 0 0 0 0 0 0 0 0 0 0 0 0 0 0 0 0 0 0 0 0 0 0 0 0 0 0 0 0 0 0 0 0 0 0 0 0 0 0 0 0 0 0 0 0 0 0 0 0 0 0 0 0 0 0 0 
0 0 0 0 0 0 0 0 0 0 0 0 0 0 0 0 0 0 0 0 0 0 0 0 0 0 0 0 0 0 0 0 0 0 0 0 0 0 0 0 0 0 0 0 0 0 0 0 0 0 0 0 0 0 0 0 0 0 0 0 0 0 0 0 0 0 0 0 0 0 0 0 0 0 0 0 0 0 0 0 0 0 0 0 0 0 0 0 0 0 0 0 0 0 0 0 0 0 0 0 0 0 0 0 0 0 0 0 0 0 0 0 0 0 0 0 0 0 0 0 0 0 0 0 0 0 0 0 0 0 0 0 0 0 0 0 0 0 0 0 0 0 0 0 0 0 0 0 0 0 0 0 0 0 0 0 0 0 0 0 0 0 0 0 0 0 0 0 0 0 0 0 0 0 0 0 0 0 0 0 0 0 0 0 0 0 0 0 0 0 0 0 0 0 0 
0 0 0 0 0 0 0 0 0 0 0 0 0 0 0 0 0 0 0 0 0 0 0 0 0 0 0 0 0 0 0 0 0 0 0 0 0 0 0 0 0 0 0 0 0 0 0 0 0 0 0 0 0 0 0 0 0 0 0 0 0 0 0 0 0 0 0 0 0 0 0 0 0 0 0 0 0 0 0 0 0 0 0 0 0 0 0 0 0 0 0 0 0 0 0 0 0 0 0 0 0 0 0 0 0 0 0 0 0 0 0 0 0 0 0 0 0 0 0 0 0 0 0 0 0 0 0 0 0 0 0 0 0 0 0 0 0 0 0 0 0 0 0 0 0 0 0 0 0 0 0 0 0 0 0 0 0 0 0 0 0 0 0 0 0 0 0 0 0 0 0 0 0 0 0 0 0 0 0 0 0 0 0 0 0 0 0 0 0 0 0 0 0 0 0 
0 0 0 0 0 0 0 0 0 0 0 0 0 0 0 0 0 0 0 0 0 0 0 0 0 0 0 0 0 0 0 0 0 0 0 0 0 0 0 0 0 0 0 0 0 0 0 0 0 0 0 0 0 0 0 0 0 0 0 0 0 0 0 0 0 0 0 0 0 0 0 0 0 0 0 0 0 0 0 0 0 0 0 0 0 0 0 0 0 0 0 0 0 0 0 0 0 0 0 0 0 0 0 0 0 0 0 0 0 0 0 0 0 0 0 0 0 0 0 0 0 0 0 0 0 0 0 0 0 0 0 0 0 0 0 0 0 0 0 0 0 0 0 0 0 0 0 0 0 0 0 0 0 0 0 0 0 0 0 0 0 0 0 0 0 0 0 0 0 0 0 0 0 0 0 0 0 0 0 0 0 0 0 0 0 0 0 0 0 0 0 0 0 0 0 
0 0 0 0 0 0 0 0 0 0 0 0 0 0 0 0 0 0 0 0 0 0 0 0 0 0 0 0 0 0 0 0 0 0 0 0 0 0 0 0 0 0 0 0 0 0 0 0 0 0 0 0 0 0 0 0 0 0 0 0 0 0 0 0 0 0 0 0 0 0 0 0 0 0 0 0 0 0 0 0 0 0 0 0 0 0 0 0 0 0 0 0 0 0 0 0 0 0 0 0 0 0 0 0 0 0 0 0 0 0 0 0 0 0 0 0 0 0 0 0 0 0 0 0 0 0 0 0 0 0 0 0 0 0 0 0 0 0 0 0 0 0 0 0 0 0 0 0 0 0 0 0 0 0 0 0 0 0 0 0 0 0 0 0 0 0 0 0 0 0 0 0 0 0 0 0 0 0 0 0 0 0 0 0 0 0 0 0 0 0 0 0 0 0 0 
0 0 0 0 0 0 0 0 0 0 0 0 0 0 0 0 0 0 1 0 0 0 0 0 0 0 0 0 0 0 0 0 0 1 0 1 0 0 0 0 0 0 0 0 0 0 0 0 0 1 0 1 0 0 0 0 0 0 0 0 0 0 0 0 0 0 0 0 1 0 0 0 0 0 0 0 0 0 0 0 0 0 0 0 0 0 0 0 0 0 0 0 0 0 0 0 0 0 0 0 0 0 0 0 0 0 1 0 0 0 0 0 0 0 0 0 0 0 0 0 0 0 1 0 0 0 0 1 0 1 1 0 1 0 1 0 1 1 0 0 0 0 0 0 0 0 1 0 0 1 0 0 0 0 0 0 0 0 0 0 0 0 0 0 0 1 0 0 0 0 0 0 1 0 0 0 0 1 1 1 0 0 0 0 0 0 0 0 0 1 0 0 0 0 1 
145 26 75 30 48 70 0 0 0 56 0 0 0 0 0 123 
8.233005E-05 0.000000E+00 2.538417E-06 4.797903E-05 0.000000E+00 6.245214E-05 0.000000E+00 2.009437E-06 1.122976E-07 1.223443E-04 0.000000E+00 2.166503E-04 0.000000E+00 0.000000E+00 0.000000E+00 0.000000E+00 0.000000E+00 3.013413E-07 3.309126E-04 0.000000E+00 1.191123E-05 2.564691E-04 0.000000E+00 0.000000E+00 0.000000E+00 0.000000E+00 5.731373E-05 0.000000E+00 0.000000E+00 0.000000E+00 0.000000E+00 5.225336E-06 0.000000E+00 9.043647E-05 0.000000E+00 1.088196E-04 2.489735E-04 1.991357E-04 0.000000E+00 0.000000E+00 0.000000E+00 2.404901E-05 0.000000E+00 9.993638E-06 0.000000E+00 0.000000E+00 2.047483E-05 0.000000E+00 1.682649E-05 2.213073E-06 0.000000E+00 2.738086E-04 0.000000E+00 0.000000E+00 8.974597E-04 0.000000E+00 0.000000E+00 3.023677E-06 0.000000E+00 8.311026E-07 0.000000E+00 0.000000E+00 0.000000E+00 1.891537E-07 6.526224E-04 0.000000E+00 1.023692E-05 0.000000E+00 1.945943E-04 0.000000E+00 0.000000E+00 5.086940E-06 6.623825E-04 9.830932E-05 0.000000E+00 0.000000E+00 0.000000E+00 2.402769E-05 9.106839E-05 3.664181E-04 0.000000E+00 2.180889E-05 6.891866E-05 7.924881E-05 4.662306E-06 0.000000E+00 0.000000E+00 8.453106E-06 5.506445E-05 0.000000E+00 1.005854E-06 1.230576E-04 0.000000E+00 0.000000E+00 2.695911E-05 2.503920E-05 6.529629E-04 0.000000E+00 0.000000E+00 9.812608E-04 2.627420E-04 1.202222E-06 0.000000E+00 0.000000E+00 4.770772E-05 1.446119E-07 1.138050E-04 0.000000E+00 0.000000E+00 0.000000E+00 1.238404E-05 0.000000E+00 1.245138E-04 0.000000E+00 9.991935E-04 0.000000E+00 0.000000E+00 1.090697E-04 0.000000E+00 9.101103E-06 2.349352E-08 1.472311E-04 0.000000E+00 1.240187E-04 0.000000E+00 2.010903E-06 0.000000E+00 9.729033E-04 2.352419E-05 2.227661E-04 1.151318E-06 0.000000E+00 2.938335E-04 7.699169E-06 7.786535E-05 3.480929E-05 5.652420E-04 8.162095E-05 0.000000E+00 1.124421E-05 0.000000E+00 0.000000E+00 2.731130E-05 0.000000E+00 0.000000E+00 4.320209E-05 9.691743E-07 0.000000E+00 7.790393E-09 1.568239E-05 9.874856E-05 0.000000E+00 1.879724E-04 0.000000E+00 0.000000E+00 0.000000E+00 6.998153E-04 1.002890E-04 0.000000E+00 8.556116E-04 2.249372E-04 0.000000E+00 4.270107E-05 0.000000E+00 3.022601E-05 3.276047E-04 0.000000E+00 0.000000E+00 2.707218E-05 0.000000E+00 0.000000E+00 0.000000E+00 2.214986E-04 0.000000E+00 2.291039E-06 7.427645E-08 6.904572E-04 4.876435E-07 1.125496E-06 1.544841E-04 0.000000E+00 9.655241E-06 0.000000E+00 0.000000E+00 1.182998E-04 0.000000E+00 9.804262E-04 1.670927E-05 3.078713E-04 2.827268E-04 9.183090E-06 3.292913E-09 2.914543E-06 0.000000E+00 1.014318E-04 
91 111 126 145 149 60 44 163 42 158 143 32 118 124 157 134 160 193 115 188 102 100 1 
26 83 165 
75 64 
4 136 140 182 120 175 146 30 153 3 191 74 92 97 
48 176 121 
6 8 18 27 47 72 80 84 88 96 101 105 129 70 37 10 161 169 38 82 106 78 55 73 89 21 65 
0 
0 
0 
122 12 151 192 9 56 49 79 189 22 58 95 113 85 177 67 185 187 
0 
0 
0 
0 
0 
50 131 147 150 179 178 123 34 180 69 52 36 190 107 195 130 19 135 133 137 166 173 128 138 

============Find Best @ Round 1976================
==========Cluster 0, RcvInterf=1.14245e-14============
Node 90, SINR:5.30245e-01, BpsHz:2.78983e-02
Node 110, SINR:5.30245e-01, BpsHz:2.78983e-02
Node 125, SINR:5.30245e-01, BpsHz:2.78983e-02
Node 144, SINR:0.00000e+00, BpsHz:0.00000e+00
Node 148, SINR:5.30245e-01, BpsHz:2.78983e-02
Node 59, SINR:5.30245e-01, BpsHz:2.78983e-02
Node 43, SINR:5.30245e-01, BpsHz:2.78983e-02
Node 162, SINR:5.30245e-01, BpsHz:2.78983e-02
Node 41, SINR:5.30245e-01, BpsHz:2.78983e-02
Node 157, SINR:5.30245e-01, BpsHz:2.78983e-02
Node 142, SINR:5.30245e-01, BpsHz:2.78983e-02
Node 31, SINR:5.30245e-01, BpsHz:2.78983e-02
Node 117, SINR:5.30245e-01, BpsHz:2.78983e-02
Node 123, SINR:5.30245e-01, BpsHz:2.78983e-02
Node 156, SINR:5.30245e-01, BpsHz:2.78983e-02
Node 133, SINR:5.30245e-01, BpsHz:2.78983e-02
Node 159, SINR:5.30245e-01, BpsHz:2.78983e-02
Node 192, SINR:5.30245e-01, BpsHz:2.78983e-02
Node 114, SINR:5.30245e-01, BpsHz:2.78983e-02
Node 187, SINR:5.30245e-01, BpsHz:2.78983e-02
Node 101, SINR:5.30245e-01, BpsHz:2.78983e-02
Node 99, SINR:5.30245e-01, BpsHz:2.78983e-02
Node 0, SINR:5.30245e-01, BpsHz:2.78983e-02
---------------
==========Cluster 1, RcvInterf=2.67209e-14============
Node 25, SINR:0.00000e+00, BpsHz:0.00000e+00
Node 82, SINR:3.94329e-02, BpsHz:2.78983e-02
Node 164, SINR:3.94329e-02, BpsHz:2.78983e-02
---------------
==========Cluster 2, RcvInterf=1.38306e-14============
Node 74, SINR:0.00000e+00, BpsHz:0.00000e+00
Node 63, SINR:1.95259e-02, BpsHz:2.78984e-02
---------------
==========Cluster 3, RcvInterf=2.42100e-14============
Node 3, SINR:2.85811e-01, BpsHz:2.78983e-02
Node 135, SINR:2.85811e-01, BpsHz:2.78983e-02
Node 139, SINR:2.85811e-01, BpsHz:2.78983e-02
Node 181, SINR:2.85811e-01, BpsHz:2.78983e-02
Node 119, SINR:2.85811e-01, BpsHz:2.78983e-02
Node 174, SINR:2.85811e-01, BpsHz:2.78983e-02
Node 145, SINR:2.85811e-01, BpsHz:2.78983e-02
Node 29, SINR:0.00000e+00, BpsHz:0.00000e+00
Node 152, SINR:2.85811e-01, BpsHz:2.78983e-02
Node 2, SINR:2.85811e-01, BpsHz:2.78983e-02
Node 190, SINR:2.85811e-01, BpsHz:2.78983e-02
Node 73, SINR:2.85811e-01, BpsHz:2.78983e-02
Node 91, SINR:2.85811e-01, BpsHz:2.78983e-02
Node 96, SINR:2.85811e-01, BpsHz:2.78983e-02
---------------
==========Cluster 4, RcvInterf=3.28321e-14============
Node 47, SINR:0.00000e+00, BpsHz:0.00000e+00
Node 175, SINR:3.94329e-02, BpsHz:2.78983e-02
Node 120, SINR:3.94329e-02, BpsHz:2.78983e-02
---------------
==========Cluster 5, RcvInterf=1.11634e-14============
Node 5, SINR:6.53309e-01, BpsHz:2.78983e-02
Node 7, SINR:6.53309e-01, BpsHz:2.78983e-02
Node 17, SINR:6.53309e-01, BpsHz:2.78983e-02
Node 26, SINR:6.53309e-01, BpsHz:2.78983e-02
Node 46, SINR:6.53309e-01, BpsHz:2.78983e-02
Node 71, SINR:6.53309e-01, BpsHz:2.78983e-02
Node 79, SINR:6.53309e-01, BpsHz:2.78983e-02
Node 83, SINR:6.53309e-01, BpsHz:2.78983e-02
Node 87, SINR:6.53309e-01, BpsHz:2.78983e-02
Node 95, SINR:6.53309e-01, BpsHz:2.78983e-02
Node 100, SINR:6.53309e-01, BpsHz:2.78983e-02
Node 104, SINR:6.53309e-01, BpsHz:2.78983e-02
Node 128, SINR:6.53309e-01, BpsHz:2.78983e-02
Node 69, SINR:0.00000e+00, BpsHz:0.00000e+00
Node 36, SINR:6.53309e-01, BpsHz:2.78983e-02
Node 9, SINR:6.53309e-01, BpsHz:2.78983e-02
Node 160, SINR:6.53309e-01, BpsHz:2.78983e-02
Node 168, SINR:6.53309e-01, BpsHz:2.78983e-02
Node 37, SINR:6.53309e-01, BpsHz:2.78983e-02
Node 81, SINR:6.53309e-01, BpsHz:2.78983e-02
Node 105, SINR:6.53309e-01, BpsHz:2.78983e-02
Node 77, SINR:6.53309e-01, BpsHz:2.78983e-02
Node 54, SINR:6.53309e-01, BpsHz:2.78983e-02
Node 72, SINR:6.53309e-01, BpsHz:2.78983e-02
Node 88, SINR:6.53309e-01, BpsHz:2.78983e-02
Node 20, SINR:6.53309e-01, BpsHz:2.78983e-02
Node 64, SINR:6.53309e-01, BpsHz:2.78983e-02
---------------
==========Cluster 6, RcvInterf=1.23750e-14============
Node -1, SINR:3.32941e-311, BpsHz:3.32941e-311
---------------
==========Cluster 7, RcvInterf=5.95255e-15============
Node -1, SINR:3.32941e-311, BpsHz:3.32941e-311
---------------
==========Cluster 8, RcvInterf=6.68359e-15============
Node -1, SINR:3.32941e-311, BpsHz:3.32941e-311
---------------
==========Cluster 9, RcvInterf=1.41937e-14============
Node 121, SINR:3.89217e-01, BpsHz:2.78983e-02
Node 11, SINR:3.89217e-01, BpsHz:2.78983e-02
Node 150, SINR:3.89217e-01, BpsHz:2.78983e-02
Node 191, SINR:3.89217e-01, BpsHz:2.78983e-02
Node 8, SINR:3.89217e-01, BpsHz:2.78983e-02
Node 55, SINR:0.00000e+00, BpsHz:0.00000e+00
Node 48, SINR:3.89217e-01, BpsHz:2.78983e-02
Node 78, SINR:3.89217e-01, BpsHz:2.78983e-02
Node 188, SINR:3.89217e-01, BpsHz:2.78983e-02
Node 21, SINR:3.89217e-01, BpsHz:2.78983e-02
Node 57, SINR:3.89217e-01, BpsHz:2.78983e-02
Node 94, SINR:3.89217e-01, BpsHz:2.78983e-02
Node 112, SINR:3.89217e-01, BpsHz:2.78983e-02
Node 84, SINR:3.89217e-01, BpsHz:2.78983e-02
Node 176, SINR:3.89217e-01, BpsHz:2.78983e-02
Node 66, SINR:3.89217e-01, BpsHz:2.78983e-02
Node 184, SINR:3.89217e-01, BpsHz:2.78983e-02
Node 186, SINR:3.89217e-01, BpsHz:2.78983e-02
---------------
==========Cluster 10, RcvInterf=4.13031e-14============
Node -1, SINR:3.32941e-311, BpsHz:3.32941e-311
---------------
==========Cluster 11, RcvInterf=9.16272e-15============
Node -1, SINR:3.32941e-311, BpsHz:3.32941e-311
---------------
==========Cluster 12, RcvInterf=3.59645e-14============
Node -1, SINR:3.32941e-311, BpsHz:3.32941e-311
---------------
==========Cluster 13, RcvInterf=1.30517e-14============
Node -1, SINR:3.32941e-311, BpsHz:3.32941e-311
---------------
==========Cluster 14, RcvInterf=1.82247e-14============
Node -1, SINR:3.32941e-311, BpsHz:3.32941e-311
---------------
==========Cluster 15, RcvInterf=5.56307e-14============
Node 49, SINR:5.60125e-01, BpsHz:2.78983e-02
Node 130, SINR:5.60125e-01, BpsHz:2.78983e-02
Node 146, SINR:5.60125e-01, BpsHz:2.78983e-02
Node 149, SINR:5.60125e-01, BpsHz:2.78983e-02
Node 178, SINR:5.60125e-01, BpsHz:2.78983e-02
Node 177, SINR:5.60125e-01, BpsHz:2.78983e-02
Node 122, SINR:0.00000e+00, BpsHz:0.00000e+00
Node 33, SINR:5.60125e-01, BpsHz:2.78983e-02
Node 179, SINR:5.60125e-01, BpsHz:2.78983e-02
Node 68, SINR:5.60125e-01, BpsHz:2.78983e-02
Node 51, SINR:5.60125e-01, BpsHz:2.78983e-02
Node 35, SINR:5.60125e-01, BpsHz:2.78983e-02
Node 189, SINR:5.60125e-01, BpsHz:2.78983e-02
Node 106, SINR:5.60125e-01, BpsHz:2.78983e-02
Node 194, SINR:5.60125e-01, BpsHz:2.78983e-02
Node 129, SINR:5.60125e-01, BpsHz:2.78983e-02
Node 18, SINR:5.60125e-01, BpsHz:2.78983e-02
Node 134, SINR:5.60125e-01, BpsHz:2.78983e-02
Node 132, SINR:5.60125e-01, BpsHz:2.78983e-02
Node 136, SINR:5.60125e-01, BpsHz:2.78983e-02
Node 165, SINR:5.60125e-01, BpsHz:2.78983e-02
Node 172, SINR:5.60125e-01, BpsHz:2.78983e-02
Node 127, SINR:5.60125e-01, BpsHz:2.78983e-02
Node 137, SINR:5.60125e-01, BpsHz:2.78983e-02
---------------
