195
16
1.000000e-03
2.125620e-314
102
5000
2.154252e+00
2.745361e+00
2.154252e-06
  inf
0 0 0 0 0 0 0 0 0 0 0 0 0 0 0 0 0 0 0 0 0 0 0 0 0 0 0 0 0 0 0 0 0 0 0 0 0 0 0 0 0 0 0 0 0 0 0 0 0 0 0 0 0 0 0 0 0 0 0 0 0 0 0 0 0 0 0 0 0 0 0 0 0 0 0 0 0 0 0 0 0 0 0 0 0 0 0 0 0 0 0 0 0 0 0 0 0 0 0 0 0 0 0 0 0 0 0 0 0 0 0 0 0 0 0 0 0 0 0 0 0 0 0 0 0 0 0 0 0 0 0 0 0 0 0 0 0 0 0 0 0 0 0 0 0 0 0 0 0 0 0 0 0 0 0 0 0 0 0 0 0 0 0 0 0 0 0 0 0 0 0 0 0 0 0 0 0 0 0 0 0 0 0 0 0 0 0 0 0 0 0 0 0 0 0 
0 1 0 0 0 0 0 0 1 0 0 1 0 0 0 0 0 0 0 0 0 1 0 0 0 0 0 0 0 0 0 0 0 0 0 0 0 0 0 0 0 0 0 0 0 0 0 0 1 0 1 0 0 0 0 1 0 1 0 0 0 0 0 0 0 0 0 0 0 0 0 0 0 0 0 0 0 0 1 0 0 0 0 0 1 0 0 0 0 0 0 0 0 0 1 0 0 0 0 0 0 0 0 0 0 0 0 0 0 0 0 0 1 0 0 0 0 0 0 0 0 0 0 0 1 0 0 0 0 0 0 0 0 0 0 0 0 0 0 0 0 0 0 0 0 0 0 1 0 0 1 0 0 0 0 0 0 0 0 0 0 0 0 1 0 0 0 0 0 0 0 0 0 0 0 0 1 0 0 0 0 0 0 1 0 0 0 0 1 0 0 1 0 0 0 
0 0 0 0 0 0 0 0 0 0 0 0 0 0 0 0 0 0 0 0 0 0 0 0 0 0 0 0 0 0 0 0 0 0 0 0 0 0 0 0 0 0 0 0 0 0 0 0 0 0 0 0 1 0 0 0 0 0 0 0 0 0 0 0 0 0 0 0 0 0 0 0 0 0 0 0 0 0 0 0 0 0 0 0 0 0 0 0 0 0 0 0 0 0 0 0 0 0 0 0 0 0 0 0 0 0 0 0 0 0 0 0 0 0 0 0 0 0 0 0 0 0 0 0 0 0 0 0 0 0 0 0 0 0 0 0 0 0 0 0 0 0 0 0 0 0 0 0 0 0 0 0 0 0 0 0 0 0 0 0 0 0 0 0 0 0 0 0 0 0 0 0 0 0 0 0 0 0 0 0 0 0 0 0 0 0 0 0 0 0 0 0 0 0 0 
0 0 1 1 0 0 0 0 0 0 0 0 0 0 0 0 0 0 0 0 0 0 0 1 0 0 0 1 0 0 0 0 0 0 0 0 0 0 0 0 0 0 1 0 0 0 0 0 0 0 0 0 0 0 0 0 1 0 0 0 0 1 0 0 0 0 0 0 0 0 0 0 0 0 0 0 0 0 0 0 0 0 0 0 0 0 0 0 0 0 0 0 0 0 0 0 1 0 0 0 0 0 0 0 0 0 0 1 0 0 0 0 0 1 0 0 1 0 0 1 0 0 0 0 0 0 0 1 0 0 0 0 0 0 0 0 0 1 0 0 0 0 0 0 0 1 0 0 0 0 0 0 0 0 0 0 0 0 0 0 0 0 0 0 0 0 0 0 0 1 0 0 0 1 1 0 0 0 0 0 1 0 0 0 0 0 0 0 0 0 1 0 0 0 0 
0 0 0 0 0 0 0 0 0 0 0 0 0 0 0 0 0 0 0 0 0 0 0 0 0 0 0 0 0 0 0 0 0 0 0 0 0 0 0 0 0 0 0 0 0 0 0 0 0 0 0 0 0 0 0 0 0 0 0 0 0 0 0 0 0 0 0 0 0 0 0 0 0 0 0 0 0 0 0 0 0 0 0 0 0 0 0 0 0 0 0 0 0 0 0 0 0 0 0 0 0 0 0 0 0 0 0 0 0 0 0 0 0 0 0 0 0 0 0 0 0 0 0 0 0 0 0 0 0 0 0 0 0 0 0 0 0 0 0 0 0 0 0 0 0 0 0 0 0 0 0 0 0 0 0 0 0 0 0 0 0 0 0 0 0 0 0 0 0 0 0 0 0 0 0 0 0 0 0 0 0 0 0 0 0 0 0 0 0 0 0 0 0 0 0 
0 0 0 0 0 0 0 0 0 0 0 0 0 0 0 0 0 0 0 0 0 0 0 0 0 0 0 0 0 0 0 0 0 0 0 0 0 0 0 0 0 0 0 0 0 0 0 0 0 0 0 0 0 0 0 0 0 0 0 0 0 0 0 0 0 0 0 0 0 0 0 0 0 0 0 0 0 0 0 0 0 0 0 0 0 0 0 0 0 0 0 0 0 0 0 0 0 0 0 0 0 0 0 0 0 0 0 0 0 0 0 0 0 0 0 0 0 0 0 0 0 0 0 0 0 0 0 0 0 0 0 0 0 0 0 0 0 0 0 0 0 0 0 0 0 0 0 0 0 0 0 0 0 0 0 0 0 0 0 0 0 0 0 0 0 0 0 0 0 0 0 0 0 0 0 0 0 0 0 0 0 0 0 0 0 0 0 0 0 0 0 0 0 0 0 
0 0 0 0 0 0 0 0 0 0 0 0 0 0 0 0 0 0 0 0 0 0 0 0 0 0 0 0 0 0 0 0 0 0 0 0 0 0 0 0 0 0 0 0 0 0 0 0 0 0 0 0 0 0 0 0 0 0 0 0 0 0 0 0 0 0 0 0 0 0 0 0 0 0 0 0 0 0 0 0 0 0 0 0 0 0 0 0 0 0 0 0 0 0 0 0 0 0 0 0 0 0 0 0 0 0 0 0 0 0 0 0 0 0 0 0 0 0 0 0 0 0 0 0 0 0 0 0 0 0 0 0 0 0 0 0 0 0 0 0 0 0 0 0 0 0 0 0 0 0 0 0 0 0 0 0 0 0 0 0 0 0 0 0 0 0 0 0 0 0 0 0 0 0 0 0 0 0 0 0 0 0 0 0 0 0 0 0 0 0 0 0 0 0 0 
0 0 0 0 0 0 0 0 0 0 0 0 0 0 0 0 0 0 0 0 0 0 0 0 0 0 0 0 0 0 0 0 0 0 0 0 0 0 0 0 0 0 0 0 0 0 0 0 0 0 0 0 0 0 0 0 0 0 0 0 0 0 0 0 0 0 0 0 0 0 0 0 0 0 0 0 0 0 0 0 0 0 0 0 0 0 0 0 0 0 0 0 0 0 0 0 0 0 0 0 0 0 0 0 0 0 0 0 0 0 0 0 0 0 0 0 0 0 0 0 0 0 0 0 0 0 0 0 0 0 0 0 0 0 0 0 0 0 0 0 0 0 0 0 0 0 0 0 0 0 0 0 0 0 0 0 0 0 0 0 0 0 0 0 0 0 0 0 0 0 0 0 0 0 0 0 0 0 0 0 0 0 0 0 0 0 0 0 0 0 0 0 0 0 0 
0 0 0 0 0 0 0 0 0 0 0 0 0 0 0 0 0 0 0 0 0 0 0 0 0 0 0 0 0 0 0 0 0 0 0 0 0 0 0 0 0 0 0 0 0 0 0 0 0 0 0 0 0 0 0 0 0 0 0 0 0 0 0 0 0 0 0 0 0 0 0 0 0 0 0 0 0 0 0 0 0 0 0 0 0 0 0 0 0 0 0 0 0 0 0 0 0 0 0 0 0 0 0 0 0 0 0 0 0 0 0 0 0 0 0 0 0 0 0 0 0 0 0 0 0 0 0 0 0 0 0 0 0 0 0 0 0 0 0 0 0 0 0 0 0 0 0 0 0 0 0 0 0 0 0 0 0 0 0 0 0 0 0 0 0 0 0 0 0 0 0 0 0 0 0 0 0 0 0 0 0 0 0 0 0 0 0 0 0 0 0 0 0 0 0 
1 0 0 0 0 1 0 0 0 1 0 0 0 0 0 0 0 0 0 0 0 0 0 0 0 0 0 0 0 0 0 0 0 0 0 0 1 1 0 0 0 0 0 0 0 1 1 1 0 0 0 0 0 1 0 0 0 0 0 0 1 0 0 0 1 0 0 0 0 0 0 0 1 0 0 0 0 1 0 0 0 0 0 0 0 0 0 0 0 0 0 0 0 1 0 0 0 0 0 1 0 0 0 0 0 0 0 0 1 0 1 0 0 0 1 0 0 0 0 0 1 0 0 0 0 1 0 0 0 0 0 1 0 0 0 0 0 0 0 0 0 0 0 0 0 0 0 0 0 0 0 0 0 0 0 0 0 0 0 0 0 0 1 0 0 0 0 1 1 0 0 1 0 0 0 0 0 0 0 0 0 0 0 0 0 0 0 0 0 0 0 0 0 0 0 
0 0 0 0 0 0 0 0 0 0 0 0 0 0 0 0 0 0 0 0 0 0 0 0 0 0 0 0 0 0 0 0 0 0 0 0 0 0 0 0 0 0 0 0 0 0 0 0 0 0 0 0 0 0 0 0 0 0 0 0 0 0 0 0 0 0 0 0 0 0 0 0 0 0 0 0 0 0 0 0 0 0 0 0 0 0 0 0 0 0 0 0 0 0 0 0 0 0 0 0 0 0 0 0 0 0 0 0 0 0 0 0 0 0 0 0 0 0 0 0 0 0 0 0 0 0 0 0 0 0 0 0 0 0 0 0 0 0 0 0 0 0 0 0 0 0 0 0 0 0 0 0 0 0 0 0 0 0 0 0 0 0 0 0 0 0 0 0 0 0 0 0 0 0 0 0 0 0 0 0 0 0 0 0 0 0 0 0 0 0 0 0 0 0 0 
0 0 0 0 0 0 0 0 0 0 0 0 0 0 0 0 0 0 0 0 0 0 0 0 0 0 0 0 0 0 0 0 0 0 0 0 0 0 0 0 0 0 0 0 0 0 0 0 0 0 0 0 0 0 0 0 0 0 0 0 0 0 0 0 0 0 0 0 0 0 0 0 0 0 0 0 0 0 0 0 0 0 0 0 0 0 0 0 0 0 0 0 0 0 0 0 0 0 0 0 0 0 0 0 0 0 0 0 0 0 0 0 0 0 0 0 0 0 0 0 0 0 0 0 0 0 0 0 0 0 0 0 0 0 0 0 0 0 0 0 0 0 0 0 0 0 0 0 0 0 0 0 0 0 0 0 0 0 0 0 0 0 0 0 0 0 0 0 0 0 0 0 0 0 0 0 0 0 0 0 0 0 0 0 0 0 0 0 0 0 0 0 0 0 0 
0 0 0 0 0 0 0 0 0 0 0 0 1 0 0 0 0 0 0 0 0 0 0 0 0 1 0 0 0 0 0 0 0 0 0 0 0 0 0 0 0 0 0 0 0 0 0 0 0 0 0 0 0 0 0 0 0 0 0 0 0 0 0 0 0 0 0 0 0 0 1 0 0 0 0 0 0 0 0 0 0 0 1 0 0 0 0 0 0 1 0 0 0 0 0 0 0 0 1 0 0 0 0 0 0 0 0 0 0 0 0 0 0 0 0 0 0 1 0 0 0 0 0 0 0 0 0 0 0 0 0 0 0 1 0 0 0 0 0 0 0 0 1 0 0 0 0 0 1 0 0 1 0 1 0 0 1 0 0 0 0 0 0 0 1 0 0 0 0 0 0 0 0 0 0 0 0 0 0 0 0 0 0 0 0 0 0 1 0 0 0 0 1 0 0 
0 0 0 0 0 0 0 0 0 0 0 0 0 1 0 0 0 0 0 1 1 0 0 0 0 0 0 0 0 1 0 0 0 0 1 0 0 0 0 0 1 0 0 0 0 0 0 0 0 0 0 0 0 0 1 0 0 0 0 0 0 0 0 0 0 1 0 0 0 1 0 0 0 1 0 0 0 0 0 1 1 1 0 0 0 0 0 1 1 0 0 0 0 0 0 0 0 0 0 0 1 0 0 0 1 1 0 0 0 0 0 0 0 0 0 0 0 0 0 0 0 0 0 0 0 0 0 0 0 0 0 0 0 0 0 0 0 0 0 0 0 0 0 0 0 0 0 0 0 0 0 0 0 0 0 0 0 0 1 0 1 1 0 0 0 0 0 0 0 0 0 0 0 0 0 0 0 0 0 0 0 0 1 0 0 0 0 0 0 0 0 0 0 0 0 
0 0 0 0 0 0 0 0 0 0 0 0 0 0 0 0 0 0 1 0 0 0 0 0 0 0 0 0 0 0 0 0 0 1 0 0 0 0 0 0 0 0 0 0 0 0 0 0 0 1 0 0 0 0 0 0 0 0 1 0 0 0 0 0 0 0 0 0 0 0 0 0 0 0 0 0 0 0 0 0 0 0 0 0 0 0 0 0 0 0 0 0 0 0 0 0 0 0 0 0 0 0 0 0 0 0 0 0 0 0 0 0 0 0 0 0 0 0 0 0 0 0 1 0 0 0 0 0 0 1 1 0 1 0 0 0 0 0 0 0 0 0 0 0 0 0 1 0 0 1 0 0 0 0 0 0 0 0 0 0 0 0 0 0 0 0 0 0 0 0 0 0 0 0 0 0 0 1 1 1 0 0 0 0 0 0 0 0 0 0 0 0 0 0 1 
0 0 0 0 0 0 0 0 0 0 0 0 0 0 0 0 0 0 0 0 0 0 0 0 0 0 0 0 0 0 0 0 0 0 0 0 0 0 0 0 0 0 0 0 0 0 0 0 0 0 0 0 0 0 0 0 0 0 0 0 0 0 0 0 0 0 0 0 0 0 0 0 0 0 0 0 0 0 0 0 0 0 0 0 0 0 0 0 0 0 0 0 0 0 0 0 0 0 0 0 0 0 0 0 0 0 0 0 0 0 0 0 0 0 0 0 0 0 0 0 0 0 0 0 0 0 0 0 0 0 0 0 0 0 0 0 0 0 0 0 0 0 0 0 0 0 0 0 0 0 0 0 0 0 0 0 0 0 0 0 0 0 0 0 0 0 0 0 0 0 0 0 0 0 0 0 0 0 0 0 0 0 0 0 0 0 0 0 0 0 0 0 0 0 0 
0 192 53 191 0 0 0 0 0 172 0 0 90 35 147 0 
1.065645E-05 4.017289E-04 4.689815E-07 3.659333E-05 0.000000E+00 1.804029E-04 0.000000E+00 0.000000E+00 1.722343E-08 1.680697E-04 0.000000E+00 1.707660E-04 9.517386E-04 3.366331E-04 0.000000E+00 0.000000E+00 0.000000E+00 0.000000E+00 1.028768E-04 1.820989E-04 9.264193E-08 1.593965E-04 0.000000E+00 1.287820E-04 0.000000E+00 2.043107E-07 0.000000E+00 2.095968E-04 0.000000E+00 2.752242E-06 0.000000E+00 0.000000E+00 0.000000E+00 4.369853E-05 0.000000E+00 0.000000E+00 5.011682E-04 1.608563E-04 0.000000E+00 0.000000E+00 3.670141E-07 0.000000E+00 3.722996E-07 0.000000E+00 0.000000E+00 2.392918E-04 5.479913E-05 2.838359E-06 9.466036E-06 2.203355E-09 7.072237E-05 0.000000E+00 0.000000E+00 6.657031E-04 8.632137E-04 2.218421E-09 8.036753E-04 8.417605E-07 5.467089E-06 0.000000E+00 2.368448E-04 2.800213E-06 0.000000E+00 0.000000E+00 3.755261E-04 3.832886E-04 0.000000E+00 0.000000E+00 0.000000E+00 1.289424E-05 4.396163E-05 0.000000E+00 5.063701E-04 1.536608E-04 0.000000E+00 0.000000E+00 0.000000E+00 3.570452E-06 5.807890E-05 6.997063E-04 2.561533E-06 3.414311E-05 3.755362E-04 0.000000E+00 1.540149E-06 0.000000E+00 0.000000E+00 4.229540E-05 2.753823E-05 0.000000E+00 0.000000E+00 0.000000E+00 0.000000E+00 2.727964E-07 1.395752E-05 0.000000E+00 3.938674E-04 0.000000E+00 6.402063E-06 9.085490E-04 5.135590E-04 0.000000E+00 0.000000E+00 0.000000E+00 1.303167E-04 1.087207E-05 0.000000E+00 5.201182E-06 9.991648E-04 0.000000E+00 2.863194E-05 0.000000E+00 7.147076E-05 2.485978E-04 6.993503E-04 0.000000E+00 5.893765E-04 3.057066E-04 0.000000E+00 7.899368E-06 1.518773E-07 0.000000E+00 4.205629E-07 0.000000E+00 7.992050E-04 3.115712E-05 0.000000E+00 2.535834E-04 0.000000E+00 5.969619E-05 1.767766E-06 8.741390E-04 5.352217E-05 1.690166E-05 0.000000E+00 0.000000E+00 0.000000E+00 7.026184E-05 0.000000E+00 0.000000E+00 0.000000E+00 0.000000E+00 9.361562E-05 0.000000E+00 0.000000E+00 2.157615E-05 0.000000E+00 3.308100E-04 5.944419E-06 4.858420E-06 7.856257E-05 4.039578E-06 0.000000E+00 1.809320E-05 0.000000E+00 0.000000E+00 6.573225E-04 0.000000E+00 4.004725E-05 0.000000E+00 3.551065E-04 4.063288E-04 9.157872E-05 7.701042E-06 2.128818E-04 0.000000E+00 0.000000E+00 6.333787E-06 1.010872E-05 7.711494E-05 0.000000E+00 0.000000E+00 0.000000E+00 5.135394E-08 5.308175E-06 0.000000E+00 5.063388E-04 2.963753E-06 4.149845E-07 4.810774E-05 1.018805E-04 0.000000E+00 8.308797E-05 8.966203E-04 0.000000E+00 0.000000E+00 0.000000E+00 2.246564E-05 1.858051E-04 0.000000E+00 0.000000E+00 0.000000E+00 3.328342E-08 0.000000E+00 1.568986E-05 
0 
22 49 79 95 113 51 151 164 2 189 192 56 12 58 85 9 177 148 184 125 
53 
4 146 181 120 3 97 128 175 62 28 174 170 43 191 24 138 108 117 57 114 
0 
0 
0 
0 
0 
38 46 61 65 73 109 132 115 10 78 1 169 163 168 172 121 94 54 111 48 47 6 126 100 37 
0 
0 
71 188 134 152 154 90 26 193 149 157 83 165 143 13 118 99 
20 82 89 105 88 70 55 161 14 21 35 41 81 66 183 159 30 106 101 162 80 74 
178 123 147 50 131 150 179 180 195 130 34 19 133 59 
0 

============Find Best @ Round 1781================
==========Cluster 0, RcvInterf=7.94083e-15============
Node -1, SINR:3.32941e-311, BpsHz:3.32941e-311
---------------
==========Cluster 1, RcvInterf=2.70859e-14============
Node 21, SINR:3.07034e-01, BpsHz:2.03314e-02
Node 48, SINR:3.07034e-01, BpsHz:2.03314e-02
Node 78, SINR:3.07034e-01, BpsHz:2.03314e-02
Node 94, SINR:3.07034e-01, BpsHz:2.03314e-02
Node 112, SINR:3.07034e-01, BpsHz:2.03314e-02
Node 50, SINR:3.07034e-01, BpsHz:2.03314e-02
Node 150, SINR:3.07034e-01, BpsHz:2.03314e-02
Node 163, SINR:3.07034e-01, BpsHz:2.03314e-02
Node 1, SINR:3.07034e-01, BpsHz:2.03314e-02
Node 188, SINR:3.07034e-01, BpsHz:2.03314e-02
Node 191, SINR:0.00000e+00, BpsHz:0.00000e+00
Node 55, SINR:3.07034e-01, BpsHz:2.03314e-02
Node 11, SINR:3.07034e-01, BpsHz:2.03314e-02
Node 57, SINR:3.07034e-01, BpsHz:2.03314e-02
Node 84, SINR:3.07034e-01, BpsHz:2.03314e-02
Node 8, SINR:3.07034e-01, BpsHz:2.03314e-02
Node 176, SINR:3.07034e-01, BpsHz:2.03314e-02
Node 147, SINR:3.07034e-01, BpsHz:2.03314e-02
Node 183, SINR:3.07034e-01, BpsHz:2.03314e-02
Node 124, SINR:3.07034e-01, BpsHz:2.03314e-02
---------------
==========Cluster 2, RcvInterf=1.04831e-14============
Node 52, SINR:0.00000e+00, BpsHz:-nan
---------------
==========Cluster 3, RcvInterf=1.23151e-14============
Node 3, SINR:3.07034e-01, BpsHz:2.03314e-02
Node 145, SINR:3.07034e-01, BpsHz:2.03314e-02
Node 180, SINR:3.07034e-01, BpsHz:2.03314e-02
Node 119, SINR:3.07034e-01, BpsHz:2.03314e-02
Node 2, SINR:3.07034e-01, BpsHz:2.03314e-02
Node 96, SINR:3.07034e-01, BpsHz:2.03314e-02
Node 127, SINR:3.07034e-01, BpsHz:2.03314e-02
Node 174, SINR:3.07034e-01, BpsHz:2.03314e-02
Node 61, SINR:3.07034e-01, BpsHz:2.03314e-02
Node 27, SINR:3.07034e-01, BpsHz:2.03314e-02
Node 173, SINR:3.07034e-01, BpsHz:2.03314e-02
Node 169, SINR:3.07034e-01, BpsHz:2.03314e-02
Node 42, SINR:3.07034e-01, BpsHz:2.03314e-02
Node 190, SINR:0.00000e+00, BpsHz:0.00000e+00
Node 23, SINR:3.07034e-01, BpsHz:2.03314e-02
Node 137, SINR:3.07034e-01, BpsHz:2.03314e-02
Node 107, SINR:3.07034e-01, BpsHz:2.03314e-02
Node 116, SINR:3.07034e-01, BpsHz:2.03314e-02
Node 56, SINR:3.07034e-01, BpsHz:2.03314e-02
Node 113, SINR:3.07034e-01, BpsHz:2.03314e-02
---------------
==========Cluster 4, RcvInterf=1.02292e-14============
Node -1, SINR:3.32941e-311, BpsHz:3.32941e-311
---------------
==========Cluster 5, RcvInterf=1.17540e-14============
Node -1, SINR:3.32941e-311, BpsHz:3.32941e-311
---------------
==========Cluster 6, RcvInterf=1.09561e-14============
Node -1, SINR:3.32941e-311, BpsHz:3.32941e-311
---------------
==========Cluster 7, RcvInterf=9.22135e-15============
Node -1, SINR:3.32941e-311, BpsHz:3.32941e-311
---------------
==========Cluster 8, RcvInterf=1.42782e-14============
Node -1, SINR:3.32941e-311, BpsHz:3.32941e-311
---------------
==========Cluster 9, RcvInterf=1.15120e-13============
Node 37, SINR:4.02454e-01, BpsHz:2.03314e-02
Node 45, SINR:4.02454e-01, BpsHz:2.03314e-02
Node 60, SINR:4.02455e-01, BpsHz:2.03314e-02
Node 64, SINR:4.02454e-01, BpsHz:2.03314e-02
Node 72, SINR:4.02454e-01, BpsHz:2.03314e-02
Node 108, SINR:4.02454e-01, BpsHz:2.03314e-02
Node 131, SINR:4.02454e-01, BpsHz:2.03314e-02
Node 114, SINR:4.02454e-01, BpsHz:2.03314e-02
Node 9, SINR:4.02455e-01, BpsHz:2.03314e-02
Node 77, SINR:4.02455e-01, BpsHz:2.03314e-02
Node 0, SINR:4.02455e-01, BpsHz:2.03314e-02
Node 168, SINR:4.02455e-01, BpsHz:2.03314e-02
Node 162, SINR:4.02455e-01, BpsHz:2.03314e-02
Node 167, SINR:4.02454e-01, BpsHz:2.03314e-02
Node 171, SINR:0.00000e+00, BpsHz:0.00000e+00
Node 120, SINR:4.02454e-01, BpsHz:2.03314e-02
Node 93, SINR:4.02454e-01, BpsHz:2.03314e-02
Node 53, SINR:4.02455e-01, BpsHz:2.03314e-02
Node 110, SINR:4.02454e-01, BpsHz:2.03314e-02
Node 47, SINR:4.02455e-01, BpsHz:2.03314e-02
Node 46, SINR:4.02455e-01, BpsHz:2.03314e-02
Node 5, SINR:4.02454e-01, BpsHz:2.03314e-02
Node 125, SINR:4.02455e-01, BpsHz:2.03314e-02
Node 99, SINR:4.02454e-01, BpsHz:2.03314e-02
Node 36, SINR:4.02454e-01, BpsHz:2.03314e-02
---------------
==========Cluster 10, RcvInterf=4.54049e-14============
Node -1, SINR:3.32941e-311, BpsHz:3.32941e-311
---------------
==========Cluster 11, RcvInterf=3.50478e-14============
Node -1, SINR:3.32941e-311, BpsHz:3.32941e-311
---------------
==========Cluster 12, RcvInterf=1.42854e-13============
Node 70, SINR:2.35394e-01, BpsHz:2.03314e-02
Node 187, SINR:2.35394e-01, BpsHz:2.03314e-02
Node 133, SINR:2.35394e-01, BpsHz:2.03314e-02
Node 151, SINR:2.35394e-01, BpsHz:2.03314e-02
Node 153, SINR:2.35394e-01, BpsHz:2.03314e-02
Node 89, SINR:0.00000e+00, BpsHz:0.00000e+00
Node 25, SINR:2.35394e-01, BpsHz:2.03314e-02
Node 192, SINR:2.35394e-01, BpsHz:2.03314e-02
Node 148, SINR:2.35394e-01, BpsHz:2.03314e-02
Node 156, SINR:2.35394e-01, BpsHz:2.03314e-02
Node 82, SINR:2.35394e-01, BpsHz:2.03314e-02
Node 164, SINR:2.35394e-01, BpsHz:2.03314e-02
Node 142, SINR:2.35394e-01, BpsHz:2.03314e-02
Node 12, SINR:2.35394e-01, BpsHz:2.03314e-02
Node 117, SINR:2.35394e-01, BpsHz:2.03314e-02
Node 98, SINR:2.35394e-01, BpsHz:2.03314e-02
---------------
==========Cluster 13, RcvInterf=2.15513e-14============
Node 19, SINR:3.44397e-01, BpsHz:2.03314e-02
Node 81, SINR:3.44397e-01, BpsHz:2.03314e-02
Node 88, SINR:3.44397e-01, BpsHz:2.03314e-02
Node 104, SINR:3.44397e-01, BpsHz:2.03314e-02
Node 87, SINR:3.44397e-01, BpsHz:2.03314e-02
Node 69, SINR:3.44397e-01, BpsHz:2.03314e-02
Node 54, SINR:3.44397e-01, BpsHz:2.03314e-02
Node 160, SINR:3.44397e-01, BpsHz:2.03314e-02
Node 13, SINR:3.44397e-01, BpsHz:2.03314e-02
Node 20, SINR:3.44397e-01, BpsHz:2.03314e-02
Node 34, SINR:0.00000e+00, BpsHz:0.00000e+00
Node 40, SINR:3.44397e-01, BpsHz:2.03314e-02
Node 80, SINR:3.44397e-01, BpsHz:2.03314e-02
Node 65, SINR:3.44397e-01, BpsHz:2.03314e-02
Node 182, SINR:3.44397e-01, BpsHz:2.03314e-02
Node 158, SINR:3.44397e-01, BpsHz:2.03314e-02
Node 29, SINR:3.44397e-01, BpsHz:2.03314e-02
Node 105, SINR:3.44397e-01, BpsHz:2.03314e-02
Node 100, SINR:3.44397e-01, BpsHz:2.03314e-02
Node 161, SINR:3.44397e-01, BpsHz:2.03314e-02
Node 79, SINR:3.44397e-01, BpsHz:2.03314e-02
Node 73, SINR:3.44397e-01, BpsHz:2.03314e-02
---------------
==========Cluster 14, RcvInterf=2.53397e-14============
Node 177, SINR:2.01060e-01, BpsHz:2.03314e-02
Node 122, SINR:2.01060e-01, BpsHz:2.03314e-02
Node 146, SINR:0.00000e+00, BpsHz:0.00000e+00
Node 49, SINR:2.01060e-01, BpsHz:2.03314e-02
Node 130, SINR:2.01060e-01, BpsHz:2.03314e-02
Node 149, SINR:2.01060e-01, BpsHz:2.03314e-02
Node 178, SINR:2.01060e-01, BpsHz:2.03314e-02
Node 179, SINR:2.01060e-01, BpsHz:2.03314e-02
Node 194, SINR:2.01060e-01, BpsHz:2.03314e-02
Node 129, SINR:2.01060e-01, BpsHz:2.03314e-02
Node 33, SINR:2.01060e-01, BpsHz:2.03314e-02
Node 18, SINR:2.01060e-01, BpsHz:2.03314e-02
Node 132, SINR:2.01060e-01, BpsHz:2.03314e-02
Node 58, SINR:2.01060e-01, BpsHz:2.03314e-02
---------------
==========Cluster 15, RcvInterf=3.48843e-14============
Node -1, SINR:3.32941e-311, BpsHz:3.32941e-311
---------------
