195
16
1.000000e-03
2.125620e-314
89
5000
2.448327e+00
1.914673e+00
2.448327e-06
  inf
0 0 0 0 0 0 0 0 0 0 0 0 0 0 0 0 0 0 0 0 0 0 0 0 0 0 0 0 0 0 0 0 0 0 0 0 0 0 0 0 0 0 0 0 0 0 0 0 0 0 0 0 0 0 0 0 0 0 0 0 0 0 0 0 0 0 0 0 0 0 0 0 0 0 0 0 0 0 0 0 0 0 0 0 0 0 0 0 0 0 0 0 0 0 0 0 0 0 0 0 0 0 0 0 0 0 0 0 0 0 0 0 0 0 0 0 0 0 0 0 0 0 0 0 0 0 1 0 0 0 0 0 0 0 0 0 0 0 0 0 0 0 0 0 0 0 0 0 0 0 0 0 0 0 0 0 0 0 0 0 0 0 0 0 0 0 0 0 0 0 0 0 0 0 0 0 0 0 0 0 0 0 0 0 0 0 0 0 0 0 0 0 0 0 0 
0 1 0 0 0 0 0 0 1 0 0 0 0 0 0 0 0 0 0 0 0 0 0 0 0 0 0 0 0 0 0 0 0 0 0 0 0 0 0 0 0 0 0 0 0 0 0 0 1 0 0 0 0 0 0 0 0 0 0 0 0 0 0 0 0 0 0 0 0 0 0 0 0 0 0 0 0 0 0 0 0 0 0 0 1 0 0 0 0 0 0 0 0 0 0 0 0 0 0 0 0 0 0 0 0 0 0 0 0 0 0 0 1 0 0 0 0 0 0 0 0 0 0 0 0 0 0 0 0 0 0 0 0 0 0 0 0 0 0 0 0 0 0 0 0 0 0 0 0 0 0 0 0 0 0 0 0 0 0 0 0 0 0 1 0 0 0 0 0 0 0 0 0 0 0 0 0 0 0 0 0 0 0 0 0 0 0 0 0 0 0 0 0 0 0 
0 0 0 0 0 0 0 0 0 0 0 0 0 0 0 0 0 0 0 0 0 0 0 0 0 0 0 0 0 0 0 0 0 0 0 0 0 0 0 0 0 0 0 0 0 0 0 0 0 0 0 0 0 0 0 0 0 0 0 0 0 0 0 0 0 0 0 0 0 0 0 0 0 0 0 0 0 0 0 0 1 0 0 0 0 0 0 0 0 0 0 0 0 0 0 0 0 0 1 0 0 0 0 0 0 0 0 0 0 0 0 0 0 0 0 0 0 0 0 0 0 0 0 0 0 0 0 0 0 0 0 0 0 0 0 0 0 0 0 0 0 0 0 0 0 0 0 0 0 0 0 0 0 0 0 0 0 0 0 0 0 0 0 0 0 0 0 0 0 0 0 0 0 0 0 0 0 0 0 0 0 0 0 0 0 1 0 0 0 0 0 0 0 0 0 
0 0 1 1 0 0 0 0 0 0 0 0 0 0 0 0 0 0 0 0 0 0 0 0 0 0 0 1 0 1 0 0 0 0 0 0 0 0 0 0 0 0 1 0 0 0 0 0 0 0 0 0 0 0 0 0 1 0 0 0 0 1 1 0 0 1 0 0 0 0 0 0 0 1 0 0 0 0 0 0 0 0 0 0 0 0 0 0 0 0 0 0 0 0 0 0 1 0 0 0 0 0 0 0 0 0 0 0 0 0 0 0 0 0 0 0 0 0 0 1 0 0 0 0 0 0 0 1 0 0 0 0 0 0 0 1 0 0 0 1 1 0 0 0 0 1 0 0 0 0 0 0 1 0 0 0 0 0 1 0 0 1 0 0 0 0 0 0 0 1 0 0 0 1 1 0 0 0 0 0 1 1 1 0 0 0 0 0 0 0 1 0 0 0 0 
0 0 0 0 0 1 0 1 0 0 0 0 0 0 0 0 0 1 0 0 1 0 0 0 0 0 0 0 0 0 0 0 0 0 0 0 0 0 0 0 0 0 0 0 0 0 0 0 0 0 0 0 0 0 0 0 0 0 0 0 0 0 0 0 0 0 0 0 0 1 0 1 1 0 0 0 0 0 0 1 0 1 0 1 0 0 0 0 0 0 0 0 0 0 0 1 0 0 0 0 0 0 0 0 1 1 0 0 0 0 0 0 0 0 0 0 0 0 0 0 0 0 0 0 0 0 0 0 1 0 0 0 0 0 0 0 0 0 0 0 0 0 0 0 0 0 0 0 0 0 0 0 0 0 0 0 0 0 0 0 0 0 0 0 0 0 0 0 0 0 0 0 0 0 0 0 0 0 0 0 0 0 0 0 0 0 0 0 0 0 0 0 0 0 0 
0 0 0 0 0 0 0 0 0 0 0 0 0 0 0 0 0 0 0 0 0 0 0 0 0 0 0 0 0 0 0 0 0 0 0 0 0 0 0 0 0 0 0 0 0 0 0 0 0 0 0 0 0 0 0 0 0 0 0 0 0 0 0 0 0 0 0 0 0 0 0 0 0 0 0 0 0 0 0 0 0 0 0 0 0 0 0 0 0 0 0 0 0 0 0 0 0 0 0 0 0 0 0 0 0 0 0 0 0 0 0 0 0 0 0 0 0 0 0 0 0 0 0 0 0 0 0 0 0 0 0 0 0 0 0 0 0 0 0 0 0 0 0 0 0 0 0 0 0 0 0 0 0 0 0 0 0 0 0 0 0 0 0 0 0 0 0 0 0 0 0 0 0 0 0 0 0 0 0 0 0 0 0 0 0 0 0 0 0 0 0 0 0 0 0 
0 0 0 0 0 0 0 0 0 0 0 0 0 0 0 0 0 0 0 0 0 0 0 0 0 0 0 0 0 0 0 0 0 0 0 0 0 0 0 0 0 0 0 0 0 0 0 0 0 0 0 0 0 0 0 0 0 0 0 0 0 0 0 0 0 0 0 0 0 0 0 0 0 0 0 0 0 0 0 0 0 0 0 0 0 0 0 0 0 0 0 0 0 0 0 0 0 0 0 0 0 0 0 0 0 0 0 0 0 0 0 0 0 0 0 0 0 0 0 0 0 0 0 0 0 0 0 0 0 0 0 0 0 0 0 0 0 0 0 0 0 0 0 0 0 0 0 0 0 0 0 0 0 0 0 0 0 0 0 0 0 0 0 0 0 0 0 0 0 0 0 0 0 0 0 0 0 0 0 0 0 0 0 0 0 0 0 0 0 0 0 0 0 0 0 
0 0 0 0 0 0 0 0 0 0 0 0 0 0 0 0 0 0 0 0 0 0 0 0 0 0 0 0 0 0 0 0 0 0 0 0 0 0 0 0 0 0 0 0 0 0 0 0 0 0 0 0 0 0 0 0 0 0 0 0 0 0 0 0 0 0 0 0 0 0 0 0 0 0 0 0 0 0 0 0 0 0 0 0 0 0 0 0 0 0 0 0 0 0 0 0 0 0 0 0 0 0 0 0 0 0 0 0 0 0 0 0 0 0 0 0 0 0 0 0 0 0 0 0 0 0 0 0 0 0 0 0 0 0 0 0 0 0 0 0 0 0 0 0 0 0 0 0 0 0 0 0 0 0 0 0 0 0 0 0 0 0 0 0 0 0 0 0 0 0 0 0 0 0 0 0 0 0 0 0 0 0 0 0 0 0 0 0 0 0 0 0 0 0 0 
0 0 0 0 0 0 0 0 0 0 0 0 0 0 0 0 0 0 0 0 0 0 0 0 0 0 0 0 0 0 0 0 0 0 0 0 0 0 0 0 0 0 0 0 0 0 0 0 0 0 0 0 0 0 0 0 0 0 0 0 0 0 0 0 0 0 0 0 0 0 0 0 0 0 0 0 0 0 0 0 0 0 0 0 0 0 0 0 0 0 0 0 0 0 0 0 0 0 0 0 0 0 0 0 0 0 0 0 0 0 0 0 0 0 0 0 0 0 0 0 0 0 0 0 0 0 0 0 0 0 0 0 0 0 0 0 0 0 0 0 0 0 0 0 0 0 0 0 0 0 0 0 0 0 0 0 0 0 0 0 0 0 0 0 0 0 0 0 0 0 0 0 0 0 0 0 0 0 0 0 0 0 0 0 0 0 0 0 0 0 0 0 0 0 0 
1 0 0 0 0 0 0 0 0 0 0 0 0 0 0 0 0 0 0 0 0 0 0 0 0 0 0 0 0 0 0 0 0 0 0 0 0 0 0 0 0 0 0 1 0 0 0 1 0 0 0 0 0 1 0 0 0 0 0 1 1 0 0 0 0 0 0 1 0 0 0 0 0 0 0 0 0 0 0 0 0 0 0 0 0 0 0 0 0 0 1 0 0 0 0 0 0 0 0 0 0 0 0 0 0 0 0 0 0 0 1 0 0 0 0 0 0 0 0 0 1 0 0 0 0 0 0 0 0 0 0 0 0 0 0 0 0 0 0 0 0 0 0 0 1 0 0 0 0 0 0 0 0 0 0 0 0 0 0 0 0 0 1 0 0 0 0 1 0 0 0 1 0 0 0 0 0 0 0 0 0 0 0 0 0 0 0 0 0 0 0 0 0 0 0 
0 0 0 0 0 0 0 0 0 0 0 0 0 0 0 0 0 0 0 0 0 0 0 0 0 0 0 0 0 0 0 0 0 0 0 0 0 0 0 0 0 0 0 0 0 0 0 0 0 0 0 0 0 0 0 0 0 0 0 0 0 0 0 0 0 0 0 0 0 0 0 0 0 0 0 0 0 0 0 0 0 0 0 0 0 0 0 0 0 0 0 0 0 0 0 0 0 0 0 0 0 0 0 0 0 0 0 0 0 0 0 0 0 0 0 0 0 0 0 0 0 0 0 0 0 0 0 0 0 0 0 0 0 0 0 0 0 0 0 0 0 0 0 0 0 0 0 0 0 0 0 0 0 0 0 0 0 0 0 0 0 0 0 0 0 0 0 0 0 0 0 0 0 0 0 0 0 0 0 0 0 0 0 0 0 0 0 0 0 0 0 0 0 0 0 
0 0 0 0 0 0 0 0 0 0 0 0 0 0 0 0 0 0 0 0 0 0 0 0 0 0 0 0 0 0 0 0 0 0 0 0 0 0 0 0 0 0 0 0 0 0 0 0 0 0 0 0 0 0 0 0 0 0 0 0 0 0 0 0 0 0 0 0 0 0 0 0 0 0 0 0 0 0 0 0 0 0 0 0 0 0 0 0 0 0 0 0 0 0 0 0 0 0 0 0 0 0 0 0 0 0 0 0 0 0 0 0 0 0 0 0 0 0 0 0 0 0 0 0 0 0 0 0 0 0 0 0 0 0 0 0 0 0 0 0 0 0 0 0 0 0 0 0 0 0 0 0 0 0 0 0 0 0 0 0 0 0 0 0 0 0 0 0 0 0 0 0 0 0 0 0 0 0 0 0 0 0 0 0 0 0 0 0 0 0 0 0 0 0 0 
0 0 0 0 0 0 0 0 0 0 0 0 1 0 0 0 0 0 0 0 0 0 1 0 1 1 0 0 0 0 1 0 1 0 0 0 0 0 0 0 0 0 0 0 0 0 0 0 0 0 0 0 0 0 0 0 0 0 0 0 0 0 0 0 0 0 1 0 0 0 1 0 0 0 0 0 0 0 0 0 0 0 1 0 0 0 0 0 0 0 0 0 0 0 0 0 0 0 0 0 0 0 0 1 0 0 0 0 0 0 0 0 0 0 0 0 0 0 0 0 0 1 0 1 0 0 0 0 0 0 0 0 0 1 0 0 0 0 0 0 0 0 0 0 0 0 0 1 0 0 1 1 0 1 0 0 0 0 0 0 0 0 0 0 1 0 0 0 0 0 0 0 0 0 0 0 0 0 0 0 0 0 0 0 0 0 1 1 0 0 0 0 0 0 0 
0 0 0 0 0 0 0 0 0 0 0 0 0 0 0 0 0 0 0 0 0 0 0 0 0 0 0 0 0 0 0 0 0 0 0 0 0 0 0 0 0 0 0 0 0 0 0 0 0 0 0 0 0 0 0 0 0 0 0 0 0 0 0 0 0 0 0 0 0 0 0 0 0 0 0 0 0 0 0 0 0 0 0 0 0 0 0 0 0 0 0 0 0 0 0 0 0 0 0 0 0 0 0 0 0 0 0 0 0 0 0 0 0 0 0 0 0 0 0 0 0 0 0 0 0 0 0 0 0 0 0 0 0 0 0 0 0 0 0 0 0 0 0 0 0 0 0 0 0 0 0 0 0 0 0 0 0 0 0 0 0 0 0 0 0 0 0 0 0 0 0 0 0 0 0 0 0 0 0 0 0 0 0 0 0 0 0 0 0 0 0 0 0 0 0 
0 0 0 0 0 0 0 0 0 0 0 0 0 0 1 0 0 0 1 0 0 0 0 0 0 0 0 0 0 0 0 0 0 1 0 1 0 0 0 0 0 0 0 0 0 0 0 0 0 1 0 0 0 0 0 0 0 0 0 0 0 0 0 0 0 0 0 0 1 0 0 0 0 0 0 0 0 0 0 0 0 0 0 0 0 0 0 0 0 0 0 0 0 0 0 0 0 0 0 0 0 0 0 0 0 0 1 0 0 0 0 0 0 1 0 0 0 0 0 0 0 0 1 0 0 0 0 0 0 0 1 0 1 0 0 0 0 0 0 0 0 0 0 0 0 0 1 0 0 1 0 0 0 0 0 0 0 0 0 0 0 0 0 0 0 0 1 0 0 0 0 0 1 0 0 0 0 1 1 1 0 0 0 0 0 0 0 0 0 1 0 0 0 0 1 
0 0 0 0 0 0 0 0 0 0 0 0 0 0 0 0 0 0 0 0 0 0 0 0 0 0 0 0 0 0 0 0 0 0 0 0 0 0 0 0 0 0 0 0 0 0 0 0 0 0 0 0 0 0 0 0 0 0 0 0 0 0 0 0 0 0 0 0 0 0 0 0 0 0 0 0 0 0 0 0 0 0 0 0 0 0 0 0 0 0 0 0 0 0 0 0 0 0 0 0 0 0 0 0 0 0 0 0 0 0 0 0 0 0 0 0 0 0 0 0 0 0 0 0 0 0 0 0 0 0 0 0 0 0 0 0 0 0 0 0 0 0 0 0 0 0 0 0 0 0 0 0 0 0 0 0 0 0 0 0 0 0 0 0 0 0 0 0 0 0 0 0 0 0 0 0 0 0 0 0 0 0 0 0 0 0 0 0 0 0 0 0 0 0 0 
127 85 99 175 106 0 0 0 0 68 0 0 154 0 123 0 
4.797455E-05 2.827281E-04 3.281670E-07 4.451778E-06 0.000000E+00 6.135599E-05 0.000000E+00 4.166691E-06 1.234119E-07 0.000000E+00 0.000000E+00 0.000000E+00 4.341980E-04 0.000000E+00 6.491730E-04 0.000000E+00 0.000000E+00 1.982279E-06 3.506956E-04 0.000000E+00 9.376346E-06 0.000000E+00 1.442566E-04 0.000000E+00 7.643559E-05 6.158215E-06 0.000000E+00 3.060102E-04 0.000000E+00 3.571026E-06 1.589860E-07 0.000000E+00 8.617186E-06 9.584304E-05 0.000000E+00 1.153252E-04 0.000000E+00 0.000000E+00 0.000000E+00 0.000000E+00 0.000000E+00 0.000000E+00 5.635378E-05 2.663908E-05 0.000000E+00 0.000000E+00 0.000000E+00 5.577787E-07 1.419878E-05 2.345377E-06 0.000000E+00 0.000000E+00 0.000000E+00 9.994655E-04 0.000000E+00 0.000000E+00 6.044173E-04 0.000000E+00 0.000000E+00 8.345405E-06 4.614266E-04 5.797550E-05 4.464599E-04 0.000000E+00 0.000000E+00 6.931218E-04 1.048894E-06 0.000000E+00 2.062278E-04 8.609419E-08 1.844794E-05 8.654835E-06 4.737575E-04 3.035644E-05 0.000000E+00 0.000000E+00 0.000000E+00 0.000000E+00 0.000000E+00 4.038643E-04 1.533695E-06 3.750894E-05 1.702024E-04 9.373842E-05 0.000000E+00 0.000000E+00 0.000000E+00 0.000000E+00 0.000000E+00 0.000000E+00 8.892656E-05 0.000000E+00 0.000000E+00 0.000000E+00 0.000000E+00 3.795016E-05 2.780036E-04 0.000000E+00 0.000000E+00 0.000000E+00 0.000000E+00 0.000000E+00 0.000000E+00 5.760762E-07 7.536116E-05 0.000000E+00 1.206086E-04 0.000000E+00 0.000000E+00 0.000000E+00 6.540282E-05 0.000000E+00 5.003070E-05 3.003975E-04 0.000000E+00 0.000000E+00 0.000000E+00 0.000000E+00 0.000000E+00 5.947158E-08 1.818973E-07 3.475134E-05 0.000000E+00 2.351574E-04 0.000000E+00 0.000000E+00 0.000000E+00 7.110879E-04 3.986656E-05 0.000000E+00 1.220147E-06 0.000000E+00 3.113997E-04 4.989421E-05 0.000000E+00 6.223114E-06 0.000000E+00 0.000000E+00 0.000000E+00 1.395980E-06 6.095087E-05 0.000000E+00 0.000000E+00 0.000000E+00 3.213585E-05 3.439764E-06 1.027115E-06 1.119471E-04 0.000000E+00 1.661993E-05 6.393415E-05 2.414691E-07 5.026570E-05 0.000000E+00 0.000000E+00 0.000000E+00 0.000000E+00 0.000000E+00 2.836422E-05 0.000000E+00 0.000000E+00 5.342092E-04 1.719244E-04 2.000638E-05 3.434489E-05 0.000000E+00 6.770748E-05 2.999079E-05 0.000000E+00 1.968143E-04 0.000000E+00 6.367057E-07 2.347405E-04 1.899166E-05 0.000000E+00 0.000000E+00 0.000000E+00 5.167964E-07 1.192782E-06 1.637196E-04 2.753436E-05 3.582720E-07 2.025873E-04 0.000000E+00 0.000000E+00 9.092569E-08 5.734076E-04 3.865873E-05 0.000000E+00 2.996290E-04 1.141368E-05 0.000000E+00 0.000000E+00 0.000000E+00 1.074957E-04 
127 
49 9 2 85 164 113 
99 81 186 
4 74 136 140 146 182 175 3 30 191 153 57 181 162 159 63 97 28 62 120 170 43 141 174 183 66 128 
8 18 72 70 106 129 96 84 82 21 105 6 80 73 
0 
0 
0 
0 
61 54 168 44 172 60 68 163 48 121 1 111 145 91 
0 
0 
25 71 83 124 188 165 154 33 152 104 134 31 26 148 122 67 187 151 23 13 
0 
178 131 50 34 179 123 107 150 69 190 147 195 36 173 114 167 133 19 180 15 
0 

============Find Best @ Round 2153================
==========Cluster 0, RcvInterf=1.04813e-14============
Node 126, SINR:0.00000e+00, BpsHz:-nan
---------------
==========Cluster 1, RcvInterf=1.01177e-14============
Node 48, SINR:1.06314e-01, BpsHz:2.91523e-02
Node 8, SINR:1.06314e-01, BpsHz:2.91523e-02
Node 1, SINR:1.06314e-01, BpsHz:2.91523e-02
Node 84, SINR:0.00000e+00, BpsHz:0.00000e+00
Node 163, SINR:1.06314e-01, BpsHz:2.91523e-02
Node 112, SINR:1.06314e-01, BpsHz:2.91523e-02
---------------
==========Cluster 2, RcvInterf=1.12709e-14============
Node 98, SINR:0.00000e+00, BpsHz:0.00000e+00
Node 80, SINR:4.12414e-02, BpsHz:2.91523e-02
Node 185, SINR:4.12414e-02, BpsHz:2.91523e-02
---------------
==========Cluster 3, RcvInterf=9.20919e-15============
Node 3, SINR:6.91097e-01, BpsHz:2.91523e-02
Node 73, SINR:6.91097e-01, BpsHz:2.91523e-02
Node 135, SINR:6.91097e-01, BpsHz:2.91523e-02
Node 139, SINR:6.91097e-01, BpsHz:2.91523e-02
Node 145, SINR:6.91097e-01, BpsHz:2.91523e-02
Node 181, SINR:6.91097e-01, BpsHz:2.91523e-02
Node 174, SINR:0.00000e+00, BpsHz:0.00000e+00
Node 2, SINR:6.91097e-01, BpsHz:2.91523e-02
Node 29, SINR:6.91097e-01, BpsHz:2.91523e-02
Node 190, SINR:6.91097e-01, BpsHz:2.91523e-02
Node 152, SINR:6.91097e-01, BpsHz:2.91523e-02
Node 56, SINR:6.91097e-01, BpsHz:2.91523e-02
Node 180, SINR:6.91097e-01, BpsHz:2.91523e-02
Node 161, SINR:6.91097e-01, BpsHz:2.91523e-02
Node 158, SINR:6.91097e-01, BpsHz:2.91523e-02
Node 62, SINR:6.91097e-01, BpsHz:2.91523e-02
Node 96, SINR:6.91097e-01, BpsHz:2.91523e-02
Node 27, SINR:6.91097e-01, BpsHz:2.91523e-02
Node 61, SINR:6.91097e-01, BpsHz:2.91523e-02
Node 119, SINR:6.91097e-01, BpsHz:2.91523e-02
Node 169, SINR:6.91097e-01, BpsHz:2.91523e-02
Node 42, SINR:6.91097e-01, BpsHz:2.91523e-02
Node 140, SINR:6.91097e-01, BpsHz:2.91523e-02
Node 173, SINR:6.91097e-01, BpsHz:2.91523e-02
Node 182, SINR:6.91097e-01, BpsHz:2.91523e-02
Node 65, SINR:6.91097e-01, BpsHz:2.91523e-02
Node 127, SINR:6.91097e-01, BpsHz:2.91523e-02
---------------
==========Cluster 4, RcvInterf=1.97568e-14============
Node 7, SINR:3.00422e-01, BpsHz:2.91523e-02
Node 17, SINR:3.00422e-01, BpsHz:2.91523e-02
Node 71, SINR:3.00422e-01, BpsHz:2.91523e-02
Node 69, SINR:3.00422e-01, BpsHz:2.91523e-02
Node 105, SINR:0.00000e+00, BpsHz:0.00000e+00
Node 128, SINR:3.00422e-01, BpsHz:2.91523e-02
Node 95, SINR:3.00422e-01, BpsHz:2.91523e-02
Node 83, SINR:3.00422e-01, BpsHz:2.91523e-02
Node 81, SINR:3.00422e-01, BpsHz:2.91523e-02
Node 20, SINR:3.00422e-01, BpsHz:2.91523e-02
Node 104, SINR:3.00422e-01, BpsHz:2.91523e-02
Node 5, SINR:3.00422e-01, BpsHz:2.91523e-02
Node 79, SINR:3.00422e-01, BpsHz:2.91523e-02
Node 72, SINR:3.00422e-01, BpsHz:2.91523e-02
---------------
==========Cluster 5, RcvInterf=1.06233e-14============
Node -1, SINR:3.32941e-311, BpsHz:3.32941e-311
---------------
==========Cluster 6, RcvInterf=9.04098e-15============
Node -1, SINR:3.32941e-311, BpsHz:3.32941e-311
---------------
==========Cluster 7, RcvInterf=1.23787e-14============
Node -1, SINR:3.32941e-311, BpsHz:3.32941e-311
---------------
==========Cluster 8, RcvInterf=3.21066e-14============
Node -1, SINR:3.32941e-311, BpsHz:3.32941e-311
---------------
==========Cluster 9, RcvInterf=8.46309e-15============
Node 60, SINR:3.00422e-01, BpsHz:2.91523e-02
Node 53, SINR:3.00422e-01, BpsHz:2.91523e-02
Node 167, SINR:3.00422e-01, BpsHz:2.91523e-02
Node 43, SINR:3.00422e-01, BpsHz:2.91523e-02
Node 171, SINR:3.00422e-01, BpsHz:2.91523e-02
Node 59, SINR:3.00422e-01, BpsHz:2.91523e-02
Node 67, SINR:0.00000e+00, BpsHz:0.00000e+00
Node 162, SINR:3.00422e-01, BpsHz:2.91523e-02
Node 47, SINR:3.00422e-01, BpsHz:2.91523e-02
Node 120, SINR:3.00422e-01, BpsHz:2.91523e-02
Node 0, SINR:3.00422e-01, BpsHz:2.91523e-02
Node 110, SINR:3.00422e-01, BpsHz:2.91523e-02
Node 144, SINR:3.00422e-01, BpsHz:2.91523e-02
Node 90, SINR:3.00422e-01, BpsHz:2.91523e-02
---------------
==========Cluster 10, RcvInterf=4.88149e-14============
Node -1, SINR:3.32941e-311, BpsHz:3.32941e-311
---------------
==========Cluster 11, RcvInterf=1.73736e-14============
Node -1, SINR:3.32941e-311, BpsHz:3.32941e-311
---------------
==========Cluster 12, RcvInterf=3.41833e-14============
Node 24, SINR:4.68042e-01, BpsHz:2.91523e-02
Node 70, SINR:4.68042e-01, BpsHz:2.91523e-02
Node 82, SINR:4.68042e-01, BpsHz:2.91523e-02
Node 123, SINR:4.68042e-01, BpsHz:2.91523e-02
Node 187, SINR:4.68042e-01, BpsHz:2.91523e-02
Node 164, SINR:4.68042e-01, BpsHz:2.91523e-02
Node 153, SINR:0.00000e+00, BpsHz:0.00000e+00
Node 32, SINR:4.68042e-01, BpsHz:2.91523e-02
Node 151, SINR:4.68042e-01, BpsHz:2.91523e-02
Node 103, SINR:4.68042e-01, BpsHz:2.91523e-02
Node 133, SINR:4.68042e-01, BpsHz:2.91523e-02
Node 30, SINR:4.68042e-01, BpsHz:2.91523e-02
Node 25, SINR:4.68042e-01, BpsHz:2.91523e-02
Node 147, SINR:4.68042e-01, BpsHz:2.91523e-02
Node 121, SINR:4.68042e-01, BpsHz:2.91523e-02
Node 66, SINR:4.68042e-01, BpsHz:2.91523e-02
Node 186, SINR:4.68042e-01, BpsHz:2.91523e-02
Node 150, SINR:4.68042e-01, BpsHz:2.91523e-02
Node 22, SINR:4.68042e-01, BpsHz:2.91523e-02
Node 12, SINR:4.68042e-01, BpsHz:2.91523e-02
---------------
==========Cluster 13, RcvInterf=1.97419e-14============
Node -1, SINR:3.32941e-311, BpsHz:3.32941e-311
---------------
==========Cluster 14, RcvInterf=1.91282e-14============
Node 177, SINR:4.68042e-01, BpsHz:2.91523e-02
Node 130, SINR:4.68042e-01, BpsHz:2.91523e-02
Node 49, SINR:4.68042e-01, BpsHz:2.91523e-02
Node 33, SINR:4.68042e-01, BpsHz:2.91523e-02
Node 178, SINR:4.68042e-01, BpsHz:2.91523e-02
Node 122, SINR:0.00000e+00, BpsHz:0.00000e+00
Node 106, SINR:4.68042e-01, BpsHz:2.91523e-02
Node 149, SINR:4.68042e-01, BpsHz:2.91523e-02
Node 68, SINR:4.68042e-01, BpsHz:2.91523e-02
Node 189, SINR:4.68042e-01, BpsHz:2.91523e-02
Node 146, SINR:4.68042e-01, BpsHz:2.91523e-02
Node 194, SINR:4.68042e-01, BpsHz:2.91523e-02
Node 35, SINR:4.68042e-01, BpsHz:2.91523e-02
Node 172, SINR:4.68042e-01, BpsHz:2.91523e-02
Node 113, SINR:4.68042e-01, BpsHz:2.91523e-02
Node 166, SINR:4.68042e-01, BpsHz:2.91523e-02
Node 132, SINR:4.68042e-01, BpsHz:2.91523e-02
Node 18, SINR:4.68042e-01, BpsHz:2.91523e-02
Node 179, SINR:4.68042e-01, BpsHz:2.91523e-02
Node 14, SINR:4.68042e-01, BpsHz:2.91523e-02
---------------
==========Cluster 15, RcvInterf=2.01629e-14============
Node -1, SINR:3.32941e-311, BpsHz:3.32941e-311
---------------
195
16
1.000000e-03
2.125620e-314
106
5000
2.173776e+00
2.427979e+00
2.173776e-06
  inf
0 0 0 0 0 0 0 0 0 0 0 0 0 0 0 0 0 0 0 0 0 0 0 0 0 0 0 0 0 0 0 0 0 0 0 0 0 0 0 0 0 0 0 0 0 0 0 0 0 0 0 0 0 0 0 0 0 0 0 0 0 0 0 0 0 0 0 0 0 0 0 0 0 0 0 0 0 0 0 0 0 0 0 0 0 0 0 0 0 0 0 0 0 0 0 0 0 0 0 0 0 0 0 0 0 0 0 0 0 0 0 0 0 0 0 0 0 0 0 0 0 0 0 0 0 0 1 0 0 0 0 0 0 0 0 0 0 0 0 0 0 0 0 0 0 0 0 0 0 0 0 0 0 0 0 0 0 0 0 0 0 0 0 0 0 0 0 0 0 0 0 0 0 0 0 0 0 0 0 0 0 0 0 0 0 0 0 0 0 0 0 0 0 0 0 
0 1 0 0 0 0 0 0 1 0 0 1 0 0 0 0 0 0 0 0 0 1 0 0 0 0 0 0 0 0 1 0 0 0 0 0 0 0 0 1 0 0 0 0 0 0 0 0 1 0 1 0 0 0 0 1 0 1 0 0 0 0 0 0 0 0 1 0 0 0 0 0 0 0 0 0 0 0 1 0 0 0 0 0 1 0 0 0 0 0 0 0 0 0 1 0 0 0 0 0 0 0 0 0 0 0 0 0 0 0 0 0 1 0 0 0 0 0 0 0 0 1 0 0 0 0 0 0 0 0 0 0 0 0 0 0 0 0 0 0 0 0 0 0 0 0 0 0 0 0 0 0 0 0 0 0 0 0 0 0 0 0 0 1 0 0 0 0 0 0 0 0 0 0 0 0 1 0 0 0 0 0 0 0 1 0 1 0 0 0 0 1 0 0 0 
0 0 1 0 0 0 0 0 0 0 0 0 0 0 0 0 0 0 0 0 0 0 0 1 0 0 0 1 0 0 0 0 0 0 0 0 0 0 0 0 0 0 1 0 0 0 0 0 0 0 0 0 0 0 0 0 0 0 0 0 0 1 0 0 0 0 0 0 0 0 0 0 0 0 0 0 0 0 0 0 0 0 0 0 0 0 0 0 0 0 0 0 0 0 0 0 0 0 0 0 0 0 0 0 0 0 0 1 0 0 0 0 0 0 0 0 0 0 0 0 0 0 0 0 0 0 0 1 0 0 0 0 0 0 0 0 0 1 0 0 0 0 0 0 0 1 0 0 0 0 0 0 0 0 0 0 0 0 0 0 0 0 0 0 0 0 1 0 0 1 0 0 0 1 0 0 0 0 0 0 0 0 0 0 0 0 0 0 0 0 0 0 0 0 0 
0 0 0 0 0 0 0 0 0 0 0 0 0 0 0 0 1 1 0 0 1 0 0 0 0 0 0 0 0 1 0 0 0 0 1 0 0 0 0 0 1 0 0 0 0 0 0 0 0 0 0 0 0 0 1 0 0 0 0 0 0 0 0 0 0 1 0 0 0 1 0 0 0 1 0 0 0 0 0 0 0 1 0 0 0 0 0 1 1 0 0 1 0 0 0 0 0 0 0 0 1 0 1 0 1 0 0 0 0 0 0 0 0 0 0 0 0 0 0 0 0 0 0 0 0 0 0 0 1 0 0 0 0 0 0 1 0 0 0 0 1 0 0 0 0 0 0 0 0 0 0 0 0 0 0 0 0 0 1 0 1 0 0 0 0 0 0 0 0 0 0 0 0 0 0 0 0 0 0 0 1 0 1 0 0 0 0 0 0 0 0 0 0 0 0 
0 0 0 0 0 0 0 0 0 0 0 0 0 0 0 0 0 0 0 0 0 0 0 0 0 0 0 0 0 0 0 0 0 0 0 0 0 0 0 0 0 0 0 0 0 0 0 0 0 0 0 0 0 0 0 0 0 0 0 0 0 0 0 1 0 0 0 0 0 0 0 0 0 0 1 0 0 0 0 0 0 0 0 0 0 0 0 0 0 0 0 0 0 0 0 0 0 0 0 0 0 0 0 0 0 0 0 0 0 0 0 1 0 0 0 0 0 0 0 0 0 0 0 0 0 0 0 0 0 0 0 0 0 0 0 0 0 0 0 0 0 0 0 0 0 0 0 0 0 0 0 0 0 0 0 0 0 0 0 0 0 0 0 0 0 0 0 0 0 0 0 0 0 0 0 0 0 0 0 0 0 0 0 0 0 1 0 0 0 0 0 0 0 0 0 
1 0 0 0 1 0 0 0 0 1 0 0 0 0 0 0 0 0 0 0 0 0 0 0 0 0 1 0 0 0 0 0 0 0 0 0 0 0 0 0 0 0 0 1 0 1 1 0 0 0 0 0 0 0 0 0 0 0 0 1 1 0 0 0 1 0 0 1 0 0 0 0 1 0 0 0 0 1 0 0 0 0 0 0 0 0 0 0 0 0 0 0 0 0 0 0 0 0 0 1 0 0 0 0 0 0 0 0 0 0 1 0 0 0 1 0 0 0 0 0 1 0 0 0 0 1 0 0 0 0 0 1 0 0 0 0 0 0 0 0 0 0 0 0 0 0 0 0 0 0 0 0 0 0 0 0 0 0 0 0 0 0 1 0 0 0 0 0 1 0 0 1 0 0 0 0 0 0 0 0 0 0 0 0 0 0 0 0 0 0 0 0 0 0 0 
0 0 0 0 0 0 0 0 0 0 0 0 0 0 0 0 0 0 0 0 0 0 0 0 0 0 0 0 0 0 0 0 0 0 0 0 0 0 0 0 0 0 0 0 0 0 0 0 0 0 0 0 0 0 0 0 0 0 0 0 0 0 0 0 0 0 0 0 0 0 0 0 0 0 0 0 0 0 0 0 0 0 0 0 0 0 0 0 0 0 0 0 0 0 0 0 0 0 0 0 0 0 0 0 0 0 0 0 0 0 0 0 0 0 0 0 0 0 0 0 0 0 0 0 0 0 0 0 0 0 0 0 0 0 0 0 0 0 0 0 0 0 0 0 0 0 0 0 0 0 0 0 0 0 0 0 0 0 0 0 0 0 0 0 0 0 0 0 0 0 0 0 0 0 0 0 0 0 0 0 0 0 0 0 0 0 0 0 0 0 0 0 0 0 0 
0 0 0 0 0 0 0 0 0 0 0 0 0 0 0 0 0 0 0 0 0 0 0 0 0 0 0 0 0 0 0 0 0 0 0 0 0 0 0 0 0 0 0 0 0 0 0 0 0 0 0 0 0 0 0 0 0 0 0 0 0 0 0 0 0 0 0 0 0 0 0 0 0 0 0 0 0 0 0 0 0 0 0 0 0 0 0 0 0 0 0 0 0 0 0 0 0 0 1 0 0 0 0 0 0 0 0 0 0 0 0 0 0 0 0 0 0 0 0 0 0 0 0 0 0 0 0 0 0 0 0 0 0 0 0 0 0 0 0 0 0 1 0 0 0 0 0 0 0 0 0 0 0 0 0 0 0 0 0 0 0 0 0 0 0 0 0 0 0 0 0 0 0 0 0 1 0 0 0 0 0 0 0 0 0 0 0 0 0 0 0 0 0 0 0 
0 0 0 0 0 0 0 0 0 0 0 0 0 0 0 0 0 0 0 0 0 0 0 0 0 0 0 0 0 0 0 0 0 0 0 0 0 0 0 0 0 0 0 0 0 0 0 0 0 0 0 0 0 0 0 0 0 0 0 0 0 0 0 0 0 0 0 0 0 0 0 0 0 0 0 0 0 0 0 0 0 0 0 0 0 0 0 0 0 0 0 0 0 0 0 0 0 0 0 0 0 0 0 0 0 0 0 0 0 0 0 0 0 0 0 0 0 0 0 0 0 0 0 0 0 0 0 0 0 0 0 0 0 0 0 0 0 0 0 0 0 0 0 0 0 0 0 0 0 0 0 0 0 0 0 0 0 0 0 0 0 0 0 0 0 0 0 0 0 0 0 0 0 0 0 0 0 0 0 0 0 0 0 0 0 0 0 0 0 0 0 0 0 0 0 
0 0 0 0 0 0 0 0 0 0 0 0 0 0 0 0 0 0 0 0 0 0 0 0 0 0 0 0 0 0 0 0 0 0 0 0 0 0 0 0 0 0 0 0 0 0 0 0 0 0 0 0 0 0 0 0 0 0 0 0 0 0 0 0 0 0 0 0 0 0 0 0 0 0 0 0 0 0 0 0 0 0 0 0 0 0 0 0 0 0 0 0 0 0 0 0 0 0 0 0 0 0 0 0 0 0 0 0 0 0 0 0 0 0 0 0 0 0 0 0 0 0 0 0 0 0 0 0 0 0 0 0 0 0 0 0 0 0 0 0 0 0 0 0 0 0 0 0 0 0 0 0 0 0 0 0 0 0 0 0 0 0 0 0 0 0 0 0 0 0 0 0 0 0 0 0 0 0 0 0 0 0 0 0 0 0 0 0 0 0 0 0 0 0 0 
0 0 0 0 0 0 0 0 0 0 0 0 0 0 0 0 0 0 0 0 0 0 0 0 0 0 0 0 0 0 0 0 0 0 0 0 0 0 0 0 0 0 0 0 0 0 0 0 0 0 0 0 0 0 0 0 0 0 0 0 0 0 0 0 0 0 0 0 0 0 0 0 0 0 0 0 0 0 0 0 0 0 0 0 0 0 0 0 0 0 0 0 0 0 0 0 0 0 0 0 0 0 0 0 0 0 0 0 0 0 0 0 0 0 0 0 0 0 0 0 0 0 0 0 0 0 0 0 0 0 0 0 0 0 0 0 0 0 0 0 0 0 0 0 0 0 0 0 0 0 0 0 0 0 0 0 0 0 0 0 0 0 0 0 0 0 0 0 0 0 0 0 0 0 0 0 0 0 0 0 0 0 0 0 0 0 0 0 0 0 0 0 0 0 0 
0 0 0 0 0 0 0 0 0 0 0 0 0 0 0 0 0 0 0 0 0 0 0 0 0 0 0 0 0 0 0 0 0 0 0 0 0 0 0 0 0 0 0 0 0 0 0 0 0 0 0 0 0 0 0 0 0 0 0 0 0 0 0 0 0 0 0 0 0 0 0 0 0 0 0 0 0 0 0 0 0 0 0 0 0 0 0 0 0 0 0 0 0 0 0 0 0 0 0 0 0 0 0 0 0 0 0 0 0 0 0 0 0 0 0 0 0 0 0 0 0 0 0 0 0 0 0 0 0 0 0 0 0 0 0 0 0 0 0 0 0 0 0 0 0 0 0 0 0 0 0 0 0 0 0 0 0 0 0 0 0 0 0 0 0 0 0 0 0 0 0 0 0 0 0 0 0 0 0 0 0 0 0 0 0 0 0 0 0 0 0 0 0 0 0 
0 0 0 0 0 0 0 0 0 0 0 0 0 0 0 0 0 0 0 0 0 0 0 0 1 1 0 0 0 0 0 0 1 0 0 0 0 0 0 0 0 0 0 0 0 0 0 0 0 0 0 0 0 0 0 0 0 0 0 0 0 0 0 0 0 0 0 0 0 0 1 0 0 0 0 0 0 0 0 0 0 0 1 0 0 0 0 0 0 0 0 0 0 0 0 0 0 0 0 0 0 1 0 1 0 0 0 0 0 0 0 0 0 0 0 0 0 0 0 0 0 0 0 1 0 0 0 0 0 0 0 0 0 1 0 0 0 0 0 0 0 0 1 1 0 0 0 0 0 0 0 1 0 1 0 0 0 0 0 0 0 0 0 0 1 0 0 0 0 0 0 0 0 0 0 0 0 0 0 0 0 0 0 0 0 0 0 1 0 0 0 0 0 1 0 
0 0 0 0 0 0 0 0 0 0 0 0 0 0 0 0 0 0 0 0 0 0 0 0 0 0 0 0 0 0 0 0 0 0 0 0 0 0 0 0 0 0 0 0 0 0 0 0 0 0 0 0 0 0 0 0 0 0 0 0 0 0 0 0 0 0 0 0 0 0 0 0 0 0 0 0 0 0 0 0 0 0 0 0 0 0 0 0 0 0 0 0 0 0 0 0 0 0 0 0 0 0 0 0 0 0 0 0 0 0 0 0 0 0 0 0 0 0 0 0 0 0 0 0 0 0 0 0 0 0 0 0 0 0 0 0 0 0 0 0 0 0 0 0 0 0 0 0 0 0 0 0 0 0 0 0 0 0 0 0 0 0 0 0 0 0 0 0 0 0 0 0 0 0 0 0 0 0 0 0 0 0 0 0 0 0 0 0 0 0 0 0 0 0 0 
0 0 0 0 0 0 0 0 0 0 0 0 0 0 0 0 0 0 0 0 0 0 0 0 0 0 0 0 0 0 0 0 0 0 0 0 0 0 0 0 0 0 0 0 0 0 0 0 0 0 0 0 0 0 0 0 0 0 0 0 0 0 0 0 0 0 0 0 0 0 0 0 0 0 0 0 0 0 0 0 0 0 0 0 0 0 0 0 0 0 0 0 0 0 0 0 0 0 0 0 0 0 0 0 0 0 0 0 0 0 0 0 0 0 0 0 0 0 0 0 0 0 0 0 0 0 0 0 0 0 0 0 0 0 0 0 0 0 0 0 0 0 0 0 0 0 0 0 0 0 0 0 0 0 0 0 0 0 0 0 0 0 0 0 0 0 0 0 0 0 0 0 0 0 0 0 0 0 0 0 0 0 0 0 0 0 0 0 0 0 0 0 0 0 0 
0 0 0 0 0 0 0 0 0 0 0 0 0 0 0 0 0 0 1 0 0 0 0 0 0 0 0 0 0 0 0 0 0 1 0 1 0 0 0 0 0 0 0 0 0 0 0 0 0 1 0 1 0 0 0 0 0 0 0 0 0 0 0 0 0 0 0 0 1 0 0 0 0 0 0 0 0 0 0 0 0 0 0 0 0 0 0 0 0 0 0 0 0 0 0 0 0 0 0 0 0 0 0 0 0 0 0 0 0 0 0 0 0 0 0 0 0 0 0 0 0 0 1 0 0 0 0 0 0 1 1 0 0 0 1 0 1 0 0 0 0 0 0 0 0 0 1 0 0 1 0 0 0 0 0 0 0 0 0 0 0 0 0 0 0 1 0 0 0 0 0 0 1 0 0 0 0 1 1 1 0 0 0 0 0 0 0 0 0 0 0 0 0 0 1 
127 56 43 35 186 172 0 142 0 0 0 0 194 0 0 123 
1.037830E-05 6.292083E-04 6.277044E-06 0.000000E+00 2.289979E-05 0.000000E+00 0.000000E+00 0.000000E+00 1.145230E-07 1.636829E-04 0.000000E+00 2.209437E-04 0.000000E+00 0.000000E+00 0.000000E+00 0.000000E+00 7.459285E-09 4.543873E-05 2.650417E-04 0.000000E+00 1.065560E-07 2.615516E-04 0.000000E+00 5.484808E-05 1.874013E-04 6.861134E-09 1.659604E-04 1.887560E-04 0.000000E+00 3.165605E-06 1.979120E-05 0.000000E+00 9.656591E-05 7.243432E-05 0.000000E+00 8.715811E-05 0.000000E+00 0.000000E+00 0.000000E+00 7.991331E-04 4.221365E-07 0.000000E+00 0.000000E+00 7.721607E-06 0.000000E+00 2.330460E-04 5.336880E-05 0.000000E+00 1.715995E-05 1.772542E-06 9.151865E-05 2.193047E-04 0.000000E+00 0.000000E+00 9.928611E-04 0.000000E+00 0.000000E+00 3.083599E-06 0.000000E+00 5.269219E-06 2.306629E-04 3.972455E-07 0.000000E+00 2.092726E-06 3.657245E-04 4.408553E-04 1.043979E-05 8.797866E-07 1.558587E-04 1.483085E-05 4.754396E-05 0.000000E+00 4.931532E-04 1.767394E-04 1.078303E-06 0.000000E+00 0.000000E+00 3.477259E-06 9.287313E-05 0.000000E+00 0.000000E+00 3.927112E-05 4.052369E-04 0.000000E+00 4.754701E-06 0.000000E+00 0.000000E+00 4.864782E-05 3.167424E-05 0.000000E+00 0.000000E+00 1.460080E-04 0.000000E+00 0.000000E+00 2.749337E-05 0.000000E+00 0.000000E+00 0.000000E+00 1.737868E-08 8.848348E-04 5.906913E-04 1.476839E-06 1.811238E-04 1.187971E-05 1.498892E-04 0.000000E+00 0.000000E+00 3.810875E-06 0.000000E+00 0.000000E+00 2.788461E-05 5.298494E-06 1.269813E-04 0.000000E+00 6.810965E-04 0.000000E+00 0.000000E+00 0.000000E+00 0.000000E+00 0.000000E+00 1.479131E-07 1.501488E-04 0.000000E+00 2.385573E-04 0.000000E+00 3.034388E-05 0.000000E+00 1.584839E-04 1.959669E-04 1.784226E-04 9.221380E-07 8.513229E-04 0.000000E+00 2.670612E-05 6.236559E-05 8.474440E-05 4.527258E-04 1.952357E-05 0.000000E+00 0.000000E+00 1.137666E-04 0.000000E+00 1.489334E-04 4.033952E-04 0.000000E+00 4.614664E-05 7.762519E-07 0.000000E+00 0.000000E+00 1.256068E-05 0.000000E+00 1.672517E-06 0.000000E+00 9.087725E-06 0.000000E+00 0.000000E+00 0.000000E+00 0.000000E+00 4.606200E-05 0.000000E+00 4.084404E-04 0.000000E+00 8.918840E-05 1.078181E-05 1.967543E-04 2.623922E-04 2.514265E-05 0.000000E+00 9.844871E-06 5.125294E-05 0.000000E+00 0.000000E+00 1.774074E-04 5.269482E-08 0.000000E+00 8.209824E-09 7.041403E-04 3.905739E-07 9.014567E-07 1.237327E-04 3.369429E-04 0.000000E+00 9.556707E-05 0.000000E+00 1.206441E-04 0.000000E+00 9.998557E-04 3.141897E-05 0.000000E+00 0.000000E+00 0.000000E+00 3.358170E-09 0.000000E+00 0.000000E+00 8.124095E-05 
127 
79 49 95 164 51 58 192 9 56 85 113 67 12 22 122 2 31 177 40 185 187 
174 138 62 128 170 3 43 28 24 146 167 108 
159 183 103 89 21 17 82 41 88 35 30 105 136 66 55 141 161 101 70 92 129 18 74 181 
186 75 112 64 
78 169 172 46 44 1 61 163 111 5 121 68 60 73 10 47 126 27 132 115 65 100 
0 
176 142 99 
0 
0 
0 
0 
71 188 134 104 154 25 102 26 33 165 194 124 144 152 83 143 
0 
0 
50 131 147 150 179 123 180 178 130 195 34 19 69 52 36 135 166 137 173 

============Find Best @ Round 4682================
==========Cluster 0, RcvInterf=1.77251e-13============
Node 126, SINR:0.00000e+00, BpsHz:-nan
---------------
==========Cluster 1, RcvInterf=1.41226e-14============
Node 78, SINR:3.75334e-01, BpsHz:2.29891e-02
Node 48, SINR:3.75334e-01, BpsHz:2.29891e-02
Node 94, SINR:3.75334e-01, BpsHz:2.29891e-02
Node 163, SINR:3.75334e-01, BpsHz:2.29891e-02
Node 50, SINR:3.75334e-01, BpsHz:2.29891e-02
Node 57, SINR:3.75334e-01, BpsHz:2.29891e-02
Node 191, SINR:3.75334e-01, BpsHz:2.29891e-02
Node 8, SINR:3.75334e-01, BpsHz:2.29891e-02
Node 55, SINR:0.00000e+00, BpsHz:0.00000e+00
Node 84, SINR:3.75334e-01, BpsHz:2.29891e-02
Node 112, SINR:3.75334e-01, BpsHz:2.29891e-02
Node 66, SINR:3.75334e-01, BpsHz:2.29891e-02
Node 11, SINR:3.75334e-01, BpsHz:2.29891e-02
Node 21, SINR:3.75334e-01, BpsHz:2.29891e-02
Node 121, SINR:3.75334e-01, BpsHz:2.29891e-02
Node 1, SINR:3.75334e-01, BpsHz:2.29891e-02
Node 30, SINR:3.75334e-01, BpsHz:2.29891e-02
Node 176, SINR:3.75334e-01, BpsHz:2.29891e-02
Node 39, SINR:3.75334e-01, BpsHz:2.29891e-02
Node 184, SINR:3.75334e-01, BpsHz:2.29891e-02
Node 186, SINR:3.75334e-01, BpsHz:2.29891e-02
---------------
==========Cluster 2, RcvInterf=3.01023e-14============
Node 173, SINR:1.91584e-01, BpsHz:2.29891e-02
Node 137, SINR:1.91584e-01, BpsHz:2.29891e-02
Node 61, SINR:1.91584e-01, BpsHz:2.29891e-02
Node 127, SINR:1.91584e-01, BpsHz:2.29891e-02
Node 169, SINR:1.91584e-01, BpsHz:2.29891e-02
Node 2, SINR:1.91584e-01, BpsHz:2.29891e-02
Node 42, SINR:0.00000e+00, BpsHz:0.00000e+00
Node 27, SINR:1.91584e-01, BpsHz:2.29891e-02
Node 23, SINR:1.91584e-01, BpsHz:2.29891e-02
Node 145, SINR:1.91584e-01, BpsHz:2.29891e-02
Node 166, SINR:1.91584e-01, BpsHz:2.29891e-02
Node 107, SINR:1.91584e-01, BpsHz:2.29891e-02
---------------
==========Cluster 3, RcvInterf=8.62487e-15============
Node 158, SINR:4.42678e-01, BpsHz:2.29891e-02
Node 182, SINR:4.42678e-01, BpsHz:2.29891e-02
Node 102, SINR:4.42678e-01, BpsHz:2.29891e-02
Node 88, SINR:4.42678e-01, BpsHz:2.29891e-02
Node 20, SINR:4.42678e-01, BpsHz:2.29891e-02
Node 16, SINR:4.42678e-01, BpsHz:2.29891e-02
Node 81, SINR:4.42678e-01, BpsHz:2.29891e-02
Node 40, SINR:4.42678e-01, BpsHz:2.29891e-02
Node 87, SINR:4.42678e-01, BpsHz:2.29891e-02
Node 34, SINR:0.00000e+00, BpsHz:0.00000e+00
Node 29, SINR:4.42678e-01, BpsHz:2.29891e-02
Node 104, SINR:4.42678e-01, BpsHz:2.29891e-02
Node 135, SINR:4.42678e-01, BpsHz:2.29891e-02
Node 65, SINR:4.42678e-01, BpsHz:2.29891e-02
Node 54, SINR:4.42678e-01, BpsHz:2.29891e-02
Node 140, SINR:4.42678e-01, BpsHz:2.29891e-02
Node 160, SINR:4.42678e-01, BpsHz:2.29891e-02
Node 100, SINR:4.42678e-01, BpsHz:2.29891e-02
Node 69, SINR:4.42678e-01, BpsHz:2.29891e-02
Node 91, SINR:4.42678e-01, BpsHz:2.29891e-02
Node 128, SINR:4.42678e-01, BpsHz:2.29891e-02
Node 17, SINR:4.42678e-01, BpsHz:2.29891e-02
Node 73, SINR:4.42678e-01, BpsHz:2.29891e-02
Node 180, SINR:4.42678e-01, BpsHz:2.29891e-02
---------------
==========Cluster 4, RcvInterf=8.77382e-15============
Node 185, SINR:0.00000e+00, BpsHz:0.00000e+00
Node 74, SINR:4.89656e-02, BpsHz:2.29891e-02
Node 111, SINR:4.89656e-02, BpsHz:2.29891e-02
Node 63, SINR:4.89656e-02, BpsHz:2.29891e-02
---------------
==========Cluster 5, RcvInterf=1.18974e-14============
Node 77, SINR:3.97426e-01, BpsHz:2.29891e-02
Node 168, SINR:3.97426e-01, BpsHz:2.29891e-02
Node 171, SINR:0.00000e+00, BpsHz:0.00000e+00
Node 45, SINR:3.97426e-01, BpsHz:2.29891e-02
Node 43, SINR:3.97426e-01, BpsHz:2.29891e-02
Node 0, SINR:3.97426e-01, BpsHz:2.29891e-02
Node 60, SINR:3.97426e-01, BpsHz:2.29891e-02
Node 162, SINR:3.97426e-01, BpsHz:2.29891e-02
Node 110, SINR:3.97426e-01, BpsHz:2.29891e-02
Node 4, SINR:3.97426e-01, BpsHz:2.29891e-02
Node 120, SINR:3.97426e-01, BpsHz:2.29891e-02
Node 67, SINR:3.97426e-01, BpsHz:2.29891e-02
Node 59, SINR:3.97426e-01, BpsHz:2.29891e-02
Node 72, SINR:3.97426e-01, BpsHz:2.29891e-02
Node 9, SINR:3.97426e-01, BpsHz:2.29891e-02
Node 46, SINR:3.97426e-01, BpsHz:2.29891e-02
Node 125, SINR:3.97426e-01, BpsHz:2.29891e-02
Node 26, SINR:3.97426e-01, BpsHz:2.29891e-02
Node 131, SINR:3.97426e-01, BpsHz:2.29891e-02
Node 114, SINR:3.97426e-01, BpsHz:2.29891e-02
Node 64, SINR:3.97426e-01, BpsHz:2.29891e-02
Node 99, SINR:3.97426e-01, BpsHz:2.29891e-02
---------------
==========Cluster 6, RcvInterf=1.09995e-14============
Node -1, SINR:3.32941e-311, BpsHz:3.32941e-311
---------------
==========Cluster 7, RcvInterf=1.10400e-14============
Node 175, SINR:3.23830e-02, BpsHz:2.29891e-02
Node 141, SINR:0.00000e+00, BpsHz:0.00000e+00
Node 98, SINR:3.23830e-02, BpsHz:2.29891e-02
---------------
==========Cluster 8, RcvInterf=1.43479e-14============
Node -1, SINR:3.32941e-311, BpsHz:3.32941e-311
---------------
==========Cluster 9, RcvInterf=1.01370e-14============
Node -1, SINR:3.32941e-311, BpsHz:3.32941e-311
---------------
==========Cluster 10, RcvInterf=1.66299e-14============
Node -1, SINR:3.32941e-311, BpsHz:3.32941e-311
---------------
==========Cluster 11, RcvInterf=8.08234e-14============
Node -1, SINR:3.32941e-311, BpsHz:3.32941e-311
---------------
==========Cluster 12, RcvInterf=6.48282e-14============
Node 70, SINR:2.70007e-01, BpsHz:2.29891e-02
Node 187, SINR:2.70007e-01, BpsHz:2.29891e-02
Node 133, SINR:2.70007e-01, BpsHz:2.29891e-02
Node 103, SINR:2.70007e-01, BpsHz:2.29891e-02
Node 153, SINR:2.70007e-01, BpsHz:2.29891e-02
Node 24, SINR:2.70007e-01, BpsHz:2.29891e-02
Node 101, SINR:2.70007e-01, BpsHz:2.29891e-02
Node 25, SINR:2.70007e-01, BpsHz:2.29891e-02
Node 32, SINR:2.70007e-01, BpsHz:2.29891e-02
Node 164, SINR:2.70007e-01, BpsHz:2.29891e-02
Node 193, SINR:0.00000e+00, BpsHz:0.00000e+00
Node 123, SINR:2.70007e-01, BpsHz:2.29891e-02
Node 143, SINR:2.70007e-01, BpsHz:2.29891e-02
Node 151, SINR:2.70007e-01, BpsHz:2.29891e-02
Node 82, SINR:2.70007e-01, BpsHz:2.29891e-02
Node 142, SINR:2.70007e-01, BpsHz:2.29891e-02
---------------
==========Cluster 13, RcvInterf=1.15089e-14============
Node -1, SINR:3.32941e-311, BpsHz:3.32941e-311
---------------
==========Cluster 14, RcvInterf=1.05552e-14============
Node -1, SINR:3.32941e-311, BpsHz:3.32941e-311
---------------
==========Cluster 15, RcvInterf=2.01629e-14============
Node 49, SINR:3.32194e-01, BpsHz:2.29891e-02
Node 130, SINR:3.32194e-01, BpsHz:2.29891e-02
Node 146, SINR:3.32194e-01, BpsHz:2.29891e-02
Node 149, SINR:3.32194e-01, BpsHz:2.29891e-02
Node 178, SINR:3.32194e-01, BpsHz:2.29891e-02
Node 122, SINR:0.00000e+00, BpsHz:0.00000e+00
Node 179, SINR:3.32194e-01, BpsHz:2.29891e-02
Node 177, SINR:3.32194e-01, BpsHz:2.29891e-02
Node 129, SINR:3.32194e-01, BpsHz:2.29891e-02
Node 194, SINR:3.32194e-01, BpsHz:2.29891e-02
Node 33, SINR:3.32194e-01, BpsHz:2.29891e-02
Node 18, SINR:3.32194e-01, BpsHz:2.29891e-02
Node 68, SINR:3.32194e-01, BpsHz:2.29891e-02
Node 51, SINR:3.32194e-01, BpsHz:2.29891e-02
Node 35, SINR:3.32194e-01, BpsHz:2.29891e-02
Node 134, SINR:3.32194e-01, BpsHz:2.29891e-02
Node 165, SINR:3.32194e-01, BpsHz:2.29891e-02
Node 136, SINR:3.32194e-01, BpsHz:2.29891e-02
Node 172, SINR:3.32194e-01, BpsHz:2.29891e-02
---------------
