195
16
1.000000e-03
2.147618e-305
129
5000
2.996057e+00
2.606201e+00
2.996058e-06
  inf
0 0 0 0 0 0 0 0 0 0 1 0 0 0 0 0 0 0 0 0 0 0 0 0 0 0 0 0 0 0 0 0 0 0 0 0 0 0 0 0 0 0 0 0 0 0 0 0 0 0 0 0 0 0 0 0 0 0 0 0 0 0 0 0 0 0 0 0 0 0 0 0 0 0 0 0 0 0 0 0 0 0 0 0 0 0 0 0 0 0 0 0 0 0 0 0 0 0 1 0 0 0 0 0 0 0 0 0 0 0 0 0 0 0 0 0 0 0 0 0 0 0 0 0 0 0 1 0 0 0 0 0 0 0 0 0 0 0 0 0 0 1 0 0 0 0 0 0 0 0 0 0 0 0 0 1 0 0 0 0 0 0 0 0 0 0 0 0 0 0 0 0 0 0 0 0 0 0 0 0 0 0 0 0 0 1 0 0 0 0 0 0 0 0 0 
0 1 0 0 0 0 0 0 0 0 0 0 0 0 0 0 0 0 0 0 0 1 0 0 0 0 0 0 0 0 0 0 0 0 0 0 0 0 0 1 0 0 0 0 0 0 0 0 1 0 0 0 0 0 0 1 0 1 0 0 0 0 0 1 0 0 0 0 0 0 0 0 0 0 0 0 0 0 1 0 0 0 0 0 1 0 0 0 0 0 0 0 0 0 1 0 0 0 0 0 0 0 0 0 0 0 0 0 0 0 0 0 1 0 0 0 0 0 0 0 0 0 0 0 0 0 0 0 0 0 0 0 0 0 0 0 0 0 0 0 0 0 0 0 0 0 0 0 0 0 0 0 0 0 0 0 0 0 0 0 0 0 0 1 0 0 0 0 0 0 0 0 0 0 0 0 0 0 0 0 0 0 0 0 1 0 0 0 0 0 0 1 0 0 0 
0 0 0 0 0 0 0 0 0 0 0 0 0 1 0 0 0 0 0 0 1 0 0 0 0 0 0 0 0 0 0 0 0 0 1 0 0 0 0 0 1 0 0 0 0 0 0 0 0 0 0 0 0 0 0 0 0 0 0 0 0 0 0 0 0 1 0 0 0 0 0 0 0 0 0 0 0 0 0 0 1 0 0 0 0 1 0 0 1 0 0 0 0 0 0 0 0 0 0 0 0 0 1 0 0 0 0 0 0 0 0 0 0 0 0 0 0 0 0 0 0 0 0 0 0 0 0 0 0 0 0 0 0 0 0 0 0 0 0 0 0 0 0 0 0 0 0 0 0 0 0 0 0 0 0 0 0 0 0 0 0 0 0 0 0 0 0 0 0 0 0 0 0 0 0 0 0 0 0 0 0 0 0 0 0 0 0 0 0 0 0 0 0 0 0 
0 0 1 1 0 0 0 0 0 0 0 0 0 0 0 0 0 0 0 0 0 0 0 0 0 0 0 1 0 1 0 0 0 0 0 0 0 0 0 0 0 0 0 0 0 0 0 0 0 0 0 0 0 0 0 0 1 0 0 0 0 0 0 0 0 0 0 0 0 0 0 0 0 1 0 0 0 0 0 0 0 0 0 0 0 0 0 0 0 0 0 0 0 0 0 0 1 0 0 0 0 0 0 0 0 0 0 0 0 0 0 0 0 0 0 1 0 0 0 1 0 0 0 0 0 0 0 0 0 0 0 0 0 0 0 1 0 0 1 1 0 0 0 0 0 1 0 0 0 0 0 0 1 0 0 0 0 0 0 0 0 0 0 0 0 0 0 0 0 0 0 0 0 0 1 0 0 0 0 0 1 1 0 0 0 0 0 0 0 0 0 0 0 0 0 
0 0 0 0 0 0 0 0 0 0 0 0 0 0 0 0 0 0 0 0 0 0 0 0 0 0 0 0 0 0 0 0 0 0 0 0 0 0 0 0 0 0 0 0 0 0 0 0 0 0 0 0 0 0 0 0 0 0 0 0 0 0 0 0 0 0 0 0 0 0 0 0 0 0 0 0 0 0 0 0 0 0 0 0 0 0 0 0 0 0 0 0 0 0 0 0 0 0 0 0 0 0 0 0 0 0 0 0 0 0 0 0 0 0 0 0 0 0 0 0 0 0 0 0 0 0 0 0 0 0 0 0 0 0 0 0 0 0 0 0 0 0 0 0 0 0 0 0 0 0 0 0 0 0 0 0 0 0 0 0 0 0 0 0 0 0 0 0 0 0 0 0 0 0 0 0 0 0 0 0 0 0 0 0 0 0 0 0 0 0 0 0 0 0 0 
0 0 0 0 0 1 0 1 0 0 0 0 0 0 0 0 0 1 0 0 0 0 0 0 0 0 0 0 0 0 0 0 0 0 0 0 1 1 0 0 0 0 0 0 0 0 1 0 0 0 0 0 0 0 1 0 0 0 0 0 0 0 0 0 1 0 0 0 0 1 0 1 0 0 0 0 0 0 0 1 0 0 0 1 0 0 0 1 0 0 0 0 0 0 0 1 0 0 0 0 1 0 0 0 1 1 0 0 0 0 0 0 0 0 0 0 0 0 0 0 0 0 0 0 0 0 0 0 1 0 0 0 0 0 0 0 0 0 0 0 0 0 0 0 0 0 0 0 0 0 0 0 0 0 0 0 0 0 0 0 1 0 0 0 0 0 0 0 1 0 0 0 0 0 0 0 0 0 0 0 0 0 0 0 0 0 0 0 0 0 0 0 0 0 0 
0 0 0 0 0 0 1 0 0 0 0 1 0 0 0 0 0 0 0 0 0 0 1 0 0 1 0 0 1 0 1 0 1 0 0 0 0 0 0 0 0 0 0 0 0 0 0 0 0 0 0 0 0 0 0 0 0 0 0 0 0 0 0 0 0 0 1 0 0 0 0 0 0 0 0 0 0 0 0 0 0 0 0 0 0 0 0 0 0 0 0 0 0 0 0 0 0 1 0 0 0 0 0 1 0 0 0 0 0 0 0 0 0 0 0 0 0 0 1 0 0 1 0 0 0 0 0 0 0 0 0 0 0 0 0 0 0 0 0 0 0 0 0 0 0 0 0 1 0 0 0 1 0 1 0 0 0 0 0 0 0 0 0 0 1 0 0 0 0 0 0 0 0 0 0 0 0 0 0 0 0 0 0 0 0 0 0 0 0 0 0 0 0 0 0 
0 0 0 0 0 0 0 0 0 0 0 0 0 0 0 0 0 0 0 0 0 0 0 0 0 0 0 0 0 0 0 0 0 0 0 0 0 0 0 0 0 0 0 0 0 0 0 0 0 0 0 0 0 0 0 0 0 0 0 0 0 0 0 0 0 0 0 0 0 0 0 0 0 0 0 0 0 0 0 0 0 0 0 0 0 0 0 0 0 0 0 0 0 0 0 0 0 0 0 0 0 0 0 0 0 0 0 0 0 0 0 0 0 0 0 0 0 0 0 0 0 0 0 0 0 0 0 0 0 0 0 0 0 0 0 0 0 0 0 0 0 0 0 0 0 0 0 0 0 0 0 0 0 0 0 0 0 0 0 0 0 0 0 0 0 0 0 0 0 0 0 0 0 0 0 0 0 0 0 0 0 0 0 0 0 0 0 0 0 0 0 0 0 0 0 
0 0 0 0 0 0 0 0 0 0 0 0 0 0 0 0 0 0 0 0 0 0 0 0 0 0 0 0 0 0 0 0 0 0 0 0 0 0 0 0 0 0 0 0 0 0 0 0 0 0 0 0 0 0 0 0 0 0 0 0 0 0 0 0 0 0 0 0 0 0 0 0 0 0 0 0 0 0 0 0 0 0 0 0 0 0 0 0 0 0 0 0 0 0 0 0 0 0 0 0 0 0 0 0 0 0 0 0 0 0 0 0 0 0 0 0 0 0 0 0 0 0 0 0 0 0 0 0 0 0 0 0 0 0 0 0 0 0 0 0 0 0 0 0 0 0 0 0 0 0 0 0 0 0 0 0 0 0 0 0 0 0 0 0 0 0 0 0 0 0 0 0 0 0 0 0 0 0 0 0 0 0 0 0 0 0 0 0 0 0 0 0 0 0 0 
1 0 0 0 0 0 0 0 0 0 0 0 0 0 0 0 0 0 0 0 0 0 0 0 0 0 0 0 0 0 0 0 0 0 0 0 0 0 0 0 0 1 0 1 0 1 0 0 0 0 0 0 0 1 0 0 0 0 0 1 1 0 0 0 0 0 0 0 0 0 0 0 0 0 0 0 0 0 0 0 0 0 0 0 0 0 0 0 0 0 0 0 0 1 0 0 0 0 0 1 0 0 0 0 0 0 0 0 0 0 1 0 0 0 1 0 0 0 0 0 0 0 0 0 0 1 0 0 0 0 0 0 0 0 0 0 0 0 0 0 0 0 0 0 0 0 0 0 1 0 0 0 0 0 0 0 0 1 0 0 0 0 1 0 0 0 0 1 0 0 0 1 0 0 0 0 0 0 0 0 0 0 0 0 0 0 0 0 0 0 0 0 1 0 0 
0 0 0 0 0 0 0 0 0 0 0 0 0 0 0 0 0 0 0 0 0 0 0 0 0 0 0 0 0 0 0 0 0 0 0 0 0 0 0 0 0 0 0 0 0 0 0 0 0 0 0 0 0 0 0 0 0 0 0 0 0 0 0 0 0 0 0 0 0 0 0 0 0 0 0 0 0 0 0 0 0 0 0 0 0 0 0 0 0 0 0 0 0 0 0 0 0 0 0 0 0 0 0 0 0 0 0 0 0 0 0 0 0 0 0 0 0 0 0 0 0 0 0 0 0 0 0 0 0 0 0 0 0 0 0 0 0 0 0 0 0 0 0 0 0 0 0 0 0 0 0 0 0 0 0 0 0 0 0 0 0 0 0 0 0 0 0 0 0 0 0 0 0 0 0 0 0 0 0 0 0 0 0 0 0 0 0 0 0 0 0 0 0 0 0 
0 0 0 0 0 0 0 0 0 0 0 0 0 0 0 0 0 0 0 0 0 0 0 0 0 0 0 0 0 0 0 0 0 0 0 0 0 0 0 0 0 0 0 0 0 0 0 0 0 0 0 0 0 0 0 0 0 0 0 0 0 0 0 0 0 0 0 0 0 0 0 0 0 0 0 0 0 0 0 0 0 0 0 0 0 0 0 0 0 0 0 0 0 0 0 0 0 0 0 0 0 0 0 0 0 0 0 0 0 0 0 0 0 0 0 0 0 0 0 0 0 0 0 0 0 0 0 0 0 0 0 0 0 0 0 0 0 0 0 0 0 0 0 0 0 0 0 0 0 0 0 0 0 0 0 0 0 0 0 0 0 0 0 0 0 0 0 0 0 0 0 0 0 0 0 0 0 0 0 0 0 0 0 0 0 0 0 0 0 0 0 0 0 0 0 
0 0 0 0 0 0 0 0 0 0 0 0 0 0 0 0 0 0 0 0 0 0 0 0 1 0 0 0 0 0 0 1 0 0 0 0 0 0 0 0 0 0 0 0 0 0 0 0 0 0 0 0 0 0 0 0 0 0 0 0 0 0 0 0 0 0 0 0 0 0 1 0 0 0 0 0 1 0 0 0 0 0 0 0 0 0 0 0 0 0 0 0 0 0 0 0 0 0 0 0 0 0 0 0 0 0 0 0 0 0 0 0 0 0 0 0 0 1 0 0 0 0 0 1 0 0 0 0 0 0 0 0 0 1 0 0 0 0 0 0 0 0 1 1 0 0 0 0 0 0 0 0 0 0 0 0 1 0 0 1 0 0 0 0 0 0 0 0 0 0 0 0 0 0 0 0 0 0 0 0 0 0 0 0 0 0 0 1 0 0 0 0 0 0 0 
0 0 0 0 0 0 0 0 0 0 0 0 0 0 0 0 0 0 0 0 0 0 0 0 0 0 0 0 0 0 0 0 0 0 0 0 0 0 0 0 0 0 0 0 0 0 0 0 0 0 0 0 0 0 0 0 0 0 0 0 0 0 0 0 0 0 0 0 0 0 0 0 0 0 0 0 0 0 0 0 0 0 0 0 0 0 0 0 0 0 0 0 0 0 0 0 0 0 0 0 0 0 0 0 0 0 0 0 0 0 0 0 0 0 0 0 0 0 0 0 0 0 0 0 0 0 0 0 0 0 0 0 0 0 0 0 0 0 0 0 0 0 0 0 0 0 0 0 0 0 0 0 0 0 0 0 0 0 0 0 0 0 0 0 0 0 0 0 0 0 0 0 0 0 0 0 0 0 0 0 0 0 0 0 0 0 0 0 0 0 0 0 0 0 0 
0 0 0 0 0 0 0 0 0 0 0 0 0 0 0 0 0 0 0 0 0 0 0 1 0 0 0 0 0 0 0 0 0 0 0 0 0 0 0 0 0 0 1 0 0 0 0 0 0 0 0 0 1 0 0 0 0 0 0 0 0 1 0 0 0 0 0 0 0 0 0 0 0 0 1 0 0 0 0 0 0 0 0 0 0 0 0 0 0 0 0 0 0 0 0 0 0 0 0 0 0 0 0 0 0 0 0 1 0 0 0 1 0 0 0 0 0 0 0 0 0 0 0 0 0 0 0 1 0 0 0 0 0 0 0 0 0 1 0 0 0 0 0 0 0 0 0 0 0 0 0 0 0 0 0 0 0 0 0 0 0 0 0 0 0 0 0 0 0 1 0 0 0 1 0 0 0 0 0 0 0 0 0 0 0 0 0 0 0 0 1 0 0 0 0 
0 0 0 0 0 0 0 0 0 0 0 0 0 0 0 0 0 0 1 0 0 0 0 0 0 0 0 0 0 0 0 0 0 1 0 1 0 0 0 0 0 0 0 0 0 0 0 0 0 1 0 1 0 0 0 0 0 0 0 0 0 0 0 0 0 0 0 0 1 0 0 0 0 0 0 0 0 0 0 0 0 0 0 0 0 0 0 0 0 0 0 0 0 0 0 0 0 0 0 0 0 0 0 0 0 0 1 0 0 0 0 0 0 0 0 0 0 0 0 0 0 0 1 0 0 0 0 0 0 1 1 0 1 0 1 0 0 0 0 0 0 0 0 0 0 0 1 0 0 1 0 0 0 0 0 0 0 0 0 0 0 0 0 0 0 1 0 0 0 0 0 0 1 0 0 0 0 1 1 1 0 0 0 0 0 0 0 0 0 1 0 0 0 0 1 
99 192 35 30 0 106 152 0 0 60 0 0 188 0 108 123 
1.192599E-05 3.598950E-04 2.043170E-06 3.861828E-05 0.000000E+00 6.858206E-05 6.179964E-04 4.657414E-06 0.000000E+00 0.000000E+00 6.437801E-07 1.436400E-04 0.000000E+00 1.673076E-04 0.000000E+00 0.000000E+00 0.000000E+00 2.215738E-06 3.268476E-04 0.000000E+00 4.604330E-08 1.427978E-04 1.359620E-04 1.889355E-04 5.221236E-06 3.948053E-07 0.000000E+00 5.482925E-04 3.003051E-05 0.000000E+00 2.156632E-06 2.005756E-06 1.142600E-05 8.932551E-05 0.000000E+00 1.074828E-04 2.526423E-04 1.592036E-04 0.000000E+00 4.320391E-04 1.824070E-07 3.279250E-05 2.539301E-06 6.769545E-07 0.000000E+00 2.804529E-04 1.956779E-05 0.000000E+00 8.480295E-06 2.185886E-06 0.000000E+00 2.704450E-04 2.579876E-06 3.197678E-04 9.996045E-04 1.987406E-09 9.163502E-04 7.541042E-07 0.000000E+00 0.000000E+00 1.969454E-04 1.810688E-05 0.000000E+00 8.197258E-06 4.902368E-04 1.904955E-04 5.447410E-06 0.000000E+00 1.922039E-04 9.623373E-08 2.596289E-07 9.674140E-06 0.000000E+00 7.912909E-05 5.788798E-07 0.000000E+00 4.437436E-05 0.000000E+00 5.203087E-05 4.514284E-04 1.273089E-06 0.000000E+00 0.000000E+00 1.047783E-04 1.379766E-06 4.570009E-05 0.000000E+00 2.224455E-05 1.368658E-05 0.000000E+00 0.000000E+00 0.000000E+00 0.000000E+00 1.426176E-05 1.250406E-05 4.241966E-05 5.255694E-04 3.938583E-06 0.000000E+00 4.623917E-04 3.417628E-04 0.000000E+00 7.826439E-05 2.311524E-07 8.423665E-05 0.000000E+00 1.124070E-04 0.000000E+00 0.000000E+00 0.000000E+00 2.627084E-06 7.492422E-08 6.402818E-05 0.000000E+00 4.201783E-04 2.262356E-04 0.000000E+00 3.623400E-05 3.409822E-04 7.325471E-06 0.000000E+00 6.060538E-05 0.000000E+00 3.436738E-06 0.000000E+00 7.552152E-07 1.500678E-06 4.468891E-04 4.456176E-05 2.200295E-04 1.137174E-06 0.000000E+00 2.902239E-04 3.951792E-09 7.690882E-05 2.801797E-05 0.000000E+00 7.421043E-05 4.313902E-04 9.050458E-06 0.000000E+00 4.700961E-08 1.968945E-06 1.350351E-05 0.000000E+00 3.477332E-05 9.572686E-07 1.445798E-04 8.646538E-08 1.548974E-05 0.000000E+00 0.000000E+00 1.512989E-04 1.376699E-07 0.000000E+00 3.012676E-07 5.394006E-05 9.019629E-05 0.000000E+00 6.560688E-05 3.019232E-04 0.000000E+00 1.675574E-05 6.899097E-06 3.523877E-05 3.235803E-04 0.000000E+00 3.094484E-06 1.423585E-05 2.172641E-04 0.000000E+00 4.100165E-06 2.187776E-04 5.989305E-06 1.844055E-06 0.000000E+00 0.000000E+00 4.816532E-07 1.111670E-06 1.525863E-04 1.052114E-04 7.771496E-06 0.000000E+00 0.000000E+00 5.786835E-05 1.913346E-07 0.000000E+00 0.000000E+00 0.000000E+00 2.792536E-04 3.652093E-06 0.000000E+00 4.109113E-06 0.000000E+00 1.001858E-04 
186 99 142 156 127 11 
49 79 95 113 185 164 22 58 192 85 56 2 64 40 
21 35 41 86 89 66 103 14 81 
4 74 116 136 140 146 153 181 182 120 3 30 175 139 97 57 28 
0 
8 18 72 96 129 70 47 84 6 80 101 37 105 106 169 88 161 38 65 55 
29 33 31 98 67 154 104 152 148 122 26 165 12 119 23 7 
0 
0 
46 61 115 54 1 168 111 163 100 126 44 60 172 158 94 149 193 42 
0 
0 
124 144 134 143 188 71 32 157 25 118 160 77 
0 
24 138 62 43 174 108 191 112 170 128 75 53 
50 123 131 147 150 179 180 178 195 130 135 133 52 34 69 19 190 166 107 36 173 

============Find Best @ Round 1795================
==========Cluster 0, RcvInterf=1.49689e-14============
Node 185, SINR:7.70500e-02, BpsHz:2.14170e-02
Node 98, SINR:0.00000e+00, BpsHz:0.00000e+00
Node 141, SINR:7.70500e-02, BpsHz:2.14170e-02
Node 155, SINR:7.70500e-02, BpsHz:2.14170e-02
Node 126, SINR:7.70500e-02, BpsHz:2.14170e-02
Node 10, SINR:7.70500e-02, BpsHz:2.14170e-02
---------------
==========Cluster 1, RcvInterf=1.55201e-14============
Node 48, SINR:2.12867e-01, BpsHz:2.14170e-02
Node 78, SINR:2.12867e-01, BpsHz:2.14170e-02
Node 94, SINR:2.12867e-01, BpsHz:2.14170e-02
Node 112, SINR:2.12867e-01, BpsHz:2.14170e-02
Node 184, SINR:2.12867e-01, BpsHz:2.14170e-02
Node 163, SINR:2.12867e-01, BpsHz:2.14170e-02
Node 21, SINR:2.12867e-01, BpsHz:2.14170e-02
Node 57, SINR:2.12867e-01, BpsHz:2.14170e-02
Node 191, SINR:0.00000e+00, BpsHz:0.00000e+00
Node 84, SINR:2.12867e-01, BpsHz:2.14170e-02
Node 55, SINR:2.12867e-01, BpsHz:2.14170e-02
Node 1, SINR:2.12867e-01, BpsHz:2.14170e-02
Node 63, SINR:2.12867e-01, BpsHz:2.14170e-02
Node 39, SINR:2.12867e-01, BpsHz:2.14170e-02
---------------
==========Cluster 2, RcvInterf=2.23874e-14============
Node 20, SINR:1.26101e-01, BpsHz:2.14170e-02
Node 34, SINR:0.00000e+00, BpsHz:0.00000e+00
Node 40, SINR:1.26101e-01, BpsHz:2.14170e-02
Node 85, SINR:1.26101e-01, BpsHz:2.14170e-02
Node 88, SINR:1.26101e-01, BpsHz:2.14170e-02
Node 65, SINR:1.26101e-01, BpsHz:2.14170e-02
Node 102, SINR:1.26101e-01, BpsHz:2.14170e-02
Node 13, SINR:1.26101e-01, BpsHz:2.14170e-02
Node 80, SINR:1.26101e-01, BpsHz:2.14170e-02
---------------
==========Cluster 3, RcvInterf=1.82187e-14============
Node 3, SINR:2.68103e-01, BpsHz:2.14170e-02
Node 73, SINR:2.68103e-01, BpsHz:2.14170e-02
Node 115, SINR:2.68103e-01, BpsHz:2.14170e-02
Node 135, SINR:2.68103e-01, BpsHz:2.14170e-02
Node 139, SINR:2.68103e-01, BpsHz:2.14170e-02
Node 145, SINR:2.68103e-01, BpsHz:2.14170e-02
Node 152, SINR:2.68103e-01, BpsHz:2.14170e-02
Node 180, SINR:2.68103e-01, BpsHz:2.14170e-02
Node 181, SINR:2.68103e-01, BpsHz:2.14170e-02
Node 119, SINR:2.68103e-01, BpsHz:2.14170e-02
Node 2, SINR:2.68103e-01, BpsHz:2.14170e-02
Node 29, SINR:0.00000e+00, BpsHz:0.00000e+00
Node 174, SINR:2.68103e-01, BpsHz:2.14170e-02
Node 138, SINR:2.68103e-01, BpsHz:2.14170e-02
Node 96, SINR:2.68103e-01, BpsHz:2.14170e-02
Node 56, SINR:2.68103e-01, BpsHz:2.14170e-02
Node 27, SINR:2.68103e-01, BpsHz:2.14170e-02
---------------
==========Cluster 4, RcvInterf=2.09094e-14============
Node -1, SINR:3.32941e-311, BpsHz:3.32941e-311
---------------
==========Cluster 5, RcvInterf=1.09307e-14============
Node 7, SINR:3.25855e-01, BpsHz:2.14170e-02
Node 17, SINR:3.25856e-01, BpsHz:2.14170e-02
Node 71, SINR:3.25855e-01, BpsHz:2.14170e-02
Node 95, SINR:3.25855e-01, BpsHz:2.14170e-02
Node 128, SINR:3.25856e-01, BpsHz:2.14170e-02
Node 69, SINR:3.25855e-01, BpsHz:2.14170e-02
Node 46, SINR:3.25855e-01, BpsHz:2.14170e-02
Node 83, SINR:3.25856e-01, BpsHz:2.14170e-02
Node 5, SINR:3.25856e-01, BpsHz:2.14170e-02
Node 79, SINR:3.25855e-01, BpsHz:2.14170e-02
Node 100, SINR:3.25855e-01, BpsHz:2.14170e-02
Node 36, SINR:3.25855e-01, BpsHz:2.14170e-02
Node 104, SINR:3.25855e-01, BpsHz:2.14170e-02
Node 105, SINR:0.00000e+00, BpsHz:0.00000e+00
Node 168, SINR:3.25855e-01, BpsHz:2.14170e-02
Node 87, SINR:3.25855e-01, BpsHz:2.14170e-02
Node 160, SINR:3.25856e-01, BpsHz:2.14170e-02
Node 37, SINR:3.25855e-01, BpsHz:2.14170e-02
Node 64, SINR:3.25856e-01, BpsHz:2.14170e-02
Node 54, SINR:3.25855e-01, BpsHz:2.14170e-02
---------------
==========Cluster 6, RcvInterf=1.42076e-14============
Node 28, SINR:2.49417e-01, BpsHz:2.14170e-02
Node 32, SINR:2.49417e-01, BpsHz:2.14170e-02
Node 30, SINR:2.49417e-01, BpsHz:2.14170e-02
Node 97, SINR:2.49417e-01, BpsHz:2.14170e-02
Node 66, SINR:2.49417e-01, BpsHz:2.14170e-02
Node 153, SINR:2.49417e-01, BpsHz:2.14170e-02
Node 103, SINR:2.49417e-01, BpsHz:2.14170e-02
Node 151, SINR:0.00000e+00, BpsHz:0.00000e+00
Node 147, SINR:2.49417e-01, BpsHz:2.14170e-02
Node 121, SINR:2.49417e-01, BpsHz:2.14170e-02
Node 25, SINR:2.49417e-01, BpsHz:2.14170e-02
Node 164, SINR:2.49417e-01, BpsHz:2.14170e-02
Node 11, SINR:2.49417e-01, BpsHz:2.14170e-02
Node 118, SINR:2.49417e-01, BpsHz:2.14170e-02
Node 22, SINR:2.49417e-01, BpsHz:2.14170e-02
Node 6, SINR:2.49417e-01, BpsHz:2.14170e-02
---------------
==========Cluster 7, RcvInterf=2.24370e-14============
Node -1, SINR:3.32941e-311, BpsHz:3.32941e-311
---------------
==========Cluster 8, RcvInterf=1.66174e-14============
Node -1, SINR:3.32941e-311, BpsHz:3.32941e-311
---------------
==========Cluster 9, RcvInterf=2.03344e-14============
Node 45, SINR:2.87069e-01, BpsHz:2.14170e-02
Node 60, SINR:2.87069e-01, BpsHz:2.14170e-02
Node 114, SINR:2.87069e-01, BpsHz:2.14170e-02
Node 53, SINR:2.87069e-01, BpsHz:2.14170e-02
Node 0, SINR:2.87069e-01, BpsHz:2.14170e-02
Node 167, SINR:2.87069e-01, BpsHz:2.14170e-02
Node 110, SINR:2.87069e-01, BpsHz:2.14170e-02
Node 162, SINR:2.87069e-01, BpsHz:2.14170e-02
Node 99, SINR:2.87069e-01, BpsHz:2.14170e-02
Node 125, SINR:2.87069e-01, BpsHz:2.14170e-02
Node 43, SINR:2.87069e-01, BpsHz:2.14170e-02
Node 59, SINR:0.00000e+00, BpsHz:0.00000e+00
Node 171, SINR:2.87069e-01, BpsHz:2.14170e-02
Node 157, SINR:2.87069e-01, BpsHz:2.14170e-02
Node 93, SINR:2.87069e-01, BpsHz:2.14170e-02
Node 148, SINR:2.87069e-01, BpsHz:2.14170e-02
Node 192, SINR:2.87069e-01, BpsHz:2.14170e-02
Node 41, SINR:2.87069e-01, BpsHz:2.14170e-02
---------------
==========Cluster 10, RcvInterf=2.14636e-14============
Node -1, SINR:3.32941e-311, BpsHz:3.32941e-311
---------------
==========Cluster 11, RcvInterf=1.42685e-14============
Node -1, SINR:3.32941e-311, BpsHz:3.32941e-311
---------------
==========Cluster 12, RcvInterf=1.45947e-14============
Node 123, SINR:1.77386e-01, BpsHz:2.14170e-02
Node 143, SINR:1.77386e-01, BpsHz:2.14170e-02
Node 133, SINR:1.77386e-01, BpsHz:2.14170e-02
Node 142, SINR:1.77386e-01, BpsHz:2.14170e-02
Node 187, SINR:0.00000e+00, BpsHz:0.00000e+00
Node 70, SINR:1.77386e-01, BpsHz:2.14170e-02
Node 31, SINR:1.77386e-01, BpsHz:2.14170e-02
Node 156, SINR:1.77386e-01, BpsHz:2.14170e-02
Node 24, SINR:1.77386e-01, BpsHz:2.14170e-02
Node 117, SINR:1.77386e-01, BpsHz:2.14170e-02
Node 159, SINR:1.77386e-01, BpsHz:2.14170e-02
Node 76, SINR:1.77386e-01, BpsHz:2.14170e-02
---------------
==========Cluster 13, RcvInterf=3.98299e-14============
Node -1, SINR:3.32941e-311, BpsHz:3.32941e-311
---------------
==========Cluster 14, RcvInterf=8.12424e-14============
Node 23, SINR:1.77386e-01, BpsHz:2.14170e-02
Node 137, SINR:1.77386e-01, BpsHz:2.14170e-02
Node 61, SINR:1.77386e-01, BpsHz:2.14170e-02
Node 42, SINR:1.77386e-01, BpsHz:2.14170e-02
Node 173, SINR:1.77386e-01, BpsHz:2.14170e-02
Node 107, SINR:0.00000e+00, BpsHz:0.00000e+00
Node 190, SINR:1.77386e-01, BpsHz:2.14170e-02
Node 111, SINR:1.77386e-01, BpsHz:2.14170e-02
Node 169, SINR:1.77386e-01, BpsHz:2.14170e-02
Node 127, SINR:1.77386e-01, BpsHz:2.14170e-02
Node 74, SINR:1.77386e-01, BpsHz:2.14170e-02
Node 52, SINR:1.77386e-01, BpsHz:2.14170e-02
---------------
==========Cluster 15, RcvInterf=3.36592e-14============
Node 49, SINR:3.45685e-01, BpsHz:2.14170e-02
Node 122, SINR:0.00000e+00, BpsHz:0.00000e+00
Node 130, SINR:3.45685e-01, BpsHz:2.14170e-02
Node 146, SINR:3.45685e-01, BpsHz:2.14170e-02
Node 149, SINR:3.45685e-01, BpsHz:2.14170e-02
Node 178, SINR:3.45685e-01, BpsHz:2.14170e-02
Node 179, SINR:3.45685e-01, BpsHz:2.14170e-02
Node 177, SINR:3.45685e-01, BpsHz:2.14170e-02
Node 194, SINR:3.45685e-01, BpsHz:2.14170e-02
Node 129, SINR:3.45685e-01, BpsHz:2.14170e-02
Node 134, SINR:3.45685e-01, BpsHz:2.14170e-02
Node 132, SINR:3.45685e-01, BpsHz:2.14170e-02
Node 51, SINR:3.45685e-01, BpsHz:2.14170e-02
Node 33, SINR:3.45685e-01, BpsHz:2.14170e-02
Node 68, SINR:3.45685e-01, BpsHz:2.14170e-02
Node 18, SINR:3.45685e-01, BpsHz:2.14170e-02
Node 189, SINR:3.45685e-01, BpsHz:2.14170e-02
Node 165, SINR:3.45685e-01, BpsHz:2.14170e-02
Node 106, SINR:3.45685e-01, BpsHz:2.14170e-02
Node 35, SINR:3.45685e-01, BpsHz:2.14170e-02
Node 172, SINR:3.45685e-01, BpsHz:2.14170e-02
---------------
