195
16
1.000000e-03
2.147618e-305
127
5000
3.711155e+00
2.774658e+00
3.711155e-06
  inf
0 0 0 0 0 0 0 0 0 0 0 0 0 0 0 0 0 0 0 0 1 0 0 0 0 0 0 0 0 0 0 0 0 0 1 0 0 0 0 0 0 0 0 0 0 0 0 0 0 0 0 0 0 0 0 0 0 0 0 0 0 0 0 0 0 0 0 0 0 0 0 0 0 0 0 0 0 0 0 0 1 0 0 0 0 0 0 0 0 0 0 0 0 0 0 0 0 0 0 0 0 0 0 0 0 0 0 0 0 0 0 0 0 0 0 0 0 0 0 0 0 0 0 0 0 0 0 0 0 0 0 0 0 0 0 0 0 0 0 0 0 1 0 0 0 0 0 0 0 0 0 0 0 0 1 0 0 0 0 0 0 0 0 0 0 0 0 0 0 0 0 0 0 0 0 0 0 0 0 0 0 0 0 0 0 1 0 0 0 0 0 0 0 0 0 
0 0 0 0 0 0 0 0 1 0 0 0 0 0 0 0 0 0 0 0 0 1 0 0 0 0 0 0 0 0 0 0 0 0 0 0 0 0 0 0 0 0 0 0 0 0 0 0 1 0 0 0 1 0 0 1 0 1 0 0 0 0 0 0 0 0 0 0 0 0 0 0 0 0 0 0 0 0 1 0 0 0 0 0 1 0 0 0 0 0 0 0 1 0 1 0 0 0 0 0 0 0 0 0 0 0 0 0 0 0 0 0 1 0 0 0 0 0 0 0 0 0 0 0 0 0 0 0 0 0 0 0 0 0 0 0 0 0 0 0 0 0 0 0 0 0 0 0 0 0 0 0 0 0 0 0 0 0 0 0 0 0 0 0 0 0 0 0 0 0 0 0 0 0 0 0 0 0 0 0 0 0 0 0 1 0 0 0 1 0 0 1 0 0 0 
0 0 0 0 0 0 0 0 0 0 0 0 0 0 0 0 0 0 0 0 0 0 0 0 0 0 0 0 0 0 0 0 0 0 0 0 0 0 0 0 0 0 0 0 0 0 0 0 0 0 0 0 0 0 0 0 0 0 0 0 0 0 0 0 0 0 0 0 0 0 0 0 0 0 1 0 0 0 0 0 0 0 0 0 0 0 0 0 0 0 0 0 0 0 0 0 0 0 0 0 0 0 0 0 0 0 0 0 0 0 0 0 0 0 0 0 0 0 0 0 0 0 0 0 0 0 1 0 0 0 0 0 0 0 0 0 0 0 0 0 0 0 0 0 0 0 0 0 0 0 0 0 0 0 0 0 0 0 0 0 0 0 0 0 0 0 0 0 0 0 0 0 0 0 0 0 0 0 0 0 0 0 0 0 0 0 0 0 0 0 0 0 0 0 0 
0 0 0 0 0 0 0 0 0 0 0 0 0 1 0 0 0 0 0 0 0 0 0 0 0 0 0 0 0 0 0 0 0 0 0 0 0 0 0 0 1 0 0 0 0 0 0 0 0 0 0 0 0 0 1 0 1 0 0 0 0 0 1 0 0 1 0 0 0 0 0 0 0 1 0 0 0 0 0 0 0 0 0 0 0 0 0 0 1 0 0 0 0 0 0 0 1 0 0 0 0 0 1 0 0 0 0 0 0 0 0 0 0 0 0 1 0 0 0 0 0 0 0 0 0 0 0 0 0 0 0 0 0 0 0 1 0 0 1 1 1 0 0 0 0 0 0 0 0 0 0 0 1 0 0 0 0 0 1 0 0 1 0 0 0 0 0 0 0 0 0 0 0 0 0 0 0 0 0 0 1 1 1 0 0 0 0 0 0 0 0 0 0 0 0 
0 0 0 0 0 0 0 0 0 0 0 0 0 0 0 0 0 0 0 0 0 0 0 0 0 0 0 0 0 0 0 0 0 0 0 0 0 0 0 0 0 0 0 0 0 0 0 0 0 0 0 0 0 0 0 0 0 0 0 0 0 0 0 0 0 0 0 0 0 0 0 0 0 0 0 0 0 0 0 0 0 0 0 0 0 0 0 0 0 0 0 0 0 0 0 0 0 0 0 0 0 0 0 0 0 0 0 0 0 0 0 0 0 0 0 0 0 0 0 0 0 0 0 0 0 0 0 0 0 0 0 0 0 0 0 0 0 0 0 0 0 0 0 0 0 0 0 0 0 0 0 0 0 0 0 0 0 0 0 0 0 0 0 0 0 0 0 0 0 0 0 0 0 0 0 0 0 0 0 0 0 0 0 0 0 0 0 0 0 0 0 0 0 0 0 
0 0 0 0 0 0 0 0 0 0 0 0 0 0 0 0 0 0 0 0 0 0 0 0 0 0 0 0 0 0 0 0 0 0 0 0 0 0 0 0 0 0 0 0 0 0 0 0 0 0 0 0 0 0 0 0 0 0 0 0 0 0 0 0 0 0 0 0 0 0 0 0 0 0 0 0 0 0 0 0 0 0 0 0 0 0 0 0 0 0 0 0 0 0 0 0 0 0 0 0 0 0 0 0 0 0 0 0 0 0 0 0 0 0 0 0 0 0 0 0 0 0 0 0 0 0 0 0 0 0 0 0 0 0 0 0 0 0 0 0 0 0 0 0 0 0 0 0 0 0 0 0 0 0 0 0 0 0 0 0 0 0 0 0 0 0 0 0 0 0 0 0 0 0 0 0 0 0 0 0 0 0 0 0 0 0 0 0 0 0 0 0 0 0 0 
0 0 0 0 0 0 0 0 0 0 0 0 0 0 0 0 0 0 0 0 0 0 0 0 0 0 0 0 0 0 0 0 0 0 0 0 0 0 0 0 0 0 0 0 0 0 0 0 0 0 0 0 0 0 0 0 0 0 0 0 0 0 0 0 0 0 0 0 0 0 0 0 0 0 0 0 0 0 0 0 0 0 0 0 0 0 0 0 0 0 0 0 0 0 0 0 0 0 0 0 0 0 0 0 0 0 0 0 0 0 0 0 0 0 0 0 0 0 0 0 0 0 0 0 0 0 0 0 0 0 0 0 0 0 0 0 0 0 0 0 0 0 0 0 0 0 0 0 0 0 0 0 0 0 0 0 0 0 0 0 0 0 0 0 0 0 0 0 0 0 0 0 0 0 0 0 0 0 0 0 0 0 0 0 0 0 0 0 0 0 0 0 0 0 0 
0 0 0 0 0 0 0 0 0 0 0 0 0 0 0 0 0 0 0 0 0 0 0 0 0 0 0 0 0 0 0 0 0 0 0 0 0 0 0 0 0 0 0 0 0 0 0 0 0 0 0 0 0 0 0 0 0 0 0 0 0 0 0 0 0 0 0 0 0 0 0 0 0 0 0 0 0 0 0 0 0 0 0 0 0 0 0 0 0 0 0 0 0 0 0 0 0 0 0 0 0 0 0 0 0 0 0 0 0 0 0 0 0 0 0 0 0 0 0 0 0 0 0 0 0 0 0 0 0 0 0 0 0 0 0 0 0 0 0 0 0 0 0 0 0 0 0 0 0 0 0 0 0 0 0 0 0 0 0 0 0 0 0 0 0 0 0 0 0 0 0 0 0 0 0 0 0 0 0 0 0 0 0 0 0 0 0 0 0 0 0 0 0 0 0 
0 0 0 0 0 0 0 0 0 0 0 0 0 0 0 0 0 0 0 0 0 0 0 0 0 0 0 0 0 0 0 0 0 0 0 0 0 0 0 0 0 0 0 0 0 0 0 0 0 0 0 0 0 0 0 0 0 0 0 0 0 0 0 0 0 0 0 0 0 0 0 0 0 0 0 0 0 0 0 0 0 0 0 0 0 0 0 0 0 0 0 0 0 0 0 0 0 0 0 0 0 0 0 0 0 0 0 0 0 0 0 0 0 0 0 0 0 0 0 0 0 0 0 0 0 0 0 0 0 0 0 0 0 0 0 0 0 0 0 0 0 0 0 0 0 0 0 0 0 0 0 0 0 0 0 0 0 0 0 0 0 0 0 0 0 0 0 0 0 0 0 0 0 0 0 0 0 0 0 0 0 0 0 0 0 0 0 0 0 0 0 0 0 0 0 
0 0 0 0 0 0 0 0 0 0 0 0 0 0 0 0 0 0 0 0 0 0 0 0 0 0 0 0 0 0 0 0 0 0 0 0 0 0 0 0 0 0 0 0 0 0 0 0 0 0 0 0 0 0 0 0 0 0 0 0 0 0 0 0 0 0 0 0 0 0 0 0 0 0 0 0 0 0 0 0 0 0 0 0 0 0 0 0 0 0 0 0 0 0 0 0 0 0 0 0 0 0 0 0 0 0 0 0 0 0 0 0 0 0 0 0 0 0 0 0 0 0 0 0 0 0 0 0 0 0 0 0 0 0 0 0 0 0 0 0 0 0 0 0 0 0 0 0 0 0 0 0 0 0 0 0 0 0 0 0 0 0 0 0 0 0 0 0 0 0 0 0 0 0 0 0 0 0 0 0 0 0 0 0 0 0 0 0 0 0 0 0 0 0 0 
0 0 0 0 0 0 0 0 0 0 0 0 0 0 0 0 0 0 0 0 0 0 0 0 0 0 0 0 0 0 0 0 0 0 0 0 0 0 0 0 0 0 0 0 0 0 0 0 0 0 0 0 0 0 0 0 0 0 0 0 0 0 0 0 0 0 0 0 0 0 0 0 0 0 0 0 0 0 0 0 0 0 0 0 0 0 0 0 0 0 0 0 0 0 0 0 0 0 0 0 0 0 0 0 0 0 0 0 0 0 0 0 0 0 0 0 0 0 0 0 0 0 0 0 0 0 0 0 0 0 0 0 0 0 0 0 0 0 0 0 0 0 0 0 0 0 0 0 0 0 0 0 0 0 0 0 0 0 0 0 0 0 0 0 0 0 0 0 0 0 0 0 0 0 0 0 0 0 0 0 0 0 0 0 0 0 0 0 0 0 0 0 0 0 0 
0 0 0 0 0 0 1 0 0 0 0 1 1 0 0 0 0 0 0 0 0 0 1 0 1 0 0 0 1 0 1 0 1 0 0 0 0 0 0 0 0 0 0 0 0 0 0 0 0 0 0 0 0 0 0 0 0 0 0 0 0 0 0 0 0 0 1 0 0 0 1 0 0 0 0 0 1 0 0 0 0 0 1 0 0 0 0 0 0 0 0 0 0 0 0 0 0 1 0 0 0 0 0 1 0 0 0 0 0 0 0 0 0 0 0 0 0 0 1 0 0 1 0 0 0 0 0 0 0 0 0 0 0 0 0 0 0 0 0 0 0 0 0 1 0 0 0 1 0 0 1 1 0 1 0 0 0 0 0 1 0 0 0 0 1 0 0 0 0 0 0 0 0 0 0 0 1 0 0 0 0 0 0 0 0 0 1 0 0 0 0 0 0 0 0 
0 0 0 0 0 0 0 0 0 0 0 0 0 0 0 0 0 0 0 0 0 0 0 0 0 0 0 0 0 0 0 1 0 0 0 0 0 0 0 0 0 0 0 0 0 0 0 0 0 0 0 0 0 0 0 0 0 0 0 1 0 0 0 0 0 0 0 0 0 0 0 0 0 0 0 0 0 0 0 0 0 0 0 0 0 0 0 0 0 1 1 0 0 0 0 0 0 0 0 0 0 0 0 0 0 0 0 0 0 0 0 0 0 0 0 0 0 1 0 0 0 0 0 0 0 0 0 0 0 0 0 0 0 1 0 0 0 0 0 0 0 0 0 0 1 0 0 0 0 0 0 0 0 0 0 0 0 0 0 0 0 0 0 0 0 0 0 0 0 0 0 0 0 0 0 0 0 0 0 0 0 0 0 0 0 0 0 0 0 0 0 0 1 1 0 
1 0 0 0 0 0 0 1 0 1 0 0 0 0 0 0 0 1 0 0 0 0 0 0 0 0 1 0 0 0 0 0 0 0 0 0 1 1 0 0 0 0 0 0 0 1 1 0 0 0 0 0 0 1 0 0 0 0 0 0 1 0 0 0 1 0 0 0 0 1 0 0 1 0 0 0 0 1 0 0 0 0 0 1 0 0 0 0 0 0 0 0 0 1 0 0 0 0 0 1 0 0 0 0 0 1 0 0 1 0 1 0 0 0 1 0 0 0 0 0 1 0 0 0 0 0 0 0 1 0 0 1 0 0 0 0 0 0 0 0 0 0 0 0 0 0 0 0 0 0 0 0 0 0 0 0 0 1 0 0 0 0 0 0 0 0 0 1 1 0 0 1 0 0 0 0 0 0 0 0 0 0 0 0 0 0 0 0 0 0 0 0 0 0 0 
0 0 1 0 0 0 0 0 0 0 0 0 0 0 0 0 0 0 0 0 0 0 0 1 0 0 0 1 0 1 0 0 0 0 0 0 0 0 0 0 0 0 1 0 0 0 0 0 0 0 0 0 0 0 0 0 0 0 0 0 0 1 0 0 0 0 0 0 0 0 0 0 0 0 0 0 0 0 0 0 0 0 0 0 0 0 0 0 0 0 0 0 0 0 0 0 0 0 0 0 0 0 0 0 0 0 0 1 0 0 0 0 0 1 0 0 0 0 0 0 0 0 0 0 0 0 0 1 0 0 0 0 0 0 0 0 0 1 0 0 0 0 0 0 0 1 0 0 0 0 0 0 0 0 0 0 0 0 0 0 0 0 0 0 0 0 1 0 0 1 0 0 0 1 1 0 0 0 0 0 0 0 0 0 0 0 0 0 0 0 1 0 0 0 0 
0 0 0 0 0 0 0 0 0 0 0 0 0 0 0 1 0 0 1 0 0 0 0 0 0 0 0 0 0 0 0 0 0 1 0 0 0 0 0 1 0 0 0 0 0 0 0 0 0 1 0 0 0 0 0 0 0 0 0 0 0 0 0 0 0 0 0 0 0 0 0 0 0 0 0 0 0 0 0 0 0 0 0 0 0 0 1 0 0 0 0 0 0 0 0 0 0 0 0 0 0 0 0 0 0 0 0 0 0 1 0 0 0 0 0 0 0 0 0 0 0 0 1 0 0 0 0 0 0 1 1 0 1 0 1 0 1 0 0 0 0 0 0 0 0 0 1 0 0 1 0 0 0 0 0 0 0 0 0 0 0 0 0 0 0 0 0 0 0 0 0 0 1 0 0 0 0 1 1 1 0 0 0 0 0 0 0 0 0 1 0 0 0 0 1 
81 9 127 140 0 0 0 0 0 0 0 154 90 94 3 147 
5.007043E-06 0.000000E+00 0.000000E+00 0.000000E+00 0.000000E+00 0.000000E+00 7.096462E-04 2.960659E-05 0.000000E+00 6.766849E-05 0.000000E+00 1.176614E-04 5.061515E-04 2.255181E-04 0.000000E+00 1.309767E-04 0.000000E+00 4.833064E-05 2.050925E-04 0.000000E+00 3.167678E-06 2.288253E-04 1.681622E-04 1.481865E-04 8.910218E-05 0.000000E+00 7.000840E-05 1.175606E-04 2.112025E-05 1.497830E-06 1.853325E-07 3.520389E-05 1.004519E-05 8.711623E-05 7.019880E-07 0.000000E+00 2.635628E-04 6.558294E-05 0.000000E+00 8.537379E-04 1.080654E-05 0.000000E+00 4.848687E-06 0.000000E+00 0.000000E+00 1.256215E-04 1.567108E-05 0.000000E+00 1.879953E-05 4.392551E-09 0.000000E+00 0.000000E+00 6.737821E-06 5.788069E-04 9.995889E-04 7.552805E-08 2.036786E-04 1.011335E-06 0.000000E+00 6.983190E-06 1.455765E-04 6.831301E-06 1.319787E-04 0.000000E+00 2.005464E-04 1.317591E-04 1.222712E-06 0.000000E+00 0.000000E+00 3.199758E-05 2.150505E-05 0.000000E+00 2.777172E-04 1.764106E-06 8.912052E-07 0.000000E+00 2.604529E-04 1.498482E-07 9.578850E-05 0.000000E+00 0.000000E+00 0.000000E+00 1.984076E-04 2.088106E-04 3.282692E-07 0.000000E+00 6.293176E-05 0.000000E+00 6.384433E-05 0.000000E+00 2.715198E-05 0.000000E+00 5.023685E-06 0.000000E+00 2.335148E-05 0.000000E+00 1.042063E-04 6.002100E-07 0.000000E+00 7.901449E-04 0.000000E+00 0.000000E+00 7.781875E-05 6.715410E-07 0.000000E+00 1.452062E-05 0.000000E+00 2.676441E-05 6.241643E-04 3.389746E-04 3.924832E-05 0.000000E+00 1.032433E-04 2.951924E-04 5.520318E-04 1.951480E-05 0.000000E+00 2.283483E-04 3.938601E-04 0.000000E+00 1.405708E-06 4.051019E-05 8.384231E-07 0.000000E+00 0.000000E+00 0.000000E+00 0.000000E+00 2.114370E-04 1.931830E-04 1.190087E-04 3.524172E-06 5.773202E-04 1.067004E-04 1.262474E-05 1.036205E-05 6.548518E-08 1.789092E-04 1.135541E-04 6.569316E-05 0.000000E+00 3.680601E-06 5.321414E-07 0.000000E+00 3.572518E-04 4.227819E-06 3.231637E-06 0.000000E+00 1.304985E-04 0.000000E+00 9.685617E-06 7.452905E-05 2.814843E-07 1.135532E-05 0.000000E+00 9.785797E-09 0.000000E+00 0.000000E+00 6.258353E-04 1.042420E-06 7.591934E-04 0.000000E+00 9.253521E-05 0.000000E+00 0.000000E+00 4.003638E-05 0.000000E+00 1.436441E-04 5.689554E-06 1.091996E-06 5.585334E-05 0.000000E+00 3.203808E-07 4.374377E-04 9.987979E-07 1.242321E-07 0.000000E+00 5.579140E-04 5.908459E-06 8.273021E-07 9.590631E-05 6.709720E-06 9.951779E-09 2.740161E-05 0.000000E+00 8.815763E-05 3.595446E-07 6.684303E-04 0.000000E+00 2.541658E-04 3.483768E-04 3.817466E-07 1.719467E-08 2.486114E-08 2.677917E-08 3.127888E-05 
81 155 35 142 21 186 
185 95 58 49 9 192 56 85 79 113 189 53 22 93 
127 75 
136 140 153 181 182 74 139 57 162 141 159 63 103 66 183 116 14 89 97 41 55 
0 
0 
0 
0 
0 
0 
0 
31 98 152 154 104 67 148 29 122 33 23 119 165 13 83 77 71 25 7 151 177 12 144 187 160 
32 145 193 90 60 194 118 91 134 
129 18 10 8 47 27 84 37 169 38 78 73 65 94 109 132 46 1 61 115 54 172 70 111 168 121 100 106 158 
24 138 128 170 62 191 43 28 3 167 175 174 114 146 30 108 
50 150 179 195 131 147 123 178 130 180 135 34 87 19 133 110 190 137 16 40 173 

============Find Best @ Round 3088================
==========Cluster 0, RcvInterf=2.08915e-14============
Node 80, SINR:0.00000e+00, BpsHz:0.00000e+00
Node 154, SINR:7.22072e-02, BpsHz:2.01167e-02
Node 34, SINR:7.22072e-02, BpsHz:2.01167e-02
Node 141, SINR:7.22072e-02, BpsHz:2.01167e-02
Node 20, SINR:7.22072e-02, BpsHz:2.01167e-02
Node 185, SINR:7.22072e-02, BpsHz:2.01167e-02
---------------
==========Cluster 1, RcvInterf=2.20094e-14============
Node 184, SINR:1.98739e-01, BpsHz:2.01167e-02
Node 94, SINR:1.98739e-01, BpsHz:2.01167e-02
Node 57, SINR:1.98739e-01, BpsHz:2.01167e-02
Node 48, SINR:1.98739e-01, BpsHz:2.01167e-02
Node 8, SINR:0.00000e+00, BpsHz:0.00000e+00
Node 191, SINR:1.98739e-01, BpsHz:2.01167e-02
Node 55, SINR:1.98739e-01, BpsHz:2.01167e-02
Node 84, SINR:1.98739e-01, BpsHz:2.01167e-02
Node 78, SINR:1.98739e-01, BpsHz:2.01167e-02
Node 112, SINR:1.98739e-01, BpsHz:2.01167e-02
Node 188, SINR:1.98739e-01, BpsHz:2.01167e-02
Node 52, SINR:1.98739e-01, BpsHz:2.01167e-02
Node 21, SINR:1.98739e-01, BpsHz:2.01167e-02
Node 92, SINR:1.98739e-01, BpsHz:2.01167e-02
---------------
==========Cluster 2, RcvInterf=8.93396e-13============
Node 126, SINR:0.00000e+00, BpsHz:0.00000e+00
Node 74, SINR:1.40415e-02, BpsHz:2.01168e-02
---------------
==========Cluster 3, RcvInterf=1.62183e-14============
Node 135, SINR:3.21645e-01, BpsHz:2.01167e-02
Node 139, SINR:0.00000e+00, BpsHz:0.00000e+00
Node 152, SINR:3.21645e-01, BpsHz:2.01167e-02
Node 180, SINR:3.21645e-01, BpsHz:2.01167e-02
Node 181, SINR:3.21645e-01, BpsHz:2.01167e-02
Node 73, SINR:3.21645e-01, BpsHz:2.01167e-02
Node 138, SINR:3.21645e-01, BpsHz:2.01167e-02
Node 56, SINR:3.21645e-01, BpsHz:2.01167e-02
Node 161, SINR:3.21645e-01, BpsHz:2.01167e-02
Node 140, SINR:3.21645e-01, BpsHz:2.01167e-02
Node 158, SINR:3.21645e-01, BpsHz:2.01167e-02
Node 62, SINR:3.21645e-01, BpsHz:2.01167e-02
Node 102, SINR:3.21645e-01, BpsHz:2.01167e-02
Node 65, SINR:3.21645e-01, BpsHz:2.01167e-02
Node 182, SINR:3.21645e-01, BpsHz:2.01167e-02
Node 115, SINR:3.21645e-01, BpsHz:2.01167e-02
Node 13, SINR:3.21645e-01, BpsHz:2.01167e-02
Node 88, SINR:3.21645e-01, BpsHz:2.01167e-02
Node 96, SINR:3.21645e-01, BpsHz:2.01167e-02
Node 40, SINR:3.21645e-01, BpsHz:2.01167e-02
Node 54, SINR:3.21645e-01, BpsHz:2.01167e-02
---------------
==========Cluster 4, RcvInterf=1.91203e-14============
Node -1, SINR:3.32941e-311, BpsHz:3.32941e-311
---------------
==========Cluster 5, RcvInterf=2.40597e-14============
Node -1, SINR:3.32941e-311, BpsHz:3.32941e-311
---------------
==========Cluster 6, RcvInterf=1.20004e-14============
Node -1, SINR:3.32941e-311, BpsHz:3.32941e-311
---------------
==========Cluster 7, RcvInterf=1.25992e-14============
Node -1, SINR:3.32941e-311, BpsHz:3.32941e-311
---------------
==========Cluster 8, RcvInterf=1.80845e-14============
Node -1, SINR:3.32941e-311, BpsHz:3.32941e-311
---------------
==========Cluster 9, RcvInterf=1.81363e-14============
Node -1, SINR:3.32941e-311, BpsHz:3.32941e-311
---------------
==========Cluster 10, RcvInterf=1.40075e-14============
Node -1, SINR:3.32941e-311, BpsHz:3.32941e-311
---------------
==========Cluster 11, RcvInterf=2.16259e-14============
Node 30, SINR:3.97455e-01, BpsHz:2.01167e-02
Node 97, SINR:3.97455e-01, BpsHz:2.01167e-02
Node 151, SINR:3.97455e-01, BpsHz:2.01167e-02
Node 153, SINR:0.00000e+00, BpsHz:0.00000e+00
Node 103, SINR:3.97455e-01, BpsHz:2.01167e-02
Node 66, SINR:3.97455e-01, BpsHz:2.01167e-02
Node 147, SINR:3.97455e-01, BpsHz:2.01167e-02
Node 28, SINR:3.97455e-01, BpsHz:2.01167e-02
Node 121, SINR:3.97455e-01, BpsHz:2.01167e-02
Node 32, SINR:3.97455e-01, BpsHz:2.01167e-02
Node 22, SINR:3.97455e-01, BpsHz:2.01167e-02
Node 118, SINR:3.97455e-01, BpsHz:2.01167e-02
Node 164, SINR:3.97455e-01, BpsHz:2.01167e-02
Node 12, SINR:3.97455e-01, BpsHz:2.01167e-02
Node 82, SINR:3.97455e-01, BpsHz:2.01167e-02
Node 76, SINR:3.97455e-01, BpsHz:2.01167e-02
Node 70, SINR:3.97455e-01, BpsHz:2.01167e-02
Node 24, SINR:3.97455e-01, BpsHz:2.01167e-02
Node 6, SINR:3.97455e-01, BpsHz:2.01167e-02
Node 150, SINR:3.97455e-01, BpsHz:2.01167e-02
Node 176, SINR:3.97455e-01, BpsHz:2.01167e-02
Node 11, SINR:3.97455e-01, BpsHz:2.01167e-02
Node 143, SINR:3.97455e-01, BpsHz:2.01167e-02
Node 186, SINR:3.97455e-01, BpsHz:2.01167e-02
Node 159, SINR:3.97455e-01, BpsHz:2.01167e-02
---------------
==========Cluster 12, RcvInterf=2.50274e-14============
Node 31, SINR:1.18011e-01, BpsHz:2.01167e-02
Node 144, SINR:1.18011e-01, BpsHz:2.01167e-02
Node 192, SINR:1.18011e-01, BpsHz:2.01167e-02
Node 89, SINR:0.00000e+00, BpsHz:0.00000e+00
Node 59, SINR:1.18011e-01, BpsHz:2.01167e-02
Node 193, SINR:1.18011e-01, BpsHz:2.01167e-02
Node 117, SINR:1.18011e-01, BpsHz:2.01167e-02
Node 90, SINR:1.18011e-01, BpsHz:2.01167e-02
Node 133, SINR:1.18011e-01, BpsHz:2.01167e-02
---------------
==========Cluster 13, RcvInterf=2.55719e-14============
Node 128, SINR:4.77613e-01, BpsHz:2.01167e-02
Node 17, SINR:4.77613e-01, BpsHz:2.01167e-02
Node 9, SINR:4.77613e-01, BpsHz:2.01167e-02
Node 7, SINR:4.77613e-01, BpsHz:2.01167e-02
Node 46, SINR:4.77613e-01, BpsHz:2.01167e-02
Node 26, SINR:4.77613e-01, BpsHz:2.01167e-02
Node 83, SINR:4.77613e-01, BpsHz:2.01167e-02
Node 36, SINR:4.77613e-01, BpsHz:2.01167e-02
Node 168, SINR:4.77613e-01, BpsHz:2.01167e-02
Node 37, SINR:4.77613e-01, BpsHz:2.01167e-02
Node 77, SINR:4.77613e-01, BpsHz:2.01167e-02
Node 72, SINR:4.77613e-01, BpsHz:2.01167e-02
Node 64, SINR:4.77613e-01, BpsHz:2.01167e-02
Node 93, SINR:0.00000e+00, BpsHz:0.00000e+00
Node 108, SINR:4.77613e-01, BpsHz:2.01167e-02
Node 131, SINR:4.77613e-01, BpsHz:2.01167e-02
Node 45, SINR:4.77613e-01, BpsHz:2.01167e-02
Node 0, SINR:4.77613e-01, BpsHz:2.01167e-02
Node 60, SINR:4.77613e-01, BpsHz:2.01167e-02
Node 114, SINR:4.77613e-01, BpsHz:2.01167e-02
Node 53, SINR:4.77613e-01, BpsHz:2.01167e-02
Node 171, SINR:4.77613e-01, BpsHz:2.01167e-02
Node 69, SINR:4.77613e-01, BpsHz:2.01167e-02
Node 110, SINR:4.77613e-01, BpsHz:2.01167e-02
Node 167, SINR:4.77613e-01, BpsHz:2.01167e-02
Node 120, SINR:4.77613e-01, BpsHz:2.01167e-02
Node 99, SINR:4.77613e-01, BpsHz:2.01167e-02
Node 105, SINR:4.77613e-01, BpsHz:2.01167e-02
Node 157, SINR:4.77613e-01, BpsHz:2.01167e-02
---------------
==========Cluster 14, RcvInterf=4.17576e-14============
Node 23, SINR:2.32640e-01, BpsHz:2.01167e-02
Node 137, SINR:2.32640e-01, BpsHz:2.01167e-02
Node 127, SINR:2.32640e-01, BpsHz:2.01167e-02
Node 169, SINR:2.32640e-01, BpsHz:2.01167e-02
Node 61, SINR:2.32640e-01, BpsHz:2.01167e-02
Node 190, SINR:2.32640e-01, BpsHz:2.01167e-02
Node 42, SINR:2.32640e-01, BpsHz:2.01167e-02
Node 27, SINR:2.32640e-01, BpsHz:2.01167e-02
Node 2, SINR:0.00000e+00, BpsHz:0.00000e+00
Node 166, SINR:2.32640e-01, BpsHz:2.01167e-02
Node 174, SINR:2.32640e-01, BpsHz:2.01167e-02
Node 173, SINR:2.32640e-01, BpsHz:2.01167e-02
Node 113, SINR:2.32640e-01, BpsHz:2.01167e-02
Node 145, SINR:2.32640e-01, BpsHz:2.01167e-02
Node 29, SINR:2.32640e-01, BpsHz:2.01167e-02
Node 107, SINR:2.32640e-01, BpsHz:2.01167e-02
---------------
==========Cluster 15, RcvInterf=8.10723e-14============
Node 49, SINR:3.21645e-01, BpsHz:2.01167e-02
Node 149, SINR:3.21645e-01, BpsHz:2.01167e-02
Node 178, SINR:3.21645e-01, BpsHz:2.01167e-02
Node 194, SINR:3.21645e-01, BpsHz:2.01167e-02
Node 130, SINR:3.21645e-01, BpsHz:2.01167e-02
Node 146, SINR:0.00000e+00, BpsHz:0.00000e+00
Node 122, SINR:3.21645e-01, BpsHz:2.01167e-02
Node 177, SINR:3.21645e-01, BpsHz:2.01167e-02
Node 129, SINR:3.21645e-01, BpsHz:2.01167e-02
Node 179, SINR:3.21645e-01, BpsHz:2.01167e-02
Node 134, SINR:3.21645e-01, BpsHz:2.01167e-02
Node 33, SINR:3.21645e-01, BpsHz:2.01167e-02
Node 86, SINR:3.21645e-01, BpsHz:2.01167e-02
Node 18, SINR:3.21645e-01, BpsHz:2.01167e-02
Node 132, SINR:3.21645e-01, BpsHz:2.01167e-02
Node 109, SINR:3.21645e-01, BpsHz:2.01167e-02
Node 189, SINR:3.21645e-01, BpsHz:2.01167e-02
Node 136, SINR:3.21645e-01, BpsHz:2.01167e-02
Node 15, SINR:3.21645e-01, BpsHz:2.01167e-02
Node 39, SINR:3.21645e-01, BpsHz:2.01167e-02
Node 172, SINR:3.21645e-01, BpsHz:2.01167e-02
---------------
