195
16
1.000000e-03
9.998743e-308
52
5000
1.550514e+00
1.138916e+00
1.550514e-06
  inf
0 0 0 0 0 0 0 0 0 0 0 0 0 0 0 0 0 0 0 0 0 0 0 0 0 0 0 0 0 0 0 0 0 0 0 0 0 0 0 0 0 0 0 0 0 0 0 0 0 0 0 0 0 0 0 0 0 0 0 0 0 0 0 0 0 0 0 0 0 0 0 0 0 0 0 0 0 0 0 0 0 0 0 0 0 0 0 0 0 0 0 0 0 0 0 0 0 0 0 0 0 1 0 0 0 0 0 0 0 0 0 0 0 0 0 0 0 0 0 0 0 0 0 0 0 0 0 0 0 0 0 0 0 0 0 0 0 0 0 0 0 0 0 0 0 0 0 0 0 0 0 0 0 0 0 0 0 0 0 0 0 0 0 0 0 0 0 0 0 0 0 0 0 0 0 0 0 0 0 0 0 0 0 0 0 0 0 0 0 0 0 0 0 0 0 
0 0 0 0 0 0 0 0 0 0 0 0 0 0 0 0 0 0 0 0 0 0 0 0 0 0 0 0 0 0 0 0 0 0 0 0 0 0 0 0 0 0 0 0 0 0 0 0 0 0 0 0 0 0 0 0 0 0 0 0 0 0 0 0 0 0 0 0 0 0 0 0 0 0 0 0 0 0 0 0 0 0 0 0 0 0 0 0 0 0 0 0 1 0 0 0 0 0 0 0 0 0 0 0 0 0 0 0 0 0 0 0 0 0 0 0 0 0 0 0 0 0 0 0 0 0 0 0 0 0 0 0 0 0 0 0 0 0 0 0 0 0 0 0 0 0 0 0 0 0 0 0 0 0 0 0 0 0 0 0 0 0 0 0 0 0 0 0 0 0 0 0 0 0 0 0 0 0 0 0 0 0 0 0 0 0 0 0 0 0 0 0 0 0 0 
0 0 1 1 0 0 0 0 0 0 0 0 0 0 0 0 0 0 0 0 0 0 0 0 0 0 0 1 0 1 0 0 0 0 0 0 0 0 0 0 0 0 1 0 0 0 0 0 0 0 0 0 0 0 0 0 0 0 0 0 0 1 0 0 0 0 0 0 0 0 0 0 0 1 0 0 0 0 0 0 0 0 0 0 0 0 0 0 0 0 0 0 0 0 0 0 0 0 0 0 0 0 0 0 0 0 0 0 0 0 0 0 0 0 0 0 0 0 0 0 0 0 0 0 0 0 0 0 0 0 0 0 0 0 0 1 0 0 1 0 0 0 0 0 0 0 0 0 0 0 0 0 0 0 0 0 0 0 1 0 0 0 0 0 0 0 0 0 0 0 1 0 0 0 0 0 0 0 0 0 1 0 0 0 0 0 0 0 0 0 0 0 0 0 0 
0 0 0 0 0 0 0 0 0 0 0 0 0 0 0 0 0 0 0 0 0 0 0 0 1 0 0 0 0 0 0 1 1 0 0 0 0 0 0 0 0 1 0 0 0 0 0 0 0 0 0 0 0 0 0 0 0 0 0 0 0 0 0 0 0 0 0 0 0 0 1 0 0 0 0 0 0 0 0 0 0 0 0 0 0 0 0 0 0 0 0 0 0 0 0 0 0 0 0 0 0 0 0 1 0 0 0 0 0 0 0 0 0 0 0 0 0 1 0 0 0 0 0 0 0 0 0 0 0 0 0 0 0 1 0 0 0 0 0 0 0 0 1 1 0 0 0 0 0 0 0 0 0 1 0 0 1 0 0 1 0 0 0 0 1 0 0 0 0 0 0 0 0 0 0 0 0 0 0 0 0 0 0 0 0 0 0 1 0 0 0 0 0 0 0 
0 0 0 0 0 0 0 0 0 0 0 0 0 0 0 0 0 0 0 0 0 0 0 0 0 0 0 0 0 0 0 0 0 0 0 0 0 0 0 0 0 0 0 0 0 0 0 0 0 0 0 0 0 0 0 0 0 0 0 0 0 0 0 0 0 0 0 1 0 0 0 0 0 0 0 0 0 0 0 0 0 1 0 0 0 0 0 0 0 0 0 0 0 0 0 0 0 0 1 0 0 0 0 0 0 1 0 0 0 0 0 0 0 0 0 0 0 0 0 0 0 0 0 0 0 0 0 0 0 0 0 0 0 0 0 0 0 0 0 0 0 0 0 0 0 0 0 0 0 0 0 0 0 0 0 0 0 0 0 0 0 0 0 0 0 0 0 0 0 0 0 0 0 0 0 1 0 0 0 0 0 0 0 0 0 0 0 0 0 0 0 0 0 0 0 
0 0 0 0 1 0 0 0 0 0 0 0 0 0 0 0 0 0 0 0 0 0 0 0 0 0 1 0 0 0 0 0 0 0 0 0 0 1 0 0 0 0 0 0 0 0 1 0 0 0 0 0 0 0 0 0 0 0 0 0 1 0 0 0 1 0 0 0 0 0 0 0 1 0 0 0 0 0 0 0 0 0 0 1 0 0 0 0 0 0 0 0 0 1 0 0 0 0 0 0 0 0 0 0 0 0 0 0 1 0 0 0 0 0 1 0 0 0 0 0 1 0 0 0 0 0 0 0 0 0 0 1 0 0 0 0 0 0 0 0 0 0 0 0 0 0 0 0 0 0 0 0 0 0 0 0 0 0 0 0 0 0 0 0 0 0 0 1 1 0 0 0 0 0 0 0 0 0 0 0 0 0 0 0 0 0 0 0 0 0 0 0 0 0 0 
0 0 0 0 0 0 0 0 0 0 0 0 0 0 0 0 0 0 0 0 0 0 0 0 0 0 0 0 0 0 0 0 0 0 0 0 0 0 0 0 0 0 0 0 0 0 0 0 0 0 0 0 1 0 0 0 0 0 0 0 0 0 0 0 0 0 0 0 0 0 0 0 0 0 0 0 0 0 0 0 0 0 0 0 0 0 0 0 0 0 0 0 0 0 0 0 0 0 0 0 0 0 0 0 0 0 0 0 0 0 0 0 0 0 0 0 0 0 0 0 0 0 1 0 0 0 0 0 0 0 1 0 0 0 0 0 0 0 0 0 0 0 0 0 0 0 0 0 0 0 0 0 0 0 0 0 0 0 0 0 0 0 0 0 0 1 0 0 0 0 0 0 0 0 0 0 0 0 0 0 0 0 0 0 0 0 0 0 0 0 0 0 0 0 0 
0 0 0 0 0 0 0 0 0 0 0 0 0 0 0 0 0 0 0 0 0 0 0 0 0 0 0 0 0 0 0 0 0 0 0 0 0 0 0 0 0 0 0 0 0 0 0 0 0 0 0 0 0 0 0 0 0 0 0 0 0 0 0 0 0 0 0 0 0 0 0 0 0 0 0 0 0 0 0 0 0 0 0 0 1 0 0 0 0 0 0 0 0 0 0 0 0 0 0 0 0 0 0 0 0 0 0 0 0 0 0 0 0 0 0 0 0 0 0 0 0 0 0 0 0 0 0 0 0 0 0 0 0 0 0 0 0 0 0 0 0 0 0 0 0 0 0 0 0 0 0 0 0 0 0 0 0 0 0 0 0 0 0 0 0 0 0 0 0 0 0 0 0 0 0 0 0 0 0 0 0 0 0 0 0 0 0 0 0 0 0 0 0 0 0 
0 0 0 0 0 0 0 0 0 0 0 0 0 0 0 0 0 0 0 0 0 0 0 0 0 0 0 0 0 0 0 0 0 0 0 0 0 0 0 0 0 0 0 0 0 0 0 0 0 0 0 0 0 0 0 0 0 0 0 0 0 0 0 0 0 0 0 0 0 0 0 0 0 0 0 0 0 0 0 0 0 0 0 0 0 0 0 0 0 0 0 0 0 0 0 0 0 0 0 0 0 0 0 0 0 0 0 0 0 0 0 0 0 0 0 0 0 0 0 0 0 0 0 0 0 0 0 0 0 0 0 0 0 0 0 0 0 0 0 0 0 0 0 0 0 0 0 0 0 0 0 0 0 0 0 0 0 0 0 0 0 0 0 0 0 0 0 0 0 0 0 0 0 0 0 0 0 0 0 0 0 0 0 0 0 0 0 0 0 0 0 0 0 1 0 
0 0 0 0 0 0 0 0 0 0 0 0 0 0 0 0 0 0 0 0 0 0 0 0 0 0 0 0 0 0 0 0 0 0 0 0 0 0 0 0 0 0 0 0 0 0 0 0 0 0 0 0 0 0 0 0 0 0 0 0 0 0 0 0 0 0 0 0 0 0 0 0 0 0 0 0 0 0 0 0 0 0 0 0 0 0 0 0 0 0 0 0 0 0 0 0 0 0 0 0 0 0 0 0 0 0 0 0 0 0 0 0 0 0 0 0 0 0 0 0 0 0 0 0 0 0 0 0 0 0 0 0 0 0 0 0 0 0 0 0 0 0 0 0 0 0 0 0 0 0 0 0 0 0 0 0 0 0 0 0 0 0 0 0 0 0 0 0 0 0 0 0 0 0 0 0 0 0 0 0 0 0 0 0 0 0 0 0 0 0 0 0 0 0 0 
0 0 0 0 0 0 0 0 0 0 0 0 0 0 0 0 0 0 0 0 0 0 0 0 0 0 0 0 0 0 0 0 0 0 0 0 0 0 0 0 0 0 0 0 0 0 0 0 0 0 0 0 0 0 0 0 0 0 0 0 0 0 0 0 0 0 0 0 0 0 0 0 0 0 0 0 0 0 0 0 0 0 0 0 0 0 0 0 0 0 0 0 0 0 0 0 0 0 0 0 0 0 0 0 0 0 0 0 0 0 0 0 0 0 0 0 0 0 0 0 0 0 0 0 0 0 0 0 0 0 0 0 0 0 0 0 0 0 0 0 0 0 0 0 0 0 0 0 0 0 0 0 0 0 0 0 0 0 0 0 0 0 0 0 0 0 0 0 0 0 0 0 0 0 0 0 0 0 0 0 0 0 0 0 0 0 0 0 0 0 0 0 0 0 0 
0 0 0 0 0 0 0 0 0 0 0 0 0 0 0 0 0 0 0 0 0 0 0 0 0 0 0 0 0 0 0 0 0 0 0 0 0 0 0 0 0 0 0 0 0 0 0 0 0 0 0 0 0 0 0 0 0 0 0 0 0 0 0 0 0 0 0 0 0 0 0 0 0 0 0 0 0 0 0 0 0 0 0 0 0 0 0 0 0 0 0 0 0 0 0 0 0 0 0 0 0 0 0 0 0 0 0 0 0 0 0 0 0 0 0 0 0 0 0 0 0 0 0 0 0 0 0 0 0 0 0 0 0 0 0 0 0 0 0 0 0 0 0 0 0 0 0 0 0 0 0 0 0 0 0 0 0 0 0 0 0 0 0 0 0 0 0 0 0 0 0 0 0 0 0 0 0 0 0 0 0 0 0 0 0 0 0 0 0 0 0 0 0 0 0 
0 0 0 0 0 0 0 0 0 0 0 0 0 0 0 0 0 0 0 0 0 0 0 0 0 0 0 0 0 0 0 0 0 0 0 0 0 0 0 0 0 0 0 0 0 0 0 0 0 0 0 0 0 0 0 0 0 0 0 0 0 0 0 0 0 0 0 0 0 0 0 0 0 0 0 0 0 0 0 0 0 0 0 0 0 0 0 0 0 0 0 0 0 0 0 0 0 0 0 0 0 0 0 0 0 0 0 0 0 0 0 0 0 0 0 0 0 0 0 0 0 0 0 0 0 0 0 0 0 0 0 0 0 0 0 0 0 0 0 0 0 0 0 0 0 0 0 0 0 0 0 0 0 0 0 0 0 0 0 0 0 0 0 0 0 0 0 0 0 0 0 0 0 0 0 0 0 0 0 0 0 0 0 0 0 0 0 0 0 0 0 0 0 0 0 
0 0 0 0 0 0 0 0 0 0 0 0 0 0 0 0 0 0 0 0 0 0 0 0 0 0 0 0 0 0 0 0 0 0 0 0 0 0 0 0 0 0 0 0 0 0 0 0 0 0 0 0 0 0 0 0 0 0 0 0 0 0 0 0 0 0 0 0 0 0 0 0 0 0 0 0 0 0 0 0 0 0 0 0 0 0 0 0 0 0 0 0 0 0 0 0 0 0 0 0 0 0 0 0 0 0 0 0 0 0 0 0 0 0 0 0 0 0 0 0 0 0 0 0 0 0 0 0 0 0 0 0 0 0 0 0 0 0 0 0 0 0 0 0 0 0 0 0 0 0 0 0 0 0 0 0 0 0 0 0 0 0 0 0 0 0 0 0 0 0 0 0 0 0 0 0 0 0 0 0 0 0 0 0 0 0 0 0 0 0 0 0 0 0 0 
0 0 0 0 0 0 0 0 0 0 0 0 0 0 0 0 0 0 0 0 0 0 0 0 0 0 0 0 0 0 0 0 0 0 0 0 0 0 0 0 0 0 0 0 0 0 0 0 0 0 0 0 0 0 0 0 0 0 0 0 0 0 0 0 0 0 0 0 0 0 0 0 0 0 0 0 0 0 0 0 0 0 0 0 0 0 0 0 0 0 0 0 0 0 0 0 0 0 0 0 0 0 0 0 0 0 0 0 0 0 0 0 0 0 0 0 0 0 0 0 0 0 0 0 0 0 0 0 0 0 0 0 0 0 0 0 0 0 0 0 0 0 0 0 0 0 0 0 0 0 0 0 0 0 0 0 0 0 0 0 0 0 0 0 0 0 0 0 0 0 0 0 0 0 0 0 0 0 0 0 0 0 0 0 0 0 0 0 0 0 0 0 0 0 0 
0 1 0 0 0 0 0 0 0 0 0 0 0 0 0 1 0 0 0 0 0 0 0 0 0 0 0 0 0 0 0 0 0 0 0 0 0 0 1 0 0 0 0 0 0 0 0 0 0 0 0 0 0 0 0 0 0 1 1 0 0 0 0 0 0 0 0 0 0 0 0 0 0 0 0 0 0 0 1 0 0 0 0 0 0 0 1 0 0 0 0 0 0 0 1 0 0 0 0 0 0 0 0 0 0 0 0 0 0 0 0 0 0 0 0 0 0 0 0 0 0 0 0 0 0 0 0 0 0 0 0 0 0 0 1 0 0 0 0 0 0 0 0 0 0 0 0 0 0 0 0 0 0 0 0 0 0 0 0 0 0 0 0 0 0 0 0 0 0 0 0 0 0 0 0 0 0 0 0 0 0 0 0 0 1 0 0 0 1 0 0 1 0 0 1 
102 93 3 104 176 94 53 85 194 0 0 0 0 0 0 192 
0.000000E+00 6.029526E-04 0.000000E+00 1.029258E-05 7.633810E-06 0.000000E+00 0.000000E+00 0.000000E+00 0.000000E+00 0.000000E+00 0.000000E+00 0.000000E+00 0.000000E+00 0.000000E+00 0.000000E+00 5.746515E-04 0.000000E+00 0.000000E+00 0.000000E+00 0.000000E+00 0.000000E+00 0.000000E+00 0.000000E+00 0.000000E+00 2.312644E-05 0.000000E+00 1.120659E-04 2.069462E-04 0.000000E+00 2.636686E-06 0.000000E+00 1.005291E-04 3.544756E-06 0.000000E+00 0.000000E+00 0.000000E+00 0.000000E+00 1.049818E-04 9.794009E-05 0.000000E+00 0.000000E+00 4.136475E-04 8.535323E-06 0.000000E+00 0.000000E+00 0.000000E+00 2.508547E-05 0.000000E+00 0.000000E+00 0.000000E+00 0.000000E+00 0.000000E+00 0.000000E+00 0.000000E+00 0.000000E+00 0.000000E+00 0.000000E+00 1.263394E-06 1.048132E-04 0.000000E+00 2.330315E-04 1.202539E-05 0.000000E+00 0.000000E+00 3.210245E-04 0.000000E+00 0.000000E+00 1.176379E-06 0.000000E+00 0.000000E+00 1.911573E-06 0.000000E+00 4.445557E-04 6.642503E-05 0.000000E+00 0.000000E+00 0.000000E+00 0.000000E+00 8.717029E-05 0.000000E+00 0.000000E+00 1.163732E-04 0.000000E+00 3.342534E-04 0.000000E+00 0.000000E+00 4.189907E-04 0.000000E+00 0.000000E+00 0.000000E+00 0.000000E+00 0.000000E+00 0.000000E+00 0.000000E+00 2.094876E-05 0.000000E+00 0.000000E+00 0.000000E+00 9.782181E-07 0.000000E+00 0.000000E+00 0.000000E+00 0.000000E+00 0.000000E+00 0.000000E+00 4.601980E-06 0.000000E+00 0.000000E+00 9.991304E-04 0.000000E+00 0.000000E+00 0.000000E+00 0.000000E+00 0.000000E+00 8.836644E-04 0.000000E+00 0.000000E+00 5.282515E-04 0.000000E+00 0.000000E+00 2.250186E-06 0.000000E+00 1.623892E-05 0.000000E+00 0.000000E+00 0.000000E+00 0.000000E+00 0.000000E+00 0.000000E+00 0.000000E+00 6.922574E-05 9.241448E-04 0.000000E+00 1.160990E-05 1.695725E-04 2.217789E-05 0.000000E+00 0.000000E+00 2.577153E-04 0.000000E+00 0.000000E+00 0.000000E+00 1.042638E-04 1.300841E-04 0.000000E+00 0.000000E+00 0.000000E+00 0.000000E+00 0.000000E+00 0.000000E+00 0.000000E+00 0.000000E+00 0.000000E+00 6.996925E-07 0.000000E+00 0.000000E+00 3.489599E-04 0.000000E+00 6.788012E-05 3.538546E-04 0.000000E+00 0.000000E+00 0.000000E+00 0.000000E+00 1.715690E-05 8.224301E-04 0.000000E+00 9.107549E-06 1.748012E-06 0.000000E+00 6.938464E-04 0.000000E+00 0.000000E+00 0.000000E+00 0.000000E+00 0.000000E+00 0.000000E+00 0.000000E+00 0.000000E+00 0.000000E+00 4.443877E-05 0.000000E+00 0.000000E+00 0.000000E+00 9.695013E-05 0.000000E+00 0.000000E+00 7.077727E-06 2.788738E-04 0.000000E+00 0.000000E+00 0.000000E+00 0.000000E+00 0.000000E+00 9.287294E-04 
102 
93 
28 3 159 136 181 74 30 4 139 43 62 171 
104 71 134 32 188 157 118 25 143 160 144 33 165 154 42 
99 176 68 82 106 
47 5 27 73 169 38 94 65 109 61 132 168 84 121 115 
53 131 166 123 
85 
194 
0 
0 
0 
0 
0 
0 
135 58 185 87 59 39 79 189 2 192 95 16 195 

============Find Best @ Round 3864================
==========Cluster 0, RcvInterf=5.95451e-14============
Node 101, SINR:0.00000e+00, BpsHz:-nan
---------------
==========Cluster 1, RcvInterf=1.48144e-14============
Node 92, SINR:0.00000e+00, BpsHz:-nan
---------------
==========Cluster 2, RcvInterf=9.65857e-15============
Node 27, SINR:4.53064e-01, BpsHz:4.90089e-02
Node 2, SINR:0.00000e+00, BpsHz:0.00000e+00
Node 158, SINR:4.53064e-01, BpsHz:4.90090e-02
Node 135, SINR:4.53064e-01, BpsHz:4.90089e-02
Node 180, SINR:4.53064e-01, BpsHz:4.90089e-02
Node 73, SINR:4.53064e-01, BpsHz:4.90090e-02
Node 29, SINR:4.53064e-01, BpsHz:4.90090e-02
Node 3, SINR:4.53064e-01, BpsHz:4.90090e-02
Node 138, SINR:4.53064e-01, BpsHz:4.90089e-02
Node 42, SINR:4.53064e-01, BpsHz:4.90089e-02
Node 61, SINR:4.53064e-01, BpsHz:4.90090e-02
Node 170, SINR:4.53064e-01, BpsHz:4.90090e-02
---------------
==========Cluster 3, RcvInterf=7.24343e-15============
Node 103, SINR:0.00000e+00, BpsHz:0.00000e+00
Node 70, SINR:6.08956e-01, BpsHz:4.90089e-02
Node 133, SINR:6.08956e-01, BpsHz:4.90089e-02
Node 31, SINR:6.08956e-01, BpsHz:4.90089e-02
Node 187, SINR:6.08956e-01, BpsHz:4.90089e-02
Node 156, SINR:6.08956e-01, BpsHz:4.90090e-02
Node 117, SINR:6.08956e-01, BpsHz:4.90089e-02
Node 24, SINR:6.08956e-01, BpsHz:4.90089e-02
Node 142, SINR:6.08956e-01, BpsHz:4.90089e-02
Node 159, SINR:6.08956e-01, BpsHz:4.90090e-02
Node 143, SINR:6.08956e-01, BpsHz:4.90090e-02
Node 32, SINR:6.08956e-01, BpsHz:4.90089e-02
Node 164, SINR:6.08956e-01, BpsHz:4.90089e-02
Node 153, SINR:6.08956e-01, BpsHz:4.90089e-02
Node 41, SINR:6.08956e-01, BpsHz:4.90089e-02
---------------
==========Cluster 4, RcvInterf=1.36390e-14============
Node 98, SINR:1.45546e-01, BpsHz:4.90089e-02
Node 175, SINR:0.00000e+00, BpsHz:0.00000e+00
Node 67, SINR:1.45546e-01, BpsHz:4.90089e-02
Node 81, SINR:1.45546e-01, BpsHz:4.90089e-02
Node 105, SINR:1.45546e-01, BpsHz:4.90089e-02
---------------
==========Cluster 5, RcvInterf=1.96652e-14============
Node 46, SINR:6.08956e-01, BpsHz:4.90089e-02
Node 4, SINR:6.08956e-01, BpsHz:4.90089e-02
Node 26, SINR:6.08956e-01, BpsHz:4.90089e-02
Node 72, SINR:6.08956e-01, BpsHz:4.90089e-02
Node 168, SINR:6.08956e-01, BpsHz:4.90089e-02
Node 37, SINR:6.08956e-01, BpsHz:4.90089e-02
Node 93, SINR:0.00000e+00, BpsHz:0.00000e+00
Node 64, SINR:6.08956e-01, BpsHz:4.90089e-02
Node 108, SINR:6.08956e-01, BpsHz:4.90090e-02
Node 60, SINR:6.08956e-01, BpsHz:4.90089e-02
Node 131, SINR:6.08956e-01, BpsHz:4.90089e-02
Node 167, SINR:6.08956e-01, BpsHz:4.90090e-02
Node 83, SINR:6.08956e-01, BpsHz:4.90089e-02
Node 120, SINR:6.08956e-01, BpsHz:4.90090e-02
Node 114, SINR:6.08956e-01, BpsHz:4.90089e-02
---------------
==========Cluster 6, RcvInterf=1.96296e-14============
Node 52, SINR:0.00000e+00, BpsHz:0.00000e+00
Node 130, SINR:1.07285e-01, BpsHz:4.90089e-02
Node 165, SINR:1.07285e-01, BpsHz:4.90089e-02
Node 122, SINR:1.07285e-01, BpsHz:4.90089e-02
---------------
==========Cluster 7, RcvInterf=3.02642e-14============
Node 84, SINR:0.00000e+00, BpsHz:-nan
---------------
==========Cluster 8, RcvInterf=1.98666e-14============
Node 193, SINR:0.00000e+00, BpsHz:-nan
---------------
==========Cluster 9, RcvInterf=5.75290e-15============
Node -1, SINR:3.32941e-311, BpsHz:3.32941e-311
---------------
==========Cluster 10, RcvInterf=1.68077e-14============
Node -1, SINR:3.32941e-311, BpsHz:3.32941e-311
---------------
==========Cluster 11, RcvInterf=3.09020e-14============
Node -1, SINR:3.32941e-311, BpsHz:3.32941e-311
---------------
==========Cluster 12, RcvInterf=2.99745e-15============
Node -1, SINR:3.32941e-311, BpsHz:3.32941e-311
---------------
==========Cluster 13, RcvInterf=5.64245e-15============
Node -1, SINR:3.32941e-311, BpsHz:3.32941e-311
---------------
==========Cluster 14, RcvInterf=5.02207e-14============
Node -1, SINR:3.32941e-311, BpsHz:3.32941e-311
---------------
==========Cluster 15, RcvInterf=4.58900e-15============
Node 134, SINR:5.03273e-01, BpsHz:4.90089e-02
Node 57, SINR:5.03273e-01, BpsHz:4.90089e-02
Node 184, SINR:5.03273e-01, BpsHz:4.90089e-02
Node 86, SINR:5.03273e-01, BpsHz:4.90089e-02
Node 58, SINR:5.03273e-01, BpsHz:4.90089e-02
Node 38, SINR:5.03273e-01, BpsHz:4.90089e-02
Node 78, SINR:5.03273e-01, BpsHz:4.90089e-02
Node 188, SINR:5.03273e-01, BpsHz:4.90089e-02
Node 1, SINR:5.03273e-01, BpsHz:4.90090e-02
Node 191, SINR:0.00000e+00, BpsHz:0.00000e+00
Node 94, SINR:5.03273e-01, BpsHz:4.90090e-02
Node 15, SINR:5.03273e-01, BpsHz:4.90089e-02
Node 194, SINR:5.03273e-01, BpsHz:4.90089e-02
---------------
