195
16
1.000000e-03
2.125620e-314
105
5000
3.270741e+00
2.078857e+00
3.270741e-06
  inf
0 0 0 0 0 0 0 0 0 0 0 0 0 0 0 0 0 0 0 0 0 0 0 0 0 0 0 0 0 0 0 0 0 0 0 0 0 0 0 0 0 0 0 0 0 0 0 0 0 0 0 0 0 0 0 0 0 0 0 0 0 0 0 1 0 0 0 0 0 0 0 0 0 0 1 0 0 0 0 0 0 0 0 0 0 0 0 0 0 0 0 0 0 0 0 0 0 0 0 0 0 0 0 0 0 0 0 1 0 0 0 1 0 0 0 0 0 0 0 0 0 0 0 0 0 0 1 0 0 0 0 0 0 0 0 0 0 0 0 0 0 0 0 0 0 0 0 0 0 0 0 0 0 0 0 0 0 0 0 0 0 0 0 0 0 0 0 0 0 0 0 0 0 0 0 0 0 0 0 0 0 0 0 0 0 0 0 0 0 0 0 0 0 0 0 
0 1 0 0 0 0 0 0 1 0 0 0 0 0 0 0 0 0 0 0 0 1 0 0 0 0 0 0 0 0 0 0 0 0 0 0 0 0 0 0 0 0 0 0 0 0 0 0 1 0 0 0 0 0 0 1 0 1 0 0 0 0 0 0 0 0 0 0 0 0 0 0 0 0 0 0 0 0 1 0 0 0 0 0 1 0 0 0 0 0 0 0 0 0 1 0 0 0 0 0 0 0 0 0 0 0 0 0 0 0 0 0 1 0 0 0 0 0 0 0 0 0 0 0 1 0 0 0 0 0 0 0 0 0 0 0 0 0 0 0 0 0 0 0 0 0 0 0 0 0 0 0 0 0 0 0 0 0 0 0 0 0 0 1 0 0 0 0 0 0 0 0 0 0 0 0 0 0 0 0 0 0 0 0 1 0 0 0 1 0 0 0 0 0 0 
0 0 0 0 0 0 0 0 0 0 0 0 0 0 0 0 0 0 0 0 0 0 0 0 0 0 0 0 0 0 0 0 0 0 0 0 0 0 0 0 0 0 0 0 0 0 0 0 0 0 0 0 0 0 0 0 0 0 0 0 0 0 0 0 0 0 0 0 0 0 0 0 0 0 0 0 0 0 0 0 0 0 0 0 0 0 0 0 0 0 0 0 0 0 0 0 0 0 0 0 0 0 0 0 0 0 0 0 0 0 0 0 0 0 0 0 0 0 0 0 0 0 0 0 0 0 0 0 0 0 0 0 0 0 0 0 0 0 0 0 0 0 0 0 0 0 0 0 0 0 0 0 0 0 0 0 0 0 0 0 0 0 0 0 0 0 0 0 0 0 0 0 0 0 0 0 0 0 0 0 0 0 0 0 0 0 0 0 0 0 0 0 0 0 0 
0 0 0 1 0 0 0 0 0 0 0 0 0 0 0 0 0 0 0 0 0 0 0 0 0 0 0 0 0 1 0 0 0 0 1 0 0 0 0 0 0 0 0 0 0 0 0 0 0 0 0 0 0 0 0 0 1 0 0 0 0 0 0 0 0 0 0 0 0 0 0 0 0 1 0 0 0 0 0 0 0 0 0 0 0 0 0 0 0 0 0 1 0 0 0 0 1 0 0 0 0 0 1 0 0 0 0 0 0 0 0 0 0 0 0 1 0 0 0 0 0 0 0 0 0 0 0 0 0 0 0 0 0 0 0 1 0 0 0 1 0 0 0 0 0 0 0 0 0 0 0 0 0 0 0 0 0 0 1 0 0 1 0 0 0 0 0 0 0 0 0 0 0 0 0 0 0 0 0 0 1 0 1 0 0 0 0 0 0 0 0 0 0 0 0 
0 0 0 0 0 0 0 0 0 0 0 0 0 0 0 0 0 0 0 0 0 0 0 0 0 0 0 0 0 0 0 0 0 0 0 0 0 0 0 0 0 0 0 0 0 0 0 0 0 0 0 0 0 0 0 0 0 0 0 0 0 0 0 0 0 0 0 0 0 0 0 0 0 0 0 0 0 0 0 0 0 0 0 0 0 0 0 0 0 0 0 0 0 0 0 0 0 0 0 0 0 0 0 0 0 0 0 0 0 0 0 0 0 0 0 0 0 0 0 0 0 0 0 0 0 0 0 0 0 0 0 0 0 0 0 0 0 0 0 0 0 0 0 0 0 0 0 0 0 0 0 0 0 0 0 0 0 0 0 0 0 0 0 0 0 0 0 0 0 0 0 0 0 0 0 0 0 0 0 0 0 0 0 0 0 0 0 0 0 0 0 0 0 0 0 
0 0 0 0 0 0 0 0 0 0 0 0 0 0 0 0 0 0 0 0 0 0 0 0 0 0 0 0 0 0 0 0 0 0 0 0 0 0 0 0 0 0 0 0 0 0 0 0 0 0 0 0 0 0 0 0 0 0 0 0 0 0 0 0 0 0 0 0 0 0 0 0 0 0 0 0 0 0 0 0 0 0 0 0 0 0 0 0 0 0 0 0 0 0 0 0 0 0 0 0 0 0 0 0 0 0 0 0 0 0 0 0 0 0 0 0 0 0 0 0 0 0 0 0 0 0 0 0 0 0 0 0 0 0 0 0 0 0 0 0 0 0 0 0 0 0 0 0 0 0 0 0 0 0 0 0 0 0 0 0 0 0 0 0 0 0 0 0 0 0 0 0 0 0 0 0 0 0 0 0 0 0 0 0 0 0 0 0 0 0 0 0 0 0 0 
0 0 0 0 0 0 0 0 0 0 0 0 0 0 0 0 0 0 0 0 0 0 0 0 0 0 0 0 0 0 0 0 0 0 0 0 0 0 0 0 0 0 0 0 0 0 0 0 0 0 0 0 0 0 0 0 0 0 0 0 0 0 0 0 0 0 0 0 0 0 0 0 0 0 0 0 0 0 0 0 0 0 0 0 0 0 0 0 0 0 0 0 0 0 0 0 0 0 0 0 0 0 0 0 0 0 0 0 0 0 0 0 0 0 0 0 0 0 0 0 0 0 0 0 0 0 0 0 0 0 0 0 0 0 0 0 0 0 0 0 0 0 0 0 0 0 0 0 0 0 0 0 0 0 0 0 0 0 0 0 0 0 0 0 0 0 0 0 0 0 0 0 0 0 0 0 0 0 0 0 0 0 0 0 0 0 0 0 0 0 0 0 0 0 0 
0 0 0 0 0 0 0 0 0 0 0 0 0 0 0 0 0 0 0 0 0 0 0 0 0 0 0 0 0 0 0 0 0 0 0 0 0 0 0 0 0 0 0 0 0 0 0 0 0 0 0 0 0 0 0 0 0 0 0 0 0 0 0 0 0 0 0 0 0 0 0 0 0 0 0 0 0 0 0 0 0 0 0 0 0 0 0 0 0 0 0 0 0 0 0 0 0 0 0 0 0 0 0 0 0 0 0 0 0 0 0 0 0 0 0 0 0 0 0 0 0 0 0 0 0 0 0 0 0 0 0 0 0 0 0 0 0 0 0 0 0 0 0 0 0 0 0 0 0 0 0 0 0 0 0 0 0 0 0 0 0 0 0 0 0 0 0 0 0 0 0 0 0 0 0 0 0 0 0 0 0 0 0 0 0 0 0 0 0 0 0 0 0 0 0 
0 0 0 0 0 0 0 0 0 0 0 0 0 0 0 0 0 0 0 0 0 0 0 0 0 0 0 0 0 0 0 0 0 0 0 0 0 0 0 0 0 0 0 0 0 0 0 0 0 0 0 0 0 0 0 0 0 0 0 0 0 0 0 0 0 0 0 0 0 0 0 0 0 0 0 0 0 0 0 0 0 0 0 0 0 0 0 0 0 0 0 0 0 0 0 0 0 0 0 0 0 0 0 0 0 0 0 0 0 0 0 0 0 0 0 0 0 0 0 0 0 0 0 0 0 0 0 0 0 0 0 0 0 0 0 0 0 0 0 0 0 0 0 0 0 0 0 0 0 0 0 0 0 0 0 0 0 0 0 0 0 0 0 0 0 0 0 0 0 0 0 0 0 0 0 0 0 0 0 0 0 0 0 0 0 0 0 0 0 0 0 0 0 0 0 
1 0 0 0 0 0 0 0 0 0 0 0 0 0 0 0 0 0 0 0 0 0 0 0 0 0 0 0 0 0 0 0 0 0 0 0 0 0 0 0 0 0 0 1 0 0 0 0 0 0 0 0 0 1 0 0 0 0 0 1 1 0 0 0 0 0 0 0 0 0 0 0 0 0 0 0 0 0 0 0 0 0 0 0 0 0 0 0 0 0 0 0 0 0 0 0 0 0 0 0 0 0 0 0 0 0 0 0 0 0 1 0 0 0 0 0 0 0 0 0 0 0 0 0 0 1 0 0 0 0 0 0 0 0 0 0 0 0 0 0 0 0 0 0 0 0 0 0 0 0 0 0 0 0 0 0 0 0 0 0 0 0 1 0 0 0 0 1 0 0 0 0 0 0 0 0 0 0 0 0 0 0 0 0 0 0 0 0 0 0 0 0 0 0 0 
0 0 0 0 0 0 0 0 0 0 1 0 0 0 0 0 0 0 0 0 0 0 0 0 0 0 0 0 0 0 0 0 0 0 0 0 0 0 0 0 0 0 0 0 0 0 0 0 0 0 0 0 0 0 0 0 0 0 0 0 0 0 0 0 0 0 0 0 0 0 0 0 0 0 0 0 0 0 0 0 0 0 0 0 0 0 0 0 0 1 0 0 0 0 0 0 0 0 1 0 0 0 0 0 0 0 0 0 0 0 0 0 0 0 0 0 0 0 0 0 0 0 0 0 0 0 0 0 0 0 0 0 0 0 0 0 0 0 0 0 0 0 0 0 0 0 0 0 0 0 0 1 0 0 0 0 0 0 0 0 0 0 0 0 0 0 0 0 0 0 0 0 0 0 0 0 0 0 0 0 0 0 0 0 0 0 0 0 0 0 0 0 1 1 0 
0 0 0 0 0 0 0 0 0 0 0 0 0 0 0 0 0 0 0 0 0 0 0 0 0 0 0 0 0 0 0 0 0 0 0 0 0 0 0 0 0 0 0 0 0 0 0 0 0 0 0 0 0 0 0 0 0 0 0 0 0 0 0 0 0 0 0 0 0 0 0 0 0 0 0 0 0 0 0 0 0 0 0 0 0 0 0 0 0 0 0 0 0 0 0 0 0 0 0 0 0 0 0 0 0 0 0 0 0 0 0 0 0 0 0 0 0 0 0 0 0 0 0 0 0 0 0 0 0 0 0 0 0 0 0 0 0 0 0 0 0 0 0 0 0 0 0 0 0 0 0 0 0 0 0 0 0 0 0 0 0 0 0 0 0 0 0 0 0 0 0 0 0 0 0 0 0 0 0 0 0 0 0 0 0 0 0 0 0 0 0 0 0 0 0 
0 0 0 0 0 0 0 0 0 0 0 0 1 0 0 0 0 0 0 0 0 0 1 0 1 0 0 0 1 0 0 0 1 0 0 0 0 0 0 0 0 0 0 0 0 0 0 0 0 0 0 0 0 0 0 0 0 0 0 0 0 0 0 0 0 0 0 0 0 0 1 0 0 0 0 0 1 0 0 0 0 0 1 0 0 0 0 0 0 0 0 0 0 0 0 0 0 1 0 0 0 0 0 1 0 0 0 0 0 0 0 0 0 0 0 0 0 0 1 0 0 1 0 1 0 0 0 0 0 0 0 0 0 1 0 0 0 0 0 0 0 0 1 1 0 0 0 1 0 0 0 0 0 0 0 0 1 0 0 1 0 0 0 0 1 0 0 0 0 0 0 0 0 0 0 0 0 0 0 0 0 0 0 0 0 0 0 1 0 0 0 0 0 0 0 
0 0 0 0 1 0 0 1 0 1 0 0 0 0 0 0 0 1 0 0 0 0 0 0 0 0 1 0 0 0 0 0 0 0 0 0 1 0 0 0 0 0 0 0 0 0 1 1 0 0 0 0 0 0 0 0 0 0 0 0 0 0 0 0 0 0 0 0 0 1 0 0 0 0 0 0 0 1 0 1 0 1 0 1 0 0 0 1 0 0 0 0 0 1 0 1 0 0 0 0 1 0 0 0 1 1 0 0 0 0 0 0 0 0 0 0 0 0 0 0 0 0 0 0 0 0 0 0 1 0 0 0 0 0 0 0 0 0 0 0 0 0 0 0 0 0 0 0 0 0 0 0 0 0 0 0 0 0 0 0 1 0 0 0 0 0 0 0 0 0 0 0 0 0 0 0 0 0 0 0 0 0 0 0 0 0 0 0 0 0 0 0 0 0 0 
0 0 1 0 0 0 0 0 0 0 0 0 0 0 0 0 0 0 0 0 0 0 0 1 0 0 0 0 0 0 0 0 0 0 0 0 0 0 0 0 0 0 1 0 1 0 0 0 0 0 0 0 0 0 0 0 0 0 0 0 0 1 1 0 0 0 0 0 0 0 0 0 0 0 0 0 0 0 0 0 0 0 0 0 0 0 0 0 0 0 0 0 0 0 0 0 0 0 0 0 0 0 0 0 0 0 0 0 0 0 0 0 0 1 0 0 0 0 0 0 0 0 0 0 0 0 0 1 0 0 0 0 0 0 0 0 0 1 0 0 0 0 0 0 0 0 0 0 0 0 0 0 0 0 0 0 0 0 0 0 0 0 0 0 0 0 0 0 0 1 1 0 0 0 0 0 0 0 0 0 0 0 0 0 0 0 0 0 0 0 1 0 0 0 0 
0 0 0 0 0 0 0 0 0 0 0 0 0 0 0 1 0 0 1 0 0 0 0 0 0 0 0 0 0 0 0 0 0 1 0 1 0 0 0 0 0 0 0 0 0 0 0 0 0 1 0 1 0 0 0 0 0 0 1 0 0 0 0 0 0 0 0 0 0 0 0 0 0 0 0 0 0 0 0 0 0 0 0 0 0 0 0 0 0 0 0 0 0 0 0 0 0 0 0 0 0 0 0 0 0 0 0 0 0 0 0 0 0 0 0 0 0 0 0 0 0 0 1 0 0 0 0 0 0 1 1 0 1 0 1 0 0 0 0 0 0 0 0 0 0 0 1 0 0 1 0 0 0 0 0 0 0 0 0 0 0 0 0 0 0 0 0 0 0 0 0 0 0 0 0 0 0 1 1 1 0 0 0 0 0 0 0 0 0 0 0 0 0 0 1 
127 58 0 30 0 0 0 0 0 60 90 0 71 106 191 147 
6.527511E-06 2.850546E-04 5.458456E-07 4.211261E-05 9.960587E-06 0.000000E+00 0.000000E+00 5.257493E-06 1.120857E-06 1.247136E-04 3.321065E-07 0.000000E+00 9.604575E-05 0.000000E+00 0.000000E+00 1.217275E-04 0.000000E+00 2.501222E-06 1.906094E-04 0.000000E+00 0.000000E+00 8.868551E-05 4.369478E-05 1.498888E-04 1.058926E-06 0.000000E+00 7.142266E-05 0.000000E+00 2.529776E-05 0.000000E+00 0.000000E+00 0.000000E+00 3.265567E-06 8.096431E-05 2.844039E-06 2.304387E-04 2.851937E-04 0.000000E+00 0.000000E+00 0.000000E+00 0.000000E+00 0.000000E+00 4.333179E-07 3.705208E-07 8.164957E-04 0.000000E+00 2.208898E-05 3.775931E-06 3.640215E-06 4.082360E-09 0.000000E+00 2.769774E-04 0.000000E+00 1.750200E-04 0.000000E+00 2.253868E-06 9.992650E-04 0.000000E+00 1.012938E-05 0.000000E+00 1.077951E-04 3.259156E-06 7.972475E-04 2.918491E-08 0.000000E+00 0.000000E+00 0.000000E+00 0.000000E+00 0.000000E+00 1.086328E-07 0.000000E+00 0.000000E+00 0.000000E+00 8.628899E-05 1.612223E-07 0.000000E+00 2.113358E-05 1.084168E-05 3.605700E-05 5.095922E-04 0.000000E+00 4.732843E-05 1.146236E-05 1.182783E-04 1.379704E-06 0.000000E+00 0.000000E+00 2.511061E-05 0.000000E+00 0.000000E+00 0.000000E+00 1.080112E-04 0.000000E+00 1.450425E-05 2.935619E-06 4.788516E-05 5.731248E-04 3.789886E-05 2.476160E-06 0.000000E+00 3.857968E-04 0.000000E+00 2.999505E-04 1.313401E-06 9.509001E-05 0.000000E+00 0.000000E+00 3.595737E-06 0.000000E+00 0.000000E+00 1.437895E-06 1.464083E-06 2.621232E-05 2.893419E-04 0.000000E+00 2.467063E-04 0.000000E+00 0.000000E+00 2.439242E-04 0.000000E+00 0.000000E+00 1.113682E-04 7.792158E-07 6.506009E-06 6.389734E-04 4.133556E-07 0.000000E+00 2.951447E-04 5.030325E-05 1.106046E-04 3.275304E-06 0.000000E+00 9.916548E-05 1.461807E-06 9.630305E-06 3.055314E-05 0.000000E+00 8.177746E-05 0.000000E+00 9.869377E-06 0.000000E+00 0.000000E+00 1.370386E-05 1.280946E-05 0.000000E+00 0.000000E+00 0.000000E+00 1.563491E-04 0.000000E+00 9.001643E-06 0.000000E+00 1.562409E-06 0.000000E+00 0.000000E+00 0.000000E+00 0.000000E+00 5.714041E-05 0.000000E+00 3.846676E-05 6.157290E-05 3.408240E-04 5.108492E-04 9.171003E-06 9.919000E-06 6.465061E-06 0.000000E+00 0.000000E+00 1.693719E-06 0.000000E+00 8.975375E-05 4.149280E-04 0.000000E+00 0.000000E+00 0.000000E+00 0.000000E+00 0.000000E+00 0.000000E+00 5.491219E-06 7.688801E-07 8.913365E-05 1.147313E-04 0.000000E+00 1.505732E-04 0.000000E+00 1.805148E-05 0.000000E+00 0.000000E+00 3.822925E-07 9.064893E-05 0.000000E+00 0.000000E+00 0.000000E+00 1.287321E-08 1.386638E-08 2.907005E-05 
75 112 127 108 64 
95 164 58 49 56 85 9 189 22 185 2 79 113 125 
0 
74 136 181 140 92 159 116 183 57 97 162 103 30 4 35 
0 
0 
0 
0 
0 
1 163 168 44 60 111 126 61 54 
11 90 194 193 152 99 
0 
25 77 83 124 144 71 134 160 119 33 13 143 23 148 157 165 29 188 104 122 98 
82 105 88 96 18 129 70 37 84 106 8 10 27 5 47 101 78 48 161 80 94 
24 114 138 45 43 128 170 62 3 191 63 171 
50 123 131 147 150 179 195 34 178 59 180 135 130 52 16 36 133 19 

============Find Best @ Round 1370================
==========Cluster 0, RcvInterf=1.19555e-14============
Node 74, SINR:7.72847e-02, BpsHz:2.68499e-02
Node 111, SINR:7.72847e-02, BpsHz:2.68499e-02
Node 126, SINR:0.00000e+00, BpsHz:0.00000e+00
Node 107, SINR:7.72847e-02, BpsHz:2.68499e-02
Node 63, SINR:7.72847e-02, BpsHz:2.68499e-02
---------------
==========Cluster 1, RcvInterf=1.41953e-14============
Node 94, SINR:2.73720e-01, BpsHz:2.68499e-02
Node 163, SINR:2.73720e-01, BpsHz:2.68499e-02
Node 57, SINR:0.00000e+00, BpsHz:0.00000e+00
Node 48, SINR:2.73720e-01, BpsHz:2.68499e-02
Node 55, SINR:2.73720e-01, BpsHz:2.68499e-02
Node 84, SINR:2.73720e-01, BpsHz:2.68499e-02
Node 8, SINR:2.73720e-01, BpsHz:2.68499e-02
Node 188, SINR:2.73720e-01, BpsHz:2.68499e-02
Node 21, SINR:2.73720e-01, BpsHz:2.68499e-02
Node 184, SINR:2.73720e-01, BpsHz:2.68499e-02
Node 1, SINR:2.73720e-01, BpsHz:2.68499e-02
Node 78, SINR:2.73720e-01, BpsHz:2.68499e-02
Node 112, SINR:2.73720e-01, BpsHz:2.68499e-02
Node 124, SINR:2.73720e-01, BpsHz:2.68499e-02
---------------
==========Cluster 2, RcvInterf=1.75756e-14============
Node -1, SINR:3.32941e-311, BpsHz:3.32941e-311
---------------
==========Cluster 3, RcvInterf=1.35216e-14============
Node 73, SINR:2.97647e-01, BpsHz:2.68499e-02
Node 135, SINR:2.97647e-01, BpsHz:2.68499e-02
Node 180, SINR:2.97647e-01, BpsHz:2.68499e-02
Node 139, SINR:2.97647e-01, BpsHz:2.68499e-02
Node 91, SINR:2.97647e-01, BpsHz:2.68499e-02
Node 158, SINR:2.97647e-01, BpsHz:2.68499e-02
Node 115, SINR:2.97647e-01, BpsHz:2.68499e-02
Node 182, SINR:2.97647e-01, BpsHz:2.68499e-02
Node 56, SINR:2.97647e-01, BpsHz:2.68499e-02
Node 96, SINR:2.97647e-01, BpsHz:2.68499e-02
Node 161, SINR:2.97647e-01, BpsHz:2.68499e-02
Node 102, SINR:2.97647e-01, BpsHz:2.68499e-02
Node 29, SINR:0.00000e+00, BpsHz:0.00000e+00
Node 3, SINR:2.97647e-01, BpsHz:2.68499e-02
Node 34, SINR:2.97647e-01, BpsHz:2.68499e-02
---------------
==========Cluster 4, RcvInterf=8.35433e-15============
Node -1, SINR:3.32941e-311, BpsHz:3.32941e-311
---------------
==========Cluster 5, RcvInterf=5.42139e-15============
Node -1, SINR:3.32941e-311, BpsHz:3.32941e-311
---------------
==========Cluster 6, RcvInterf=1.37384e-14============
Node -1, SINR:3.32941e-311, BpsHz:3.32941e-311
---------------
==========Cluster 7, RcvInterf=2.68038e-14============
Node -1, SINR:3.32941e-311, BpsHz:3.32941e-311
---------------
==========Cluster 8, RcvInterf=1.09843e-14============
Node -1, SINR:3.32941e-311, BpsHz:3.32941e-311
---------------
==========Cluster 9, RcvInterf=1.20018e-14============
Node 0, SINR:1.60542e-01, BpsHz:2.68499e-02
Node 162, SINR:1.60542e-01, BpsHz:2.68499e-02
Node 167, SINR:1.60542e-01, BpsHz:2.68499e-02
Node 43, SINR:1.60542e-01, BpsHz:2.68499e-02
Node 59, SINR:0.00000e+00, BpsHz:0.00000e+00
Node 110, SINR:1.60542e-01, BpsHz:2.68499e-02
Node 125, SINR:1.60542e-01, BpsHz:2.68499e-02
Node 60, SINR:1.60542e-01, BpsHz:2.68499e-02
Node 53, SINR:1.60542e-01, BpsHz:2.68499e-02
---------------
==========Cluster 10, RcvInterf=2.91292e-14============
Node 10, SINR:9.75217e-02, BpsHz:2.68499e-02
Node 89, SINR:0.00000e+00, BpsHz:0.00000e+00
Node 193, SINR:9.75217e-02, BpsHz:2.68499e-02
Node 192, SINR:9.75217e-02, BpsHz:2.68499e-02
Node 151, SINR:9.75217e-02, BpsHz:2.68499e-02
Node 98, SINR:9.75217e-02, BpsHz:2.68499e-02
---------------
==========Cluster 11, RcvInterf=1.41521e-14============
Node -1, SINR:3.32941e-311, BpsHz:3.32941e-311
---------------
==========Cluster 12, RcvInterf=6.10959e-15============
Node 24, SINR:4.50950e-01, BpsHz:2.68499e-02
Node 76, SINR:4.50950e-01, BpsHz:2.68499e-02
Node 82, SINR:4.50950e-01, BpsHz:2.68499e-02
Node 123, SINR:4.50950e-01, BpsHz:2.68499e-02
Node 143, SINR:4.50950e-01, BpsHz:2.68499e-02
Node 70, SINR:0.00000e+00, BpsHz:0.00000e+00
Node 133, SINR:4.50950e-01, BpsHz:2.68499e-02
Node 159, SINR:4.50950e-01, BpsHz:2.68499e-02
Node 118, SINR:4.50950e-01, BpsHz:2.68499e-02
Node 32, SINR:4.50950e-01, BpsHz:2.68499e-02
Node 12, SINR:4.50950e-01, BpsHz:2.68499e-02
Node 142, SINR:4.50950e-01, BpsHz:2.68499e-02
Node 22, SINR:4.50950e-01, BpsHz:2.68499e-02
Node 147, SINR:4.50950e-01, BpsHz:2.68499e-02
Node 156, SINR:4.50950e-01, BpsHz:2.68499e-02
Node 164, SINR:4.50950e-01, BpsHz:2.68499e-02
Node 28, SINR:4.50950e-01, BpsHz:2.68499e-02
Node 187, SINR:4.50950e-01, BpsHz:2.68499e-02
Node 103, SINR:4.50950e-01, BpsHz:2.68499e-02
Node 121, SINR:4.50950e-01, BpsHz:2.68499e-02
Node 97, SINR:4.50950e-01, BpsHz:2.68499e-02
---------------
==========Cluster 13, RcvInterf=2.23913e-14============
Node 81, SINR:4.50950e-01, BpsHz:2.68499e-02
Node 104, SINR:4.50950e-01, BpsHz:2.68499e-02
Node 87, SINR:4.50950e-01, BpsHz:2.68499e-02
Node 95, SINR:4.50950e-01, BpsHz:2.68499e-02
Node 17, SINR:4.50950e-01, BpsHz:2.68499e-02
Node 128, SINR:4.50950e-01, BpsHz:2.68499e-02
Node 69, SINR:4.50950e-01, BpsHz:2.68499e-02
Node 36, SINR:4.50950e-01, BpsHz:2.68499e-02
Node 83, SINR:4.50950e-01, BpsHz:2.68499e-02
Node 105, SINR:0.00000e+00, BpsHz:0.00000e+00
Node 7, SINR:4.50950e-01, BpsHz:2.68499e-02
Node 9, SINR:4.50950e-01, BpsHz:2.68499e-02
Node 26, SINR:4.50950e-01, BpsHz:2.68499e-02
Node 4, SINR:4.50950e-01, BpsHz:2.68499e-02
Node 46, SINR:4.50950e-01, BpsHz:2.68499e-02
Node 100, SINR:4.50950e-01, BpsHz:2.68499e-02
Node 77, SINR:4.50950e-01, BpsHz:2.68499e-02
Node 47, SINR:4.50950e-01, BpsHz:2.68499e-02
Node 160, SINR:4.50950e-01, BpsHz:2.68499e-02
Node 79, SINR:4.50950e-01, BpsHz:2.68499e-02
Node 93, SINR:4.50950e-01, BpsHz:2.68499e-02
---------------
==========Cluster 14, RcvInterf=2.57465e-14============
Node 23, SINR:2.27182e-01, BpsHz:2.68499e-02
Node 113, SINR:2.27182e-01, BpsHz:2.68499e-02
Node 137, SINR:2.27182e-01, BpsHz:2.68499e-02
Node 44, SINR:2.27182e-01, BpsHz:2.68499e-02
Node 42, SINR:2.27182e-01, BpsHz:2.68499e-02
Node 127, SINR:2.27182e-01, BpsHz:2.68499e-02
Node 169, SINR:2.27182e-01, BpsHz:2.68499e-02
Node 61, SINR:2.27182e-01, BpsHz:2.68499e-02
Node 2, SINR:2.27182e-01, BpsHz:2.68499e-02
Node 190, SINR:0.00000e+00, BpsHz:0.00000e+00
Node 62, SINR:2.27182e-01, BpsHz:2.68499e-02
Node 170, SINR:2.27182e-01, BpsHz:2.68499e-02
---------------
==========Cluster 15, RcvInterf=2.48491e-14============
Node 49, SINR:3.72159e-01, BpsHz:2.68499e-02
Node 122, SINR:3.72159e-01, BpsHz:2.68499e-02
Node 130, SINR:3.72159e-01, BpsHz:2.68499e-02
Node 146, SINR:0.00000e+00, BpsHz:0.00000e+00
Node 149, SINR:3.72159e-01, BpsHz:2.68499e-02
Node 178, SINR:3.72159e-01, BpsHz:2.68499e-02
Node 194, SINR:3.72159e-01, BpsHz:2.68499e-02
Node 33, SINR:3.72159e-01, BpsHz:2.68499e-02
Node 177, SINR:3.72159e-01, BpsHz:2.68499e-02
Node 58, SINR:3.72159e-01, BpsHz:2.68499e-02
Node 179, SINR:3.72159e-01, BpsHz:2.68499e-02
Node 134, SINR:3.72159e-01, BpsHz:2.68499e-02
Node 129, SINR:3.72159e-01, BpsHz:2.68499e-02
Node 51, SINR:3.72159e-01, BpsHz:2.68499e-02
Node 15, SINR:3.72159e-01, BpsHz:2.68499e-02
Node 35, SINR:3.72159e-01, BpsHz:2.68499e-02
Node 132, SINR:3.72159e-01, BpsHz:2.68499e-02
Node 18, SINR:3.72159e-01, BpsHz:2.68499e-02
---------------
