195
16
1.000000e-03
9.998743e-308
72
5000
1.775576e+00
1.436157e+00
1.775576e-06
  inf
0 0 0 0 0 0 0 0 0 0 0 0 0 0 0 0 0 0 0 0 0 0 0 0 0 0 0 0 0 0 0 0 0 0 0 0 0 0 0 0 0 0 0 0 0 0 0 0 0 0 0 0 0 0 0 0 0 0 0 0 0 0 0 0 0 0 0 0 0 0 0 0 0 0 0 0 0 0 0 0 0 0 0 0 0 0 0 0 0 0 0 0 0 0 0 0 0 0 0 0 0 0 0 0 0 0 0 0 0 0 0 0 0 0 0 0 0 0 0 0 0 0 0 0 0 0 0 0 0 0 0 0 0 0 0 0 0 0 0 0 0 0 0 0 0 0 0 0 0 0 0 0 0 0 0 0 0 0 0 0 0 0 0 0 0 0 0 0 0 0 0 0 0 0 0 0 0 0 0 0 0 0 0 0 0 0 0 0 0 0 0 0 0 0 0 
0 0 0 0 0 0 0 0 0 0 0 0 0 0 0 0 0 0 0 0 0 0 0 0 0 0 0 0 0 0 0 0 0 0 0 0 0 0 0 0 0 0 0 0 0 0 0 0 0 0 0 0 0 0 0 0 0 0 0 0 0 0 0 1 0 0 0 0 0 0 0 0 0 0 0 0 0 0 0 0 0 0 0 0 0 0 0 0 0 0 0 0 0 0 0 0 0 0 0 0 0 0 0 0 0 0 0 0 0 0 0 0 0 0 0 0 0 0 0 0 0 0 0 0 0 0 0 0 0 0 0 0 0 0 0 0 0 0 0 0 0 0 0 0 0 0 0 0 0 0 0 0 0 0 0 0 0 0 0 0 0 0 0 0 0 0 0 0 0 0 0 0 0 0 0 0 0 0 0 0 0 0 0 0 0 0 0 0 0 0 0 0 0 0 0 
0 0 0 0 0 0 0 0 0 0 0 0 0 0 0 0 0 0 0 0 0 0 0 0 0 0 0 0 0 0 0 0 0 0 0 0 0 0 0 0 0 0 0 0 0 0 0 0 0 0 0 0 0 0 0 0 0 0 0 0 0 0 0 0 0 0 0 0 0 0 0 0 0 0 0 0 0 0 0 0 0 0 0 0 0 0 0 0 0 0 0 0 0 0 0 0 0 0 0 0 0 0 0 0 0 0 0 0 0 0 0 0 0 0 0 0 0 0 0 0 0 0 0 0 0 0 0 0 0 0 0 0 0 0 0 0 0 0 0 0 0 0 0 0 0 0 0 0 0 0 0 0 0 0 0 0 0 0 0 0 0 0 0 0 0 0 0 0 0 0 0 0 0 0 0 0 0 0 0 0 0 0 0 0 0 1 0 0 0 0 0 0 0 0 0 
0 0 0 1 0 0 0 0 0 0 0 0 0 1 0 0 1 0 0 0 1 0 0 0 0 0 0 0 0 1 0 0 0 0 0 0 0 0 0 0 1 0 0 0 0 0 0 0 0 0 0 0 0 0 0 0 0 0 0 0 0 0 1 0 0 1 0 0 0 0 0 0 0 1 0 0 0 0 0 0 0 0 0 0 0 1 0 0 0 0 0 0 0 0 0 0 0 0 0 0 0 0 0 0 0 0 0 0 0 0 0 0 0 0 0 0 0 0 0 1 0 0 0 0 0 0 0 0 0 0 0 0 0 0 0 1 0 0 0 0 0 0 0 0 0 0 0 0 0 0 0 0 0 0 0 0 0 0 0 0 0 1 0 0 0 0 0 0 0 0 0 0 0 0 1 0 0 0 0 0 0 1 0 0 0 0 0 0 0 0 0 0 0 0 0 
0 0 0 0 0 0 0 0 0 0 0 0 0 0 0 0 0 0 0 0 0 0 0 0 0 0 0 0 0 0 0 0 0 0 0 0 0 0 0 0 0 0 0 0 0 0 0 0 0 0 0 0 0 0 0 0 0 0 0 0 0 0 0 0 0 0 0 0 0 0 0 0 0 0 1 0 0 0 0 0 0 0 0 0 0 0 0 0 0 0 0 0 0 0 0 0 0 0 0 0 0 0 0 0 0 0 0 0 0 0 0 1 0 0 0 0 0 0 0 0 0 0 0 0 0 0 0 0 0 0 0 0 0 0 0 0 0 0 0 0 0 0 0 0 0 0 0 0 0 0 0 0 0 0 0 0 0 0 0 0 0 0 0 0 0 0 0 0 0 0 0 0 0 0 0 0 0 0 0 0 0 0 0 0 0 0 0 0 0 0 0 0 0 0 0 
0 0 0 0 0 0 0 0 0 0 0 0 0 0 0 0 0 0 0 0 0 0 0 0 0 0 0 0 0 0 0 0 0 0 0 0 0 0 0 0 0 0 0 0 0 0 0 0 0 0 0 0 0 0 0 0 0 0 0 0 0 0 0 0 0 0 0 0 0 0 0 0 0 0 0 0 0 0 0 0 0 0 0 0 0 0 0 0 0 0 0 0 0 0 0 0 0 0 0 0 0 0 0 0 0 0 0 0 0 0 0 0 0 0 0 0 0 0 0 0 0 0 0 0 0 0 1 0 0 0 0 0 0 0 0 0 0 0 0 0 0 0 0 0 0 0 0 0 0 0 0 0 0 0 0 0 0 0 0 0 0 0 0 0 0 0 0 0 0 0 0 0 0 0 0 0 0 0 0 0 0 0 0 0 0 0 0 0 0 0 0 0 0 0 0 
0 0 0 0 0 0 0 0 0 0 0 0 0 0 0 0 0 0 0 0 0 0 0 0 0 0 0 0 0 0 0 0 0 0 0 0 0 0 0 0 0 0 0 0 0 0 0 0 0 0 0 0 0 0 0 0 0 0 0 0 0 0 0 0 0 0 0 0 0 0 0 0 0 0 0 0 0 0 0 0 0 0 0 0 0 0 0 0 0 0 0 0 0 0 0 0 0 0 0 0 0 0 0 0 0 0 0 0 0 0 0 0 0 0 0 0 0 0 0 0 0 0 0 0 0 0 0 0 0 0 0 0 0 0 0 0 0 0 0 0 0 0 0 0 0 0 0 0 0 0 0 0 0 0 0 0 0 0 0 0 0 0 0 0 0 0 0 0 0 0 0 0 0 0 0 0 0 0 0 0 0 0 0 0 0 0 0 0 0 0 0 0 0 0 0 
0 0 0 0 0 0 0 0 0 0 0 0 0 0 0 0 0 0 0 0 0 0 0 0 0 0 0 0 0 0 0 0 0 0 0 0 0 0 0 0 0 0 0 0 0 0 0 0 0 0 0 0 0 0 0 0 0 0 0 0 0 0 0 0 0 0 0 0 0 0 0 0 0 0 0 0 0 0 0 0 0 0 0 0 0 0 0 0 0 0 0 0 0 0 0 0 0 0 0 0 0 0 0 0 0 0 0 0 0 0 1 0 0 0 0 0 0 0 0 0 1 0 0 0 0 0 0 0 0 0 0 0 0 0 0 0 0 0 0 0 0 0 0 0 1 0 0 0 1 0 0 0 0 0 1 1 0 0 0 0 0 0 0 0 0 0 0 0 0 0 0 1 0 0 0 1 0 0 0 0 0 0 0 0 0 0 0 0 0 0 0 0 0 0 0 
0 0 0 0 0 0 0 0 0 0 0 0 0 0 0 0 0 0 0 0 0 0 0 0 0 0 0 0 0 0 0 0 0 0 0 0 0 0 0 0 0 0 0 0 0 0 0 0 0 0 0 0 0 0 0 0 0 0 0 0 0 0 0 0 0 0 0 0 0 0 0 0 0 0 0 0 0 0 0 0 0 0 0 0 0 0 0 0 0 0 0 0 1 0 0 0 0 0 0 0 0 0 0 0 0 0 0 0 0 0 0 0 0 0 0 0 0 0 0 0 0 0 0 0 1 0 0 0 0 0 0 0 0 0 0 0 0 0 0 0 0 0 0 0 0 0 0 0 0 0 0 0 0 0 0 0 0 0 0 0 0 0 0 0 0 0 0 0 0 0 0 0 0 0 0 0 0 0 0 0 0 0 0 1 0 0 0 0 0 0 0 0 0 0 0 
0 0 0 0 0 0 0 0 0 0 0 0 0 0 0 0 0 0 0 0 0 0 0 0 0 0 0 0 0 0 0 0 0 0 0 0 0 0 0 0 0 0 0 0 0 0 0 0 0 0 0 0 0 0 0 0 0 0 0 0 0 0 0 0 0 0 0 0 0 0 0 0 0 0 0 0 0 0 0 0 0 0 0 0 0 0 0 0 0 0 0 0 0 0 0 0 0 0 0 0 0 0 0 0 0 0 0 0 0 0 0 0 0 0 0 0 0 0 0 0 0 0 0 0 0 0 0 0 0 0 0 0 0 0 0 0 0 0 0 0 0 0 0 0 0 0 0 0 0 0 0 0 0 0 0 0 0 0 0 0 0 0 0 0 0 0 0 0 0 0 0 0 0 0 0 0 0 0 0 0 0 0 0 0 0 0 0 0 0 0 0 0 0 0 0 
0 0 0 0 0 0 0 0 0 0 0 0 0 0 0 0 0 0 0 0 0 0 0 0 0 0 0 0 0 0 0 0 0 0 0 0 0 0 0 0 0 0 0 0 0 0 0 0 0 0 0 0 0 0 0 0 0 0 0 0 0 0 0 0 0 0 0 0 0 0 0 0 0 0 0 0 0 0 0 0 0 0 0 0 0 0 0 0 0 0 0 0 0 0 0 0 0 0 0 0 0 0 0 0 0 0 0 0 0 0 0 0 0 0 0 0 0 0 0 0 0 0 0 0 0 0 0 0 0 0 0 0 0 0 0 0 0 0 0 0 0 0 0 0 0 0 0 0 0 0 0 0 0 0 0 0 0 0 0 0 0 0 0 0 0 0 0 0 0 0 0 0 0 0 0 0 0 0 0 0 0 0 0 0 0 0 0 0 0 0 0 0 0 0 0 
0 0 0 0 0 0 0 0 0 0 0 0 1 0 0 0 0 0 0 0 0 0 1 0 1 0 0 0 1 0 1 0 1 0 0 0 0 0 0 0 0 0 0 0 0 0 0 0 0 0 0 0 0 0 0 0 0 0 0 0 0 0 0 0 0 0 1 0 0 0 1 0 0 0 0 0 1 0 0 0 0 0 1 0 0 0 0 0 0 0 0 0 0 0 0 0 0 1 0 0 0 0 0 1 0 0 0 0 0 0 0 0 0 0 0 0 0 0 1 0 0 1 0 0 0 0 0 0 0 0 0 0 0 1 0 0 0 0 0 0 0 0 0 0 0 0 0 0 0 0 0 1 0 1 0 0 0 0 0 0 0 0 0 0 0 0 0 0 0 0 0 0 0 0 0 0 0 0 0 0 0 0 0 0 0 0 0 0 0 0 0 0 0 0 0 
0 0 0 0 0 0 0 0 0 0 0 0 0 0 0 0 0 0 0 0 0 0 0 0 0 0 0 0 0 0 0 0 0 0 0 0 0 0 0 0 0 0 0 0 0 0 0 0 0 0 0 0 0 0 0 0 0 0 0 0 0 0 0 0 0 0 0 0 0 0 0 0 0 0 0 0 0 0 0 0 0 0 0 0 0 0 0 0 0 0 0 0 0 0 0 0 0 0 0 0 0 0 0 0 0 0 0 0 0 0 0 0 0 0 0 0 0 0 0 0 0 0 0 0 0 0 0 0 0 0 0 0 0 0 0 0 0 0 0 0 0 0 0 0 0 0 0 0 0 0 0 0 0 0 0 0 0 0 0 0 0 0 0 0 0 0 0 0 0 0 0 0 0 0 0 0 0 0 0 0 0 0 0 0 0 0 0 0 0 0 0 0 0 0 0 
0 0 0 0 0 0 0 1 0 0 0 0 0 0 0 0 0 0 0 0 0 0 0 0 0 0 0 0 0 0 0 0 0 0 0 0 1 0 0 0 0 0 0 0 0 0 0 0 0 0 0 0 0 0 0 0 0 0 0 0 0 0 0 0 0 0 0 0 0 1 0 1 0 0 0 0 0 1 0 0 0 1 0 0 0 0 0 1 0 0 0 0 0 0 0 1 0 0 0 0 1 0 0 0 1 0 0 0 0 0 0 0 0 0 0 0 0 0 0 0 0 0 0 0 0 0 0 0 0 0 0 0 0 0 0 0 0 0 0 0 0 0 0 0 0 0 0 0 0 0 0 0 0 0 0 0 0 0 0 0 1 0 0 0 0 0 0 0 1 0 0 0 0 0 0 0 0 0 0 0 0 0 0 0 0 0 0 0 0 0 0 0 0 0 0 
0 0 0 0 0 0 0 0 0 0 0 0 0 0 1 0 0 0 1 0 0 0 0 1 0 0 0 0 0 0 0 0 0 1 0 1 0 0 0 0 0 0 0 0 0 0 0 0 0 0 0 0 0 0 0 0 0 0 0 0 0 0 0 0 0 0 0 0 1 0 0 0 0 0 0 0 0 0 0 0 0 0 0 0 0 0 0 0 0 0 0 0 0 0 0 0 0 0 0 0 0 0 0 0 0 0 1 0 0 1 0 0 0 1 0 0 0 0 0 0 0 0 1 0 0 0 0 0 0 0 1 0 0 0 0 0 0 0 0 0 0 0 0 0 0 0 0 0 0 1 0 0 0 0 0 0 0 0 0 0 0 0 0 0 0 1 1 0 0 0 1 0 1 0 0 0 0 1 0 1 0 0 0 0 0 0 0 0 0 0 0 0 0 0 0 
0 0 0 0 0 0 0 0 1 0 0 0 0 0 0 1 0 0 0 0 0 0 0 0 0 0 0 0 0 0 0 0 0 0 0 0 0 0 1 0 0 0 0 0 0 0 0 0 0 0 0 0 0 0 0 0 0 1 0 0 0 0 0 0 0 0 0 0 0 0 0 0 0 0 0 0 0 0 0 0 0 0 0 0 1 0 1 0 0 0 0 0 0 0 0 0 0 0 0 0 0 0 0 0 0 0 0 0 0 0 0 0 1 0 0 0 0 0 0 0 0 0 0 0 0 0 0 0 0 0 0 0 0 0 1 0 1 0 0 0 0 0 0 0 0 0 0 0 0 0 0 0 0 0 0 0 0 0 0 0 0 0 0 0 0 0 0 0 0 0 0 0 0 0 0 0 0 0 0 0 0 0 0 0 0 0 0 0 1 0 0 0 0 0 0 
0 64 186 30 112 127 0 156 93 0 0 152 0 70 123 85 
0.000000E+00 0.000000E+00 0.000000E+00 5.190896E-05 0.000000E+00 0.000000E+00 0.000000E+00 1.692781E-06 3.440163E-07 0.000000E+00 0.000000E+00 0.000000E+00 9.778070E-04 7.924040E-04 9.239929E-04 3.566513E-04 5.145437E-06 0.000000E+00 4.991586E-04 0.000000E+00 1.267042E-05 0.000000E+00 3.984567E-04 4.549741E-04 1.319467E-04 0.000000E+00 0.000000E+00 0.000000E+00 8.800885E-05 0.000000E+00 6.320330E-06 0.000000E+00 3.348558E-05 1.364171E-04 0.000000E+00 1.641467E-04 2.097390E-04 0.000000E+00 6.514863E-05 0.000000E+00 6.386199E-06 0.000000E+00 0.000000E+00 0.000000E+00 0.000000E+00 0.000000E+00 0.000000E+00 0.000000E+00 0.000000E+00 0.000000E+00 0.000000E+00 0.000000E+00 0.000000E+00 0.000000E+00 0.000000E+00 0.000000E+00 0.000000E+00 1.304608E-06 0.000000E+00 0.000000E+00 0.000000E+00 0.000000E+00 9.515575E-04 0.000000E+00 0.000000E+00 6.970591E-04 1.596444E-05 0.000000E+00 2.935319E-04 0.000000E+00 2.153924E-05 4.285315E-06 0.000000E+00 1.063618E-04 2.841515E-08 0.000000E+00 4.566198E-04 2.024129E-05 0.000000E+00 0.000000E+00 0.000000E+00 1.837214E-05 3.383124E-04 0.000000E+00 0.000000E+00 2.244839E-04 2.321531E-04 7.121024E-06 0.000000E+00 0.000000E+00 0.000000E+00 0.000000E+00 0.000000E+00 0.000000E+00 0.000000E+00 2.109340E-05 0.000000E+00 1.154260E-05 0.000000E+00 0.000000E+00 2.213379E-04 0.000000E+00 0.000000E+00 6.774264E-07 4.018971E-05 0.000000E+00 1.716668E-04 0.000000E+00 0.000000E+00 4.548965E-04 1.021291E-04 0.000000E+00 1.394629E-04 4.275673E-04 0.000000E+00 0.000000E+00 0.000000E+00 0.000000E+00 9.992986E-04 9.846568E-06 2.329719E-07 1.776130E-04 0.000000E+00 0.000000E+00 6.294663E-04 0.000000E+00 0.000000E+00 0.000000E+00 0.000000E+00 0.000000E+00 1.736682E-06 0.000000E+00 0.000000E+00 3.274332E-05 7.110679E-05 3.766049E-05 4.912895E-04 0.000000E+00 0.000000E+00 0.000000E+00 0.000000E+00 0.000000E+00 0.000000E+00 0.000000E+00 5.857359E-05 0.000000E+00 0.000000E+00 0.000000E+00 4.115907E-05 2.365579E-05 0.000000E+00 0.000000E+00 0.000000E+00 4.034620E-07 1.321765E-06 0.000000E+00 0.000000E+00 0.000000E+00 0.000000E+00 0.000000E+00 1.894905E-04 6.296844E-04 0.000000E+00 0.000000E+00 0.000000E+00 4.941688E-04 9.637067E-05 0.000000E+00 2.280601E-05 0.000000E+00 6.430733E-04 1.889828E-06 3.341152E-04 0.000000E+00 2.478696E-06 1.642849E-07 0.000000E+00 7.355762E-07 0.000000E+00 2.330284E-04 0.000000E+00 1.044610E-05 0.000000E+00 6.708698E-04 0.000000E+00 0.000000E+00 0.000000E+00 0.000000E+00 3.314783E-04 0.000000E+00 0.000000E+00 0.000000E+00 0.000000E+00 0.000000E+00 0.000000E+00 
0 
64 
186 
74 136 182 4 120 175 30 41 17 86 14 162 66 21 63 
112 75 
127 
0 
155 172 121 156 176 145 149 111 
93 125 184 
0 
0 
31 67 98 104 152 154 25 83 119 77 29 122 13 71 33 23 134 
0 
82 88 101 161 105 70 72 37 96 169 8 78 
15 36 107 114 167 171 173 123 178 166 110 24 69 34 131 180 150 19 
16 87 137 135 189 58 85 39 113 9 

============Find Best @ Round 718================
==========Cluster 0, RcvInterf=1.31718e-14============
Node -1, SINR:3.32941e-311, BpsHz:3.32941e-311
---------------
==========Cluster 1, RcvInterf=2.40694e-14============
Node 63, SINR:0.00000e+00, BpsHz:-nan
---------------
==========Cluster 2, RcvInterf=1.04903e-14============
Node 185, SINR:0.00000e+00, BpsHz:-nan
---------------
==========Cluster 3, RcvInterf=1.79282e-14============
Node 73, SINR:4.58129e-01, BpsHz:3.88656e-02
Node 135, SINR:4.58129e-01, BpsHz:3.88656e-02
Node 181, SINR:4.58129e-01, BpsHz:3.88656e-02
Node 3, SINR:4.58129e-01, BpsHz:3.88656e-02
Node 119, SINR:4.58129e-01, BpsHz:3.88656e-02
Node 174, SINR:4.58129e-01, BpsHz:3.88656e-02
Node 29, SINR:0.00000e+00, BpsHz:0.00000e+00
Node 40, SINR:4.58129e-01, BpsHz:3.88656e-02
Node 16, SINR:4.58129e-01, BpsHz:3.88656e-02
Node 85, SINR:4.58129e-01, BpsHz:3.88656e-02
Node 13, SINR:4.58129e-01, BpsHz:3.88656e-02
Node 161, SINR:4.58129e-01, BpsHz:3.88656e-02
Node 65, SINR:4.58129e-01, BpsHz:3.88656e-02
Node 20, SINR:4.58129e-01, BpsHz:3.88656e-02
Node 62, SINR:4.58129e-01, BpsHz:3.88656e-02
---------------
==========Cluster 4, RcvInterf=1.19908e-14============
Node 111, SINR:0.00000e+00, BpsHz:0.00000e+00
Node 74, SINR:2.73057e-02, BpsHz:3.88656e-02
---------------
==========Cluster 5, RcvInterf=1.41769e-14============
Node 126, SINR:0.00000e+00, BpsHz:-nan
---------------
==========Cluster 6, RcvInterf=1.11804e-14============
Node -1, SINR:3.32941e-311, BpsHz:3.32941e-311
---------------
==========Cluster 7, RcvInterf=2.12449e-14============
Node 154, SINR:2.07530e-01, BpsHz:3.88656e-02
Node 171, SINR:2.07530e-01, BpsHz:3.88656e-02
Node 120, SINR:2.07530e-01, BpsHz:3.88656e-02
Node 155, SINR:0.00000e+00, BpsHz:0.00000e+00
Node 175, SINR:2.07530e-01, BpsHz:3.88656e-02
Node 144, SINR:2.07530e-01, BpsHz:3.88656e-02
Node 148, SINR:2.07530e-01, BpsHz:3.88656e-02
Node 110, SINR:2.07530e-01, BpsHz:3.88656e-02
---------------
==========Cluster 8, RcvInterf=2.85332e-14============
Node 92, SINR:0.00000e+00, BpsHz:0.00000e+00
Node 124, SINR:5.53570e-02, BpsHz:3.88655e-02
Node 183, SINR:5.53570e-02, BpsHz:3.88655e-02
---------------
==========Cluster 9, RcvInterf=1.68406e-14============
Node -1, SINR:3.32941e-311, BpsHz:3.32941e-311
---------------
==========Cluster 10, RcvInterf=1.23703e-14============
Node -1, SINR:3.32941e-311, BpsHz:3.32941e-311
---------------
==========Cluster 11, RcvInterf=4.98993e-15============
Node 30, SINR:5.38846e-01, BpsHz:3.88656e-02
Node 66, SINR:5.38846e-01, BpsHz:3.88656e-02
Node 97, SINR:5.38846e-01, BpsHz:3.88656e-02
Node 103, SINR:5.38846e-01, BpsHz:3.88656e-02
Node 151, SINR:0.00000e+00, BpsHz:0.00000e+00
Node 153, SINR:5.38846e-01, BpsHz:3.88656e-02
Node 24, SINR:5.38846e-01, BpsHz:3.88656e-02
Node 82, SINR:5.38846e-01, BpsHz:3.88656e-02
Node 118, SINR:5.38846e-01, BpsHz:3.88656e-02
Node 76, SINR:5.38846e-01, BpsHz:3.88656e-02
Node 28, SINR:5.38846e-01, BpsHz:3.88656e-02
Node 121, SINR:5.38846e-01, BpsHz:3.88656e-02
Node 12, SINR:5.38846e-01, BpsHz:3.88656e-02
Node 70, SINR:5.38846e-01, BpsHz:3.88656e-02
Node 32, SINR:5.38846e-01, BpsHz:3.88656e-02
Node 22, SINR:5.38846e-01, BpsHz:3.88656e-02
Node 133, SINR:5.38846e-01, BpsHz:3.88656e-02
---------------
==========Cluster 12, RcvInterf=8.59690e-14============
Node -1, SINR:3.32941e-311, BpsHz:3.32941e-311
---------------
==========Cluster 13, RcvInterf=1.05893e-14============
Node 81, SINR:3.44921e-01, BpsHz:3.88656e-02
Node 87, SINR:3.44921e-01, BpsHz:3.88656e-02
Node 100, SINR:3.44921e-01, BpsHz:3.88656e-02
Node 160, SINR:3.44921e-01, BpsHz:3.88656e-02
Node 104, SINR:3.44921e-01, BpsHz:3.88656e-02
Node 69, SINR:0.00000e+00, BpsHz:0.00000e+00
Node 71, SINR:3.44921e-01, BpsHz:3.88656e-02
Node 36, SINR:3.44921e-01, BpsHz:3.88656e-02
Node 95, SINR:3.44921e-01, BpsHz:3.88656e-02
Node 168, SINR:3.44921e-01, BpsHz:3.88656e-02
Node 7, SINR:3.44921e-01, BpsHz:3.88656e-02
Node 77, SINR:3.44921e-01, BpsHz:3.88656e-02
---------------
==========Cluster 14, RcvInterf=3.27281e-15============
Node 14, SINR:5.80866e-01, BpsHz:3.88656e-02
Node 35, SINR:5.80866e-01, BpsHz:3.88656e-02
Node 106, SINR:5.80866e-01, BpsHz:3.88656e-02
Node 113, SINR:5.80866e-01, BpsHz:3.88656e-02
Node 166, SINR:5.80866e-01, BpsHz:3.88656e-02
Node 170, SINR:5.80866e-01, BpsHz:3.88656e-02
Node 172, SINR:5.80866e-01, BpsHz:3.88656e-02
Node 122, SINR:0.00000e+00, BpsHz:0.00000e+00
Node 177, SINR:5.80866e-01, BpsHz:3.88656e-02
Node 165, SINR:5.80866e-01, BpsHz:3.88656e-02
Node 109, SINR:5.80866e-01, BpsHz:3.88656e-02
Node 23, SINR:5.80866e-01, BpsHz:3.88656e-02
Node 68, SINR:5.80866e-01, BpsHz:3.88656e-02
Node 33, SINR:5.80866e-01, BpsHz:3.88656e-02
Node 130, SINR:5.80866e-01, BpsHz:3.88656e-02
Node 179, SINR:5.80866e-01, BpsHz:3.88656e-02
Node 149, SINR:5.80866e-01, BpsHz:3.88656e-02
Node 18, SINR:5.80866e-01, BpsHz:3.88656e-02
---------------
==========Cluster 15, RcvInterf=1.54852e-14============
Node 15, SINR:2.74375e-01, BpsHz:3.88656e-02
Node 86, SINR:2.74375e-01, BpsHz:3.88656e-02
Node 136, SINR:2.74375e-01, BpsHz:3.88656e-02
Node 134, SINR:2.74375e-01, BpsHz:3.88656e-02
Node 188, SINR:2.74375e-01, BpsHz:3.88656e-02
Node 57, SINR:2.74375e-01, BpsHz:3.88656e-02
Node 84, SINR:0.00000e+00, BpsHz:0.00000e+00
Node 38, SINR:2.74375e-01, BpsHz:3.88656e-02
Node 112, SINR:2.74375e-01, BpsHz:3.88656e-02
Node 8, SINR:2.74375e-01, BpsHz:3.88656e-02
---------------
