195
16
1.000000e-03
2.125620e-314
84
5000
2.180158e+00
2.059937e+00
2.180158e-06
  inf
0 0 0 0 0 0 0 0 0 0 0 0 0 0 0 0 0 0 0 0 0 0 1 0 1 0 0 0 0 0 0 1 1 0 0 0 0 0 0 0 0 0 0 0 0 0 0 0 0 0 0 0 0 0 0 0 0 0 0 0 0 0 0 0 0 0 0 0 0 0 1 0 0 0 0 0 1 0 0 0 0 0 0 0 0 0 0 0 0 0 0 0 0 0 0 0 0 1 0 0 0 0 0 1 0 0 0 0 0 0 0 0 0 0 0 0 0 0 1 0 0 1 0 1 0 0 0 0 0 0 0 0 0 1 0 0 0 0 0 0 0 0 1 1 0 0 0 1 0 0 0 1 0 1 0 0 1 0 0 1 0 0 0 0 0 0 0 0 0 0 0 0 0 0 0 0 0 0 0 0 0 0 0 0 0 0 0 0 0 0 0 0 0 0 0 
0 0 0 0 0 0 0 0 0 0 0 0 0 0 0 0 0 0 0 0 0 0 0 0 0 0 0 0 0 0 0 0 0 0 0 0 0 0 0 0 0 0 0 0 0 0 0 0 0 0 0 0 0 0 0 0 0 0 0 0 0 0 0 0 0 0 0 0 0 0 0 0 0 0 0 0 0 0 0 0 0 0 0 0 0 0 0 0 0 0 0 0 0 0 0 0 0 0 1 0 0 0 0 0 0 0 0 0 0 0 0 0 0 0 0 0 0 0 0 0 0 0 0 0 0 0 0 0 0 0 0 0 0 0 0 0 0 0 0 0 0 0 0 0 0 0 0 0 0 0 0 0 0 0 0 0 0 0 0 0 0 0 0 0 0 0 0 0 0 0 0 0 0 0 0 0 0 0 0 0 0 0 0 0 0 0 0 0 0 0 0 0 0 0 0 
0 0 0 0 0 0 0 0 0 0 1 0 0 0 0 0 0 0 0 0 0 0 0 0 0 0 0 0 0 0 0 0 0 0 0 0 0 0 0 0 0 0 0 0 0 0 0 0 0 0 0 0 0 0 0 0 0 0 0 0 0 0 0 0 0 0 0 0 0 0 0 0 0 0 0 0 0 0 0 0 0 0 0 0 0 0 0 0 0 0 0 0 0 0 0 0 0 0 0 0 0 0 0 0 0 0 0 0 0 0 0 0 0 0 0 0 0 0 0 0 0 0 0 0 0 0 1 0 0 0 0 0 0 0 0 0 0 0 0 0 0 0 0 0 0 0 0 0 0 0 0 0 0 0 0 0 0 0 0 0 0 0 0 0 0 0 0 0 0 0 0 0 0 0 0 0 0 0 0 0 0 0 0 0 0 0 0 0 0 0 0 0 0 0 0 
0 0 0 0 0 0 0 0 0 0 0 0 0 0 0 0 0 0 0 0 0 0 0 0 0 0 0 0 0 0 0 0 0 0 0 0 0 0 0 0 0 0 0 0 0 0 0 0 0 0 0 0 0 0 0 0 0 0 0 0 0 0 0 0 0 0 0 0 0 0 0 0 0 0 0 0 0 0 0 0 0 0 0 0 0 0 0 0 0 0 0 0 0 0 0 0 0 0 0 0 0 0 0 0 0 0 0 0 0 0 0 0 0 0 0 0 0 0 0 0 0 0 0 0 0 0 0 0 0 0 0 0 0 0 0 0 0 0 0 0 0 0 0 0 0 0 0 0 0 0 0 0 0 0 0 0 0 0 0 0 0 0 0 0 0 0 0 0 0 0 0 0 0 0 0 0 0 0 0 0 0 0 0 0 0 0 0 0 0 0 0 0 0 0 0 
0 0 0 0 0 0 0 0 0 0 0 0 0 0 0 0 0 0 0 0 0 0 0 0 0 0 0 0 0 0 0 0 0 0 0 0 0 0 0 0 0 0 0 0 0 0 0 0 0 0 0 0 0 0 0 0 0 0 0 0 0 0 0 0 0 0 0 0 0 0 0 0 0 0 0 0 0 0 0 0 0 0 0 0 0 0 0 0 0 0 0 0 0 0 0 0 0 0 0 0 0 0 0 0 0 0 0 0 0 0 0 0 0 0 0 0 0 0 0 0 0 0 0 0 0 0 0 0 0 0 0 0 0 0 0 0 0 0 0 0 0 0 0 0 0 0 0 0 0 0 0 0 0 0 0 0 0 0 0 0 0 0 0 0 0 0 0 0 0 0 0 0 0 0 0 0 0 0 0 0 0 0 0 0 0 0 0 0 0 0 0 0 0 0 0 
0 0 0 0 0 0 0 0 0 0 0 0 0 0 0 0 0 0 0 0 0 0 0 0 0 0 0 0 0 0 0 0 0 0 0 0 0 0 0 0 0 0 0 0 0 0 0 0 0 0 0 0 0 0 0 0 0 0 0 0 0 0 0 0 0 0 0 0 0 0 0 0 0 0 0 0 0 0 0 0 0 0 0 0 0 0 0 0 0 0 0 0 0 0 0 0 0 0 0 0 0 0 0 0 0 0 0 0 0 0 0 0 0 0 0 0 0 0 0 0 0 0 0 0 0 0 0 0 0 0 0 0 0 0 0 0 0 0 0 0 0 0 0 0 0 0 0 0 0 0 0 0 0 0 0 0 0 0 0 0 0 0 0 0 0 0 0 0 0 0 0 0 0 0 0 0 0 0 0 0 0 0 0 0 0 0 0 0 0 0 0 0 0 0 0 
0 1 0 0 0 0 0 0 1 0 0 0 0 0 0 0 0 0 0 0 0 1 0 0 0 0 0 0 0 0 0 0 0 0 0 0 0 0 0 0 0 0 0 0 0 0 0 0 1 0 0 0 0 0 0 1 0 1 0 0 0 0 0 0 0 0 0 0 0 0 0 0 0 0 0 0 0 0 1 0 0 0 0 0 1 0 0 0 0 0 0 0 0 0 1 0 0 0 0 0 0 0 0 0 0 0 0 0 0 0 0 0 0 0 0 0 0 0 0 0 0 0 0 0 0 0 0 0 0 0 0 0 0 0 0 0 0 0 0 0 0 0 0 0 0 0 0 0 0 0 1 0 0 0 0 0 0 0 0 0 0 0 0 1 0 0 0 0 0 0 0 0 0 0 0 0 0 0 0 0 0 0 0 0 0 0 0 0 1 0 0 1 0 0 0 
0 0 0 0 0 0 0 0 0 0 0 0 0 0 0 0 0 0 0 0 0 0 0 0 0 0 0 0 0 0 0 0 0 0 0 0 0 0 0 0 0 0 0 0 0 0 0 0 0 0 0 0 0 0 0 0 0 0 0 0 0 0 0 0 0 0 0 0 0 0 0 0 0 0 0 0 0 0 0 0 0 0 0 0 0 0 0 0 0 0 0 0 0 0 0 0 0 0 0 0 0 0 0 0 0 0 0 0 0 0 0 0 0 0 0 0 0 0 0 0 0 0 0 0 0 0 0 0 0 0 0 0 0 0 0 0 0 0 0 0 0 0 0 0 0 0 0 0 0 0 0 0 0 0 0 0 0 0 0 0 0 0 0 0 0 0 0 0 0 0 0 0 0 0 0 0 0 0 0 0 0 0 0 0 0 0 0 0 0 0 0 0 0 0 0 
0 0 0 0 0 0 0 0 0 0 0 0 0 0 0 0 0 0 0 0 0 0 0 0 0 0 0 0 0 0 0 0 0 0 0 0 0 0 0 0 0 0 0 0 0 0 0 0 0 0 0 0 0 0 0 0 0 0 0 0 0 0 0 0 0 0 0 0 0 0 0 0 0 0 0 0 0 0 0 0 0 0 0 0 0 0 0 0 0 0 0 0 0 0 0 0 0 0 0 0 0 0 0 0 0 0 0 0 0 0 0 0 0 0 0 0 0 0 0 0 0 0 0 0 0 0 0 0 0 0 0 0 0 0 0 0 0 0 0 0 0 0 0 0 0 0 0 0 0 0 0 0 0 0 0 0 0 0 0 0 0 0 0 0 0 0 0 0 0 0 0 0 0 0 0 0 0 0 0 0 0 0 0 0 0 0 0 0 0 0 0 0 0 0 0 
1 0 0 0 0 0 0 0 0 1 0 0 0 0 0 0 0 0 0 0 0 0 0 0 0 0 0 0 0 0 0 0 0 0 0 0 0 0 0 0 0 0 0 0 0 0 0 0 0 0 0 0 0 0 0 0 0 0 0 1 0 0 0 0 0 0 0 0 0 0 0 0 0 0 0 0 0 1 0 0 0 0 0 0 0 0 0 0 0 0 0 0 0 0 0 0 0 0 0 0 0 0 0 0 0 0 0 0 0 0 1 0 0 0 0 0 0 0 0 0 1 0 0 0 0 0 0 0 0 0 0 1 0 0 0 0 0 0 0 0 0 0 0 0 0 0 0 0 0 0 0 0 0 0 0 1 0 0 0 0 0 0 1 0 0 0 0 1 1 0 0 1 0 0 0 0 0 0 0 0 0 0 0 0 0 0 0 0 0 0 0 0 0 0 0 
0 0 0 0 0 0 0 0 0 0 0 0 0 0 0 0 0 0 0 0 0 0 0 0 0 0 0 0 0 0 0 0 0 0 0 0 0 0 0 0 0 0 0 0 0 0 0 0 0 0 0 0 0 0 0 0 0 0 0 0 0 0 0 0 0 0 0 0 0 0 0 0 0 0 0 0 0 0 0 0 0 0 0 0 0 0 0 0 0 0 0 0 0 0 0 0 0 0 0 0 0 0 0 0 0 0 0 0 0 0 0 0 0 0 0 0 0 0 0 0 0 0 0 0 0 0 0 0 0 0 0 0 0 0 0 0 0 0 0 0 0 0 0 0 0 0 0 0 0 0 0 0 0 0 0 0 0 0 0 0 0 0 0 0 0 0 0 0 0 0 0 0 0 0 0 0 0 0 0 0 0 0 0 0 0 0 0 0 0 0 0 0 0 0 0 
0 0 0 0 0 0 0 0 0 0 0 0 0 0 0 0 0 0 0 0 0 0 0 0 0 0 0 0 0 0 0 0 0 0 0 0 0 0 0 0 0 0 0 0 0 0 0 0 0 0 0 0 0 0 0 0 0 0 0 0 0 0 0 0 0 0 0 0 0 0 0 0 0 0 0 0 0 0 0 0 0 0 0 0 0 0 0 0 0 0 0 0 0 0 0 0 0 0 0 0 0 0 0 0 0 0 0 0 0 0 0 0 0 0 0 0 0 0 0 0 0 0 0 0 0 0 0 0 0 0 0 0 0 0 0 0 0 0 0 0 0 0 0 0 0 0 0 0 0 0 0 0 0 0 0 0 0 0 0 0 0 0 0 0 0 0 0 0 0 0 0 0 0 0 0 0 0 0 0 0 0 0 0 0 0 0 0 0 0 0 0 0 0 0 0 
0 0 0 0 0 0 0 0 0 0 0 0 0 0 0 0 0 0 0 0 0 0 0 0 0 0 0 0 0 0 0 0 0 0 0 0 0 0 0 0 0 0 0 0 0 0 0 0 0 0 0 0 0 0 0 0 0 0 0 0 0 0 0 0 0 0 0 0 0 0 0 0 0 0 0 0 0 0 0 0 0 0 0 0 0 0 0 0 0 0 0 0 0 0 0 0 0 0 0 0 0 0 0 0 0 0 0 0 0 0 0 0 0 0 0 0 0 0 0 0 0 0 0 0 0 0 0 0 0 0 0 0 0 0 0 0 0 0 0 0 0 0 0 0 0 0 0 0 0 0 0 0 0 0 0 0 0 0 0 0 0 0 0 0 0 0 0 0 0 0 0 0 0 0 0 0 0 0 0 0 0 0 0 0 0 0 0 0 0 0 0 0 0 0 0 
0 0 0 0 0 1 0 1 0 0 0 0 0 1 0 0 1 1 0 1 1 0 0 0 0 0 0 0 0 0 0 0 0 0 0 0 1 0 0 0 1 0 0 0 0 0 0 0 0 0 0 0 0 0 1 0 0 0 0 0 0 0 0 0 0 1 0 0 0 1 0 0 0 1 0 0 0 0 0 0 1 1 0 0 0 0 0 1 1 0 0 0 0 0 0 1 0 0 0 0 1 0 0 0 1 0 0 0 0 0 0 0 0 0 0 0 0 0 0 0 0 0 0 0 0 0 0 0 1 0 0 0 0 0 0 0 0 0 0 0 1 0 0 0 0 0 0 0 0 0 0 0 0 0 0 0 0 0 1 0 0 1 0 0 0 0 0 0 0 0 0 0 0 0 0 0 0 0 0 0 0 0 1 0 0 0 0 0 0 0 0 0 0 0 0 
0 0 1 1 0 0 0 0 0 0 0 0 0 0 0 0 0 0 0 0 0 0 0 0 0 0 0 0 0 0 0 0 0 0 0 0 0 0 0 0 0 0 1 0 1 0 0 0 0 0 0 0 0 0 0 0 1 0 0 0 0 1 1 0 0 0 0 0 0 0 0 0 0 0 0 0 0 0 0 0 0 0 0 0 0 0 0 0 0 0 0 0 0 0 0 0 1 0 0 0 0 0 0 0 0 0 0 0 0 0 0 1 0 0 0 0 1 0 0 0 0 0 0 0 0 0 0 0 0 0 0 0 0 0 0 0 0 0 0 0 0 0 0 0 0 0 0 0 0 0 0 0 0 0 0 0 0 0 0 0 0 0 0 0 0 0 1 0 0 1 0 0 0 1 0 0 0 0 0 0 0 0 0 0 0 0 0 0 0 0 1 0 0 0 0 
0 0 0 0 0 0 0 0 0 0 0 0 0 0 0 0 0 0 1 0 0 0 0 0 0 0 0 0 0 0 0 0 0 0 0 0 0 0 0 0 0 0 0 0 0 0 0 0 0 1 0 0 0 0 0 0 0 0 1 0 0 0 0 0 0 0 0 0 0 0 0 0 0 0 0 0 0 0 0 0 0 0 0 0 0 0 0 0 0 0 0 0 0 0 0 0 0 0 0 0 0 0 0 0 0 0 1 0 0 0 0 0 0 0 0 0 0 0 0 0 0 0 1 0 0 0 0 0 0 0 1 0 1 0 1 0 0 0 0 0 0 0 0 0 0 0 1 0 0 1 0 0 0 0 0 0 0 0 0 0 0 0 0 0 0 0 0 0 0 0 0 0 0 0 0 0 0 1 1 1 0 0 0 0 0 0 0 0 0 0 0 0 0 0 1 
152 99 11 0 0 0 192 0 0 172 0 0 0 21 191 123 
1.084273E-05 4.549341E-04 4.794475E-07 3.740996E-05 0.000000E+00 4.392752E-04 0.000000E+00 7.810895E-05 1.950451E-08 1.710075E-04 0.000000E+00 0.000000E+00 0.000000E+00 2.930741E-04 0.000000E+00 0.000000E+00 1.403226E-08 3.003899E-05 2.761348E-04 1.509141E-04 0.000000E+00 1.805071E-04 2.119876E-04 0.000000E+00 7.019847E-05 0.000000E+00 0.000000E+00 0.000000E+00 0.000000E+00 0.000000E+00 0.000000E+00 1.055547E-04 1.781505E-05 0.000000E+00 0.000000E+00 0.000000E+00 9.994218E-04 0.000000E+00 0.000000E+00 0.000000E+00 1.496438E-07 0.000000E+00 3.806079E-07 0.000000E+00 7.171749E-04 0.000000E+00 0.000000E+00 0.000000E+00 1.071972E-05 1.846730E-06 0.000000E+00 0.000000E+00 0.000000E+00 0.000000E+00 8.144065E-04 2.512230E-09 8.216103E-04 9.532439E-07 6.782085E-05 5.505013E-06 0.000000E+00 2.862703E-06 7.002681E-04 0.000000E+00 0.000000E+00 3.713026E-04 0.000000E+00 0.000000E+00 0.000000E+00 1.025998E-05 1.145934E-05 0.000000E+00 0.000000E+00 2.138853E-04 0.000000E+00 0.000000E+00 2.429316E-04 3.632864E-06 6.577091E-05 0.000000E+00 1.851195E-05 1.602784E-05 0.000000E+00 0.000000E+00 1.744127E-06 0.000000E+00 0.000000E+00 2.283132E-05 1.266429E-05 0.000000E+00 0.000000E+00 0.000000E+00 0.000000E+00 0.000000E+00 1.580606E-05 1.874636E-04 4.026571E-04 6.140912E-06 0.000000E+00 0.000000E+00 4.547995E-04 0.000000E+00 0.000000E+00 3.604054E-07 9.019421E-05 0.000000E+00 9.496621E-05 0.000000E+00 0.000000E+00 0.000000E+00 2.913243E-05 2.224798E-05 0.000000E+00 0.000000E+00 0.000000E+00 0.000000E+00 6.025292E-04 0.000000E+00 5.316484E-04 0.000000E+00 1.545321E-07 9.449395E-05 0.000000E+00 1.545549E-04 0.000000E+00 0.000000E+00 2.964305E-07 0.000000E+00 1.397429E-04 0.000000E+00 9.607336E-07 8.894191E-04 2.451936E-04 1.742015E-05 6.497587E-05 0.000000E+00 0.000000E+00 0.000000E+00 0.000000E+00 0.000000E+00 1.093902E-04 0.000000E+00 1.371192E-04 2.408866E-04 0.000000E+00 0.000000E+00 8.087415E-07 2.254241E-04 0.000000E+00 1.308640E-05 8.896746E-05 0.000000E+00 0.000000E+00 2.146505E-07 0.000000E+00 3.513163E-06 5.515630E-04 0.000000E+00 4.235487E-05 5.702476E-04 0.000000E+00 4.219816E-04 9.317952E-05 8.720973E-06 0.000000E+00 0.000000E+00 8.957273E-05 6.444503E-06 1.028542E-05 7.883586E-05 0.000000E+00 0.000000E+00 0.000000E+00 5.249997E-08 0.000000E+00 0.000000E+00 0.000000E+00 4.069212E-07 9.391866E-07 1.289115E-04 0.000000E+00 0.000000E+00 6.552025E-05 0.000000E+00 0.000000E+00 0.000000E+00 0.000000E+00 0.000000E+00 2.104132E-04 0.000000E+00 0.000000E+00 0.000000E+00 0.000000E+00 0.000000E+00 8.464124E-05 
143 32 71 144 134 124 157 152 160 77 33 104 25 154 98 119 122 23 148 
99 
11 127 
0 
0 
0 
151 49 79 164 22 2 56 192 85 58 9 95 189 
0 
0 
172 169 121 1 78 168 60 111 132 10 163 156 
0 
0 
0 
82 89 14 21 88 20 41 183 162 66 141 17 70 129 18 55 159 101 8 74 81 37 6 96 105 
174 43 3 62 170 63 97 167 112 45 57 117 191 4 
150 179 131 147 50 123 195 178 59 135 19 133 180 107 

============Find Best @ Round 2117================
==========Cluster 0, RcvInterf=9.96974e-15============
Node 142, SINR:4.02244e-01, BpsHz:2.70965e-02
Node 31, SINR:4.02244e-01, BpsHz:2.70965e-02
Node 70, SINR:4.02244e-01, BpsHz:2.70965e-02
Node 143, SINR:4.02244e-01, BpsHz:2.70965e-02
Node 133, SINR:4.02244e-01, BpsHz:2.70965e-02
Node 123, SINR:4.02244e-01, BpsHz:2.70965e-02
Node 156, SINR:4.02244e-01, BpsHz:2.70965e-02
Node 151, SINR:0.00000e+00, BpsHz:0.00000e+00
Node 159, SINR:4.02244e-01, BpsHz:2.70965e-02
Node 76, SINR:4.02244e-01, BpsHz:2.70965e-02
Node 32, SINR:4.02244e-01, BpsHz:2.70965e-02
Node 103, SINR:4.02244e-01, BpsHz:2.70965e-02
Node 24, SINR:4.02244e-01, BpsHz:2.70965e-02
Node 153, SINR:4.02244e-01, BpsHz:2.70965e-02
Node 97, SINR:4.02244e-01, BpsHz:2.70965e-02
Node 118, SINR:4.02244e-01, BpsHz:2.70965e-02
Node 121, SINR:4.02244e-01, BpsHz:2.70965e-02
Node 22, SINR:4.02244e-01, BpsHz:2.70965e-02
Node 147, SINR:4.02244e-01, BpsHz:2.70965e-02
---------------
==========Cluster 1, RcvInterf=5.04304e-14============
Node 98, SINR:0.00000e+00, BpsHz:-nan
---------------
==========Cluster 2, RcvInterf=1.21618e-14============
Node 10, SINR:0.00000e+00, BpsHz:0.00000e+00
Node 126, SINR:1.89594e-02, BpsHz:2.70966e-02
---------------
==========Cluster 3, RcvInterf=1.76785e-14============
Node -1, SINR:3.32941e-311, BpsHz:3.32941e-311
---------------
==========Cluster 4, RcvInterf=3.60923e-14============
Node -1, SINR:3.32941e-311, BpsHz:3.32941e-311
---------------
==========Cluster 5, RcvInterf=1.08167e-14============
Node -1, SINR:3.32941e-311, BpsHz:3.32941e-311
---------------
==========Cluster 6, RcvInterf=1.43281e-14============
Node 150, SINR:2.52802e-01, BpsHz:2.70965e-02
Node 48, SINR:2.52802e-01, BpsHz:2.70965e-02
Node 78, SINR:2.52802e-01, BpsHz:2.70965e-02
Node 163, SINR:2.52802e-01, BpsHz:2.70965e-02
Node 21, SINR:2.52802e-01, BpsHz:2.70965e-02
Node 1, SINR:2.52802e-01, BpsHz:2.70965e-02
Node 55, SINR:2.52802e-01, BpsHz:2.70965e-02
Node 191, SINR:0.00000e+00, BpsHz:0.00000e+00
Node 84, SINR:2.52802e-01, BpsHz:2.70965e-02
Node 57, SINR:2.52802e-01, BpsHz:2.70965e-02
Node 8, SINR:2.52802e-01, BpsHz:2.70965e-02
Node 94, SINR:2.52802e-01, BpsHz:2.70965e-02
Node 188, SINR:2.52802e-01, BpsHz:2.70965e-02
---------------
==========Cluster 7, RcvInterf=2.24822e-14============
Node -1, SINR:3.32941e-311, BpsHz:3.32941e-311
---------------
==========Cluster 8, RcvInterf=2.22705e-14============
Node -1, SINR:3.32941e-311, BpsHz:3.32941e-311
---------------
==========Cluster 9, RcvInterf=2.89703e-14============
Node 171, SINR:0.00000e+00, BpsHz:0.00000e+00
Node 168, SINR:2.29491e-01, BpsHz:2.70965e-02
Node 120, SINR:2.29491e-01, BpsHz:2.70965e-02
Node 0, SINR:2.29491e-01, BpsHz:2.70965e-02
Node 77, SINR:2.29491e-01, BpsHz:2.70965e-02
Node 167, SINR:2.29491e-01, BpsHz:2.70965e-02
Node 59, SINR:2.29491e-01, BpsHz:2.70965e-02
Node 110, SINR:2.29491e-01, BpsHz:2.70965e-02
Node 131, SINR:2.29491e-01, BpsHz:2.70965e-02
Node 9, SINR:2.29491e-01, BpsHz:2.70965e-02
Node 162, SINR:2.29491e-01, BpsHz:2.70965e-02
Node 155, SINR:2.29491e-01, BpsHz:2.70965e-02
---------------
==========Cluster 10, RcvInterf=8.86379e-14============
Node -1, SINR:3.32941e-311, BpsHz:3.32941e-311
---------------
==========Cluster 11, RcvInterf=1.23476e-14============
Node -1, SINR:3.32941e-311, BpsHz:3.32941e-311
---------------
==========Cluster 12, RcvInterf=1.29897e-14============
Node -1, SINR:3.32941e-311, BpsHz:3.32941e-311
---------------
==========Cluster 13, RcvInterf=6.00877e-14============
Node 81, SINR:5.69512e-01, BpsHz:2.70965e-02
Node 88, SINR:5.69512e-01, BpsHz:2.70965e-02
Node 13, SINR:5.69512e-01, BpsHz:2.70965e-02
Node 20, SINR:0.00000e+00, BpsHz:0.00000e+00
Node 87, SINR:5.69512e-01, BpsHz:2.70965e-02
Node 19, SINR:5.69512e-01, BpsHz:2.70965e-02
Node 40, SINR:5.69512e-01, BpsHz:2.70965e-02
Node 182, SINR:5.69512e-01, BpsHz:2.70965e-02
Node 161, SINR:5.69512e-01, BpsHz:2.70965e-02
Node 65, SINR:5.69512e-01, BpsHz:2.70965e-02
Node 140, SINR:5.69512e-01, BpsHz:2.70965e-02
Node 16, SINR:5.69512e-01, BpsHz:2.70965e-02
Node 69, SINR:5.69512e-01, BpsHz:2.70965e-02
Node 128, SINR:5.69512e-01, BpsHz:2.70965e-02
Node 17, SINR:5.69512e-01, BpsHz:2.70965e-02
Node 54, SINR:5.69512e-01, BpsHz:2.70965e-02
Node 158, SINR:5.69512e-01, BpsHz:2.70965e-02
Node 100, SINR:5.69512e-01, BpsHz:2.70965e-02
Node 7, SINR:5.69512e-01, BpsHz:2.70965e-02
Node 73, SINR:5.69512e-01, BpsHz:2.70965e-02
Node 80, SINR:5.69512e-01, BpsHz:2.70965e-02
Node 36, SINR:5.69512e-01, BpsHz:2.70965e-02
Node 5, SINR:5.69512e-01, BpsHz:2.70965e-02
Node 95, SINR:5.69512e-01, BpsHz:2.70965e-02
Node 104, SINR:5.69512e-01, BpsHz:2.70965e-02
---------------
==========Cluster 14, RcvInterf=1.53128e-14============
Node 173, SINR:2.76554e-01, BpsHz:2.70965e-02
Node 42, SINR:2.76554e-01, BpsHz:2.70965e-02
Node 2, SINR:2.76554e-01, BpsHz:2.70965e-02
Node 61, SINR:2.76554e-01, BpsHz:2.70965e-02
Node 169, SINR:2.76554e-01, BpsHz:2.70965e-02
Node 62, SINR:2.76554e-01, BpsHz:2.70965e-02
Node 96, SINR:2.76554e-01, BpsHz:2.70965e-02
Node 166, SINR:2.76554e-01, BpsHz:2.70965e-02
Node 111, SINR:2.76554e-01, BpsHz:2.70965e-02
Node 44, SINR:2.76554e-01, BpsHz:2.70965e-02
Node 56, SINR:2.76554e-01, BpsHz:2.70965e-02
Node 116, SINR:2.76554e-01, BpsHz:2.70965e-02
Node 190, SINR:0.00000e+00, BpsHz:0.00000e+00
Node 3, SINR:2.76554e-01, BpsHz:2.70965e-02
---------------
==========Cluster 15, RcvInterf=8.66622e-15============
Node 149, SINR:2.76554e-01, BpsHz:2.70965e-02
Node 178, SINR:2.76554e-01, BpsHz:2.70965e-02
Node 130, SINR:2.76554e-01, BpsHz:2.70965e-02
Node 146, SINR:2.76554e-01, BpsHz:2.70965e-02
Node 49, SINR:2.76554e-01, BpsHz:2.70965e-02
Node 122, SINR:0.00000e+00, BpsHz:0.00000e+00
Node 194, SINR:2.76554e-01, BpsHz:2.70965e-02
Node 177, SINR:2.76554e-01, BpsHz:2.70965e-02
Node 58, SINR:2.76554e-01, BpsHz:2.70965e-02
Node 134, SINR:2.76554e-01, BpsHz:2.70965e-02
Node 18, SINR:2.76554e-01, BpsHz:2.70965e-02
Node 132, SINR:2.76554e-01, BpsHz:2.70965e-02
Node 179, SINR:2.76554e-01, BpsHz:2.70965e-02
Node 106, SINR:2.76554e-01, BpsHz:2.70965e-02
---------------
