195
16
1.000000e-03
2.125620e-314
90
5000
2.361072e+00
1.991577e+00
2.361072e-06
  inf
0 0 0 0 0 0 0 0 0 0 0 0 0 0 0 0 0 0 0 0 0 0 0 0 0 0 0 0 0 0 0 0 0 0 0 0 0 0 0 0 0 0 0 0 0 0 0 0 0 0 0 0 0 0 0 1 0 0 0 0 0 0 0 0 0 0 0 0 0 0 0 0 0 0 0 0 0 0 0 0 0 0 0 0 1 0 0 0 0 0 0 0 1 0 0 0 0 0 0 0 0 0 0 0 0 0 0 0 0 0 0 0 0 0 0 0 0 0 0 0 0 0 0 0 0 0 0 0 0 0 0 0 0 0 0 0 0 0 0 0 0 0 0 0 0 0 0 0 0 0 0 0 0 0 0 0 0 0 0 0 0 0 0 0 0 0 0 0 0 0 0 0 0 0 0 0 0 0 0 0 0 0 0 0 0 0 0 0 0 0 0 1 0 0 0 
0 0 0 0 0 0 0 0 0 0 0 0 0 0 0 0 0 0 0 0 0 0 0 0 0 0 0 0 0 0 0 0 0 0 0 0 0 0 0 0 0 0 0 0 0 0 0 0 0 0 0 0 0 0 0 0 0 0 0 0 0 0 0 0 0 0 0 0 0 0 0 0 0 0 0 0 0 0 0 0 0 0 0 0 0 0 0 0 0 0 0 0 0 0 0 0 0 0 0 0 0 0 0 0 0 0 0 0 0 0 0 0 0 0 0 0 0 0 0 0 0 0 0 0 0 0 0 0 0 0 0 0 0 0 0 0 0 0 0 0 0 0 0 0 0 0 0 0 0 0 0 0 0 0 0 0 0 0 0 0 0 0 0 0 0 0 0 0 0 0 0 0 0 0 0 0 0 0 0 0 0 0 0 0 0 1 0 0 0 0 0 0 0 0 0 
0 0 0 0 0 0 0 0 0 0 0 0 0 0 0 0 0 0 0 0 0 0 0 0 0 0 0 0 0 0 0 0 0 0 0 0 0 0 0 0 0 0 0 0 0 0 0 0 0 0 0 0 0 0 0 0 0 0 0 0 0 0 0 0 0 0 0 0 0 0 0 0 0 0 0 0 0 0 0 0 0 0 0 0 0 0 0 0 0 0 0 0 0 0 0 0 0 0 0 0 0 0 0 0 0 0 0 0 0 0 0 0 0 0 0 0 0 0 0 0 0 0 0 0 0 0 0 0 0 0 0 0 0 0 0 0 0 0 0 0 0 0 0 0 0 0 0 0 0 0 0 0 0 0 0 0 0 0 0 0 0 0 0 0 0 0 0 0 0 0 0 0 0 0 0 0 0 0 0 0 0 0 0 0 0 0 0 0 0 0 0 0 0 0 0 
0 0 1 1 0 0 0 0 0 0 0 0 0 0 0 0 0 0 0 0 0 0 0 1 0 0 0 1 0 0 0 0 0 0 0 0 0 0 0 0 0 0 1 0 0 0 0 0 0 0 0 0 0 0 0 0 1 0 0 0 0 1 1 0 0 0 0 0 0 0 0 0 0 0 0 0 0 0 0 0 0 0 0 0 0 0 0 0 0 0 0 0 0 0 0 0 0 0 0 0 0 0 0 0 0 0 0 1 0 0 0 0 0 1 0 1 0 0 0 1 0 0 0 0 0 0 0 1 0 0 0 0 0 0 0 1 0 0 1 0 0 0 0 0 0 1 0 0 0 0 0 0 0 0 0 0 0 0 0 0 0 0 0 0 0 0 0 0 0 1 0 0 0 0 1 0 0 0 0 0 1 1 0 0 0 0 0 0 0 0 1 0 0 0 0 
0 0 0 0 0 0 0 0 0 0 0 0 0 0 0 0 0 0 0 0 0 0 0 0 0 0 0 0 0 0 0 0 0 0 0 0 0 0 0 0 0 0 0 0 0 0 0 0 0 0 0 0 0 0 0 0 0 0 0 0 0 0 0 0 0 0 0 0 0 0 0 0 0 0 0 0 0 0 0 0 0 0 0 0 0 0 0 0 0 0 0 0 0 0 0 0 0 0 0 0 0 0 0 0 0 0 0 0 0 0 0 0 0 0 0 0 0 0 0 0 0 0 0 0 0 0 0 0 0 0 0 0 0 0 0 0 0 0 0 0 0 0 0 0 0 0 0 0 0 0 0 0 0 0 0 0 0 0 0 0 0 0 0 0 0 0 0 0 0 0 0 0 0 0 0 0 0 0 0 0 0 0 0 0 0 0 0 0 0 0 0 0 0 0 0 
0 0 0 0 0 0 0 0 0 0 0 0 0 0 0 0 1 1 0 1 1 0 0 0 0 0 0 0 0 0 0 0 0 0 0 0 0 0 0 0 0 0 0 0 0 0 0 0 0 0 0 0 0 0 1 0 0 0 0 0 0 0 0 0 0 1 0 0 0 1 0 0 0 0 0 0 0 0 0 1 1 1 0 0 0 0 0 1 1 0 0 0 0 0 0 1 0 0 0 0 1 0 0 0 1 1 0 0 0 0 0 0 0 0 0 0 0 0 0 0 0 0 0 0 0 0 0 0 1 0 0 0 0 0 0 0 0 0 0 0 0 0 0 0 0 0 0 0 0 0 0 0 0 0 0 0 0 0 1 0 1 0 0 0 0 0 0 0 0 0 0 0 0 0 0 0 0 0 0 0 0 0 1 0 0 0 0 0 0 0 0 0 0 0 0 
0 0 0 0 0 0 0 0 0 0 0 0 0 0 0 0 0 0 0 0 0 0 0 0 0 0 0 0 0 0 0 0 0 0 0 0 0 0 0 0 0 0 0 0 0 0 0 0 0 0 0 0 0 0 0 0 0 0 0 0 0 0 0 0 0 0 0 0 0 0 0 0 0 0 0 0 0 0 0 0 0 0 0 0 0 0 0 0 0 0 0 0 0 0 0 0 0 0 0 0 0 0 0 0 0 0 0 0 0 0 0 0 0 0 0 0 0 0 0 0 0 0 0 0 0 0 0 0 0 0 0 0 0 0 0 0 0 0 0 0 0 0 0 0 0 0 0 0 0 0 0 0 0 0 0 0 0 0 0 0 0 0 0 0 0 0 0 0 0 0 0 0 0 0 0 0 0 0 0 0 0 0 0 0 0 0 0 0 0 0 0 0 0 0 0 
0 0 0 0 0 0 0 0 0 0 0 0 0 0 0 0 0 0 0 0 0 0 0 0 0 0 0 0 0 0 0 0 0 0 0 0 0 0 0 0 0 0 0 0 0 0 0 0 0 0 0 0 0 0 0 0 0 0 0 0 0 0 0 0 0 0 0 0 0 0 0 0 0 0 0 0 0 0 0 0 0 0 0 0 0 0 0 0 0 0 0 0 0 0 0 0 0 0 0 0 0 0 0 0 0 0 0 0 0 0 0 0 0 0 0 0 0 0 0 0 0 0 0 0 0 0 0 0 0 0 0 0 0 0 0 0 0 0 0 0 0 0 0 0 0 0 0 0 0 0 0 0 0 0 0 0 0 0 0 0 0 0 0 0 0 0 0 0 0 0 0 0 0 0 0 0 0 0 0 0 0 0 0 0 0 0 0 0 0 0 0 0 0 0 0 
0 0 0 0 0 0 0 0 0 0 0 0 0 0 0 0 0 0 0 0 0 0 0 0 0 0 0 0 0 0 0 0 0 0 0 0 0 0 0 0 0 0 0 0 0 0 0 0 0 0 0 0 0 0 0 0 0 0 0 0 0 0 0 0 0 0 0 0 0 0 0 0 0 0 0 0 0 0 0 0 0 0 0 0 0 0 0 0 0 0 0 0 0 0 0 0 0 0 0 0 0 0 0 0 0 0 0 0 0 0 0 0 0 0 0 0 0 0 0 0 0 0 0 0 0 0 0 0 0 0 0 0 0 0 0 0 0 0 0 0 0 0 0 0 0 0 0 0 0 0 0 0 0 0 0 0 0 0 0 0 0 0 0 0 0 0 0 0 0 0 0 0 0 0 0 0 0 0 0 0 0 0 0 0 0 0 0 0 0 0 0 0 0 0 0 
0 0 0 0 0 0 0 0 0 0 0 0 0 0 0 0 0 0 0 0 0 0 0 0 0 0 0 0 0 0 0 0 0 0 0 0 0 0 0 0 0 0 0 1 0 0 0 1 0 0 0 0 0 0 0 0 0 0 0 1 0 0 0 0 0 0 0 1 0 0 0 0 1 0 0 0 0 0 0 0 0 0 0 0 0 0 0 0 0 0 0 0 0 0 0 0 0 0 1 0 0 0 0 0 0 0 0 0 0 0 1 0 0 0 0 0 0 0 0 0 1 0 0 0 0 1 0 0 0 0 0 0 0 0 0 0 0 0 0 0 0 0 0 0 0 0 0 0 0 0 0 0 0 0 0 0 0 0 0 0 0 0 1 0 0 0 0 1 1 0 0 1 0 0 0 0 0 0 0 0 0 0 0 0 0 0 0 0 0 0 0 0 0 0 0 
0 0 0 0 0 0 0 0 0 0 0 0 0 0 0 0 0 0 0 0 0 0 0 0 0 0 0 0 0 0 0 0 0 0 0 0 0 0 0 0 0 0 0 0 0 0 0 0 0 0 0 0 0 0 0 0 0 0 0 0 0 0 0 0 0 0 0 0 0 0 0 0 0 0 0 0 0 0 0 0 0 0 0 0 0 0 0 0 0 0 0 0 0 0 0 0 0 0 0 0 0 0 0 0 0 0 0 0 0 0 0 0 0 0 0 0 0 0 0 0 0 0 0 0 0 0 0 0 0 0 0 0 0 0 0 0 0 0 0 0 0 0 0 0 0 0 0 0 0 0 0 0 0 0 0 0 0 0 0 0 0 0 0 0 0 0 0 0 0 0 0 0 0 0 0 0 0 0 0 0 0 0 0 0 0 0 0 0 0 0 0 0 0 0 0 
0 0 0 0 0 0 1 0 0 0 0 1 1 0 0 0 0 0 0 0 0 0 1 0 1 1 0 0 1 0 1 0 1 0 0 0 0 0 0 0 0 0 0 0 0 0 0 0 0 0 0 0 0 0 0 0 0 0 0 0 0 0 0 0 0 0 1 0 0 0 1 0 0 0 0 0 0 0 0 0 0 0 1 0 0 0 0 0 0 0 0 0 0 0 0 0 0 1 0 0 0 0 0 1 0 0 0 0 0 0 0 0 0 0 0 0 0 0 1 0 0 1 0 1 0 0 0 0 0 0 0 0 0 0 0 0 0 0 0 0 0 0 1 1 0 0 0 1 0 0 1 1 0 1 0 0 1 0 0 0 0 0 0 0 1 0 0 0 0 0 0 0 0 0 0 0 1 0 0 0 0 0 0 0 0 0 0 0 0 0 0 0 0 0 0 
0 0 0 0 0 0 0 0 0 0 0 0 0 0 0 0 0 0 0 0 0 0 0 0 0 0 0 0 0 0 0 0 0 0 0 0 0 0 0 0 0 0 0 0 0 0 0 0 0 0 0 0 0 0 0 0 0 0 0 0 0 0 0 0 0 0 0 0 0 0 0 0 0 0 0 0 0 0 0 0 0 0 0 0 0 0 0 0 0 0 0 0 0 0 0 0 0 0 0 0 0 0 0 0 0 0 0 0 0 0 0 0 0 0 0 0 0 0 0 0 0 0 0 0 0 0 0 0 0 0 0 0 0 0 0 0 0 0 0 0 0 0 0 0 0 0 0 0 0 0 0 0 0 0 0 0 0 0 0 0 0 0 0 0 0 0 0 0 0 0 0 0 0 0 0 0 0 0 0 0 0 0 0 0 0 0 0 0 0 0 0 0 0 0 0 
0 0 0 0 0 0 0 0 0 0 0 0 0 0 0 0 0 0 0 0 0 0 0 0 0 0 0 0 0 0 0 0 0 0 0 0 0 0 0 0 0 0 0 0 0 0 0 0 0 0 0 0 0 0 0 0 0 0 0 0 0 0 0 0 0 0 0 0 0 0 0 0 0 0 0 0 0 0 0 0 0 0 0 0 0 0 0 0 0 0 0 0 0 0 0 0 0 0 0 0 0 0 0 0 0 0 0 0 0 0 0 0 0 0 0 0 0 0 0 0 0 0 0 0 0 0 0 0 0 0 0 0 0 0 0 0 0 0 0 0 0 0 0 0 0 0 0 0 0 0 0 0 0 0 0 0 0 0 0 0 0 0 0 0 0 0 0 0 0 0 0 0 0 0 0 0 0 0 0 0 0 0 0 0 0 0 0 0 0 0 0 0 0 0 0 
0 0 0 0 0 0 0 0 0 0 0 0 0 0 0 0 0 0 0 0 0 0 0 0 0 0 0 0 0 0 0 0 0 0 0 0 0 0 0 0 0 0 0 0 0 0 0 0 0 0 0 0 0 0 0 0 0 0 0 0 0 0 0 0 0 0 0 0 0 0 0 0 0 0 0 0 0 0 0 0 0 0 0 0 0 0 0 0 0 0 0 0 0 0 0 0 0 0 0 0 0 0 0 0 0 0 0 0 0 0 0 0 0 0 0 0 0 0 0 0 0 0 0 0 0 0 0 0 0 0 0 0 0 0 0 0 0 0 0 0 0 0 0 0 0 0 0 0 0 0 0 0 0 0 0 0 0 0 0 0 0 0 0 0 0 0 0 0 0 0 0 0 0 0 0 0 0 0 0 0 0 0 0 0 0 0 0 0 0 0 0 0 0 0 0 
0 0 0 0 0 0 0 0 0 0 0 0 0 0 0 0 0 0 1 0 0 0 0 0 0 0 0 0 0 0 0 0 0 1 0 0 0 0 0 0 0 0 0 0 0 0 0 0 0 1 0 1 0 0 0 0 0 0 1 0 0 0 0 0 0 0 0 0 1 0 0 0 0 0 0 0 0 0 0 0 0 0 0 0 0 0 1 0 0 0 0 0 0 0 0 0 0 0 0 0 0 0 0 0 0 0 1 0 0 0 0 0 0 0 0 0 0 0 0 0 0 0 1 0 0 0 0 0 0 1 1 0 1 0 1 0 0 0 0 0 0 0 0 0 0 0 1 0 0 1 0 0 0 0 0 0 0 0 0 0 0 0 0 0 0 1 0 0 0 0 1 0 0 0 0 0 0 1 1 1 0 0 0 0 0 0 0 0 0 0 0 0 0 0 1 
93 186 0 3 0 17 0 0 0 68 0 154 0 0 0 123 
0.000000E+00 0.000000E+00 0.000000E+00 1.670804E-05 0.000000E+00 0.000000E+00 8.159494E-04 0.000000E+00 0.000000E+00 0.000000E+00 0.000000E+00 1.352868E-04 5.819717E-04 0.000000E+00 0.000000E+00 0.000000E+00 0.000000E+00 5.001570E-05 7.068471E-04 1.801746E-04 1.300302E-08 0.000000E+00 1.933524E-04 4.234537E-04 1.024495E-04 8.254083E-06 0.000000E+00 3.359378E-04 2.428401E-05 0.000000E+00 2.130949E-07 0.000000E+00 1.154993E-05 1.931772E-04 0.000000E+00 0.000000E+00 0.000000E+00 0.000000E+00 0.000000E+00 0.000000E+00 0.000000E+00 0.000000E+00 1.385548E-05 2.905020E-05 0.000000E+00 0.000000E+00 0.000000E+00 6.082636E-07 0.000000E+00 4.727242E-06 0.000000E+00 5.848699E-04 0.000000E+00 0.000000E+00 9.889983E-04 7.100195E-06 9.992222E-04 0.000000E+00 1.736071E-04 9.100753E-06 0.000000E+00 1.952094E-05 7.953448E-04 0.000000E+00 0.000000E+00 4.074765E-04 1.405871E-06 0.000000E+00 4.156639E-04 1.791158E-05 2.472646E-05 0.000000E+00 9.033281E-04 0.000000E+00 0.000000E+00 0.000000E+00 0.000000E+00 0.000000E+00 0.000000E+00 8.352124E-04 9.731717E-06 3.028814E-05 2.281285E-04 0.000000E+00 1.969015E-06 0.000000E+00 5.563503E-04 4.235680E-05 2.181456E-05 0.000000E+00 0.000000E+00 0.000000E+00 0.000000E+00 0.000000E+00 0.000000E+00 2.645799E-04 0.000000E+00 6.901199E-07 1.879296E-06 0.000000E+00 5.994408E-04 0.000000E+00 0.000000E+00 7.721362E-07 1.387615E-04 1.889123E-05 2.430935E-04 7.648124E-05 0.000000E+00 0.000000E+00 7.132247E-05 0.000000E+00 0.000000E+00 8.435338E-04 0.000000E+00 2.306025E-04 0.000000E+00 0.000000E+00 4.528593E-04 1.013877E-06 1.983610E-07 4.657851E-05 0.000000E+00 3.151902E-04 0.000000E+00 5.739817E-05 0.000000E+00 6.041967E-04 2.052561E-04 4.758402E-04 2.459276E-06 0.000000E+00 6.276441E-04 0.000000E+00 1.663245E-04 3.600160E-05 0.000000E+00 0.000000E+00 4.183518E-04 0.000000E+00 0.000000E+00 0.000000E+00 3.535008E-04 4.107672E-04 0.000000E+00 9.234637E-06 2.070208E-06 1.500469E-04 0.000000E+00 3.349842E-05 8.569331E-05 3.236499E-07 0.000000E+00 0.000000E+00 0.000000E+00 0.000000E+00 8.868734E-04 0.000000E+00 3.712484E-05 0.000000E+00 3.948112E-04 0.000000E+00 1.874854E-04 0.000000E+00 4.603373E-05 6.997812E-04 0.000000E+00 3.270527E-05 4.332141E-05 1.596050E-04 9.106416E-04 6.943343E-07 0.000000E+00 0.000000E+00 3.550024E-07 0.000000E+00 6.414881E-04 1.041633E-06 2.404121E-06 3.299863E-04 7.213790E-05 6.774020E-06 7.604764E-05 0.000000E+00 0.000000E+00 0.000000E+00 0.000000E+00 0.000000E+00 0.000000E+00 0.000000E+00 1.090869E-06 6.511603E-06 0.000000E+00 0.000000E+00 2.166638E-04 
56 192 93 85 
186 
0 
182 175 120 3 146 4 139 28 191 62 43 181 136 116 24 114 108 57 128 63 170 
0 
18 70 80 129 101 82 161 88 89 21 106 105 17 55 20 159 66 96 183 81 
0 
0 
0 
44 172 68 168 121 111 60 126 48 163 99 169 73 
0 
29 31 98 154 104 33 71 165 122 25 23 148 151 12 152 144 157 13 83 124 7 119 26 143 67 177 
0 
0 
0 
179 34 178 180 131 150 52 195 130 19 133 123 50 147 87 135 59 69 166 107 171 

============Find Best @ Round 2073================
==========Cluster 0, RcvInterf=5.20457e-14============
Node 55, SINR:6.00114e-02, BpsHz:2.80266e-02
Node 191, SINR:6.00114e-02, BpsHz:2.80266e-02
Node 92, SINR:0.00000e+00, BpsHz:0.00000e+00
Node 84, SINR:6.00114e-02, BpsHz:2.80266e-02
---------------
==========Cluster 1, RcvInterf=1.23756e-13============
Node 185, SINR:0.00000e+00, BpsHz:-nan
---------------
==========Cluster 2, RcvInterf=2.48419e-14============
Node -1, SINR:3.32941e-311, BpsHz:3.32941e-311
---------------
==========Cluster 3, RcvInterf=1.60645e-14============
Node 181, SINR:4.74812e-01, BpsHz:2.80266e-02
Node 174, SINR:4.74812e-01, BpsHz:2.80266e-02
Node 119, SINR:4.74812e-01, BpsHz:2.80266e-02
Node 2, SINR:0.00000e+00, BpsHz:0.00000e+00
Node 145, SINR:4.74812e-01, BpsHz:2.80266e-02
Node 3, SINR:4.74812e-01, BpsHz:2.80266e-02
Node 138, SINR:4.74812e-01, BpsHz:2.80266e-02
Node 27, SINR:4.74812e-01, BpsHz:2.80266e-02
Node 190, SINR:4.74812e-01, BpsHz:2.80266e-02
Node 61, SINR:4.74812e-01, BpsHz:2.80266e-02
Node 42, SINR:4.74812e-01, BpsHz:2.80266e-02
Node 180, SINR:4.74812e-01, BpsHz:2.80266e-02
Node 135, SINR:4.74812e-01, BpsHz:2.80266e-02
Node 115, SINR:4.74812e-01, BpsHz:2.80266e-02
Node 23, SINR:4.74812e-01, BpsHz:2.80266e-02
Node 113, SINR:4.74812e-01, BpsHz:2.80266e-02
Node 107, SINR:4.74812e-01, BpsHz:2.80266e-02
Node 56, SINR:4.74812e-01, BpsHz:2.80266e-02
Node 127, SINR:4.74812e-01, BpsHz:2.80266e-02
Node 62, SINR:4.74812e-01, BpsHz:2.80266e-02
Node 169, SINR:4.74812e-01, BpsHz:2.80266e-02
---------------
==========Cluster 4, RcvInterf=1.77191e-14============
Node -1, SINR:3.32941e-311, BpsHz:3.32941e-311
---------------
==========Cluster 5, RcvInterf=9.13099e-15============
Node 17, SINR:4.46438e-01, BpsHz:2.80266e-02
Node 69, SINR:4.46438e-01, BpsHz:2.80266e-02
Node 79, SINR:4.46438e-01, BpsHz:2.80266e-02
Node 128, SINR:4.46438e-01, BpsHz:2.80266e-02
Node 100, SINR:4.46438e-01, BpsHz:2.80266e-02
Node 81, SINR:4.46438e-01, BpsHz:2.80266e-02
Node 160, SINR:4.46438e-01, BpsHz:2.80266e-02
Node 87, SINR:4.46438e-01, BpsHz:2.80266e-02
Node 88, SINR:4.46438e-01, BpsHz:2.80266e-02
Node 20, SINR:4.46438e-01, BpsHz:2.80266e-02
Node 105, SINR:4.46438e-01, BpsHz:2.80266e-02
Node 104, SINR:4.46438e-01, BpsHz:2.80266e-02
Node 16, SINR:0.00000e+00, BpsHz:0.00000e+00
Node 54, SINR:4.46438e-01, BpsHz:2.80266e-02
Node 19, SINR:4.46438e-01, BpsHz:2.80266e-02
Node 158, SINR:4.46438e-01, BpsHz:2.80266e-02
Node 65, SINR:4.46438e-01, BpsHz:2.80266e-02
Node 95, SINR:4.46438e-01, BpsHz:2.80266e-02
Node 182, SINR:4.46438e-01, BpsHz:2.80266e-02
Node 80, SINR:4.46438e-01, BpsHz:2.80266e-02
---------------
==========Cluster 6, RcvInterf=4.23569e-14============
Node -1, SINR:3.32941e-311, BpsHz:3.32941e-311
---------------
==========Cluster 7, RcvInterf=3.84840e-15============
Node -1, SINR:3.32941e-311, BpsHz:3.32941e-311
---------------
==========Cluster 8, RcvInterf=6.11416e-15============
Node -1, SINR:3.32941e-311, BpsHz:3.32941e-311
---------------
==========Cluster 9, RcvInterf=6.88398e-15============
Node 43, SINR:2.62531e-01, BpsHz:2.80266e-02
Node 171, SINR:2.62531e-01, BpsHz:2.80266e-02
Node 67, SINR:0.00000e+00, BpsHz:0.00000e+00
Node 167, SINR:2.62531e-01, BpsHz:2.80266e-02
Node 120, SINR:2.62531e-01, BpsHz:2.80266e-02
Node 110, SINR:2.62531e-01, BpsHz:2.80266e-02
Node 59, SINR:2.62531e-01, BpsHz:2.80266e-02
Node 125, SINR:2.62531e-01, BpsHz:2.80266e-02
Node 47, SINR:2.62531e-01, BpsHz:2.80266e-02
Node 162, SINR:2.62531e-01, BpsHz:2.80266e-02
Node 98, SINR:2.62531e-01, BpsHz:2.80266e-02
Node 168, SINR:2.62531e-01, BpsHz:2.80266e-02
Node 72, SINR:2.62531e-01, BpsHz:2.80266e-02
---------------
==========Cluster 10, RcvInterf=1.27671e-14============
Node -1, SINR:3.32941e-311, BpsHz:3.32941e-311
---------------
==========Cluster 11, RcvInterf=9.95724e-15============
Node 28, SINR:6.25253e-01, BpsHz:2.80266e-02
Node 30, SINR:6.25253e-01, BpsHz:2.80266e-02
Node 97, SINR:6.25253e-01, BpsHz:2.80266e-02
Node 153, SINR:0.00000e+00, BpsHz:0.00000e+00
Node 103, SINR:6.25253e-01, BpsHz:2.80266e-02
Node 32, SINR:6.25253e-01, BpsHz:2.80266e-02
Node 70, SINR:6.25253e-01, BpsHz:2.80266e-02
Node 164, SINR:6.25253e-01, BpsHz:2.80266e-02
Node 121, SINR:6.25253e-01, BpsHz:2.80266e-02
Node 24, SINR:6.25253e-01, BpsHz:2.80266e-02
Node 22, SINR:6.25253e-01, BpsHz:2.80266e-02
Node 147, SINR:6.25253e-01, BpsHz:2.80266e-02
Node 150, SINR:6.25253e-01, BpsHz:2.80266e-02
Node 11, SINR:6.25253e-01, BpsHz:2.80266e-02
Node 151, SINR:6.25253e-01, BpsHz:2.80266e-02
Node 143, SINR:6.25253e-01, BpsHz:2.80266e-02
Node 156, SINR:6.25253e-01, BpsHz:2.80266e-02
Node 12, SINR:6.25253e-01, BpsHz:2.80266e-02
Node 82, SINR:6.25253e-01, BpsHz:2.80266e-02
Node 123, SINR:6.25253e-01, BpsHz:2.80266e-02
Node 6, SINR:6.25253e-01, BpsHz:2.80266e-02
Node 118, SINR:6.25253e-01, BpsHz:2.80266e-02
Node 25, SINR:6.25253e-01, BpsHz:2.80266e-02
Node 142, SINR:6.25253e-01, BpsHz:2.80266e-02
Node 66, SINR:6.25253e-01, BpsHz:2.80266e-02
Node 176, SINR:6.25253e-01, BpsHz:2.80266e-02
---------------
==========Cluster 12, RcvInterf=1.95058e-14============
Node -1, SINR:3.32941e-311, BpsHz:3.32941e-311
---------------
==========Cluster 13, RcvInterf=5.51650e-14============
Node -1, SINR:3.32941e-311, BpsHz:3.32941e-311
---------------
==========Cluster 14, RcvInterf=5.48093e-14============
Node -1, SINR:3.32941e-311, BpsHz:3.32941e-311
---------------
==========Cluster 15, RcvInterf=2.05690e-14============
Node 178, SINR:4.74812e-01, BpsHz:2.80266e-02
Node 33, SINR:4.74812e-01, BpsHz:2.80266e-02
Node 177, SINR:4.74812e-01, BpsHz:2.80266e-02
Node 179, SINR:4.74812e-01, BpsHz:2.80266e-02
Node 130, SINR:4.74812e-01, BpsHz:2.80266e-02
Node 149, SINR:4.74812e-01, BpsHz:2.80266e-02
Node 51, SINR:4.74812e-01, BpsHz:2.80266e-02
Node 194, SINR:4.74812e-01, BpsHz:2.80266e-02
Node 129, SINR:4.74812e-01, BpsHz:2.80266e-02
Node 18, SINR:4.74812e-01, BpsHz:2.80266e-02
Node 132, SINR:4.74812e-01, BpsHz:2.80266e-02
Node 122, SINR:0.00000e+00, BpsHz:0.00000e+00
Node 49, SINR:4.74812e-01, BpsHz:2.80266e-02
Node 146, SINR:4.74812e-01, BpsHz:2.80266e-02
Node 86, SINR:4.74812e-01, BpsHz:2.80266e-02
Node 134, SINR:4.74812e-01, BpsHz:2.80266e-02
Node 58, SINR:4.74812e-01, BpsHz:2.80266e-02
Node 68, SINR:4.74812e-01, BpsHz:2.80266e-02
Node 165, SINR:4.74812e-01, BpsHz:2.80266e-02
Node 106, SINR:4.74812e-01, BpsHz:2.80266e-02
Node 170, SINR:4.74812e-01, BpsHz:2.80266e-02
---------------
