195
16
1.000000e-03
9.998743e-308
70
5000
1.505355e+00
2.253418e+00
1.505355e-06
  inf
0 0 0 0 0 0 0 0 0 0 0 0 0 0 0 0 0 0 0 0 0 0 0 0 1 1 0 0 0 0 0 0 1 0 0 0 0 0 0 0 0 0 0 0 0 0 0 0 0 0 0 0 0 0 0 0 0 0 0 0 0 0 0 0 0 0 0 0 0 0 1 0 0 0 0 0 0 0 0 0 0 0 1 0 0 0 0 0 0 1 0 0 0 0 0 0 0 0 0 0 0 1 0 1 0 0 0 0 0 0 0 0 0 0 0 0 0 0 0 0 0 0 0 1 0 0 0 0 0 0 0 0 0 1 0 0 0 0 0 0 0 0 0 0 0 0 0 0 0 0 0 1 0 1 0 0 0 0 0 0 0 0 0 0 0 0 0 0 0 0 0 0 0 0 0 0 0 0 0 0 0 0 0 0 0 0 0 0 0 0 0 0 1 0 0 
0 0 0 0 0 0 0 0 0 0 0 0 0 0 0 0 0 0 0 0 0 0 0 0 0 0 0 0 0 0 0 0 0 0 0 0 0 0 0 0 0 0 0 0 0 0 0 0 0 0 0 0 0 0 0 0 0 0 0 0 0 0 0 0 0 0 0 0 0 0 0 0 0 0 1 0 0 0 0 0 0 0 0 0 1 0 0 0 0 0 0 0 0 0 0 0 0 0 0 0 0 0 0 0 0 0 0 0 0 0 0 0 0 0 0 0 0 0 0 0 0 0 0 0 0 0 0 0 0 0 0 0 0 0 0 0 0 0 0 0 0 0 0 0 0 0 0 0 0 0 0 0 0 0 0 0 0 0 0 0 0 0 0 0 0 0 0 0 0 0 0 0 0 0 0 0 0 0 0 0 0 0 0 0 0 0 0 0 0 0 0 0 0 0 0 
0 0 0 0 0 0 0 0 0 0 0 0 0 0 0 0 0 0 0 0 0 0 0 0 0 0 0 0 0 0 0 0 0 0 0 0 0 0 0 0 0 0 0 0 0 0 0 1 0 0 0 0 0 0 0 0 0 0 0 0 0 0 0 0 0 0 0 0 0 0 0 0 0 0 0 0 0 0 0 0 0 0 0 0 0 0 0 0 0 0 0 0 0 0 0 0 0 0 0 0 0 0 0 0 0 1 0 0 0 0 0 0 0 0 0 0 0 0 0 0 0 0 0 0 0 0 0 0 0 0 0 0 0 0 0 0 0 0 0 0 0 0 0 0 0 0 0 0 0 0 0 0 0 0 0 1 0 0 0 0 0 0 0 0 0 0 0 0 0 0 0 0 0 0 0 0 0 0 0 0 0 0 0 0 0 0 0 0 0 0 0 0 0 0 0 
0 0 1 1 0 0 0 0 0 0 0 0 0 0 0 0 0 0 0 0 0 0 0 1 0 0 0 1 0 1 0 0 0 0 0 1 0 0 0 0 0 0 0 0 0 0 0 0 0 0 0 0 0 0 0 0 1 0 0 0 0 1 0 0 0 0 0 0 0 0 0 0 0 0 0 0 0 0 0 0 0 0 0 0 0 0 0 0 0 0 0 0 0 0 0 0 0 0 0 0 0 0 0 0 0 0 0 0 0 0 0 0 0 0 0 0 0 0 0 1 0 0 0 0 0 0 0 1 0 0 0 0 0 0 0 0 0 0 0 1 0 0 0 0 0 1 0 0 0 0 0 0 1 0 0 0 0 0 0 0 0 1 0 0 0 0 1 0 0 0 1 0 0 1 0 0 0 0 0 0 1 0 0 0 0 0 0 0 0 0 1 0 0 0 0 
0 0 0 0 0 0 0 0 0 0 0 0 0 0 0 0 0 0 0 0 1 0 0 0 0 0 0 0 0 0 0 0 0 0 0 0 0 0 0 0 0 0 0 0 0 0 0 0 0 0 0 0 0 0 0 0 0 0 0 0 0 0 0 0 0 0 0 0 0 0 0 0 0 0 0 0 0 0 0 0 1 0 0 0 0 0 0 0 0 0 0 0 0 0 0 0 0 0 0 0 0 0 0 0 0 0 0 0 0 0 0 0 0 0 0 0 0 0 0 0 0 0 0 0 0 0 0 0 0 0 0 0 0 0 0 0 0 0 0 0 0 0 0 0 0 0 0 0 0 0 0 0 0 0 0 0 0 0 0 0 0 0 0 0 0 0 0 0 0 0 0 0 0 0 0 1 0 0 0 0 0 0 0 0 0 0 0 0 0 0 0 0 0 0 0 
0 0 0 0 0 0 0 0 0 0 0 0 0 0 0 0 0 0 0 0 0 0 0 0 0 0 0 0 0 0 0 0 0 0 0 0 0 0 0 0 0 0 0 0 0 0 0 0 0 0 0 0 0 0 0 0 0 0 0 0 0 0 0 0 0 0 0 0 0 0 0 0 0 0 0 0 0 0 0 0 0 0 0 0 0 0 0 0 0 0 0 0 0 0 0 0 0 0 0 0 0 0 0 0 0 0 0 0 0 0 0 0 0 0 0 0 0 0 0 0 0 0 0 0 0 0 0 0 0 0 0 0 0 0 0 0 0 0 0 0 0 0 0 0 0 0 0 0 0 0 0 0 0 0 0 0 0 0 0 0 0 0 0 0 0 0 0 0 0 0 0 0 0 0 0 0 0 0 0 0 0 0 0 0 0 0 0 0 0 0 0 0 0 0 0 
0 0 0 0 0 0 0 0 0 0 0 0 0 0 0 0 0 0 0 0 0 0 0 0 0 0 0 0 0 0 0 0 0 0 0 0 0 0 0 0 0 0 0 0 0 0 0 0 0 0 0 0 0 0 0 0 0 0 0 0 0 0 0 0 0 0 0 0 0 0 0 0 0 0 0 0 0 0 0 0 0 0 0 0 0 0 0 0 0 0 0 0 0 0 0 0 0 0 0 0 0 0 0 0 0 0 0 0 0 0 0 0 0 0 0 0 0 0 0 0 0 0 0 0 0 0 0 0 0 0 0 0 0 0 0 0 0 0 0 0 0 0 0 0 0 0 0 0 0 0 0 0 0 0 0 0 0 0 0 0 0 0 0 0 0 0 0 0 0 0 0 0 0 0 0 0 0 0 0 0 0 0 0 0 0 0 0 0 0 0 0 0 0 0 0 
0 0 0 0 0 0 0 0 0 0 0 0 0 0 0 0 0 0 0 0 0 0 0 0 0 0 0 0 0 0 0 0 0 0 0 0 0 0 0 0 0 0 0 0 0 0 0 0 0 0 0 0 0 0 0 0 0 0 0 0 0 0 0 0 0 0 0 0 0 0 0 0 0 0 0 0 0 0 0 0 0 0 0 0 0 0 0 0 0 0 0 0 0 0 0 0 0 0 0 0 0 0 0 0 0 0 0 0 0 0 0 0 0 0 0 0 0 0 0 0 0 0 0 0 0 0 0 0 0 0 0 0 0 0 0 0 0 0 0 0 0 0 0 0 0 0 0 0 0 0 0 0 0 0 0 0 0 0 0 0 0 0 0 0 0 0 0 0 0 0 0 0 0 0 0 0 0 0 0 0 0 0 0 0 0 0 0 0 0 0 0 0 0 0 0 
1 0 0 0 1 0 0 1 0 0 0 0 0 0 0 0 0 1 0 0 0 0 0 0 0 0 1 0 0 0 0 0 0 0 0 0 1 1 0 0 0 0 0 1 0 1 1 0 0 0 0 0 0 0 0 0 0 0 0 1 1 0 0 0 1 0 0 0 0 0 0 0 0 0 0 0 0 1 0 0 0 0 0 1 0 0 0 0 0 0 0 0 0 1 0 0 0 0 0 1 0 0 0 0 0 0 0 0 1 0 0 0 0 0 1 0 0 0 0 0 0 0 0 0 0 1 0 0 1 0 0 1 0 0 0 0 0 0 0 0 0 0 0 0 0 0 0 0 0 0 0 0 0 0 0 0 0 0 0 0 0 0 0 0 0 0 0 0 0 0 0 1 0 0 0 0 0 0 0 0 0 0 0 0 0 0 0 0 0 0 0 0 0 0 0 
0 0 0 0 0 0 0 0 0 0 0 0 0 0 0 0 0 0 0 0 0 0 0 0 0 0 0 0 0 0 0 0 0 0 0 0 0 0 0 0 0 0 0 0 0 0 0 0 0 0 0 0 0 0 0 0 0 0 0 0 0 0 0 0 0 0 0 0 0 0 0 0 0 0 0 0 0 0 0 0 0 0 0 0 0 0 0 0 0 0 0 0 0 0 0 0 0 0 0 0 0 0 0 0 0 0 0 0 0 0 0 0 0 0 0 0 0 0 0 0 0 0 0 0 0 0 0 0 0 0 0 0 0 0 0 0 0 0 0 0 0 0 0 0 0 0 0 0 0 0 0 0 0 0 0 0 0 0 0 0 0 0 0 0 0 0 0 0 0 0 0 0 0 0 0 0 0 0 0 0 0 0 0 0 0 0 0 0 0 0 0 0 0 0 0 
0 0 0 0 0 0 0 0 0 0 0 0 0 0 0 0 0 0 0 0 0 0 0 0 0 0 0 0 0 0 0 0 0 0 0 0 0 0 0 0 0 0 0 0 0 0 0 0 0 0 0 0 0 0 0 0 0 0 0 0 0 0 0 0 0 0 0 0 0 0 0 0 0 0 0 0 0 0 0 0 0 0 0 0 0 0 0 0 0 0 0 0 0 0 0 0 0 0 0 0 0 0 0 0 0 0 0 0 0 0 0 0 0 0 0 0 0 0 0 0 0 0 0 0 0 0 0 0 0 0 0 0 0 0 0 0 0 0 0 0 0 0 0 0 0 0 0 0 0 0 0 0 0 0 0 0 0 0 0 0 0 0 0 0 0 0 0 0 0 0 0 0 0 0 0 0 0 0 0 0 0 0 0 0 0 0 0 0 0 0 0 0 0 0 0 
0 0 0 0 0 0 0 0 0 0 0 0 0 0 0 0 0 0 0 0 0 0 0 0 0 0 0 0 0 0 0 0 0 0 0 0 0 0 0 0 0 0 0 0 0 0 0 0 0 0 0 0 0 0 0 0 0 0 0 0 0 0 0 0 0 0 0 0 0 0 0 0 0 0 0 0 0 0 0 0 0 0 0 0 0 0 0 0 0 0 0 0 0 0 0 0 0 0 0 0 0 0 0 0 0 0 0 0 0 0 0 0 0 0 0 0 0 0 0 0 0 0 0 0 0 0 0 0 0 0 0 0 0 0 0 0 0 0 0 0 0 0 0 0 0 0 0 0 0 0 0 0 0 0 0 0 0 0 0 0 0 0 0 0 0 0 0 0 0 0 0 0 0 0 0 0 0 0 0 0 0 0 0 0 0 0 0 0 0 0 0 0 0 0 0 
0 0 0 0 0 0 0 0 0 0 0 0 0 0 0 0 0 0 0 0 0 0 0 0 0 0 0 0 0 0 0 0 0 0 0 0 0 0 0 0 0 0 0 0 0 0 0 0 0 0 0 0 0 0 0 0 0 0 0 0 0 0 0 0 0 0 0 0 0 0 0 0 0 0 0 0 0 0 0 0 0 0 0 0 0 0 0 0 0 0 0 0 0 0 0 0 0 0 0 0 0 0 0 0 0 0 0 0 0 0 0 0 0 0 0 0 0 0 0 0 0 0 0 0 0 0 0 0 0 0 0 0 0 0 0 0 0 0 0 0 0 0 0 0 0 0 0 0 0 0 0 0 0 0 0 0 0 0 0 0 0 0 0 0 0 0 0 0 0 0 0 0 0 0 0 0 0 0 0 0 0 0 0 0 0 0 0 0 0 0 0 0 0 0 0 
0 0 0 0 0 0 0 0 0 0 0 0 0 0 0 0 0 0 0 0 0 0 0 0 0 0 0 0 0 0 0 0 0 0 0 0 0 0 0 0 0 0 0 0 0 0 0 0 0 0 0 0 0 0 0 0 0 0 0 0 0 0 0 0 0 0 0 0 0 0 0 0 0 0 0 0 0 0 0 0 0 0 0 0 0 0 0 0 0 0 0 0 0 0 0 0 0 0 0 0 0 0 0 0 0 0 0 0 0 0 0 0 0 0 0 0 0 0 0 0 0 0 0 0 0 0 0 0 0 0 0 0 0 0 0 0 0 0 0 0 0 0 0 0 0 0 0 0 0 0 0 0 0 0 0 0 0 0 0 0 0 0 0 0 0 0 0 0 0 0 0 0 0 0 0 0 0 0 0 0 0 0 0 0 0 0 0 0 0 0 0 0 0 0 0 
0 0 0 0 0 0 0 0 0 0 0 0 0 0 0 0 0 0 0 0 0 0 0 0 0 0 0 0 0 0 0 0 0 0 0 0 0 0 0 0 0 0 0 0 0 0 0 0 0 0 0 0 0 0 0 0 0 0 0 0 0 0 0 0 0 0 0 0 0 0 0 0 0 0 0 0 0 0 0 0 0 0 0 0 0 0 0 0 0 0 0 0 0 0 0 0 0 0 0 0 0 0 0 0 0 0 0 0 0 0 0 0 0 0 0 0 0 0 0 0 0 0 0 0 0 0 0 0 0 0 0 0 0 0 0 0 0 0 0 0 0 0 0 0 0 0 0 0 0 0 0 0 0 0 0 0 0 0 0 0 0 0 0 0 0 0 0 0 0 0 0 0 0 0 0 0 0 0 0 0 0 0 0 0 0 0 0 0 0 0 0 0 0 0 0 
0 1 0 0 0 0 0 0 0 0 0 1 0 0 0 1 0 0 0 0 0 1 0 0 0 0 0 0 0 0 0 0 0 0 0 0 0 0 0 1 0 0 0 0 0 0 0 0 1 1 0 0 0 0 0 0 0 1 1 0 0 0 0 0 0 0 0 0 0 0 0 0 0 0 0 0 0 0 1 0 0 0 0 0 0 0 1 0 0 0 0 0 0 0 1 0 0 0 0 0 0 0 0 0 0 0 0 0 0 0 0 0 1 0 0 0 0 0 0 0 0 0 0 0 1 0 0 0 0 1 0 0 1 0 1 0 1 0 0 0 0 0 0 0 0 0 0 0 0 0 0 0 0 0 0 0 0 0 0 0 0 0 0 0 0 0 0 0 0 0 0 0 0 0 0 0 1 0 0 0 0 0 0 0 1 0 0 0 1 0 0 1 0 0 1 
26 85 48 191 176 0 0 0 172 0 0 0 0 0 0 58 
9.303189E-06 3.170908E-04 4.404782E-07 3.436930E-05 2.052754E-05 0.000000E+00 0.000000E+00 6.422999E-05 0.000000E+00 0.000000E+00 0.000000E+00 2.857471E-04 0.000000E+00 0.000000E+00 0.000000E+00 1.572318E-04 0.000000E+00 8.227344E-05 0.000000E+00 0.000000E+00 3.844641E-06 9.865251E-05 0.000000E+00 1.209550E-04 1.088720E-04 0.000000E+00 1.487681E-04 1.968581E-04 0.000000E+00 6.252271E-06 0.000000E+00 0.000000E+00 4.849519E-05 0.000000E+00 0.000000E+00 3.087570E-04 4.375249E-04 1.404291E-04 0.000000E+00 3.006041E-04 0.000000E+00 0.000000E+00 0.000000E+00 6.921706E-06 0.000000E+00 2.089042E-04 4.784019E-05 0.000000E+00 4.049324E-06 3.925668E-05 0.000000E+00 0.000000E+00 0.000000E+00 0.000000E+00 0.000000E+00 0.000000E+00 7.548303E-04 0.000000E+00 1.327410E-05 4.723367E-06 2.067679E-04 2.630024E-06 0.000000E+00 0.000000E+00 3.278381E-04 0.000000E+00 0.000000E+00 0.000000E+00 0.000000E+00 0.000000E+00 2.486588E-05 0.000000E+00 0.000000E+00 0.000000E+00 1.080602E-06 0.000000E+00 0.000000E+00 3.117041E-06 4.010930E-05 0.000000E+00 7.756847E-08 0.000000E+00 2.446701E-04 3.477008E-04 0.000000E+00 0.000000E+00 1.001458E-04 0.000000E+00 0.000000E+00 1.924908E-07 0.000000E+00 0.000000E+00 0.000000E+00 2.381540E-07 3.265542E-06 0.000000E+00 0.000000E+00 0.000000E+00 0.000000E+00 7.931725E-04 0.000000E+00 1.945537E-06 0.000000E+00 4.449472E-06 0.000000E+00 4.237838E-07 0.000000E+00 0.000000E+00 8.722810E-04 0.000000E+00 0.000000E+00 0.000000E+00 2.915821E-05 0.000000E+00 6.105399E-04 0.000000E+00 0.000000E+00 0.000000E+00 0.000000E+00 7.419268E-06 0.000000E+00 0.000000E+00 0.000000E+00 1.563492E-04 7.107851E-04 2.720048E-05 0.000000E+00 2.381713E-04 3.000094E-04 7.869356E-04 0.000000E+00 7.631322E-04 4.408303E-04 1.667092E-05 2.728510E-05 0.000000E+00 2.381813E-04 0.000000E+00 0.000000E+00 3.817273E-05 0.000000E+00 0.000000E+00 0.000000E+00 0.000000E+00 0.000000E+00 2.026481E-05 0.000000E+00 0.000000E+00 0.000000E+00 0.000000E+00 0.000000E+00 3.425401E-07 1.440217E-04 3.046216E-06 0.000000E+00 1.459795E-08 0.000000E+00 0.000000E+00 0.000000E+00 0.000000E+00 0.000000E+00 9.994092E-04 0.000000E+00 0.000000E+00 0.000000E+00 0.000000E+00 8.229230E-05 0.000000E+00 0.000000E+00 0.000000E+00 3.348323E-04 0.000000E+00 0.000000E+00 4.823280E-08 0.000000E+00 0.000000E+00 6.627173E-04 0.000000E+00 0.000000E+00 0.000000E+00 9.568852E-05 0.000000E+00 0.000000E+00 0.000000E+00 2.008021E-05 0.000000E+00 0.000000E+00 0.000000E+00 1.008366E-04 0.000000E+00 0.000000E+00 1.036033E-06 1.072908E-06 0.000000E+00 2.783881E-04 
134 152 104 25 71 33 193 26 102 124 90 154 83 
85 75 
48 106 156 
191 174 62 146 3 4 181 30 153 128 167 140 120 28 36 171 57 24 162 
176 81 21 
0 
0 
0 
18 172 37 5 46 38 1 109 8 78 84 47 65 129 94 132 27 61 115 44 126 100 60 
0 
0 
0 
0 
0 
0 
50 135 137 16 185 133 59 2 22 113 87 189 40 195 130 125 95 79 49 192 58 177 12 

============Find Best @ Round 2722================
==========Cluster 0, RcvInterf=9.36367e-15============
Node 133, SINR:2.28791e-01, BpsHz:2.47700e-02
Node 151, SINR:2.28791e-01, BpsHz:2.47700e-02
Node 103, SINR:2.28791e-01, BpsHz:2.47700e-02
Node 24, SINR:2.28791e-01, BpsHz:2.47700e-02
Node 70, SINR:2.28791e-01, BpsHz:2.47700e-02
Node 32, SINR:2.28791e-01, BpsHz:2.47700e-02
Node 192, SINR:2.28791e-01, BpsHz:2.47700e-02
Node 25, SINR:0.00000e+00, BpsHz:0.00000e+00
Node 101, SINR:2.28791e-01, BpsHz:2.47700e-02
Node 123, SINR:2.28791e-01, BpsHz:2.47700e-02
Node 89, SINR:2.28791e-01, BpsHz:2.47700e-02
Node 153, SINR:2.28791e-01, BpsHz:2.47700e-02
Node 82, SINR:2.28791e-01, BpsHz:2.47700e-02
---------------
==========Cluster 1, RcvInterf=1.34717e-14============
Node 84, SINR:0.00000e+00, BpsHz:0.00000e+00
Node 74, SINR:1.73174e-02, BpsHz:2.47699e-02
---------------
==========Cluster 2, RcvInterf=2.79806e-14============
Node 47, SINR:0.00000e+00, BpsHz:0.00000e+00
Node 105, SINR:3.49349e-02, BpsHz:2.47700e-02
Node 155, SINR:3.49349e-02, BpsHz:2.47700e-02
---------------
==========Cluster 3, RcvInterf=4.68214e-15============
Node 190, SINR:0.00000e+00, BpsHz:0.00000e+00
Node 173, SINR:3.62125e-01, BpsHz:2.47700e-02
Node 61, SINR:3.62125e-01, BpsHz:2.47700e-02
Node 145, SINR:3.62125e-01, BpsHz:2.47700e-02
Node 2, SINR:3.62125e-01, BpsHz:2.47700e-02
Node 3, SINR:3.62125e-01, BpsHz:2.47700e-02
Node 180, SINR:3.62125e-01, BpsHz:2.47700e-02
Node 29, SINR:3.62125e-01, BpsHz:2.47700e-02
Node 152, SINR:3.62125e-01, BpsHz:2.47700e-02
Node 127, SINR:3.62125e-01, BpsHz:2.47700e-02
Node 166, SINR:3.62125e-01, BpsHz:2.47700e-02
Node 139, SINR:3.62125e-01, BpsHz:2.47700e-02
Node 119, SINR:3.62125e-01, BpsHz:2.47700e-02
Node 27, SINR:3.62125e-01, BpsHz:2.47700e-02
Node 35, SINR:3.62125e-01, BpsHz:2.47700e-02
Node 170, SINR:3.62125e-01, BpsHz:2.47700e-02
Node 56, SINR:3.62125e-01, BpsHz:2.47700e-02
Node 23, SINR:3.62125e-01, BpsHz:2.47700e-02
Node 161, SINR:3.62125e-01, BpsHz:2.47700e-02
---------------
==========Cluster 4, RcvInterf=1.67046e-14============
Node 175, SINR:0.00000e+00, BpsHz:0.00000e+00
Node 80, SINR:3.49349e-02, BpsHz:2.47700e-02
Node 20, SINR:3.49349e-02, BpsHz:2.47700e-02
---------------
==========Cluster 5, RcvInterf=5.20712e-15============
Node -1, SINR:3.32941e-311, BpsHz:3.32941e-311
---------------
==========Cluster 6, RcvInterf=3.35904e-15============
Node -1, SINR:3.32941e-311, BpsHz:3.32941e-311
---------------
==========Cluster 7, RcvInterf=8.71828e-15============
Node -1, SINR:3.32941e-311, BpsHz:3.32941e-311
---------------
==========Cluster 8, RcvInterf=5.69269e-15============
Node 17, SINR:4.58959e-01, BpsHz:2.47700e-02
Node 171, SINR:0.00000e+00, BpsHz:0.00000e+00
Node 36, SINR:4.58959e-01, BpsHz:2.47700e-02
Node 4, SINR:4.58959e-01, BpsHz:2.47700e-02
Node 45, SINR:4.58959e-01, BpsHz:2.47700e-02
Node 37, SINR:4.58959e-01, BpsHz:2.47700e-02
Node 0, SINR:4.58959e-01, BpsHz:2.47700e-02
Node 108, SINR:4.58959e-01, BpsHz:2.47700e-02
Node 7, SINR:4.58959e-01, BpsHz:2.47700e-02
Node 77, SINR:4.58959e-01, BpsHz:2.47700e-02
Node 83, SINR:4.58959e-01, BpsHz:2.47700e-02
Node 46, SINR:4.58959e-01, BpsHz:2.47700e-02
Node 64, SINR:4.58959e-01, BpsHz:2.47700e-02
Node 128, SINR:4.58959e-01, BpsHz:2.47700e-02
Node 93, SINR:4.58959e-01, BpsHz:2.47700e-02
Node 131, SINR:4.58959e-01, BpsHz:2.47700e-02
Node 26, SINR:4.58959e-01, BpsHz:2.47700e-02
Node 60, SINR:4.58959e-01, BpsHz:2.47700e-02
Node 114, SINR:4.58959e-01, BpsHz:2.47700e-02
Node 43, SINR:4.58959e-01, BpsHz:2.47700e-02
Node 125, SINR:4.58959e-01, BpsHz:2.47700e-02
Node 99, SINR:4.58959e-01, BpsHz:2.47700e-02
Node 59, SINR:4.58959e-01, BpsHz:2.47700e-02
---------------
==========Cluster 9, RcvInterf=2.68424e-15============
Node -1, SINR:3.32941e-311, BpsHz:3.32941e-311
---------------
==========Cluster 10, RcvInterf=6.18613e-15============
Node -1, SINR:3.32941e-311, BpsHz:3.32941e-311
---------------
==========Cluster 11, RcvInterf=3.86211e-14============
Node -1, SINR:3.32941e-311, BpsHz:3.32941e-311
---------------
==========Cluster 12, RcvInterf=1.48512e-14============
Node -1, SINR:3.32941e-311, BpsHz:3.32941e-311
---------------
==========Cluster 13, RcvInterf=4.97521e-15============
Node -1, SINR:3.32941e-311, BpsHz:3.32941e-311
---------------
==========Cluster 14, RcvInterf=9.40658e-16============
Node -1, SINR:3.32941e-311, BpsHz:3.32941e-311
---------------
==========Cluster 15, RcvInterf=4.17591e-15============
Node 49, SINR:4.58959e-01, BpsHz:2.47700e-02
Node 134, SINR:4.58959e-01, BpsHz:2.47700e-02
Node 136, SINR:4.58959e-01, BpsHz:2.47700e-02
Node 15, SINR:4.58959e-01, BpsHz:2.47700e-02
Node 184, SINR:4.58959e-01, BpsHz:2.47700e-02
Node 132, SINR:4.58959e-01, BpsHz:2.47700e-02
Node 58, SINR:4.58959e-01, BpsHz:2.47700e-02
Node 1, SINR:4.58959e-01, BpsHz:2.47700e-02
Node 21, SINR:4.58959e-01, BpsHz:2.47700e-02
Node 112, SINR:4.58959e-01, BpsHz:2.47700e-02
Node 86, SINR:4.58959e-01, BpsHz:2.47700e-02
Node 188, SINR:4.58959e-01, BpsHz:2.47700e-02
Node 39, SINR:4.58959e-01, BpsHz:2.47700e-02
Node 194, SINR:4.58959e-01, BpsHz:2.47700e-02
Node 129, SINR:4.58959e-01, BpsHz:2.47700e-02
Node 124, SINR:4.58959e-01, BpsHz:2.47700e-02
Node 94, SINR:4.58959e-01, BpsHz:2.47700e-02
Node 78, SINR:4.58959e-01, BpsHz:2.47700e-02
Node 48, SINR:4.58959e-01, BpsHz:2.47700e-02
Node 191, SINR:4.58959e-01, BpsHz:2.47700e-02
Node 57, SINR:0.00000e+00, BpsHz:0.00000e+00
Node 176, SINR:4.58959e-01, BpsHz:2.47700e-02
Node 11, SINR:4.58959e-01, BpsHz:2.47700e-02
---------------
