195
16
1.000000e-03
9.998743e-308
72
5000
1.688456e+00
1.626587e+00
1.688456e-06
  inf
0 0 0 0 0 0 0 0 1 0 0 0 0 0 0 0 0 0 0 0 0 0 0 0 0 0 0 0 0 0 0 0 0 0 0 0 0 0 0 0 0 0 0 0 0 0 0 0 0 0 0 0 1 0 0 0 0 1 1 0 0 0 0 0 0 0 0 0 0 0 0 0 0 0 0 0 0 0 0 0 0 0 0 0 1 0 1 0 0 0 0 0 0 0 0 0 0 0 0 0 0 0 0 0 0 0 0 0 0 0 0 1 1 0 0 0 0 0 0 0 0 0 0 0 0 0 0 0 0 0 0 0 1 0 0 0 1 0 0 0 0 0 0 0 0 0 1 0 0 0 0 0 0 0 0 0 0 0 0 0 0 0 0 0 0 0 0 0 0 0 0 0 0 0 0 0 0 0 0 0 0 0 0 0 0 0 0 0 1 0 0 0 0 0 0 
0 0 0 0 0 0 0 0 0 0 0 0 0 0 0 0 0 0 0 0 0 0 0 0 0 0 0 0 0 0 0 0 0 0 0 0 0 0 0 0 0 0 0 0 0 0 0 0 0 0 0 0 0 0 0 0 0 0 0 0 0 0 0 0 0 0 0 0 0 0 0 0 0 0 0 0 0 0 0 0 0 0 0 0 0 0 0 0 0 0 0 0 0 0 0 0 0 0 0 0 0 0 0 0 0 0 0 0 0 0 0 0 0 0 0 0 0 0 0 0 0 0 0 0 0 0 1 0 0 0 0 0 0 0 0 0 0 0 0 0 0 0 0 0 0 0 0 0 0 0 0 0 0 0 0 0 0 0 0 0 0 0 0 0 0 0 0 0 0 0 0 0 0 0 0 0 0 0 0 0 0 0 0 0 0 0 0 0 0 0 0 0 0 0 0 
0 0 0 0 0 0 0 0 0 0 0 0 0 0 0 0 0 0 0 0 0 0 0 0 0 0 0 0 0 0 0 0 0 0 0 0 0 0 0 0 0 0 0 0 0 0 0 0 0 0 0 0 0 0 0 0 0 0 0 0 0 0 0 0 0 0 0 0 0 0 0 0 0 0 0 0 0 0 0 0 0 0 0 0 0 0 0 0 0 0 0 0 0 0 0 0 0 0 0 0 0 0 0 0 0 0 0 0 0 0 0 0 0 0 0 0 0 0 0 0 0 0 0 0 0 0 0 0 0 0 0 0 0 0 0 0 0 0 0 0 0 0 0 0 0 0 0 0 0 0 0 0 0 0 0 0 0 0 0 0 0 0 0 0 0 0 0 0 0 0 0 0 0 0 0 0 0 0 0 0 0 0 0 0 0 0 0 0 0 0 0 0 0 0 0 
0 0 0 0 0 0 0 0 0 0 0 0 0 0 0 0 0 0 0 0 0 0 0 0 0 0 0 0 0 0 0 0 0 0 0 0 0 0 0 0 0 0 0 0 0 0 0 0 0 0 0 0 0 0 0 0 0 0 0 0 0 0 0 0 0 0 0 0 0 0 0 0 0 0 0 0 0 0 0 0 0 0 0 0 0 0 0 0 0 0 0 0 0 0 0 0 0 0 0 0 0 0 0 0 0 0 0 0 0 0 0 0 0 0 0 0 0 0 0 0 0 0 0 0 0 0 0 0 0 0 0 0 0 0 0 0 0 0 0 0 0 0 0 0 0 0 0 0 0 0 0 0 0 0 0 0 0 0 0 0 0 0 0 0 0 0 0 0 0 0 0 0 0 0 0 0 0 0 0 0 0 0 0 0 0 0 0 0 0 0 0 0 0 0 0 
0 0 0 0 0 0 0 0 0 0 0 0 0 0 0 0 0 0 0 0 0 0 0 0 0 0 0 0 0 0 0 0 0 0 0 0 0 0 0 0 0 0 0 0 0 0 0 0 0 0 0 0 0 0 0 0 0 0 0 0 0 0 0 0 0 0 0 0 0 0 0 0 0 0 0 0 0 0 0 0 0 0 0 0 0 0 0 0 0 0 0 0 0 0 0 0 0 0 0 0 0 0 0 0 0 0 0 0 0 0 0 0 0 0 0 0 0 0 0 0 0 0 0 0 0 0 0 0 0 0 0 0 0 0 0 0 0 0 0 0 0 0 0 0 0 0 0 0 0 0 0 0 0 0 0 0 0 0 0 0 0 0 0 0 0 0 0 0 0 0 0 0 0 0 0 0 0 0 0 0 0 0 0 0 0 0 0 0 0 0 0 0 0 0 0 
1 0 0 0 1 0 0 0 0 0 0 0 0 0 0 0 0 0 0 0 0 0 0 0 0 0 0 0 0 0 0 0 0 0 0 0 0 1 0 0 0 0 0 1 0 1 0 0 0 0 0 0 0 0 0 0 0 0 0 1 1 0 0 0 0 0 0 1 0 0 0 0 0 0 0 0 0 1 0 0 0 0 0 0 0 0 0 0 0 0 0 0 0 0 0 0 0 0 0 0 0 0 0 0 0 0 0 0 0 0 1 0 0 0 0 0 0 0 0 0 1 0 0 0 0 1 0 0 0 0 0 0 0 0 0 0 0 0 0 0 0 0 0 0 0 0 0 0 0 0 0 0 0 0 0 1 0 0 0 0 0 0 1 0 0 0 0 1 1 0 0 1 0 0 0 1 0 0 0 0 0 0 0 0 0 0 0 0 0 0 0 0 0 0 0 
0 0 0 0 0 0 0 0 0 0 0 0 0 0 0 0 0 0 0 0 0 0 0 0 0 0 0 0 0 0 0 0 0 0 0 0 0 0 0 0 0 0 0 0 0 0 0 0 0 0 0 0 0 0 0 0 0 0 0 0 0 0 0 0 0 0 0 0 0 0 0 0 0 0 0 0 0 0 0 0 0 0 0 0 0 0 0 0 0 0 0 0 0 0 0 0 0 0 0 0 0 0 0 0 0 0 0 0 0 0 0 0 0 0 0 0 0 0 0 0 0 0 0 0 0 0 0 0 0 0 0 0 0 0 0 0 0 0 0 0 0 0 0 0 0 0 0 0 0 0 0 0 0 0 0 0 0 0 0 0 0 0 0 0 0 0 0 0 0 0 0 0 0 0 0 0 0 0 0 0 0 0 0 0 0 0 0 0 0 0 0 0 0 0 0 
0 0 0 0 0 0 0 0 0 0 0 0 0 0 0 0 0 0 0 0 0 0 0 0 0 0 0 0 0 0 0 0 0 0 0 0 0 0 0 0 0 0 0 0 0 0 0 0 0 0 0 0 0 0 0 0 0 0 0 0 0 0 0 0 0 0 0 0 0 0 0 0 0 0 0 0 0 0 0 0 0 0 0 0 0 0 0 0 0 0 0 0 0 0 0 0 0 0 0 0 0 0 0 0 0 0 0 0 0 0 0 0 0 0 0 0 0 0 0 0 0 0 0 0 0 0 0 0 0 0 0 0 0 0 0 0 0 0 0 0 0 0 0 0 0 0 0 0 0 0 0 0 0 0 0 0 0 0 0 0 0 0 0 0 0 0 0 0 0 0 0 0 0 0 0 0 0 0 0 0 0 0 0 0 0 0 0 0 0 0 0 0 0 0 0 
0 0 0 0 0 0 0 0 0 0 0 0 0 0 0 0 0 0 0 0 0 0 0 0 0 0 0 0 0 0 0 0 0 0 0 0 0 0 0 0 0 0 0 0 0 0 0 0 0 0 0 0 0 0 0 0 0 0 0 0 0 0 0 0 0 0 0 0 0 0 0 0 0 0 0 0 0 0 0 0 0 0 0 0 0 0 0 0 0 0 0 0 0 0 0 0 0 0 0 0 0 0 0 0 0 0 0 0 0 0 0 0 0 0 0 0 0 0 0 0 0 0 0 0 0 0 0 0 0 0 0 0 0 0 0 0 0 0 0 0 0 0 0 0 0 0 0 0 0 0 0 0 0 0 0 0 0 0 0 0 0 0 0 0 0 0 0 0 0 0 0 0 0 0 0 0 0 0 0 0 0 0 0 0 0 0 0 0 0 0 0 0 0 0 0 
0 0 0 0 0 0 0 0 0 0 0 0 0 0 0 0 0 0 0 0 0 0 0 0 0 0 0 0 0 0 0 0 0 0 0 0 0 0 0 0 0 0 0 0 0 0 0 0 0 0 0 0 0 0 0 0 0 0 0 0 0 0 0 0 0 0 0 0 0 0 0 0 0 0 0 0 0 0 0 0 0 0 0 0 0 0 0 0 0 0 0 0 0 0 0 0 0 0 0 0 0 0 0 0 0 0 0 0 0 0 0 0 0 0 0 0 0 0 0 0 0 0 0 0 0 0 0 0 0 0 0 0 0 0 0 0 0 0 0 0 0 0 0 0 0 0 0 0 0 0 0 0 0 0 0 0 0 0 0 0 0 0 0 0 0 0 0 0 0 0 0 0 0 0 0 0 0 0 0 0 0 0 0 0 0 0 0 0 0 0 0 0 0 0 0 
0 0 0 0 0 0 0 0 0 0 0 0 0 0 0 0 0 0 0 0 0 0 0 0 0 0 0 0 0 0 0 0 0 0 0 0 0 0 0 0 0 0 0 0 0 0 0 0 0 0 0 0 0 0 0 0 0 0 0 0 0 0 0 0 0 0 0 0 0 0 0 0 0 0 0 0 0 0 0 0 0 0 0 0 0 0 0 0 0 0 0 0 0 0 0 0 0 0 0 0 0 0 0 0 0 0 0 0 0 0 0 0 0 0 0 0 0 0 0 0 0 0 0 0 0 0 0 0 0 0 0 0 0 0 0 0 0 0 0 0 0 0 0 0 0 0 0 0 0 0 0 0 0 0 0 0 0 0 0 0 0 0 0 0 0 0 0 0 0 0 0 0 0 0 0 0 0 0 0 0 0 0 0 0 0 0 0 0 0 0 0 0 0 0 0 
0 0 0 0 0 0 0 0 0 0 0 1 0 0 0 0 0 0 0 0 0 0 1 0 1 0 0 0 1 0 1 0 1 0 0 0 0 0 0 0 0 0 0 0 0 0 0 0 0 0 0 0 0 0 0 0 0 0 0 0 0 0 0 0 0 0 1 0 0 0 1 0 0 0 0 0 1 0 0 0 0 0 1 0 0 0 0 0 0 0 0 0 0 0 0 0 0 1 0 0 0 0 0 1 0 0 0 0 0 0 0 0 0 0 0 0 0 0 0 0 0 1 0 0 0 0 0 0 0 0 0 0 0 0 0 0 0 0 0 0 0 0 0 0 0 0 0 1 0 0 0 1 0 1 0 0 1 0 0 0 0 0 0 0 1 0 0 0 0 0 0 0 0 0 0 0 0 0 0 0 0 0 0 0 0 0 0 1 0 0 0 0 0 0 0 
0 0 0 0 0 0 0 0 0 0 0 0 0 0 0 0 0 0 0 0 0 0 0 0 0 0 0 0 0 0 0 0 0 0 0 0 0 0 0 0 0 0 0 0 0 0 0 0 0 0 0 0 0 0 0 0 0 0 0 0 0 0 0 0 0 0 0 0 0 0 0 0 0 0 0 0 0 0 0 0 0 0 0 0 0 0 0 0 0 0 0 0 0 0 0 0 0 0 0 0 0 0 0 0 0 0 0 0 0 0 0 0 0 0 0 0 0 0 0 0 0 0 0 0 0 0 0 0 0 0 0 0 0 0 0 0 0 0 0 0 0 0 0 0 0 0 0 0 0 0 0 0 0 0 0 0 0 0 0 0 0 0 0 0 0 0 0 0 0 0 0 0 0 0 0 0 0 0 0 0 0 0 0 0 0 0 0 0 0 0 0 0 0 0 0 
0 0 0 0 0 0 0 0 0 0 0 0 0 1 0 0 1 0 0 0 0 0 0 0 0 0 0 0 0 1 0 0 0 0 0 0 0 0 0 0 1 0 0 0 0 0 0 0 0 0 0 0 0 0 0 0 0 0 0 0 0 0 0 0 0 1 0 0 0 1 0 0 0 0 0 0 0 0 0 0 0 1 0 1 0 1 0 1 1 0 0 1 0 0 0 0 0 0 0 0 1 0 1 0 1 0 0 0 0 0 0 0 0 0 0 0 0 0 0 0 0 0 0 0 0 0 0 0 0 0 0 0 0 0 0 1 0 0 0 1 0 0 0 0 0 0 0 0 0 0 0 0 0 0 0 0 0 0 1 0 1 1 0 0 0 0 0 0 0 0 0 0 0 0 0 0 0 0 0 0 0 0 1 0 0 0 0 0 0 0 0 0 0 0 0 
0 0 1 0 0 0 0 0 0 0 0 0 0 0 0 0 0 0 0 0 0 0 0 1 0 0 0 1 0 0 0 0 0 0 0 1 0 0 0 0 0 0 1 0 0 0 0 0 0 0 0 0 0 0 0 0 1 0 0 0 0 1 0 0 0 0 0 0 0 0 0 0 0 0 0 0 0 0 0 0 0 0 0 0 0 0 0 0 0 0 0 0 0 0 0 0 0 0 0 0 0 0 0 0 0 0 1 0 0 0 0 0 0 0 0 0 1 0 0 0 0 0 0 0 0 0 0 1 0 0 0 0 0 0 0 0 0 1 0 0 0 0 0 0 0 1 0 0 0 0 0 0 0 0 0 0 0 0 0 0 0 0 0 0 0 0 1 0 0 1 1 0 0 1 0 0 0 0 0 0 0 0 0 0 0 0 0 0 0 0 1 0 0 0 0 
0 0 0 0 0 0 0 0 0 0 0 0 0 0 0 0 0 0 0 0 0 0 0 0 0 0 0 0 0 0 0 0 0 0 0 0 0 0 0 0 0 0 0 0 0 0 0 0 0 0 0 0 0 0 0 0 0 0 0 0 0 0 0 0 0 0 0 0 0 0 0 0 0 0 0 0 0 0 0 0 0 0 0 0 0 0 0 0 0 0 0 0 0 0 0 0 0 0 0 0 0 0 0 0 0 0 0 0 0 0 0 0 0 0 0 0 0 0 0 0 0 0 0 0 0 0 0 0 0 0 0 0 0 0 0 0 0 0 0 0 0 0 0 0 0 0 0 0 0 0 0 0 0 0 0 0 0 0 0 0 0 0 0 0 0 0 0 0 0 0 0 0 0 0 0 0 0 0 0 0 0 0 0 0 0 0 0 0 0 0 0 0 0 0 0 
85 127 0 0 0 68 0 0 0 0 0 152 0 41 174 0 
9.874851E-05 0.000000E+00 1.811172E-06 0.000000E+00 1.266554E-04 0.000000E+00 0.000000E+00 0.000000E+00 3.612553E-07 0.000000E+00 0.000000E+00 2.956162E-04 0.000000E+00 3.064047E-04 0.000000E+00 0.000000E+00 1.224803E-07 0.000000E+00 0.000000E+00 0.000000E+00 0.000000E+00 0.000000E+00 2.798146E-04 9.042554E-05 9.265901E-05 0.000000E+00 0.000000E+00 1.890142E-04 6.180386E-05 1.072068E-05 4.438426E-06 0.000000E+00 2.351511E-05 0.000000E+00 0.000000E+00 2.850594E-04 0.000000E+00 6.645344E-04 0.000000E+00 0.000000E+00 0.000000E+00 0.000000E+00 7.381064E-08 5.483261E-05 0.000000E+00 9.625695E-04 0.000000E+00 0.000000E+00 0.000000E+00 0.000000E+00 0.000000E+00 0.000000E+00 1.189461E-06 0.000000E+00 0.000000E+00 0.000000E+00 9.996239E-04 1.369983E-06 4.815775E-05 1.717778E-05 9.497784E-04 4.948661E-07 0.000000E+00 0.000000E+00 0.000000E+00 3.297471E-04 1.121096E-05 0.000000E+00 0.000000E+00 5.081405E-05 1.512584E-05 0.000000E+00 0.000000E+00 0.000000E+00 0.000000E+00 0.000000E+00 3.206594E-04 4.129210E-05 0.000000E+00 0.000000E+00 0.000000E+00 3.126825E-05 2.375785E-04 8.497210E-04 0.000000E+00 5.329796E-05 2.437865E-04 5.802403E-05 1.469512E-05 0.000000E+00 0.000000E+00 8.298251E-05 0.000000E+00 0.000000E+00 0.000000E+00 0.000000E+00 0.000000E+00 8.105744E-06 0.000000E+00 0.000000E+00 7.554743E-04 0.000000E+00 1.112179E-04 4.757200E-07 1.712484E-04 0.000000E+00 6.466619E-04 0.000000E+00 0.000000E+00 0.000000E+00 1.346220E-04 1.085089E-05 1.464515E-04 0.000000E+00 0.000000E+00 0.000000E+00 5.242744E-04 0.000000E+00 0.000000E+00 0.000000E+00 3.744088E-07 1.247280E-04 0.000000E+00 0.000000E+00 0.000000E+00 1.083398E-04 0.000000E+00 2.059873E-04 0.000000E+00 0.000000E+00 0.000000E+00 0.000000E+00 6.587057E-04 0.000000E+00 0.000000E+00 5.431653E-05 5.159085E-04 4.575339E-05 0.000000E+00 2.151376E-05 0.000000E+00 0.000000E+00 0.000000E+00 0.000000E+00 0.000000E+00 2.571722E-05 2.550085E-05 2.975503E-04 0.000000E+00 0.000000E+00 0.000000E+00 0.000000E+00 0.000000E+00 2.833296E-07 0.000000E+00 1.152288E-07 7.280399E-04 0.000000E+00 1.676791E-05 0.000000E+00 4.562265E-04 3.475371E-04 3.538810E-04 0.000000E+00 7.252264E-05 0.000000E+00 6.099265E-05 6.173160E-05 8.176970E-05 5.379499E-05 2.970316E-04 1.310565E-06 0.000000E+00 0.000000E+00 0.000000E+00 4.521621E-06 0.000000E+00 0.000000E+00 0.000000E+00 0.000000E+00 0.000000E+00 0.000000E+00 4.486009E-05 0.000000E+00 0.000000E+00 0.000000E+00 0.000000E+00 1.972148E-05 3.480890E-04 0.000000E+00 7.580105E-08 0.000000E+00 0.000000E+00 0.000000E+00 0.000000E+00 
147 58 53 85 112 87 137 113 9 133 59 189 
127 
0 
0 
0 
5 172 169 1 78 168 121 163 46 61 68 60 111 126 156 44 38 176 
0 
0 
0 
0 
0 
31 67 98 152 154 29 165 77 71 104 33 83 148 12 122 23 25 188 157 
0 
183 89 41 159 30 92 17 86 136 140 14 105 82 162 103 70 88 161 66 101 84 
138 128 24 43 167 174 62 191 146 170 117 171 28 107 3 36 57 
0 

============Find Best @ Round 2047================
==========Cluster 0, RcvInterf=1.12596e-14============
Node 146, SINR:2.99062e-01, BpsHz:3.43155e-02
Node 57, SINR:2.99062e-01, BpsHz:3.43155e-02
Node 52, SINR:2.99062e-01, BpsHz:3.43155e-02
Node 84, SINR:0.00000e+00, BpsHz:0.00000e+00
Node 111, SINR:2.99062e-01, BpsHz:3.43155e-02
Node 86, SINR:2.99062e-01, BpsHz:3.43155e-02
Node 136, SINR:2.99062e-01, BpsHz:3.43155e-02
Node 112, SINR:2.99062e-01, BpsHz:3.43155e-02
Node 8, SINR:2.99062e-01, BpsHz:3.43155e-02
Node 132, SINR:2.99062e-01, BpsHz:3.43155e-02
Node 58, SINR:2.99062e-01, BpsHz:3.43155e-02
Node 188, SINR:2.99062e-01, BpsHz:3.43155e-02
---------------
==========Cluster 1, RcvInterf=2.63248e-14============
Node 126, SINR:0.00000e+00, BpsHz:-nan
---------------
==========Cluster 2, RcvInterf=1.75179e-14============
Node -1, SINR:3.32941e-311, BpsHz:3.32941e-311
---------------
==========Cluster 3, RcvInterf=9.78869e-15============
Node -1, SINR:3.32941e-311, BpsHz:3.32941e-311
---------------
==========Cluster 4, RcvInterf=1.79693e-14============
Node -1, SINR:3.32941e-311, BpsHz:3.32941e-311
---------------
==========Cluster 5, RcvInterf=9.87294e-15============
Node 4, SINR:4.98338e-01, BpsHz:3.43155e-02
Node 171, SINR:4.98338e-01, BpsHz:3.43155e-02
Node 168, SINR:4.98338e-01, BpsHz:3.43155e-02
Node 0, SINR:4.98338e-01, BpsHz:3.43155e-02
Node 77, SINR:4.98338e-01, BpsHz:3.43155e-02
Node 167, SINR:4.98338e-01, BpsHz:3.43155e-02
Node 120, SINR:4.98338e-01, BpsHz:3.43155e-02
Node 162, SINR:4.98338e-01, BpsHz:3.43155e-02
Node 45, SINR:4.98338e-01, BpsHz:3.43155e-02
Node 60, SINR:4.98338e-01, BpsHz:3.43155e-02
Node 67, SINR:0.00000e+00, BpsHz:0.00000e+00
Node 59, SINR:4.98338e-01, BpsHz:3.43155e-02
Node 110, SINR:4.98338e-01, BpsHz:3.43155e-02
Node 125, SINR:4.98338e-01, BpsHz:3.43155e-02
Node 155, SINR:4.98338e-01, BpsHz:3.43155e-02
Node 43, SINR:4.98338e-01, BpsHz:3.43155e-02
Node 37, SINR:4.98338e-01, BpsHz:3.43155e-02
Node 175, SINR:4.98338e-01, BpsHz:3.43155e-02
---------------
==========Cluster 6, RcvInterf=7.09738e-15============
Node -1, SINR:3.32941e-311, BpsHz:3.32941e-311
---------------
==========Cluster 7, RcvInterf=8.38736e-15============
Node -1, SINR:3.32941e-311, BpsHz:3.32941e-311
---------------
==========Cluster 8, RcvInterf=1.28515e-14============
Node -1, SINR:3.32941e-311, BpsHz:3.32941e-311
---------------
==========Cluster 9, RcvInterf=7.81503e-15============
Node -1, SINR:3.32941e-311, BpsHz:3.32941e-311
---------------
==========Cluster 10, RcvInterf=1.10541e-13============
Node -1, SINR:3.32941e-311, BpsHz:3.32941e-311
---------------
==========Cluster 11, RcvInterf=2.45239e-14============
Node 30, SINR:5.34404e-01, BpsHz:3.43155e-02
Node 66, SINR:5.34404e-01, BpsHz:3.43155e-02
Node 97, SINR:5.34404e-01, BpsHz:3.43155e-02
Node 151, SINR:0.00000e+00, BpsHz:0.00000e+00
Node 153, SINR:5.34404e-01, BpsHz:3.43155e-02
Node 28, SINR:5.34404e-01, BpsHz:3.43155e-02
Node 164, SINR:5.34404e-01, BpsHz:3.43155e-02
Node 76, SINR:5.34404e-01, BpsHz:3.43155e-02
Node 70, SINR:5.34404e-01, BpsHz:3.43155e-02
Node 103, SINR:5.34404e-01, BpsHz:3.43155e-02
Node 32, SINR:5.34404e-01, BpsHz:3.43155e-02
Node 82, SINR:5.34404e-01, BpsHz:3.43155e-02
Node 147, SINR:5.34404e-01, BpsHz:3.43155e-02
Node 11, SINR:5.34404e-01, BpsHz:3.43155e-02
Node 121, SINR:5.34404e-01, BpsHz:3.43155e-02
Node 22, SINR:5.34404e-01, BpsHz:3.43155e-02
Node 24, SINR:5.34404e-01, BpsHz:3.43155e-02
Node 187, SINR:5.34404e-01, BpsHz:3.43155e-02
Node 156, SINR:5.34404e-01, BpsHz:3.43155e-02
---------------
==========Cluster 12, RcvInterf=5.20352e-14============
Node -1, SINR:3.32941e-311, BpsHz:3.32941e-311
---------------
==========Cluster 13, RcvInterf=1.17708e-14============
Node 182, SINR:6.09162e-01, BpsHz:3.43155e-02
Node 88, SINR:6.09162e-01, BpsHz:3.43155e-02
Node 40, SINR:0.00000e+00, BpsHz:0.00000e+00
Node 158, SINR:6.09162e-01, BpsHz:3.43155e-02
Node 29, SINR:6.09162e-01, BpsHz:3.43155e-02
Node 91, SINR:6.09162e-01, BpsHz:3.43155e-02
Node 16, SINR:6.09162e-01, BpsHz:3.43155e-02
Node 85, SINR:6.09162e-01, BpsHz:3.43155e-02
Node 135, SINR:6.09162e-01, BpsHz:3.43155e-02
Node 139, SINR:6.09162e-01, BpsHz:3.43155e-02
Node 13, SINR:6.09162e-01, BpsHz:3.43155e-02
Node 104, SINR:6.09162e-01, BpsHz:3.43155e-02
Node 81, SINR:6.09162e-01, BpsHz:3.43155e-02
Node 161, SINR:6.09162e-01, BpsHz:3.43155e-02
Node 102, SINR:6.09162e-01, BpsHz:3.43155e-02
Node 69, SINR:6.09162e-01, BpsHz:3.43155e-02
Node 87, SINR:6.09162e-01, BpsHz:3.43155e-02
Node 160, SINR:6.09162e-01, BpsHz:3.43155e-02
Node 65, SINR:6.09162e-01, BpsHz:3.43155e-02
Node 100, SINR:6.09162e-01, BpsHz:3.43155e-02
Node 83, SINR:6.09162e-01, BpsHz:3.43155e-02
---------------
==========Cluster 14, RcvInterf=1.65846e-14============
Node 137, SINR:4.63119e-01, BpsHz:3.43155e-02
Node 127, SINR:4.63119e-01, BpsHz:3.43155e-02
Node 23, SINR:4.63119e-01, BpsHz:3.43155e-02
Node 42, SINR:4.63119e-01, BpsHz:3.43155e-02
Node 166, SINR:4.63119e-01, BpsHz:3.43155e-02
Node 173, SINR:0.00000e+00, BpsHz:0.00000e+00
Node 61, SINR:4.63119e-01, BpsHz:3.43155e-02
Node 190, SINR:4.63119e-01, BpsHz:3.43155e-02
Node 145, SINR:4.63119e-01, BpsHz:3.43155e-02
Node 169, SINR:4.63119e-01, BpsHz:3.43155e-02
Node 116, SINR:4.63119e-01, BpsHz:3.43155e-02
Node 170, SINR:4.63119e-01, BpsHz:3.43155e-02
Node 27, SINR:4.63119e-01, BpsHz:3.43155e-02
Node 106, SINR:4.63119e-01, BpsHz:3.43155e-02
Node 2, SINR:4.63119e-01, BpsHz:3.43155e-02
Node 35, SINR:4.63119e-01, BpsHz:3.43155e-02
Node 56, SINR:4.63119e-01, BpsHz:3.43155e-02
---------------
==========Cluster 15, RcvInterf=8.29649e-15============
Node -1, SINR:3.32941e-311, BpsHz:3.32941e-311
---------------
