2013-09-16_10-09  127 1 1.00e+00    10.0 4.54e-09 5.2e-07 1.0e-03 0.00 
2013-09-16_10-09  56 21 7.45e-01    157.1 2.95e-07 1.2e-07 1.0e-03 0.29 
2013-09-16_10-09  43 12 8.43e-01    101.6 2.98e-07 4.4e-07 1.0e-03 0.30 
2013-09-16_10-09  35 24 7.17e-01    173.0 3.98e-07 6.9e-09 1.0e-03 0.40 
2013-09-16_10-09  186 4 9.32e-01    37.4 2.03e-08 5.0e-07 1.0e-03 0.02 
2013-09-16_10-09  172 22 7.40e-01    163.6 3.57e-07 3.1e-11 1.0e-03 0.36 
2013-09-16_10-09  0 0 inf    10.0 5.89e-09 2.9e-07 1.0e-03 0.01 
2013-09-16_10-09  142 3 8.29e-01    25.0 1.69e-08 2.9e-07 1.0e-03 0.02 
2013-09-16_10-09  0 0 inf    10.0 1.05e-08 1.0e-312 1.0e-03 0.01 
2013-09-16_10-09  0 0 inf    40.7 1.15e-07 1.3e-299 1.0e-03 0.11 
2013-09-16_10-09  0 0 inf    47.9 1.48e-07 0.0e+00 1.0e-03 0.15 
2013-09-16_10-09  0 0 inf    30.8 9.52e-08 5.3e-313 1.0e-03 0.10 
2013-09-16_10-09  194 16 7.46e-01    119.9 1.47e-07 3.6e-313 1.0e-03 0.15 
2013-09-16_10-09  0 0 inf    17.0 3.50e-07 1.3e-299 1.0e-03 0.35 
2013-09-16_10-09  0 0 inf    32.9 7.71e-08 5.1e-313 1.0e-03 0.08 
2013-09-16_10-09  123 19 7.26e-01    138.6 6.37e-07 1.2e-264 1.0e-03 0.64 

2013-09-16_10-43  127 5 8.38e-01    42.1 1.90e-08 2.7e-09 1.0e-03 0.02 
2013-09-16_10-43  58 14 7.45e-01    104.8 3.09e-07 1.9e-07 1.0e-03 0.31 
2013-09-16_10-43  0 0 inf    10.0 5.89e-09 4.8e-07 1.0e-03 0.01 
2013-09-16_10-43  30 15 7.93e-01    119.6 2.50e-07 7.9e-08 1.0e-03 0.25 
2013-09-16_10-43  0 0 inf    10.0 5.46e-09 1.8e-09 1.0e-03 0.01 
2013-09-16_10-43  0 0 inf    38.0 1.07e-07 9.5e-08 1.0e-03 0.11 
2013-09-16_10-43  0 0 inf    10.0 4.54e-09 2.3e-07 1.0e-03 0.00 
2013-09-16_10-43  0 0 inf    16.7 3.83e-08 5.6e-07 1.0e-03 0.04 
2013-09-16_10-43  0 0 inf    41.7 2.67e-08 1.6e-07 1.0e-03 0.03 
2013-09-16_10-43  60 9 7.65e-01    69.2 1.95e-07 -nan 1.0e-03 0.20 
2013-09-16_10-43  90 6 8.22e-01    49.5 6.38e-08 6.1e-23 1.0e-03 0.06 
2013-09-16_10-43  0 0 inf    10.0 3.10e-08 7.6e-316 1.0e-03 0.03 
2013-09-16_10-43  71 21 7.27e-01    153.5 1.08e-06 1.2e-08 1.0e-03 1.08 
2013-09-16_10-43  106 21 6.60e-01    139.2 3.90e-07 7.5e-16 1.0e-03 0.39 
2013-09-16_10-43  191 12 8.44e-01    101.8 2.38e-07 1.7e-05 1.0e-03 0.24 
2013-09-16_10-43  147 18 7.49e-01    135.4 7.20e-07 1.7e-03 1.0e-03 0.72 

2013-09-16_11-18  194 13 7.23e-01    94.5 1.16e-07 2.6e-07 1.0e-03 0.12 
2013-09-16_11-18  142 3 8.77e-01    26.4 1.79e-08 7.2e-11 1.0e-03 0.02 
2013-09-16_11-18  127 1 1.00e+00    10.0 4.54e-09 1.5e-07 1.0e-03 0.00 
2013-09-16_11-18  30 14 7.14e-01    100.4 2.10e-07 9.7e-11 1.0e-03 0.21 
2013-09-16_11-18  53 2 9.40e-01    18.9 1.92e-08 8.3e-07 1.0e-03 0.02 
2013-09-16_11-18  0 0 inf    42.0 7.12e-08 7.0e-07 1.0e-03 0.07 
2013-09-16_11-18  0 0 inf    44.5 5.28e-07 4.7e-07 1.0e-03 0.53 
2013-09-16_11-18  0 0 inf    10.0 3.10e-08 1.2e-06 1.0e-03 0.03 
2013-09-16_11-18  85 24 7.07e-01    170.6 2.65e-07 3.6e-313 1.0e-03 0.26 
2013-09-16_11-18  0 0 inf    26.2 4.10e-07 1.3e-299 1.0e-03 0.41 
2013-09-16_11-18  0 0 inf    10.0 1.22e-08 5.1e-313 1.0e-03 0.01 
2013-09-16_11-18  0 0 inf    32.8 1.01e-07 1.2e-264 1.0e-03 0.10 
2013-09-16_11-18  152 23 7.35e-01    169.8 4.06e-07 1.2e-264 1.0e-03 0.41 
2013-09-16_11-18  106 26 7.32e-01    191.3 5.37e-07 3.6e-313 1.0e-03 0.54 
2013-09-16_11-18  108 20 6.90e-01    138.7 1.84e-07 1.2e-264 1.0e-03 0.18 
2013-09-16_11-18  0 0 inf    37.9 2.01e-07 3.6e-313 1.0e-03 0.20 

2013-09-16_11-50  0 0 inf    10.0 5.89e-09 5.4e-07 1.0e-03 0.01 
2013-09-16_11-50  192 20 7.10e-01    142.6 2.72e-07 4.3e-07 1.0e-03 0.27 
2013-09-16_11-50  53 1 1.00e+00    10.0 1.02e-08 7.7e-07 1.0e-03 0.01 
2013-09-16_11-50  191 20 7.84e-01    157.6 3.69e-07 5.0e-07 1.0e-03 0.37 
2013-09-16_11-50  0 0 inf    10.0 1.22e-08 5.6e-07 1.0e-03 0.01 
2013-09-16_11-50  0 0 inf    10.0 4.54e-09 7.2e-08 1.0e-03 0.00 
2013-09-16_11-50  0 0 inf    34.4 4.43e-08 3.4e-313 1.0e-03 0.04 
2013-09-16_11-50  0 0 inf    10.0 2.84e-08 1.2e-264 1.0e-03 0.03 
2013-09-16_11-50  0 0 inf    28.5 3.26e-08 5.3e-313 1.0e-03 0.03 
2013-09-16_11-50  172 25 6.99e-01    175.6 3.83e-07 1.2e-264 1.0e-03 0.38 
2013-09-16_11-50  0 0 inf    10.0 7.42e-09 1.2e-264 1.0e-03 0.01 
2013-09-16_11-50  0 0 inf    43.6 8.15e-08 3.6e-313 1.0e-03 0.08 
2013-09-16_11-50  90 16 8.46e-01    136.0 1.75e-07 1.2e-264 1.0e-03 0.18 
2013-09-16_11-50  35 22 7.75e-01    171.2 3.94e-07 3.8e-313 1.0e-03 0.39 
2013-09-16_11-50  147 14 7.37e-01    103.6 5.51e-07 1.2e-264 1.0e-03 0.55 
2013-09-16_11-50  0 0 inf    34.0 3.46e-07 3.6e-313 1.0e-03 0.35 

2013-09-16_12-23  127 1 1.00e+00    10.0 4.54e-09 2.3e-07 1.0e-03 0.00 
2013-09-16_12-23  164 15 8.21e-01    123.8 7.25e-07 1.1e-07 1.0e-03 0.73 
2013-09-16_12-23  0 0 inf    10.0 7.42e-09 1.2e-09 1.0e-03 0.01 
2013-09-16_12-23  3 8 7.09e-01    57.0 1.82e-07 9.2e-10 1.0e-03 0.18 
2013-09-16_12-23  0 0 inf    10.0 1.06e-08 8.4e-10 1.0e-03 0.01 
2013-09-16_12-23  0 0 inf    10.0 1.56e-08 3.2e-07 1.0e-03 0.02 
2013-09-16_12-23  152 4 8.49e-01    34.1 8.16e-08 5.8e-08 1.0e-03 0.08 
2013-09-16_12-23  186 5 8.13e-01    40.8 2.22e-08 1.4e-07 1.0e-03 0.02 
2013-09-16_12-23  193 4 7.79e-01    31.3 5.14e-08 3.8e-07 1.0e-03 0.05 
2013-09-16_12-23  78 22 6.98e-01    154.3 6.90e-07 4.2e-07 1.0e-03 0.69 
2013-09-16_12-23  0 0 inf    27.4 3.81e-08 0.0e+00 1.0e-03 0.04 
2013-09-16_12-23  0 0 inf    45.7 8.72e-08 0.0e+00 1.0e-03 0.09 
2013-09-16_12-23  188 13 7.58e-01    99.0 5.78e-07 5.2e-15 1.0e-03 0.58 
2013-09-16_12-23  21 15 7.08e-01    106.6 3.49e-07 3.1e-16 1.0e-03 0.35 
2013-09-16_12-23  43 15 7.35e-01    110.7 3.25e-07 0.0e+00 1.0e-03 0.32 
2013-09-16_12-23  123 20 7.57e-01    152.1 6.99e-07 0.0e+00 1.0e-03 0.70 

2013-09-16_12-52  94 21 7.35e-01    155.1 5.04e-07 2.5e-07 1.0e-03 0.50 
2013-09-16_12-52  56 19 7.59e-01    144.9 2.72e-07 4.5e-07 1.0e-03 0.27 
2013-09-16_12-52  0 0 inf    10.0 5.46e-09 2.4e-07 1.0e-03 0.01 
2013-09-16_12-52  191 14 7.80e-01    109.7 2.57e-07 1.5e-09 1.0e-03 0.26 
2013-09-16_12-52  127 6 8.55e-01    51.6 2.33e-08 3.0e-07 1.0e-03 0.02 
2013-09-16_12-52  0 0 inf    10.0 7.44e-09 5.0e-07 1.0e-03 0.01 
2013-09-16_12-52  0 0 inf    10.0 5.46e-09 3.7e-07 1.0e-03 0.01 
2013-09-16_12-52  123 21 7.14e-01    150.7 6.93e-07 3.4e-313 1.0e-03 0.69 
2013-09-16_12-52  26 17 7.90e-01    135.0 1.93e-07 1.2e-264 1.0e-03 0.19 
2013-09-16_12-52  0 0 inf    38.6 4.05e-08 3.6e-313 1.0e-03 0.04 
2013-09-16_12-52  0 0 inf    10.0 7.42e-09 6.4e-314 1.0e-03 0.01 
2013-09-16_12-52  0 0 inf    10.0 1.05e-08 3.6e-313 1.0e-03 0.01 
2013-09-16_12-52  0 0 inf    44.1 2.58e-07 1.2e-264 1.0e-03 0.26 
2013-09-16_12-52  76 21 7.35e-01    155.0 4.58e-07 3.6e-313 1.0e-03 0.46 
2013-09-16_12-52  0 0 inf    35.3 4.03e-08 1.2e-264 1.0e-03 0.04 
2013-09-16_12-52  0 0 inf    33.6 1.55e-07 3.6e-313 1.0e-03 0.15 

