2013-09-16_10-09  90 10 7.79e-01    78.2 1.01e-07 6.2e-08 1.0e-03 0.10 
2013-09-16_10-09  142 2 9.97e-01    20.0 1.36e-08 3.4e-09 1.0e-03 0.01 
2013-09-16_10-09  0 0 inf    10.0 1.33e-08 4.0e-07 1.0e-03 0.01 
2013-09-16_10-09  121 13 7.88e-01    102.9 1.74e-07 3.7e-07 1.0e-03 0.17 
2013-09-16_10-09  0 0 inf    10.0 4.54e-09 3.2e-07 1.0e-03 0.00 
2013-09-16_10-09  0 0 inf    10.0 1.23e-08 2.6e-07 1.0e-03 0.01 
2013-09-16_10-09  0 0 inf    10.0 1.01e-08 -1.0e+00 1.0e-03 0.01 
2013-09-16_10-09  0 0 inf    10.0 1.15e-08 -1.0e+00 1.0e-03 0.01 
2013-09-16_10-09  0 0 inf    10.0 6.54e-09 3.9e-312 1.0e-03 0.01 
2013-09-16_10-09  0 0 inf    10.0 6.81e-09 1.7e-303 1.0e-03 0.01 
2013-09-16_10-09  0 0 inf    20.1 2.30e-08 0.0e+00 1.0e-03 0.02 
2013-09-16_10-09  0 0 inf    10.0 4.55e-08 0.0e+00 1.0e-03 0.05 
2013-09-16_10-09  67 25 7.50e-01    188.4 7.54e-07 0.0e+00 1.0e-03 0.75 
2013-09-16_10-09  30 20 6.39e-01    128.5 2.69e-07 0.0e+00 1.0e-03 0.27 
2013-09-16_10-09  123 22 7.18e-01    158.7 7.30e-07 0.0e+00 1.0e-03 0.73 
2013-09-16_10-09  0 0 inf    38.9 2.07e-07 0.0e+00 1.0e-03 0.21 

2013-09-16_10-42  85 12 9.01e-01    108.6 1.69e-07 3.0e-07 1.0e-03 0.17 
2013-09-16_10-42  127 1 1.00e+00    10.0 4.54e-09 3.5e-07 1.0e-03 0.00 
2013-09-16_10-42  0 0 inf    20.1 5.90e-07 2.3e-07 1.0e-03 0.59 
2013-09-16_10-42  0 0 inf    10.0 1.33e-08 3.1e-07 1.0e-03 0.01 
2013-09-16_10-42  0 0 inf    18.8 1.99e-08 3.5e-07 1.0e-03 0.02 
2013-09-16_10-42  68 18 7.28e-01    131.7 1.60e-07 5.8e-263 1.0e-03 0.16 
2013-09-16_10-42  0 0 inf    10.0 1.02e-08 3.4e-313 1.0e-03 0.01 
2013-09-16_10-42  0 0 inf    10.0 1.01e-08 5.9e-263 1.0e-03 0.01 
2013-09-16_10-42  0 0 inf    10.0 7.42e-09 5.3e-313 1.0e-03 0.01 
2013-09-16_10-42  0 0 inf    39.6 8.69e-07 5.9e-263 1.0e-03 0.87 
2013-09-16_10-42  0 0 inf    10.0 5.46e-09 5.9e-263 1.0e-03 0.01 
2013-09-16_10-42  152 19 7.04e-01    134.4 3.22e-07 3.7e-313 1.0e-03 0.32 
2013-09-16_10-42  0 0 inf    19.9 2.73e-07 5.9e-263 1.0e-03 0.27 
2013-09-16_10-42  41 21 7.46e-01    157.5 6.01e-07 3.8e-313 1.0e-03 0.60 
2013-09-16_10-42  174 17 8.08e-01    138.0 4.33e-07 5.8e-263 1.0e-03 0.43 
2013-09-16_10-42  0 0 inf    31.9 1.69e-07 3.6e-313 1.0e-03 0.17 

2013-09-16_11-15  26 13 7.65e-01    99.9 1.43e-07 1.1e-07 1.0e-03 0.14 
2013-09-16_11-15  85 2 9.95e-01    20.0 3.10e-08 2.4e-09 1.0e-03 0.03 
2013-09-16_11-15  48 3 8.84e-01    26.6 3.71e-08 4.9e-10 1.0e-03 0.04 
2013-09-16_11-15  191 19 8.07e-01    154.1 3.61e-07 4.2e-07 1.0e-03 0.36 
2013-09-16_11-15  176 3 9.51e-01    28.7 2.71e-08 4.4e-09 1.0e-03 0.03 
2013-09-16_11-15  0 0 inf    37.2 2.62e-07 5.6e-07 1.0e-03 0.26 
2013-09-16_11-15  0 0 inf    27.6 1.06e-06 4.8e-07 1.0e-03 1.06 
2013-09-16_11-15  0 0 inf    19.9 5.58e-08 3.4e-313 1.0e-03 0.06 
2013-09-16_11-15  172 23 7.60e-01    175.6 3.83e-07 8.7e-313 1.0e-03 0.38 
2013-09-16_11-15  0 0 inf    10.0 7.44e-09 1.7e-303 1.0e-03 0.01 
2013-09-16_11-15  0 0 inf    10.0 9.49e-09 5.3e-313 1.0e-03 0.01 
2013-09-16_11-15  0 0 inf    35.4 5.98e-08 1.7e-303 1.0e-03 0.06 
2013-09-16_11-15  0 0 inf    35.2 2.49e-07 5.8e-263 1.0e-03 0.25 
2013-09-16_11-15  0 0 inf    43.3 4.34e-07 5.1e-313 1.0e-03 0.43 
2013-09-16_11-15  0 0 inf    17.5 5.13e-08 5.8e-263 1.0e-03 0.05 
2013-09-16_11-15  58 23 7.66e-01    177.0 5.23e-07 5.8e-263 1.0e-03 0.52 

2013-09-16_11-48  0 0 inf    35.3 1.09e-07 3.6e-07 1.0e-03 0.11 
2013-09-16_11-48  64 1 1.00e+00    10.0 6.54e-09 4.1e-11 1.0e-03 0.01 
2013-09-16_11-48  186 1 1.00e+00    10.0 5.46e-09 4.2e-08 1.0e-03 0.01 
2013-09-16_11-48  30 15 7.84e-01    118.1 2.47e-07 9.3e-07 1.0e-03 0.25 
2013-09-16_11-48  112 2 9.17e-01    18.4 2.11e-08 3.3e-07 1.0e-03 0.02 
2013-09-16_11-48  127 1 1.00e+00    10.0 4.54e-09 9.9e-08 1.0e-03 0.00 
2013-09-16_11-48  0 0 inf    29.6 5.85e-07 4.5e-07 1.0e-03 0.58 
2013-09-16_11-48  156 8 7.99e-01    64.2 6.74e-08 2.7e-07 1.0e-03 0.07 
2013-09-16_11-48  93 3 9.96e-01    30.0 1.92e-08 8.7e-313 1.0e-03 0.02 
2013-09-16_11-48  0 0 inf    25.7 5.62e-07 1.7e-303 1.0e-03 0.56 
2013-09-16_11-48  0 0 inf    10.0 1.65e-08 5.3e-313 1.0e-03 0.02 
2013-09-16_11-48  152 17 7.22e-01    123.3 2.95e-07 1.7e-303 1.0e-03 0.30 
2013-09-16_11-48  0 0 inf    43.5 6.70e-07 5.8e-263 1.0e-03 0.67 
2013-09-16_11-48  70 12 7.87e-01    94.9 3.75e-07 3.4e-313 1.0e-03 0.38 
2013-09-16_11-48  123 18 7.27e-01    131.4 6.04e-07 5.8e-263 1.0e-03 0.60 
2013-09-16_11-48  85 10 8.32e-01    83.6 1.30e-07 3.6e-313 1.0e-03 0.13 

2013-09-16_12-18  127 2 9.84e-01    19.8 8.94e-09 6.7e-10 1.0e-03 0.01 
2013-09-16_12-18  90 15 7.85e-01    118.3 1.52e-07 2.1e-07 1.0e-03 0.15 
2013-09-16_12-18  0 0 inf    10.0 7.44e-09 3.8e-07 1.0e-03 0.01 
2013-09-16_12-18  175 30 6.63e-01    199.8 8.31e-07 2.3e-07 1.0e-03 0.83 
2013-09-16_12-18  0 0 inf    19.8 6.44e-08 4.9e-08 1.0e-03 0.06 
2013-09-16_12-18  78 23 6.88e-01    158.9 7.10e-07 2.0e-07 1.0e-03 0.71 
2013-09-16_12-18  0 0 inf    18.2 8.45e-07 1.7e-303 1.0e-03 0.85 
2013-09-16_12-18  0 0 inf    26.8 1.06e-07 1.7e-303 1.0e-03 0.11 
2013-09-16_12-18  0 0 inf    20.0 1.28e-08 3.6e-313 1.0e-03 0.01 
2013-09-16_12-18  0 0 inf    27.9 6.11e-07 1.7e-303 1.0e-03 0.61 
2013-09-16_12-18  0 0 inf    46.5 4.90e-08 3.4e-313 1.0e-03 0.05 
2013-09-16_12-18  0 0 inf    45.8 1.41e-07 6.4e-314 1.0e-03 0.14 
2013-09-16_12-18  0 0 inf    30.1 1.61e-07 3.6e-313 1.0e-03 0.16 
2013-09-16_12-18  0 0 inf    43.3 4.28e-07 5.8e-263 1.0e-03 0.43 
2013-09-16_12-18  147 9 7.64e-01    69.1 3.67e-07 3.6e-313 1.0e-03 0.37 
2013-09-16_12-18  9 15 7.15e-01    107.7 1.69e-07 5.9e-263 1.0e-03 0.17 

2013-09-16_12-48  75 1 1.00e+00    10.0 7.42e-09 3.1e-07 1.0e-03 0.01 
2013-09-16_12-48  123 18 7.54e-01    136.3 6.27e-07 5.5e-09 1.0e-03 0.63 
2013-09-16_12-48  85 5 8.47e-01    42.5 6.60e-08 5.6e-10 1.0e-03 0.07 
2013-09-16_12-48  142 2 9.63e-01    19.4 1.31e-08 3.0e-07 1.0e-03 0.01 
2013-09-16_12-48  108 1 1.00e+00    10.0 1.33e-08 3.8e-07 1.0e-03 0.01 
2013-09-16_12-48  0 0 inf    35.9 2.05e-07 4.4e-07 1.0e-03 0.21 
2013-09-16_12-48  0 0 inf    20.0 1.09e-07 1.7e-303 1.0e-03 0.11 
2013-09-16_12-48  3 23 7.22e-01    166.8 5.32e-07 5.3e-313 1.0e-03 0.53 
2013-09-16_12-48  0 0 inf    10.0 1.57e-08 7.0e-313 1.0e-03 0.02 
2013-09-16_12-48  0 0 inf    36.8 8.05e-07 1.7e-303 1.0e-03 0.81 
2013-09-16_12-48  0 0 inf    43.1 6.75e-08 3.4e-313 1.0e-03 0.07 
2013-09-16_12-48  194 10 8.61e-01    86.5 1.06e-07 5.8e-263 1.0e-03 0.11 
2013-09-16_12-48  0 0 inf    22.5 3.09e-07 2.9e-312 1.0e-03 0.31 
2013-09-16_12-48  94 27 7.56e-01    205.0 6.67e-07 8.5e-16 1.0e-03 0.67 
2013-09-16_12-48  0 0 inf    39.2 4.25e-07 1.7e-16 1.0e-03 0.43 
2013-09-16_12-48  0 0 inf    47.5 2.18e-07 0.0e+00 1.0e-03 0.22 

