195
5
1.000000e-03
1.931016e-312
80
3000
4.905486e+00
7.806396e-01
4.905486e-06
3.663629e-07
0 0 0 0 0 0 0 0 0 0 1 0 0 0 0 0 0 0 0 0 0 0 0 0 0 1 0 0 0 0 0 1 0 0 0 0 0 0 0 0 0 1 0 1 0 0 0 1 0 0 0 0 0 0 0 0 0 0 0 1 0 0 0 0 0 0 0 1 0 0 0 0 0 0 0 0 0 0 0 0 0 0 0 0 0 0 0 0 0 1 0 0 0 0 0 0 0 0 1 0 0 1 0 0 0 0 0 0 0 0 0 0 0 0 0 0 0 1 0 0 0 0 0 1 0 1 1 0 0 0 0 0 0 1 0 0 0 0 0 0 0 0 1 0 1 0 0 0 1 0 0 1 0 0 0 0 0 0 0 0 0 0 0 0 0 0 0 0 0 0 0 0 0 0 0 0 0 0 0 0 0 0 0 0 0 0 0 0 0 0 0 0 1 1 0 
0 0 0 0 0 0 0 0 0 0 0 0 0 0 0 0 0 0 1 0 0 0 0 0 0 0 0 0 0 0 0 0 0 1 0 1 0 0 0 0 0 0 0 0 0 0 0 0 0 1 0 1 0 0 0 0 0 0 0 0 0 0 0 0 0 0 0 0 1 0 0 0 0 0 0 0 0 0 0 0 0 0 0 0 0 0 0 0 0 0 0 0 0 0 0 0 0 0 0 0 0 0 0 0 0 0 1 0 0 1 0 0 0 0 0 0 0 0 0 0 0 0 1 0 0 0 0 0 0 1 1 0 0 0 0 0 0 0 0 0 0 0 0 0 0 0 1 0 0 1 0 0 0 0 0 0 0 0 0 0 0 0 0 0 0 1 0 0 0 0 0 0 0 0 0 0 0 1 1 1 0 0 0 0 0 0 0 0 0 0 0 0 0 0 1 
0 0 1 1 0 0 0 0 0 0 0 0 0 0 0 0 0 0 0 0 0 0 0 0 0 0 0 0 0 1 0 0 0 0 0 0 0 0 0 0 1 0 0 0 0 0 0 0 0 0 0 0 0 0 0 0 0 0 0 0 0 0 1 0 0 1 0 0 0 0 0 0 0 1 0 0 0 0 0 0 0 0 0 0 0 0 0 0 0 0 0 1 0 0 0 0 1 0 0 0 0 0 0 0 0 0 0 0 0 0 0 0 0 0 0 1 0 0 0 1 0 0 0 0 0 0 0 0 0 0 0 0 0 0 0 1 0 0 0 1 1 0 0 0 0 1 0 0 0 0 0 0 1 0 0 0 0 0 1 0 0 1 0 0 0 0 0 0 0 0 0 0 0 0 0 0 0 0 0 0 1 1 1 0 0 0 0 0 0 0 0 0 0 0 0 
0 0 0 0 0 0 0 0 0 0 0 1 0 0 0 0 0 0 0 0 0 0 0 0 0 0 0 0 0 0 0 0 0 0 0 0 0 0 0 0 0 0 0 0 0 0 0 0 1 0 0 0 0 0 0 0 0 0 0 0 0 0 0 0 0 0 0 0 0 0 0 0 0 0 0 0 0 0 1 0 0 0 0 0 0 0 0 0 0 0 0 0 0 0 0 0 0 0 0 0 0 0 0 0 0 0 0 0 0 0 0 0 0 0 0 0 0 0 0 0 0 1 0 0 0 0 0 0 0 0 0 0 0 0 0 0 0 0 0 0 0 0 0 0 0 0 0 1 0 0 1 0 0 0 0 0 0 0 0 0 0 0 0 1 0 0 0 0 0 0 0 0 0 0 0 0 0 0 0 0 0 0 0 0 0 0 0 0 0 0 0 0 0 0 0 
0 0 0 0 1 1 0 0 0 1 0 0 0 0 0 0 0 1 0 0 0 0 0 0 0 0 1 0 0 0 0 0 0 0 0 0 1 1 0 0 0 0 0 0 0 1 1 0 0 0 0 0 0 0 0 0 0 0 0 0 0 0 0 0 1 0 0 0 0 1 0 1 1 0 0 0 0 0 0 0 0 0 0 1 0 0 0 0 0 0 0 0 0 0 0 1 0 0 0 0 0 0 0 0 0 0 0 0 1 0 0 0 0 0 0 0 0 0 0 0 0 0 0 0 0 0 0 0 0 0 0 1 0 0 0 0 0 0 0 0 0 0 0 0 0 0 0 0 0 0 0 0 0 0 0 0 0 0 0 0 0 0 0 0 0 0 0 0 0 0 0 0 0 0 0 0 0 0 0 0 0 0 0 0 0 0 0 0 0 0 0 0 0 0 0 
102 131 136 122 10 
0.000000E+00 0.000000E+00 8.961591E-05 3.713531E-06 1.597800E-05 3.875554E-07 0.000000E+00 0.000000E+00 0.000000E+00 0.000000E+00 4.989841E-05 2.284000E-07 0.000000E+00 0.000000E+00 0.000000E+00 0.000000E+00 0.000000E+00 1.245760E-04 3.014676E-04 0.000000E+00 0.000000E+00 0.000000E+00 0.000000E+00 0.000000E+00 0.000000E+00 1.397401E-05 4.371136E-07 0.000000E+00 0.000000E+00 1.461018E-04 0.000000E+00 1.012176E-04 0.000000E+00 4.022819E-05 0.000000E+00 1.325592E-04 3.993609E-06 1.703644E-07 0.000000E+00 0.000000E+00 1.255225E-04 3.716075E-04 0.000000E+00 1.255769E-04 0.000000E+00 3.217066E-05 3.594856E-06 3.881668E-04 8.341646E-05 1.203115E-05 0.000000E+00 2.079460E-04 0.000000E+00 0.000000E+00 0.000000E+00 0.000000E+00 0.000000E+00 0.000000E+00 0.000000E+00 1.229918E-05 0.000000E+00 0.000000E+00 2.827911E-04 0.000000E+00 1.561622E-05 4.315403E-04 0.000000E+00 7.583106E-05 1.263945E-04 2.842168E-04 0.000000E+00 2.330103E-05 1.305561E-05 6.233732E-07 0.000000E+00 0.000000E+00 0.000000E+00 0.000000E+00 5.714064E-05 0.000000E+00 0.000000E+00 0.000000E+00 0.000000E+00 1.528461E-05 0.000000E+00 0.000000E+00 0.000000E+00 0.000000E+00 0.000000E+00 1.050116E-06 0.000000E+00 6.025867E-06 0.000000E+00 0.000000E+00 0.000000E+00 2.861738E-05 2.365417E-04 0.000000E+00 1.124406E-04 0.000000E+00 0.000000E+00 0.000000E+00 0.000000E+00 0.000000E+00 0.000000E+00 0.000000E+00 8.493929E-05 0.000000E+00 8.307379E-05 2.406653E-04 0.000000E+00 0.000000E+00 0.000000E+00 0.000000E+00 0.000000E+00 2.554326E-05 0.000000E+00 9.993805E-04 0.000000E+00 1.028838E-05 0.000000E+00 0.000000E+00 3.424470E-06 6.851093E-04 0.000000E+00 7.307040E-05 6.077471E-04 0.000000E+00 0.000000E+00 1.954184E-04 0.000000E+00 1.957426E-04 0.000000E+00 4.236287E-05 0.000000E+00 0.000000E+00 0.000000E+00 0.000000E+00 0.000000E+00 3.012743E-07 6.456724E-06 0.000000E+00 2.682041E-04 0.000000E+00 3.464917E-06 1.290048E-05 1.211697E-05 5.566066E-07 4.048697E-06 2.994502E-06 5.262890E-07 5.885126E-05 1.451215E-05 0.000000E+00 0.000000E+00 0.000000E+00 0.000000E+00 0.000000E+00 4.134604E-06 0.000000E+00 0.000000E+00 2.609341E-04 0.000000E+00 2.302249E-05 0.000000E+00 2.926628E-04 0.000000E+00 0.000000E+00 0.000000E+00 0.000000E+00 0.000000E+00 0.000000E+00 0.000000E+00 0.000000E+00 0.000000E+00 0.000000E+00 0.000000E+00 1.898050E-07 1.520810E-07 1.057077E-04 8.618942E-06 7.866990E-07 1.099162E-04 0.000000E+00 0.000000E+00 0.000000E+00 0.000000E+00 0.000000E+00 0.000000E+00 0.000000E+00 0.000000E+00 0.000000E+00 6.739333E-09 8.469462E-06 1.087883E-04 
90 102 145 149 193 194 68 99 126 143 134 60 26 11 44 32 42 127 124 118 48 152 
34 50 52 69 107 110 123 130 131 147 150 178 179 180 195 19 166 36 
4 74 92 116 120 136 140 141 146 153 159 181 182 63 97 183 41 162 3 66 30 
12 122 148 151 164 79 49 
6 10 27 37 38 47 65 73 84 46 96 72 5 109 132 18 70 

============Find Best @ Round 1424================
==========Cluster 0, RcvInterf=6.55285e-15============
Node 89, SINR:1.83144e+00, BpsHz:7.15017e-02
Node 101, SINR:0.00000e+00, BpsHz:0.00000e+00
Node 144, SINR:1.83144e+00, BpsHz:7.15017e-02
Node 148, SINR:1.83144e+00, BpsHz:7.15017e-02
Node 192, SINR:1.83144e+00, BpsHz:7.15017e-02
Node 193, SINR:1.83144e+00, BpsHz:7.15017e-02
Node 67, SINR:1.83144e+00, BpsHz:7.15017e-02
Node 98, SINR:1.83144e+00, BpsHz:7.15017e-02
Node 125, SINR:1.83144e+00, BpsHz:7.15017e-02
Node 142, SINR:1.83144e+00, BpsHz:7.15017e-02
Node 133, SINR:1.83144e+00, BpsHz:7.15017e-02
Node 59, SINR:1.83144e+00, BpsHz:7.15017e-02
Node 25, SINR:1.83144e+00, BpsHz:7.15017e-02
Node 10, SINR:1.83144e+00, BpsHz:7.15017e-02
Node 43, SINR:1.83144e+00, BpsHz:7.15017e-02
Node 31, SINR:1.83144e+00, BpsHz:7.15017e-02
Node 41, SINR:1.83144e+00, BpsHz:7.15017e-02
Node 126, SINR:1.83144e+00, BpsHz:7.15017e-02
Node 123, SINR:1.83144e+00, BpsHz:7.15017e-02
Node 117, SINR:1.83144e+00, BpsHz:7.15017e-02
Node 47, SINR:1.83144e+00, BpsHz:7.15017e-02
Node 151, SINR:1.83144e+00, BpsHz:7.15017e-02
---------------
==========Cluster 1, RcvInterf=1.21799e-14============
Node 33, SINR:1.32226e+00, BpsHz:7.15017e-02
Node 49, SINR:1.32226e+00, BpsHz:7.15017e-02
Node 51, SINR:1.32226e+00, BpsHz:7.15017e-02
Node 68, SINR:1.32226e+00, BpsHz:7.15017e-02
Node 106, SINR:1.32226e+00, BpsHz:7.15017e-02
Node 109, SINR:1.32226e+00, BpsHz:7.15017e-02
Node 122, SINR:1.32226e+00, BpsHz:7.15017e-02
Node 129, SINR:1.32226e+00, BpsHz:7.15017e-02
Node 130, SINR:0.00000e+00, BpsHz:0.00000e+00
Node 146, SINR:1.32226e+00, BpsHz:7.15017e-02
Node 149, SINR:1.32226e+00, BpsHz:7.15017e-02
Node 177, SINR:1.32226e+00, BpsHz:7.15017e-02
Node 178, SINR:1.32226e+00, BpsHz:7.15017e-02
Node 179, SINR:1.32226e+00, BpsHz:7.15017e-02
Node 194, SINR:1.32226e+00, BpsHz:7.15017e-02
Node 18, SINR:1.32226e+00, BpsHz:7.15017e-02
Node 165, SINR:1.32226e+00, BpsHz:7.15017e-02
Node 35, SINR:1.32226e+00, BpsHz:7.15017e-02
---------------
==========Cluster 2, RcvInterf=1.18816e-14============
Node 3, SINR:1.69453e+00, BpsHz:7.15017e-02
Node 73, SINR:1.69453e+00, BpsHz:7.15017e-02
Node 91, SINR:1.69453e+00, BpsHz:7.15017e-02
Node 115, SINR:1.69453e+00, BpsHz:7.15017e-02
Node 119, SINR:1.69453e+00, BpsHz:7.15017e-02
Node 135, SINR:0.00000e+00, BpsHz:0.00000e+00
Node 139, SINR:1.69453e+00, BpsHz:7.15017e-02
Node 140, SINR:1.69453e+00, BpsHz:7.15017e-02
Node 145, SINR:1.69453e+00, BpsHz:7.15017e-02
Node 152, SINR:1.69453e+00, BpsHz:7.15017e-02
Node 158, SINR:1.69453e+00, BpsHz:7.15017e-02
Node 180, SINR:1.69453e+00, BpsHz:7.15017e-02
Node 181, SINR:1.69453e+00, BpsHz:7.15017e-02
Node 62, SINR:1.69453e+00, BpsHz:7.15017e-02
Node 96, SINR:1.69453e+00, BpsHz:7.15017e-02
Node 182, SINR:1.69453e+00, BpsHz:7.15017e-02
Node 40, SINR:1.69453e+00, BpsHz:7.15017e-02
Node 161, SINR:1.69453e+00, BpsHz:7.15017e-02
Node 2, SINR:1.69453e+00, BpsHz:7.15017e-02
Node 65, SINR:1.69453e+00, BpsHz:7.15017e-02
Node 29, SINR:1.69453e+00, BpsHz:7.15017e-02
---------------
==========Cluster 3, RcvInterf=1.50592e-14============
Node 11, SINR:3.46310e-01, BpsHz:7.15017e-02
Node 121, SINR:0.00000e+00, BpsHz:0.00000e+00
Node 147, SINR:3.46310e-01, BpsHz:7.15017e-02
Node 150, SINR:3.46310e-01, BpsHz:7.15017e-02
Node 163, SINR:3.46310e-01, BpsHz:7.15017e-02
Node 78, SINR:3.46310e-01, BpsHz:7.15017e-02
Node 48, SINR:3.46310e-01, BpsHz:7.15017e-02
---------------
==========Cluster 4, RcvInterf=1.85803e-14============
Node 5, SINR:1.20997e+00, BpsHz:7.15017e-02
Node 9, SINR:0.00000e+00, BpsHz:0.00000e+00
Node 26, SINR:1.20997e+00, BpsHz:7.15017e-02
Node 36, SINR:1.20997e+00, BpsHz:7.15017e-02
Node 37, SINR:1.20997e+00, BpsHz:7.15017e-02
Node 46, SINR:1.20997e+00, BpsHz:7.15017e-02
Node 64, SINR:1.20997e+00, BpsHz:7.15017e-02
Node 72, SINR:1.20997e+00, BpsHz:7.15017e-02
Node 83, SINR:1.20997e+00, BpsHz:7.15017e-02
Node 45, SINR:1.20997e+00, BpsHz:7.15017e-02
Node 95, SINR:1.20997e+00, BpsHz:7.15017e-02
Node 71, SINR:1.20997e+00, BpsHz:7.15017e-02
Node 4, SINR:1.20997e+00, BpsHz:7.15017e-02
Node 108, SINR:1.20997e+00, BpsHz:7.15017e-02
Node 131, SINR:1.20997e+00, BpsHz:7.15017e-02
Node 17, SINR:1.20997e+00, BpsHz:7.15017e-02
Node 69, SINR:1.20997e+00, BpsHz:7.15017e-02
---------------
195
5
1.000000e-03
1.931016e-312
67
3000
4.504082e+00
8.447266e-01
4.504082e-06
4.459448e-07
0 0 0 0 0 0 0 0 0 0 0 1 0 0 0 0 0 0 0 0 0 0 1 0 1 0 0 0 1 0 0 0 1 0 0 0 0 0 0 0 0 0 0 0 0 0 0 0 0 0 0 0 0 0 0 0 0 0 0 0 0 0 0 0 0 0 1 0 0 0 1 0 0 0 0 0 0 0 0 0 0 0 1 0 0 0 0 0 0 0 0 0 0 0 0 0 0 0 0 0 0 0 0 1 0 0 0 0 0 0 0 0 0 0 0 0 0 0 0 0 0 1 0 0 0 0 0 0 0 0 0 0 0 0 0 0 0 0 0 0 0 0 0 0 0 0 0 0 0 0 0 0 0 0 0 0 0 0 0 0 0 0 0 0 1 0 0 0 0 0 0 0 0 0 0 0 1 0 0 0 0 0 0 0 0 0 0 0 0 0 0 0 0 0 0 
0 0 0 0 0 0 0 0 0 0 0 0 0 1 0 0 0 0 0 0 1 0 0 0 0 0 0 0 0 0 0 0 0 0 0 0 0 0 0 0 0 0 0 0 0 0 0 0 0 0 0 0 0 0 1 0 0 0 0 0 0 0 0 0 0 0 0 0 0 1 0 0 0 0 0 0 0 0 0 0 0 1 0 0 0 1 0 1 1 0 0 0 0 0 0 0 0 0 0 0 1 0 1 0 1 0 0 0 0 0 0 0 0 0 0 0 0 0 0 0 0 0 0 0 0 0 0 0 1 0 0 0 0 0 0 0 0 0 0 0 1 0 0 0 0 0 0 0 0 0 0 0 0 0 0 0 0 0 0 0 1 1 0 0 0 0 0 0 0 0 0 0 0 0 0 0 0 0 0 0 0 0 0 0 0 0 0 0 0 0 0 0 0 0 0 
0 0 0 0 0 0 0 0 0 0 0 0 0 0 0 0 0 0 0 0 0 0 0 1 0 0 0 1 0 0 0 0 0 0 0 0 0 0 0 0 0 0 0 0 0 0 0 0 0 0 0 0 0 0 0 0 0 0 0 0 0 0 0 0 0 0 0 0 0 0 0 0 0 0 0 0 0 0 0 0 0 0 0 0 0 0 0 0 0 0 0 0 0 0 0 0 0 0 0 0 0 0 0 0 0 0 0 0 0 0 0 0 0 0 0 0 0 0 0 0 0 0 0 0 0 0 0 1 0 0 0 0 0 0 0 0 0 0 0 0 0 0 0 0 0 0 0 0 0 0 0 0 0 0 0 0 0 0 0 0 0 0 0 0 0 0 0 0 0 1 0 0 0 0 0 0 0 0 0 0 0 0 0 0 0 0 0 0 0 0 0 0 0 0 0 
1 0 0 0 0 0 0 0 0 0 0 0 0 0 0 0 0 0 0 0 0 0 0 0 0 0 0 0 0 0 0 0 0 0 0 0 0 0 0 0 0 0 0 1 0 0 0 0 0 0 0 0 0 1 0 0 0 0 0 1 1 0 0 0 0 0 0 0 0 0 0 0 0 0 0 0 0 0 0 0 0 0 0 0 0 0 0 0 0 0 1 0 0 1 0 0 0 0 1 0 0 0 0 0 0 0 0 0 0 0 1 0 0 0 0 0 0 0 0 0 0 0 0 0 0 1 0 0 0 0 0 0 0 0 0 0 0 0 0 0 0 0 0 0 0 0 0 0 0 0 0 0 0 0 0 0 0 0 0 0 0 0 1 0 0 0 0 1 0 0 0 1 0 0 0 0 0 0 0 0 0 0 0 0 0 0 0 0 0 0 0 0 0 0 0 
0 0 0 0 0 0 0 0 0 0 0 0 0 0 0 1 0 0 1 0 0 0 0 0 0 0 0 0 0 0 0 0 0 1 0 0 0 0 1 0 0 0 0 0 0 0 0 0 1 1 0 0 1 0 0 0 0 1 1 0 0 0 0 0 0 0 0 0 1 0 0 0 0 0 0 0 0 0 0 0 0 0 0 0 1 0 1 0 0 0 0 0 0 0 0 0 0 0 0 0 0 0 0 0 0 0 1 0 0 0 0 1 1 0 0 0 0 0 0 0 0 0 1 0 0 0 0 0 0 1 1 0 1 0 1 0 1 0 0 0 0 0 0 0 0 0 1 0 0 1 0 0 0 0 0 0 0 0 0 0 0 0 0 0 0 0 0 0 0 0 0 0 0 0 0 0 0 1 1 1 0 0 0 0 1 0 0 0 0 0 0 0 0 0 1 
33 82 170 168 50 
8.844102E-08 0.000000E+00 0.000000E+00 0.000000E+00 0.000000E+00 0.000000E+00 0.000000E+00 0.000000E+00 0.000000E+00 0.000000E+00 0.000000E+00 1.253354E-04 0.000000E+00 5.083058E-05 0.000000E+00 4.385512E-04 0.000000E+00 0.000000E+00 7.174030E-04 0.000000E+00 2.096730E-05 0.000000E+00 1.791559E-05 2.890963E-06 1.262523E-05 0.000000E+00 0.000000E+00 9.611612E-07 1.228069E-06 0.000000E+00 0.000000E+00 0.000000E+00 0.000000E+00 3.264598E-04 0.000000E+00 0.000000E+00 0.000000E+00 0.000000E+00 1.477209E-04 0.000000E+00 0.000000E+00 0.000000E+00 0.000000E+00 7.723204E-08 0.000000E+00 0.000000E+00 0.000000E+00 0.000000E+00 9.188934E-04 0.000000E+00 0.000000E+00 0.000000E+00 4.228744E-04 1.559824E-04 1.341087E-04 0.000000E+00 0.000000E+00 2.190943E-04 3.426111E-05 5.322188E-06 4.787364E-05 0.000000E+00 0.000000E+00 0.000000E+00 0.000000E+00 0.000000E+00 4.498510E-05 0.000000E+00 7.854611E-04 2.457485E-05 9.740706E-06 0.000000E+00 0.000000E+00 0.000000E+00 0.000000E+00 0.000000E+00 0.000000E+00 0.000000E+00 0.000000E+00 0.000000E+00 0.000000E+00 0.000000E+00 2.947271E-05 0.000000E+00 2.276244E-04 1.999351E-05 1.970876E-04 1.859099E-07 3.541789E-07 0.000000E+00 2.015590E-05 0.000000E+00 0.000000E+00 6.314241E-06 0.000000E+00 0.000000E+00 0.000000E+00 0.000000E+00 2.998976E-04 0.000000E+00 4.766278E-05 0.000000E+00 2.864451E-05 7.264814E-06 1.523010E-06 0.000000E+00 9.133315E-04 0.000000E+00 0.000000E+00 0.000000E+00 7.242537E-07 5.062843E-04 9.993904E-04 0.000000E+00 0.000000E+00 0.000000E+00 0.000000E+00 0.000000E+00 0.000000E+00 0.000000E+00 0.000000E+00 3.066245E-05 9.024685E-06 0.000000E+00 0.000000E+00 3.846403E-06 0.000000E+00 9.267392E-07 1.725318E-05 3.921336E-04 1.649473E-05 0.000000E+00 3.304956E-04 0.000000E+00 2.847521E-05 0.000000E+00 6.049622E-04 0.000000E+00 0.000000E+00 0.000000E+00 1.639491E-04 0.000000E+00 0.000000E+00 0.000000E+00 0.000000E+00 0.000000E+00 2.070579E-08 0.000000E+00 0.000000E+00 2.918878E-05 0.000000E+00 0.000000E+00 0.000000E+00 0.000000E+00 0.000000E+00 0.000000E+00 0.000000E+00 0.000000E+00 0.000000E+00 0.000000E+00 1.883455E-05 2.338355E-04 5.573168E-06 0.000000E+00 3.555692E-07 0.000000E+00 0.000000E+00 0.000000E+00 0.000000E+00 0.000000E+00 0.000000E+00 8.255328E-06 0.000000E+00 0.000000E+00 0.000000E+00 0.000000E+00 6.183353E-04 3.520417E-05 2.939218E-06 3.229103E-04 0.000000E+00 0.000000E+00 0.000000E+00 0.000000E+00 5.783899E-04 0.000000E+00 0.000000E+00 0.000000E+00 0.000000E+00 0.000000E+00 0.000000E+00 0.000000E+00 0.000000E+00 0.000000E+00 8.435869E-05 
23 25 29 33 104 165 83 122 67 71 177 12 
82 14 129 105 103 89 21 88 86 101 55 70 162 141 161 
28 128 170 24 
1 44 60 61 94 111 126 163 168 172 91 54 99 
39 50 59 87 123 131 133 135 147 150 178 179 195 58 19 185 130 16 137 180 34 85 69 49 107 113 112 53 

============Find Best @ Round 1300================
==========Cluster 0, RcvInterf=3.00971e-14============
Node 22, SINR:6.55019e-01, BpsHz:6.60771e-02
Node 24, SINR:6.55019e-01, BpsHz:6.60771e-02
Node 28, SINR:6.55019e-01, BpsHz:6.60771e-02
Node 32, SINR:0.00000e+00, BpsHz:0.00000e+00
Node 103, SINR:6.55019e-01, BpsHz:6.60771e-02
Node 164, SINR:6.55019e-01, BpsHz:6.60771e-02
Node 82, SINR:6.55019e-01, BpsHz:6.60771e-02
Node 121, SINR:6.55019e-01, BpsHz:6.60771e-02
Node 66, SINR:6.55019e-01, BpsHz:6.60771e-02
Node 70, SINR:6.55019e-01, BpsHz:6.60771e-02
Node 176, SINR:6.55019e-01, BpsHz:6.60771e-02
Node 11, SINR:6.55019e-01, BpsHz:6.60771e-02
---------------
==========Cluster 1, RcvInterf=5.88671e-15============
Node 81, SINR:0.00000e+00, BpsHz:0.00000e+00
Node 13, SINR:8.98789e-01, BpsHz:6.60771e-02
Node 128, SINR:8.98789e-01, BpsHz:6.60771e-02
Node 104, SINR:8.98789e-01, BpsHz:6.60771e-02
Node 102, SINR:8.98789e-01, BpsHz:6.60771e-02
Node 88, SINR:8.98789e-01, BpsHz:6.60771e-02
Node 20, SINR:8.98789e-01, BpsHz:6.60771e-02
Node 87, SINR:8.98789e-01, BpsHz:6.60771e-02
Node 85, SINR:8.98789e-01, BpsHz:6.60771e-02
Node 100, SINR:8.98789e-01, BpsHz:6.60771e-02
Node 54, SINR:8.98789e-01, BpsHz:6.60771e-02
Node 69, SINR:8.98789e-01, BpsHz:6.60771e-02
Node 161, SINR:8.98789e-01, BpsHz:6.60771e-02
Node 140, SINR:8.98789e-01, BpsHz:6.60771e-02
Node 160, SINR:8.98789e-01, BpsHz:6.60771e-02
---------------
==========Cluster 2, RcvInterf=3.41236e-14============
Node 27, SINR:1.47291e-01, BpsHz:6.60771e-02
Node 127, SINR:1.47291e-01, BpsHz:6.60771e-02
Node 169, SINR:0.00000e+00, BpsHz:0.00000e+00
Node 23, SINR:1.47291e-01, BpsHz:6.60771e-02
---------------
==========Cluster 3, RcvInterf=3.70647e-15============
Node 0, SINR:7.32584e-01, BpsHz:6.60771e-02
Node 43, SINR:7.32584e-01, BpsHz:6.60771e-02
Node 59, SINR:7.32584e-01, BpsHz:6.60771e-02
Node 60, SINR:7.32584e-01, BpsHz:6.60771e-02
Node 93, SINR:7.32584e-01, BpsHz:6.60771e-02
Node 110, SINR:7.32584e-01, BpsHz:6.60771e-02
Node 125, SINR:7.32584e-01, BpsHz:6.60771e-02
Node 162, SINR:7.32584e-01, BpsHz:6.60771e-02
Node 167, SINR:0.00000e+00, BpsHz:0.00000e+00
Node 171, SINR:7.32584e-01, BpsHz:6.60771e-02
Node 90, SINR:7.32584e-01, BpsHz:6.60771e-02
Node 53, SINR:7.32584e-01, BpsHz:6.60771e-02
Node 98, SINR:7.32584e-01, BpsHz:6.60771e-02
---------------
==========Cluster 4, RcvInterf=4.38583e-15============
Node 38, SINR:2.44399e+00, BpsHz:6.60771e-02
Node 49, SINR:0.00000e+00, BpsHz:0.00000e+00
Node 58, SINR:2.44399e+00, BpsHz:6.60771e-02
Node 86, SINR:2.44399e+00, BpsHz:6.60771e-02
Node 122, SINR:2.44399e+00, BpsHz:6.60771e-02
Node 130, SINR:2.44399e+00, BpsHz:6.60771e-02
Node 132, SINR:2.44399e+00, BpsHz:6.60771e-02
Node 134, SINR:2.44399e+00, BpsHz:6.60771e-02
Node 146, SINR:2.44399e+00, BpsHz:6.60771e-02
Node 149, SINR:2.44399e+00, BpsHz:6.60771e-02
Node 177, SINR:2.44399e+00, BpsHz:6.60771e-02
Node 178, SINR:2.44399e+00, BpsHz:6.60771e-02
Node 194, SINR:2.44399e+00, BpsHz:6.60771e-02
Node 57, SINR:2.44399e+00, BpsHz:6.60771e-02
Node 18, SINR:2.44399e+00, BpsHz:6.60771e-02
Node 184, SINR:2.44399e+00, BpsHz:6.60771e-02
Node 129, SINR:2.44399e+00, BpsHz:6.60771e-02
Node 15, SINR:2.44399e+00, BpsHz:6.60771e-02
Node 136, SINR:2.44399e+00, BpsHz:6.60771e-02
Node 179, SINR:2.44399e+00, BpsHz:6.60771e-02
Node 33, SINR:2.44399e+00, BpsHz:6.60771e-02
Node 84, SINR:2.44399e+00, BpsHz:6.60771e-02
Node 68, SINR:2.44399e+00, BpsHz:6.60771e-02
Node 48, SINR:2.44399e+00, BpsHz:6.60771e-02
Node 106, SINR:2.44399e+00, BpsHz:6.60771e-02
Node 112, SINR:2.44399e+00, BpsHz:6.60771e-02
Node 111, SINR:2.44399e+00, BpsHz:6.60771e-02
Node 52, SINR:2.44399e+00, BpsHz:6.60771e-02
---------------
195
5
1.000000e-03
1.931016e-312
135
3000
8.116156e+00
1.878662e+00
8.116156e-06
1.292204e-06
0 0 0 0 0 0 0 0 0 0 0 0 0 0 1 1 0 0 1 0 0 0 0 1 0 0 0 0 0 0 0 0 0 1 0 1 0 0 1 0 0 0 0 0 0 0 0 0 0 1 0 1 1 0 0 0 0 0 1 0 0 0 0 0 0 0 0 0 1 0 0 0 0 0 0 0 0 0 0 0 0 0 0 0 1 0 1 0 0 0 0 0 0 0 0 0 0 0 0 0 0 0 0 0 0 0 1 0 0 1 0 0 0 1 0 0 0 0 0 0 0 0 1 0 0 0 0 0 0 1 1 0 1 0 1 0 1 1 0 0 0 0 0 0 0 0 1 0 0 1 0 0 0 0 0 0 0 0 0 0 0 0 0 0 0 1 1 0 0 0 1 0 1 0 0 0 0 1 1 1 0 0 0 0 0 0 0 0 0 1 0 0 0 0 1 
0 0 0 0 0 0 0 0 0 0 1 0 0 0 0 0 0 0 0 0 0 0 0 0 0 1 0 0 0 0 0 1 0 0 0 0 0 0 0 0 0 1 0 1 0 0 0 0 0 0 0 0 0 0 0 0 0 0 0 1 0 0 0 1 0 0 0 1 0 0 0 0 0 0 0 0 0 0 0 0 0 0 0 0 0 0 0 0 0 1 1 0 0 0 0 0 0 0 1 0 0 1 0 0 0 0 0 0 0 0 1 0 0 0 0 0 0 1 0 0 1 0 0 0 0 1 1 0 0 0 0 0 0 1 0 0 0 0 0 0 0 1 1 0 1 0 0 0 1 0 0 1 0 0 0 1 0 1 0 0 0 0 0 0 0 0 0 0 0 0 0 1 0 0 0 0 0 0 0 0 0 0 0 0 0 1 0 1 0 0 0 0 1 1 0 
0 1 0 0 0 0 1 0 0 0 0 1 1 0 0 0 0 0 0 0 0 1 1 0 0 0 0 0 1 0 1 0 1 0 0 0 0 0 0 0 0 0 0 0 0 0 0 0 1 0 1 0 0 0 0 0 0 0 0 0 0 0 0 0 0 0 1 0 0 0 0 0 0 0 0 0 1 0 1 0 0 0 0 0 0 0 0 0 0 0 0 0 0 0 0 0 0 1 0 0 0 0 0 0 0 0 0 0 0 0 0 0 0 0 0 0 0 0 1 0 0 1 0 0 1 0 0 0 0 0 0 0 0 0 0 0 0 0 0 0 0 0 0 0 0 0 0 1 0 0 1 0 0 0 0 0 0 0 0 0 0 0 0 1 1 0 0 0 0 0 0 0 0 0 0 0 1 0 0 0 0 0 0 1 0 0 1 0 0 0 0 0 0 0 0 
0 0 0 0 1 1 0 0 0 1 0 0 0 0 0 0 0 1 0 0 0 0 0 0 0 0 1 0 0 0 0 0 0 0 0 0 1 1 0 0 0 0 0 0 0 1 1 0 0 0 0 0 0 1 0 0 0 0 0 0 1 0 0 0 1 0 0 0 0 0 0 1 1 0 0 0 0 1 0 1 0 0 0 1 0 0 0 0 0 0 0 0 0 0 0 1 0 0 0 0 1 0 0 0 0 0 0 0 1 0 0 0 0 0 0 0 0 0 0 0 0 0 0 0 0 0 0 0 1 0 0 1 0 0 0 0 0 0 0 0 0 0 0 0 0 0 0 0 0 0 0 0 0 0 0 0 0 0 0 0 0 0 0 0 0 0 0 0 1 0 0 0 0 0 0 0 0 0 0 0 0 0 0 0 0 0 0 0 0 0 0 0 0 0 0 
0 0 1 1 0 0 0 0 0 0 0 0 0 0 0 0 0 0 0 0 0 0 0 0 0 0 0 1 0 0 0 0 0 0 0 0 0 0 0 0 1 0 0 0 0 0 0 0 0 0 0 0 0 0 0 0 1 0 0 0 0 0 1 0 0 1 0 0 0 0 0 0 0 1 0 1 0 0 0 0 0 0 0 0 0 0 0 0 1 0 0 1 0 0 0 0 1 0 0 0 0 0 1 0 0 0 0 0 0 0 0 0 0 0 0 1 0 0 0 1 0 0 0 0 0 0 0 0 0 0 0 0 0 0 0 1 0 0 1 1 1 0 0 0 0 1 0 0 0 0 0 0 1 0 0 0 0 0 1 0 0 1 0 0 0 0 0 0 0 0 0 0 0 0 1 0 0 0 0 0 1 1 1 0 0 0 0 0 0 0 0 0 0 0 0 
131 102 122 10 136 
0.000000E+00 3.547591E-04 4.530027E-05 1.877166E-06 6.928115E-06 1.680453E-07 5.540134E-05 0.000000E+00 0.000000E+00 0.000000E+00 3.751831E-05 4.468774E-07 2.658272E-04 0.000000E+00 8.826663E-04 8.557405E-04 0.000000E+00 5.401659E-05 2.357361E-04 0.000000E+00 0.000000E+00 3.052328E-04 4.777163E-05 5.821928E-04 0.000000E+00 1.050697E-05 1.895340E-07 3.717468E-04 1.851455E-06 0.000000E+00 1.780217E-05 7.610489E-05 2.180131E-05 3.145691E-05 0.000000E+00 1.036563E-04 1.731642E-06 7.387058E-08 5.794145E-04 0.000000E+00 6.345081E-05 2.794094E-04 0.000000E+00 9.442054E-05 0.000000E+00 1.394931E-05 1.558742E-06 0.000000E+00 1.632090E-04 9.407901E-06 1.854746E-06 1.626059E-04 5.350804E-04 6.049443E-04 0.000000E+00 0.000000E+00 2.428518E-04 0.000000E+00 2.400502E-04 9.247674E-06 6.521963E-05 0.000000E+00 1.429491E-04 4.359482E-04 6.771246E-06 2.181409E-04 1.571759E-05 5.701691E-05 9.883569E-05 0.000000E+00 0.000000E+00 1.010340E-05 5.660959E-06 3.151112E-07 0.000000E+00 1.537122E-04 2.659491E-04 2.992066E-05 1.117989E-04 2.479343E-04 0.000000E+00 0.000000E+00 0.000000E+00 6.627459E-06 5.361785E-04 0.000000E+00 4.931101E-04 0.000000E+00 1.917394E-04 7.895759E-07 4.595026E-05 3.046038E-06 0.000000E+00 0.000000E+00 0.000000E+00 1.240859E-05 1.195703E-04 1.026266E-05 8.454343E-05 0.000000E+00 2.490344E-04 0.000000E+00 1.550109E-04 0.000000E+00 0.000000E+00 0.000000E+00 6.641928E-05 0.000000E+00 3.602108E-05 1.881911E-04 1.481388E-04 0.000000E+00 0.000000E+00 4.314079E-04 0.000000E+00 1.291196E-05 0.000000E+00 7.514280E-04 3.493666E-05 5.200709E-06 1.676193E-04 0.000000E+00 2.677805E-06 0.000000E+00 5.145062E-04 5.494118E-05 4.569613E-04 0.000000E+00 3.326532E-05 1.528097E-04 0.000000E+00 8.487466E-05 3.200597E-04 3.185238E-05 1.891011E-04 0.000000E+00 9.991018E-04 1.667138E-04 6.392733E-05 1.522923E-07 3.263833E-06 2.308635E-04 2.016610E-04 0.000000E+00 2.605250E-06 6.521109E-06 9.475009E-06 1.089032E-06 3.044190E-06 2.341587E-06 1.029714E-06 4.424990E-05 7.335802E-06 0.000000E+00 0.000000E+00 1.384925E-04 0.000000E+00 7.863023E-04 2.090016E-06 0.000000E+00 0.000000E+00 1.319005E-04 0.000000E+00 4.504478E-05 3.175175E-05 2.288511E-04 1.162914E-04 0.000000E+00 1.211543E-05 0.000000E+00 6.362035E-04 1.060954E-04 2.373439E-04 0.000000E+00 8.470775E-06 0.000000E+00 3.278472E-05 1.484202E-07 1.189215E-07 8.265942E-05 4.356820E-06 3.976713E-07 5.556193E-05 1.194599E-04 0.000000E+00 4.010181E-04 4.487433E-05 5.307531E-05 0.000000E+00 1.800274E-04 0.000000E+00 0.000000E+00 5.067263E-09 6.368137E-06 8.506834E-05 
15 19 34 36 50 52 59 69 87 107 110 114 123 130 131 133 135 137 138 147 150 166 167 171 173 178 179 180 190 195 16 24 53 39 85 
11 26 32 60 68 90 91 99 102 126 134 143 145 149 188 193 194 44 42 152 172 142 111 118 158 121 156 186 64 127 
2 7 12 13 23 29 31 33 51 67 79 98 119 122 125 148 151 164 165 177 184 187 22 49 77 
6 10 27 37 38 46 47 65 73 84 109 169 61 18 132 129 5 72 96 78 80 101 54 
3 4 57 63 74 92 97 116 120 136 139 140 141 146 153 159 162 175 181 182 183 66 41 103 28 76 89 

============Find Best @ Round 2769================
==========Cluster 0, RcvInterf=1.27691e-14============
Node 14, SINR:1.01416e+00, BpsHz:2.97111e-02
Node 18, SINR:1.01416e+00, BpsHz:2.97111e-02
Node 33, SINR:1.01416e+00, BpsHz:2.97111e-02
Node 35, SINR:1.01416e+00, BpsHz:2.97111e-02
Node 49, SINR:1.01416e+00, BpsHz:2.97111e-02
Node 51, SINR:1.01416e+00, BpsHz:2.97111e-02
Node 58, SINR:1.01416e+00, BpsHz:2.97111e-02
Node 68, SINR:1.01416e+00, BpsHz:2.97111e-02
Node 86, SINR:1.01416e+00, BpsHz:2.97111e-02
Node 106, SINR:1.01416e+00, BpsHz:2.97111e-02
Node 109, SINR:1.01416e+00, BpsHz:2.97111e-02
Node 113, SINR:1.01416e+00, BpsHz:2.97111e-02
Node 122, SINR:1.01416e+00, BpsHz:2.97111e-02
Node 129, SINR:1.01416e+00, BpsHz:2.97111e-02
Node 130, SINR:0.00000e+00, BpsHz:0.00000e+00
Node 132, SINR:1.01416e+00, BpsHz:2.97111e-02
Node 134, SINR:1.01416e+00, BpsHz:2.97111e-02
Node 136, SINR:1.01416e+00, BpsHz:2.97111e-02
Node 137, SINR:1.01416e+00, BpsHz:2.97111e-02
Node 146, SINR:1.01416e+00, BpsHz:2.97111e-02
Node 149, SINR:1.01416e+00, BpsHz:2.97111e-02
Node 165, SINR:1.01416e+00, BpsHz:2.97111e-02
Node 166, SINR:1.01416e+00, BpsHz:2.97111e-02
Node 170, SINR:1.01416e+00, BpsHz:2.97111e-02
Node 172, SINR:1.01416e+00, BpsHz:2.97111e-02
Node 177, SINR:1.01416e+00, BpsHz:2.97111e-02
Node 178, SINR:1.01416e+00, BpsHz:2.97111e-02
Node 179, SINR:1.01416e+00, BpsHz:2.97111e-02
Node 189, SINR:1.01416e+00, BpsHz:2.97111e-02
Node 194, SINR:1.01416e+00, BpsHz:2.97111e-02
Node 15, SINR:1.01416e+00, BpsHz:2.97111e-02
Node 23, SINR:1.01416e+00, BpsHz:2.97111e-02
Node 52, SINR:1.01416e+00, BpsHz:2.97111e-02
Node 38, SINR:1.01416e+00, BpsHz:2.97111e-02
Node 84, SINR:1.01416e+00, BpsHz:2.97111e-02
---------------
==========Cluster 1, RcvInterf=2.33797e-14============
Node 10, SINR:8.17079e-01, BpsHz:2.97111e-02
Node 25, SINR:8.17079e-01, BpsHz:2.97111e-02
Node 31, SINR:8.17079e-01, BpsHz:2.97111e-02
Node 59, SINR:8.17079e-01, BpsHz:2.97111e-02
Node 67, SINR:8.17079e-01, BpsHz:2.97111e-02
Node 89, SINR:8.17079e-01, BpsHz:2.97111e-02
Node 90, SINR:8.17079e-01, BpsHz:2.97111e-02
Node 98, SINR:8.17079e-01, BpsHz:2.97111e-02
Node 101, SINR:0.00000e+00, BpsHz:0.00000e+00
Node 125, SINR:8.17079e-01, BpsHz:2.97111e-02
Node 133, SINR:8.17079e-01, BpsHz:2.97111e-02
Node 142, SINR:8.17079e-01, BpsHz:2.97111e-02
Node 144, SINR:8.17079e-01, BpsHz:2.97111e-02
Node 148, SINR:8.17079e-01, BpsHz:2.97111e-02
Node 187, SINR:8.17079e-01, BpsHz:2.97111e-02
Node 192, SINR:8.17079e-01, BpsHz:2.97111e-02
Node 193, SINR:8.17079e-01, BpsHz:2.97111e-02
Node 43, SINR:8.17079e-01, BpsHz:2.97111e-02
Node 41, SINR:8.17079e-01, BpsHz:2.97111e-02
Node 151, SINR:8.17079e-01, BpsHz:2.97111e-02
Node 171, SINR:8.17079e-01, BpsHz:2.97111e-02
Node 141, SINR:8.17079e-01, BpsHz:2.97111e-02
Node 110, SINR:8.17079e-01, BpsHz:2.97111e-02
Node 117, SINR:8.17079e-01, BpsHz:2.97111e-02
Node 157, SINR:8.17079e-01, BpsHz:2.97111e-02
Node 120, SINR:8.17079e-01, BpsHz:2.97111e-02
Node 155, SINR:8.17079e-01, BpsHz:2.97111e-02
Node 185, SINR:8.17079e-01, BpsHz:2.97111e-02
Node 63, SINR:8.17079e-01, BpsHz:2.97111e-02
Node 126, SINR:8.17079e-01, BpsHz:2.97111e-02
---------------
==========Cluster 2, RcvInterf=1.70392e-14============
Node 1, SINR:6.39284e-01, BpsHz:2.97111e-02
Node 6, SINR:6.39284e-01, BpsHz:2.97111e-02
Node 11, SINR:6.39284e-01, BpsHz:2.97111e-02
Node 12, SINR:6.39284e-01, BpsHz:2.97111e-02
Node 22, SINR:6.39284e-01, BpsHz:2.97111e-02
Node 28, SINR:6.39284e-01, BpsHz:2.97111e-02
Node 30, SINR:6.39284e-01, BpsHz:2.97111e-02
Node 32, SINR:6.39284e-01, BpsHz:2.97111e-02
Node 50, SINR:6.39284e-01, BpsHz:2.97111e-02
Node 66, SINR:6.39284e-01, BpsHz:2.97111e-02
Node 78, SINR:6.39284e-01, BpsHz:2.97111e-02
Node 97, SINR:6.39284e-01, BpsHz:2.97111e-02
Node 118, SINR:6.39284e-01, BpsHz:2.97111e-02
Node 121, SINR:0.00000e+00, BpsHz:0.00000e+00
Node 124, SINR:6.39284e-01, BpsHz:2.97111e-02
Node 147, SINR:6.39284e-01, BpsHz:2.97111e-02
Node 150, SINR:6.39284e-01, BpsHz:2.97111e-02
Node 163, SINR:6.39284e-01, BpsHz:2.97111e-02
Node 164, SINR:6.39284e-01, BpsHz:2.97111e-02
Node 176, SINR:6.39284e-01, BpsHz:2.97111e-02
Node 183, SINR:6.39284e-01, BpsHz:2.97111e-02
Node 186, SINR:6.39284e-01, BpsHz:2.97111e-02
Node 21, SINR:6.39284e-01, BpsHz:2.97111e-02
Node 48, SINR:6.39284e-01, BpsHz:2.97111e-02
Node 76, SINR:6.39284e-01, BpsHz:2.97111e-02
---------------
==========Cluster 3, RcvInterf=1.54856e-14============
Node 5, SINR:5.73136e-01, BpsHz:2.97111e-02
Node 9, SINR:0.00000e+00, BpsHz:0.00000e+00
Node 26, SINR:5.73136e-01, BpsHz:2.97111e-02
Node 36, SINR:5.73136e-01, BpsHz:2.97111e-02
Node 37, SINR:5.73136e-01, BpsHz:2.97111e-02
Node 45, SINR:5.73136e-01, BpsHz:2.97111e-02
Node 46, SINR:5.73136e-01, BpsHz:2.97111e-02
Node 64, SINR:5.73136e-01, BpsHz:2.97111e-02
Node 72, SINR:5.73136e-01, BpsHz:2.97111e-02
Node 83, SINR:5.73136e-01, BpsHz:2.97111e-02
Node 108, SINR:5.73136e-01, BpsHz:2.97111e-02
Node 168, SINR:5.73136e-01, BpsHz:2.97111e-02
Node 60, SINR:5.73136e-01, BpsHz:2.97111e-02
Node 17, SINR:5.73136e-01, BpsHz:2.97111e-02
Node 131, SINR:5.73136e-01, BpsHz:2.97111e-02
Node 128, SINR:5.73136e-01, BpsHz:2.97111e-02
Node 4, SINR:5.73136e-01, BpsHz:2.97111e-02
Node 71, SINR:5.73136e-01, BpsHz:2.97111e-02
Node 95, SINR:5.73136e-01, BpsHz:2.97111e-02
Node 77, SINR:5.73136e-01, BpsHz:2.97111e-02
Node 79, SINR:5.73136e-01, BpsHz:2.97111e-02
Node 100, SINR:5.73136e-01, BpsHz:2.97111e-02
Node 53, SINR:5.73136e-01, BpsHz:2.97111e-02
---------------
==========Cluster 4, RcvInterf=1.81415e-14============
Node 2, SINR:7.08213e-01, BpsHz:2.97111e-02
Node 3, SINR:7.08213e-01, BpsHz:2.97111e-02
Node 56, SINR:7.08213e-01, BpsHz:2.97111e-02
Node 62, SINR:7.08213e-01, BpsHz:2.97111e-02
Node 73, SINR:7.08213e-01, BpsHz:2.97111e-02
Node 91, SINR:7.08213e-01, BpsHz:2.97111e-02
Node 96, SINR:7.08213e-01, BpsHz:2.97111e-02
Node 115, SINR:7.08213e-01, BpsHz:2.97111e-02
Node 119, SINR:7.08213e-01, BpsHz:2.97111e-02
Node 135, SINR:0.00000e+00, BpsHz:0.00000e+00
Node 138, SINR:7.08213e-01, BpsHz:2.97111e-02
Node 139, SINR:7.08213e-01, BpsHz:2.97111e-02
Node 140, SINR:7.08213e-01, BpsHz:2.97111e-02
Node 145, SINR:7.08213e-01, BpsHz:2.97111e-02
Node 152, SINR:7.08213e-01, BpsHz:2.97111e-02
Node 158, SINR:7.08213e-01, BpsHz:2.97111e-02
Node 161, SINR:7.08213e-01, BpsHz:2.97111e-02
Node 174, SINR:7.08213e-01, BpsHz:2.97111e-02
Node 180, SINR:7.08213e-01, BpsHz:2.97111e-02
Node 181, SINR:7.08213e-01, BpsHz:2.97111e-02
Node 182, SINR:7.08213e-01, BpsHz:2.97111e-02
Node 65, SINR:7.08213e-01, BpsHz:2.97111e-02
Node 40, SINR:7.08213e-01, BpsHz:2.97111e-02
Node 102, SINR:7.08213e-01, BpsHz:2.97111e-02
Node 27, SINR:7.08213e-01, BpsHz:2.97111e-02
Node 75, SINR:7.08213e-01, BpsHz:2.97111e-02
Node 88, SINR:7.08213e-01, BpsHz:2.97111e-02
---------------
