195
5
1.000000e-03
1.931016e-312
86
3000
4.786680e+00
4.432678e-01
4.786681e-06
3.796389e-07
0 0 0 0 0 0 0 0 0 0 0 0 0 0 0 0 0 0 0 0 0 0 0 0 1 0 0 0 0 0 0 1 0 0 0 0 0 0 0 0 0 1 0 0 0 0 0 0 0 0 0 0 0 0 0 0 0 0 0 0 0 0 0 0 0 0 0 0 0 0 1 0 0 0 0 0 0 0 0 0 0 0 0 0 0 0 0 0 0 0 1 0 0 0 0 0 0 0 0 0 0 1 0 1 0 0 0 0 0 0 0 0 0 0 0 0 0 1 0 0 0 0 0 1 0 0 0 0 0 0 0 0 0 1 0 0 0 0 0 0 0 0 1 1 1 0 0 0 1 0 0 1 0 0 0 0 1 0 0 0 0 0 0 0 0 0 0 0 0 0 0 0 0 0 0 0 0 0 0 0 0 0 0 0 0 0 0 1 0 0 0 0 1 0 0 
0 0 0 0 1 1 0 1 0 1 0 0 0 0 0 0 0 1 0 0 0 0 0 0 0 0 1 0 0 0 0 0 0 0 0 0 1 1 0 0 0 0 0 0 0 1 1 0 0 0 0 0 0 0 0 0 0 0 0 0 0 0 0 0 1 0 0 0 0 0 0 1 1 0 0 0 0 1 0 0 0 0 0 1 0 0 0 0 0 0 0 0 0 1 0 1 0 0 0 0 0 0 0 0 0 0 0 0 1 0 0 0 0 0 0 0 0 0 0 0 0 0 0 0 0 0 0 0 1 0 0 0 0 0 0 0 0 0 0 0 0 0 0 0 0 0 0 0 0 0 0 0 0 0 0 0 0 0 0 0 0 0 0 0 0 0 0 0 1 0 0 0 0 0 0 0 0 0 0 0 0 0 0 0 0 0 0 0 0 0 0 0 0 0 0 
0 0 0 0 0 0 0 0 0 0 0 0 0 0 0 0 0 0 0 0 0 0 0 0 0 0 0 0 0 0 0 0 0 1 0 1 0 0 0 0 0 0 1 0 0 0 0 0 0 1 0 1 0 0 0 0 0 0 0 0 0 0 0 0 0 0 0 0 1 0 0 0 0 0 0 0 0 0 0 0 0 0 0 0 0 0 0 0 0 0 0 0 0 0 0 0 0 0 0 0 0 0 0 0 0 0 1 0 0 1 0 0 0 1 0 0 0 0 0 0 0 0 1 0 0 0 0 0 0 0 1 0 0 0 0 0 0 1 0 0 0 0 0 0 0 0 1 0 0 1 0 0 0 0 0 0 0 0 0 0 0 0 0 0 0 1 1 0 0 0 0 0 1 0 0 0 0 1 1 1 0 0 0 0 0 0 0 0 0 1 0 0 0 0 0 
0 1 0 0 0 0 0 0 0 0 0 1 0 0 0 0 0 0 0 0 0 1 0 0 0 0 0 0 0 0 0 0 0 0 0 0 0 0 0 1 0 0 0 0 0 0 0 0 1 0 1 0 0 0 0 0 0 0 0 0 0 0 0 0 0 0 0 0 0 0 0 0 0 0 0 0 0 0 1 0 0 0 0 0 0 0 0 0 0 0 0 0 0 0 1 0 0 0 0 0 0 0 0 0 0 0 0 0 0 0 0 0 1 0 0 0 0 0 0 0 0 0 0 0 1 0 0 0 0 0 0 0 0 0 0 0 0 0 0 0 0 0 0 0 0 0 0 0 0 0 1 0 0 0 0 0 0 0 0 0 0 0 0 1 0 0 0 0 0 0 0 0 0 0 0 0 1 0 0 0 0 0 0 1 1 0 0 0 1 0 0 0 0 0 0 
0 0 0 1 0 0 0 0 0 0 0 0 0 0 0 0 0 0 0 1 0 0 0 0 0 0 0 0 0 0 0 0 0 0 0 0 0 0 0 0 0 0 0 0 0 0 0 0 0 0 0 0 0 0 0 0 0 0 0 0 0 0 0 0 0 0 0 0 0 0 0 0 0 1 0 0 0 0 0 0 0 0 0 0 0 1 0 0 0 0 0 1 0 0 0 0 0 0 0 0 0 0 1 0 0 0 0 0 0 0 0 0 0 0 0 1 0 0 0 0 0 0 0 0 0 0 0 0 0 0 0 0 0 0 0 1 0 0 0 1 1 0 0 0 0 0 0 0 0 0 0 0 1 0 0 0 0 0 1 0 0 1 0 0 0 0 0 0 0 0 0 0 0 0 0 0 0 0 0 0 1 1 1 0 0 0 0 0 0 0 0 0 0 0 0 
134 47 178 79 159 
0.000000E+00 4.477113E-05 0.000000E+00 1.574734E-04 3.411770E-07 3.803461E-06 0.000000E+00 5.412394E-06 0.000000E+00 8.239104E-06 0.000000E+00 1.703672E-04 0.000000E+00 0.000000E+00 0.000000E+00 0.000000E+00 0.000000E+00 4.041640E-05 0.000000E+00 1.375663E-04 0.000000E+00 3.111439E-06 0.000000E+00 0.000000E+00 1.204073E-04 0.000000E+00 2.961257E-06 0.000000E+00 0.000000E+00 0.000000E+00 0.000000E+00 1.045463E-05 0.000000E+00 2.119733E-04 0.000000E+00 2.126768E-04 1.000891E-04 2.441139E-05 0.000000E+00 1.246788E-04 0.000000E+00 1.971412E-04 7.824719E-04 0.000000E+00 0.000000E+00 3.073784E-04 0.000000E+00 0.000000E+00 6.633752E-06 6.219983E-05 4.213294E-05 7.406463E-04 0.000000E+00 0.000000E+00 0.000000E+00 0.000000E+00 0.000000E+00 0.000000E+00 0.000000E+00 0.000000E+00 0.000000E+00 0.000000E+00 0.000000E+00 0.000000E+00 2.829377E-04 0.000000E+00 0.000000E+00 0.000000E+00 5.100833E-04 0.000000E+00 1.141335E-05 3.243472E-06 3.030675E-04 1.537114E-05 0.000000E+00 0.000000E+00 0.000000E+00 1.935057E-05 0.000000E+00 0.000000E+00 0.000000E+00 0.000000E+00 0.000000E+00 5.379539E-05 0.000000E+00 3.950810E-05 0.000000E+00 0.000000E+00 0.000000E+00 0.000000E+00 8.753977E-05 2.827972E-06 0.000000E+00 1.109473E-04 1.175583E-05 3.042646E-05 0.000000E+00 0.000000E+00 0.000000E+00 0.000000E+00 0.000000E+00 7.768811E-05 1.093133E-04 6.228130E-05 0.000000E+00 0.000000E+00 2.033756E-04 0.000000E+00 9.994823E-04 8.173986E-04 0.000000E+00 0.000000E+00 4.031698E-06 8.648429E-04 0.000000E+00 2.467570E-04 0.000000E+00 3.469359E-04 0.000000E+00 0.000000E+00 0.000000E+00 0.000000E+00 3.513451E-06 5.714118E-05 2.429263E-04 0.000000E+00 0.000000E+00 0.000000E+00 8.393243E-05 0.000000E+00 4.597701E-07 0.000000E+00 0.000000E+00 0.000000E+00 0.000000E+00 8.672758E-06 0.000000E+00 2.418503E-04 0.000000E+00 1.005970E-05 8.932375E-07 0.000000E+00 1.738991E-05 2.303888E-04 4.069313E-05 0.000000E+00 4.920897E-05 0.000000E+00 8.804302E-05 4.265157E-05 5.895515E-05 1.276845E-04 2.423348E-04 0.000000E+00 0.000000E+00 0.000000E+00 8.122571E-04 0.000000E+00 0.000000E+00 0.000000E+00 0.000000E+00 1.804038E-04 0.000000E+00 1.465496E-05 0.000000E+00 8.512288E-04 1.623561E-04 0.000000E+00 4.985154E-06 0.000000E+00 0.000000E+00 0.000000E+00 5.414060E-04 0.000000E+00 0.000000E+00 0.000000E+00 3.126056E-04 0.000000E+00 5.213981E-06 5.729718E-04 2.110634E-04 3.404760E-05 1.873960E-05 6.667587E-04 1.844681E-05 0.000000E+00 0.000000E+00 4.543177E-08 1.266101E-05 7.231608E-04 0.000000E+00 0.000000E+00 1.088859E-04 0.000000E+00 0.000000E+00 
25 32 42 71 91 102 104 118 124 134 143 144 145 149 152 157 188 193 
5 6 8 10 18 27 37 38 46 47 65 72 73 78 84 94 96 109 129 169 
34 36 50 52 69 107 110 114 123 131 138 147 150 166 167 173 178 179 180 190 43 
12 22 40 49 51 79 95 113 125 151 164 177 185 189 2 184 
4 20 74 86 92 103 116 136 140 141 153 159 162 181 182 183 

============Find Best @ Round 232================
==========Cluster 0, RcvInterf=6.18531e-15============
Node 24, SINR:3.40967e+00, BpsHz:1.25922e-01
Node 31, SINR:3.40967e+00, BpsHz:1.25922e-01
Node 41, SINR:3.40967e+00, BpsHz:1.25922e-01
Node 70, SINR:3.40967e+00, BpsHz:1.25922e-01
Node 90, SINR:3.40967e+00, BpsHz:1.25922e-01
Node 101, SINR:3.40967e+00, BpsHz:1.25922e-01
Node 103, SINR:3.40967e+00, BpsHz:1.25922e-01
Node 117, SINR:3.40967e+00, BpsHz:1.25922e-01
Node 123, SINR:3.40967e+00, BpsHz:1.25922e-01
Node 133, SINR:0.00000e+00, BpsHz:0.00000e+00
Node 142, SINR:3.40967e+00, BpsHz:1.25922e-01
Node 143, SINR:3.40967e+00, BpsHz:1.25922e-01
Node 144, SINR:3.40967e+00, BpsHz:1.25922e-01
Node 148, SINR:3.40967e+00, BpsHz:1.25922e-01
Node 151, SINR:3.40967e+00, BpsHz:1.25922e-01
Node 156, SINR:3.40967e+00, BpsHz:1.25922e-01
Node 187, SINR:3.40967e+00, BpsHz:1.25922e-01
Node 192, SINR:3.40967e+00, BpsHz:1.25922e-01
---------------
==========Cluster 1, RcvInterf=5.86487e-15============
Node 4, SINR:4.25072e+00, BpsHz:1.25922e-01
Node 5, SINR:4.25072e+00, BpsHz:1.25922e-01
Node 7, SINR:4.25072e+00, BpsHz:1.25922e-01
Node 9, SINR:4.25072e+00, BpsHz:1.25922e-01
Node 17, SINR:4.25072e+00, BpsHz:1.25922e-01
Node 26, SINR:4.25072e+00, BpsHz:1.25922e-01
Node 36, SINR:4.25072e+00, BpsHz:1.25922e-01
Node 37, SINR:4.25072e+00, BpsHz:1.25922e-01
Node 45, SINR:4.25072e+00, BpsHz:1.25922e-01
Node 46, SINR:0.00000e+00, BpsHz:0.00000e+00
Node 64, SINR:4.25072e+00, BpsHz:1.25922e-01
Node 71, SINR:4.25072e+00, BpsHz:1.25922e-01
Node 72, SINR:4.25072e+00, BpsHz:1.25922e-01
Node 77, SINR:4.25072e+00, BpsHz:1.25922e-01
Node 83, SINR:4.25072e+00, BpsHz:1.25922e-01
Node 93, SINR:4.25072e+00, BpsHz:1.25922e-01
Node 95, SINR:4.25072e+00, BpsHz:1.25922e-01
Node 108, SINR:4.25072e+00, BpsHz:1.25922e-01
Node 128, SINR:4.25072e+00, BpsHz:1.25922e-01
Node 168, SINR:4.25072e+00, BpsHz:1.25922e-01
---------------
==========Cluster 2, RcvInterf=2.43821e-15============
Node 33, SINR:4.72961e+00, BpsHz:1.25922e-01
Node 35, SINR:4.72961e+00, BpsHz:1.25922e-01
Node 49, SINR:4.72961e+00, BpsHz:1.25922e-01
Node 51, SINR:4.72961e+00, BpsHz:1.25922e-01
Node 68, SINR:4.72961e+00, BpsHz:1.25922e-01
Node 106, SINR:4.72961e+00, BpsHz:1.25922e-01
Node 109, SINR:4.72961e+00, BpsHz:1.25922e-01
Node 113, SINR:4.72961e+00, BpsHz:1.25922e-01
Node 122, SINR:4.72961e+00, BpsHz:1.25922e-01
Node 130, SINR:4.72961e+00, BpsHz:1.25922e-01
Node 137, SINR:4.72961e+00, BpsHz:1.25922e-01
Node 146, SINR:4.72961e+00, BpsHz:1.25922e-01
Node 149, SINR:4.72961e+00, BpsHz:1.25922e-01
Node 165, SINR:4.72961e+00, BpsHz:1.25922e-01
Node 166, SINR:4.72961e+00, BpsHz:1.25922e-01
Node 172, SINR:4.72961e+00, BpsHz:1.25922e-01
Node 177, SINR:0.00000e+00, BpsHz:0.00000e+00
Node 178, SINR:4.72961e+00, BpsHz:1.25922e-01
Node 179, SINR:4.72961e+00, BpsHz:1.25922e-01
Node 189, SINR:4.72961e+00, BpsHz:1.25922e-01
Node 42, SINR:4.72961e+00, BpsHz:1.25922e-01
---------------
==========Cluster 3, RcvInterf=6.37399e-15============
Node 11, SINR:2.70334e+00, BpsHz:1.25922e-01
Node 21, SINR:2.70334e+00, BpsHz:1.25922e-01
Node 39, SINR:2.70334e+00, BpsHz:1.25922e-01
Node 48, SINR:2.70334e+00, BpsHz:1.25922e-01
Node 50, SINR:2.70334e+00, BpsHz:1.25922e-01
Node 78, SINR:0.00000e+00, BpsHz:0.00000e+00
Node 94, SINR:2.70334e+00, BpsHz:1.25922e-01
Node 112, SINR:2.70334e+00, BpsHz:1.25922e-01
Node 124, SINR:2.70334e+00, BpsHz:1.25922e-01
Node 150, SINR:2.70334e+00, BpsHz:1.25922e-01
Node 163, SINR:2.70334e+00, BpsHz:1.25922e-01
Node 176, SINR:2.70334e+00, BpsHz:1.25922e-01
Node 184, SINR:2.70334e+00, BpsHz:1.25922e-01
Node 188, SINR:2.70334e+00, BpsHz:1.25922e-01
Node 1, SINR:2.70334e+00, BpsHz:1.25922e-01
Node 183, SINR:2.70334e+00, BpsHz:1.25922e-01
---------------
==========Cluster 4, RcvInterf=2.12895e-14============
Node 3, SINR:2.70334e+00, BpsHz:1.25922e-01
Node 19, SINR:2.70334e+00, BpsHz:1.25922e-01
Node 73, SINR:2.70334e+00, BpsHz:1.25922e-01
Node 85, SINR:2.70334e+00, BpsHz:1.25922e-01
Node 91, SINR:2.70334e+00, BpsHz:1.25922e-01
Node 102, SINR:2.70334e+00, BpsHz:1.25922e-01
Node 115, SINR:2.70334e+00, BpsHz:1.25922e-01
Node 135, SINR:2.70334e+00, BpsHz:1.25922e-01
Node 139, SINR:2.70334e+00, BpsHz:1.25922e-01
Node 140, SINR:2.70334e+00, BpsHz:1.25922e-01
Node 152, SINR:2.70334e+00, BpsHz:1.25922e-01
Node 158, SINR:0.00000e+00, BpsHz:0.00000e+00
Node 161, SINR:2.70334e+00, BpsHz:1.25922e-01
Node 180, SINR:2.70334e+00, BpsHz:1.25922e-01
Node 181, SINR:2.70334e+00, BpsHz:1.25922e-01
Node 182, SINR:2.70334e+00, BpsHz:1.25922e-01
---------------
195
5
1.000000e-03
1.931016e-312
84
3000
4.176085e+00
1.065674e+00
4.176085e-06
2.439121e-07
0 0 0 0 0 0 0 0 0 0 0 0 1 0 0 0 0 0 0 0 0 0 1 0 1 0 0 0 1 0 0 0 1 0 0 0 0 0 0 0 0 0 0 0 0 0 0 0 0 0 0 0 0 0 0 0 0 0 0 0 0 0 0 0 0 0 0 0 0 0 1 0 0 0 0 0 1 0 0 0 0 0 1 0 0 0 0 0 0 0 0 0 0 0 0 0 0 0 0 0 0 0 0 1 0 0 0 0 0 0 0 0 0 0 0 0 0 0 1 0 0 0 0 0 0 0 0 0 0 0 0 0 0 0 0 0 0 0 0 0 0 0 0 1 0 0 0 1 0 0 0 0 0 0 0 0 0 0 0 0 0 0 0 0 1 0 0 0 0 0 0 0 0 0 0 0 0 0 0 0 0 0 0 0 0 0 0 0 0 0 0 0 0 0 0 
1 0 0 0 1 1 0 1 0 1 0 0 0 0 0 0 0 1 0 0 0 0 0 0 0 0 1 0 0 0 0 0 0 0 0 0 1 1 0 0 0 0 0 1 0 1 1 1 0 0 0 0 0 0 0 0 0 0 0 0 1 0 0 0 1 0 0 1 0 1 0 1 1 0 0 0 0 1 0 0 0 0 0 0 0 0 0 0 0 0 0 0 0 1 0 0 0 0 0 0 0 0 0 0 0 1 0 0 0 0 1 0 0 0 0 0 0 0 0 0 1 0 0 0 0 0 0 0 0 0 0 1 0 0 0 0 0 0 0 0 0 0 0 0 0 0 0 0 0 0 0 0 0 0 0 0 0 0 0 0 0 0 0 0 0 0 0 1 1 0 0 1 0 0 0 0 0 0 0 0 0 0 0 0 0 0 0 0 0 0 0 0 0 0 0 
0 0 0 0 0 0 0 0 1 0 0 0 0 0 0 1 0 0 0 0 0 0 0 0 0 0 0 0 0 0 0 0 0 0 0 0 0 0 1 0 0 0 0 0 0 0 0 0 1 0 0 0 1 0 0 1 0 1 1 0 0 0 0 1 0 0 0 0 0 0 0 0 0 0 0 0 0 0 1 0 0 0 0 0 1 0 1 0 0 0 0 0 0 0 1 0 0 0 0 0 0 0 0 0 0 0 0 0 0 0 0 0 1 0 0 0 0 0 0 0 0 0 0 0 0 0 0 0 0 0 0 0 0 0 1 0 0 0 0 0 0 0 0 0 0 0 0 0 0 0 0 0 0 0 0 0 0 0 0 0 0 0 0 1 0 0 0 0 0 0 0 0 0 0 0 0 0 0 0 0 0 0 0 0 1 0 0 0 1 0 0 1 0 0 0 
0 0 0 0 0 0 0 0 0 0 0 0 0 0 1 0 0 0 0 0 0 0 0 0 0 0 0 0 0 0 0 0 0 0 0 1 0 0 0 0 0 0 0 0 0 0 0 0 0 0 0 0 0 0 0 0 0 0 0 0 0 0 0 0 0 0 0 0 0 0 0 0 0 0 0 0 0 0 0 0 0 0 0 0 0 0 0 0 0 0 0 0 0 0 0 0 0 0 0 0 0 0 0 0 0 0 1 0 0 0 0 0 0 1 0 0 0 0 0 0 0 0 0 0 0 0 0 0 0 0 0 0 0 0 0 0 0 0 0 0 0 0 0 0 0 0 0 0 0 0 0 0 0 0 0 0 0 0 0 0 0 0 0 0 0 0 1 0 0 0 1 0 1 0 0 0 0 0 0 0 0 0 0 0 0 0 0 0 0 0 0 0 0 0 0 
0 0 0 1 0 0 0 0 0 0 0 0 0 0 0 0 0 0 0 1 0 0 0 0 0 0 0 0 0 0 0 0 0 0 0 0 0 0 0 0 1 0 0 0 0 0 0 0 0 0 0 0 0 0 0 0 0 0 0 0 0 0 0 0 0 1 0 0 0 0 0 0 0 1 0 1 0 0 0 0 0 0 0 0 0 1 0 0 1 0 0 1 0 0 0 0 0 0 0 0 0 0 1 0 0 0 0 0 0 0 0 0 0 0 0 1 0 0 0 1 0 0 0 0 0 0 0 0 0 0 0 0 0 0 0 1 0 0 0 1 1 0 0 0 0 0 0 0 0 0 0 0 1 0 0 0 0 0 1 0 0 1 0 0 0 0 0 0 0 0 0 0 0 0 1 0 0 0 0 0 1 1 1 0 0 0 0 0 0 0 0 0 0 0 0 
33 78 58 36 159 
1.777410E-05 0.000000E+00 0.000000E+00 3.486803E-05 1.073747E-06 6.292379E-05 0.000000E+00 2.322998E-05 2.253405E-06 5.795715E-05 0.000000E+00 0.000000E+00 4.623763E-05 0.000000E+00 2.660486E-06 2.841672E-04 0.000000E+00 5.353881E-05 0.000000E+00 3.046016E-05 0.000000E+00 0.000000E+00 6.740638E-06 0.000000E+00 4.750168E-06 0.000000E+00 5.731261E-05 0.000000E+00 4.620539E-07 0.000000E+00 0.000000E+00 0.000000E+00 0.000000E+00 0.000000E+00 0.000000E+00 0.000000E+00 3.065864E-04 6.210934E-05 2.462231E-05 0.000000E+00 1.799749E-05 0.000000E+00 0.000000E+00 8.148685E-05 0.000000E+00 1.859051E-04 7.091266E-06 4.795155E-05 7.318398E-06 0.000000E+00 0.000000E+00 0.000000E+00 4.954824E-05 0.000000E+00 0.000000E+00 4.531244E-06 0.000000E+00 0.000000E+00 2.399047E-05 0.000000E+00 2.747791E-04 0.000000E+00 0.000000E+00 7.294319E-05 2.757399E-04 5.751168E-05 0.000000E+00 8.672562E-05 0.000000E+00 4.688204E-05 3.664884E-06 3.014074E-05 3.753238E-04 3.403504E-06 0.000000E+00 5.920384E-05 1.655111E-05 0.000000E+00 7.249008E-05 0.000000E+00 0.000000E+00 0.000000E+00 1.108893E-05 0.000000E+00 2.773800E-06 8.747950E-06 1.809949E-04 0.000000E+00 3.061358E-05 0.000000E+00 0.000000E+00 6.261744E-07 0.000000E+00 3.887758E-07 5.901858E-06 0.000000E+00 0.000000E+00 0.000000E+00 0.000000E+00 0.000000E+00 0.000000E+00 0.000000E+00 2.420433E-05 2.733344E-06 0.000000E+00 2.816010E-05 3.215326E-07 0.000000E+00 0.000000E+00 0.000000E+00 1.859767E-04 0.000000E+00 5.269804E-05 6.002177E-07 0.000000E+00 5.463735E-05 0.000000E+00 0.000000E+00 5.286555E-05 3.978942E-05 1.804717E-05 0.000000E+00 0.000000E+00 0.000000E+00 0.000000E+00 0.000000E+00 0.000000E+00 0.000000E+00 0.000000E+00 0.000000E+00 0.000000E+00 9.995076E-04 0.000000E+00 0.000000E+00 4.931274E-05 1.920337E-06 0.000000E+00 0.000000E+00 0.000000E+00 2.227436E-06 1.977822E-07 0.000000E+00 0.000000E+00 5.761214E-05 0.000000E+00 0.000000E+00 0.000000E+00 1.978265E-05 0.000000E+00 0.000000E+00 0.000000E+00 0.000000E+00 5.365818E-05 0.000000E+00 0.000000E+00 0.000000E+00 0.000000E+00 0.000000E+00 0.000000E+00 0.000000E+00 0.000000E+00 3.994532E-05 0.000000E+00 1.994146E-05 1.337808E-07 0.000000E+00 6.677594E-07 3.320458E-05 4.945265E-08 0.000000E+00 1.304812E-06 1.087924E-05 2.713937E-08 0.000000E+00 3.547432E-05 0.000000E+00 0.000000E+00 0.000000E+00 0.000000E+00 0.000000E+00 4.673401E-05 7.538878E-06 4.149354E-06 0.000000E+00 3.629124E-05 0.000000E+00 0.000000E+00 0.000000E+00 1.822434E-04 0.000000E+00 0.000000E+00 1.872436E-06 0.000000E+00 0.000000E+00 0.000000E+00 
13 23 25 29 33 71 77 83 104 119 144 148 165 
1 5 6 8 10 18 27 37 38 44 46 47 48 61 65 68 70 72 73 78 94 106 111 121 168 169 172 132 
9 16 39 49 53 56 58 59 64 79 85 87 95 113 135 164 185 189 192 
15 36 107 114 167 171 173 
4 20 41 66 74 86 89 92 103 116 120 136 140 141 153 159 162 175 181 182 183 76 

============Find Best @ Round 227================
==========Cluster 0, RcvInterf=3.71007e-15============
Node 12, SINR:5.45986e-01, BpsHz:5.23773e-02
Node 22, SINR:5.45986e-01, BpsHz:5.23773e-02
Node 24, SINR:5.45986e-01, BpsHz:5.23773e-02
Node 28, SINR:5.45986e-01, BpsHz:5.23773e-02
Node 32, SINR:0.00000e+00, BpsHz:0.00000e+00
Node 70, SINR:5.45986e-01, BpsHz:5.23773e-02
Node 76, SINR:5.45986e-01, BpsHz:5.23773e-02
Node 82, SINR:5.45986e-01, BpsHz:5.23773e-02
Node 103, SINR:5.45986e-01, BpsHz:5.23773e-02
Node 118, SINR:5.45986e-01, BpsHz:5.23773e-02
Node 143, SINR:5.45986e-01, BpsHz:5.23773e-02
Node 147, SINR:5.45986e-01, BpsHz:5.23773e-02
Node 164, SINR:5.45986e-01, BpsHz:5.23773e-02
---------------
==========Cluster 1, RcvInterf=4.32609e-15============
Node 0, SINR:1.66509e+00, BpsHz:5.23773e-02
Node 4, SINR:1.66509e+00, BpsHz:5.23773e-02
Node 5, SINR:1.66509e+00, BpsHz:5.23773e-02
Node 7, SINR:1.66509e+00, BpsHz:5.23773e-02
Node 9, SINR:1.66509e+00, BpsHz:5.23773e-02
Node 17, SINR:1.66509e+00, BpsHz:5.23773e-02
Node 26, SINR:1.66509e+00, BpsHz:5.23773e-02
Node 36, SINR:1.66509e+00, BpsHz:5.23773e-02
Node 37, SINR:1.66509e+00, BpsHz:5.23773e-02
Node 43, SINR:1.66509e+00, BpsHz:5.23773e-02
Node 45, SINR:1.66509e+00, BpsHz:5.23773e-02
Node 46, SINR:1.66509e+00, BpsHz:5.23773e-02
Node 47, SINR:1.66509e+00, BpsHz:5.23773e-02
Node 60, SINR:1.66509e+00, BpsHz:5.23773e-02
Node 64, SINR:1.66509e+00, BpsHz:5.23773e-02
Node 67, SINR:1.66509e+00, BpsHz:5.23773e-02
Node 69, SINR:1.66509e+00, BpsHz:5.23773e-02
Node 71, SINR:1.66509e+00, BpsHz:5.23773e-02
Node 72, SINR:1.66509e+00, BpsHz:5.23773e-02
Node 77, SINR:0.00000e+00, BpsHz:0.00000e+00
Node 93, SINR:1.66509e+00, BpsHz:5.23773e-02
Node 105, SINR:1.66509e+00, BpsHz:5.23773e-02
Node 110, SINR:1.66509e+00, BpsHz:5.23773e-02
Node 120, SINR:1.66509e+00, BpsHz:5.23773e-02
Node 167, SINR:1.66509e+00, BpsHz:5.23773e-02
Node 168, SINR:1.66509e+00, BpsHz:5.23773e-02
Node 171, SINR:1.66509e+00, BpsHz:5.23773e-02
Node 131, SINR:1.66509e+00, BpsHz:5.23773e-02
---------------
==========Cluster 2, RcvInterf=1.21072e-15============
Node 8, SINR:9.22243e-01, BpsHz:5.23773e-02
Node 15, SINR:9.22243e-01, BpsHz:5.23773e-02
Node 38, SINR:9.22243e-01, BpsHz:5.23773e-02
Node 48, SINR:9.22243e-01, BpsHz:5.23773e-02
Node 52, SINR:9.22243e-01, BpsHz:5.23773e-02
Node 55, SINR:9.22243e-01, BpsHz:5.23773e-02
Node 57, SINR:0.00000e+00, BpsHz:0.00000e+00
Node 58, SINR:9.22243e-01, BpsHz:5.23773e-02
Node 63, SINR:9.22243e-01, BpsHz:5.23773e-02
Node 78, SINR:9.22243e-01, BpsHz:5.23773e-02
Node 84, SINR:9.22243e-01, BpsHz:5.23773e-02
Node 86, SINR:9.22243e-01, BpsHz:5.23773e-02
Node 94, SINR:9.22243e-01, BpsHz:5.23773e-02
Node 112, SINR:9.22243e-01, BpsHz:5.23773e-02
Node 134, SINR:9.22243e-01, BpsHz:5.23773e-02
Node 163, SINR:9.22243e-01, BpsHz:5.23773e-02
Node 184, SINR:9.22243e-01, BpsHz:5.23773e-02
Node 188, SINR:9.22243e-01, BpsHz:5.23773e-02
Node 191, SINR:9.22243e-01, BpsHz:5.23773e-02
---------------
==========Cluster 3, RcvInterf=2.16029e-15============
Node 14, SINR:2.43377e-01, BpsHz:5.23773e-02
Node 35, SINR:0.00000e+00, BpsHz:0.00000e+00
Node 106, SINR:2.43377e-01, BpsHz:5.23773e-02
Node 113, SINR:2.43377e-01, BpsHz:5.23773e-02
Node 166, SINR:2.43377e-01, BpsHz:5.23773e-02
Node 170, SINR:2.43377e-01, BpsHz:5.23773e-02
Node 172, SINR:2.43377e-01, BpsHz:5.23773e-02
---------------
==========Cluster 4, RcvInterf=2.56778e-15============
Node 3, SINR:1.14343e+00, BpsHz:5.23773e-02
Node 19, SINR:1.14343e+00, BpsHz:5.23773e-02
Node 40, SINR:1.14343e+00, BpsHz:5.23773e-02
Node 65, SINR:1.14343e+00, BpsHz:5.23773e-02
Node 73, SINR:1.14343e+00, BpsHz:5.23773e-02
Node 85, SINR:1.14343e+00, BpsHz:5.23773e-02
Node 88, SINR:1.14343e+00, BpsHz:5.23773e-02
Node 91, SINR:1.14343e+00, BpsHz:5.23773e-02
Node 102, SINR:1.14343e+00, BpsHz:5.23773e-02
Node 115, SINR:1.14343e+00, BpsHz:5.23773e-02
Node 119, SINR:1.14343e+00, BpsHz:5.23773e-02
Node 135, SINR:1.14343e+00, BpsHz:5.23773e-02
Node 139, SINR:1.14343e+00, BpsHz:5.23773e-02
Node 140, SINR:1.14343e+00, BpsHz:5.23773e-02
Node 152, SINR:1.14343e+00, BpsHz:5.23773e-02
Node 158, SINR:0.00000e+00, BpsHz:0.00000e+00
Node 161, SINR:1.14343e+00, BpsHz:5.23773e-02
Node 174, SINR:1.14343e+00, BpsHz:5.23773e-02
Node 180, SINR:1.14343e+00, BpsHz:5.23773e-02
Node 181, SINR:1.14343e+00, BpsHz:5.23773e-02
Node 182, SINR:1.14343e+00, BpsHz:5.23773e-02
Node 75, SINR:1.14343e+00, BpsHz:5.23773e-02
---------------
195
5
1.000000e-03
1.931016e-312
139
3000
6.009313e+00
1.923828e+00
6.009314e-06
1.483815e-06
0 0 0 1 0 0 0 0 0 0 0 0 0 1 0 0 0 0 0 1 0 0 0 0 0 0 0 0 0 0 0 0 0 0 0 0 0 0 0 0 1 0 0 0 0 0 0 0 0 0 0 0 0 0 1 0 1 0 0 0 0 0 1 0 0 1 0 0 0 0 0 0 0 1 0 0 0 0 0 0 0 0 0 0 0 1 0 0 1 0 0 1 0 0 0 0 0 0 0 0 0 0 1 0 0 0 0 0 0 0 0 0 0 0 0 1 0 0 0 1 0 0 0 0 0 0 0 0 0 0 0 0 0 0 0 1 0 0 1 1 1 0 0 0 0 1 0 0 0 0 0 0 1 0 0 0 0 0 1 0 0 1 0 0 0 0 0 0 0 0 0 0 0 0 1 0 0 0 0 0 1 1 1 0 0 0 0 0 0 0 1 0 0 0 0 
1 0 0 0 1 1 0 1 0 1 0 0 0 0 0 0 0 1 0 0 0 0 0 0 0 0 1 0 0 0 0 0 0 0 0 0 1 1 0 0 0 0 0 0 0 1 1 1 0 0 0 0 0 0 0 0 0 0 0 0 1 0 0 0 1 0 0 0 0 1 0 1 1 0 0 0 0 1 0 0 0 0 0 1 0 0 0 0 0 0 0 0 0 1 0 1 0 0 0 0 0 0 0 0 0 1 0 0 1 0 0 0 0 0 1 0 0 0 0 0 1 0 0 0 0 0 0 0 1 0 0 1 0 0 0 0 0 0 0 0 0 0 0 0 0 0 0 0 0 0 0 0 0 0 0 1 0 0 0 0 0 0 0 0 0 0 0 1 1 0 0 1 0 0 0 0 0 0 0 0 0 0 0 0 0 0 0 0 0 0 0 0 0 0 0 
0 1 0 0 0 0 1 0 1 0 0 1 0 0 0 1 0 0 0 0 0 1 0 0 0 0 0 0 0 0 1 0 0 0 0 0 0 0 1 1 0 0 0 0 0 0 0 0 1 0 1 0 0 0 0 1 0 1 0 0 0 0 0 1 0 0 1 0 0 0 0 0 0 0 0 0 0 0 1 0 0 0 0 0 1 0 0 0 0 0 0 0 0 0 1 0 0 1 0 0 0 0 0 0 0 0 0 0 0 0 0 0 1 0 0 0 0 0 1 0 0 1 0 0 1 0 1 0 0 0 0 0 0 0 0 0 0 0 0 0 0 0 0 0 0 0 0 1 0 0 1 0 0 0 0 0 0 0 0 0 0 0 0 1 0 0 0 0 0 0 0 0 0 0 0 0 1 0 0 0 0 0 0 1 1 0 1 0 1 0 0 1 0 0 0 
0 0 0 0 0 0 0 0 0 0 0 0 0 0 1 0 0 0 1 0 0 0 0 1 0 0 0 0 0 0 0 0 0 1 0 1 0 0 0 0 0 0 0 0 0 0 0 0 0 1 0 1 0 0 0 0 0 0 0 0 0 0 0 0 0 0 0 0 1 0 0 0 0 0 0 0 0 0 0 0 0 0 0 0 0 0 0 0 0 0 0 0 0 0 0 0 0 0 0 0 0 0 0 0 0 0 1 1 0 1 0 0 0 1 0 0 0 0 0 0 0 0 1 0 0 0 0 0 0 1 1 0 0 0 0 0 0 1 0 0 0 0 0 0 0 0 1 0 0 1 0 0 0 0 0 0 0 0 0 0 0 0 0 0 0 1 1 0 0 0 1 0 1 0 0 0 0 1 1 1 0 0 0 0 0 0 0 0 0 1 0 0 0 0 1 
0 0 0 0 0 0 0 0 0 0 0 0 0 0 0 0 0 0 0 0 0 0 0 0 1 1 0 0 0 0 0 1 1 0 0 0 0 0 0 0 0 1 0 0 0 0 0 0 0 0 0 0 0 0 0 0 0 0 0 0 0 0 0 0 0 0 0 0 0 0 1 0 0 0 0 0 1 0 0 0 0 0 1 0 0 0 0 0 0 0 1 0 0 0 0 0 0 0 0 0 0 1 0 1 0 0 0 0 0 0 0 0 0 0 0 0 0 1 0 0 0 0 0 1 0 0 0 0 0 0 0 0 0 1 0 0 0 0 0 0 0 0 1 1 1 0 0 0 1 0 0 1 0 0 0 0 1 1 0 1 0 0 0 0 1 0 0 0 0 0 0 0 0 0 0 0 0 0 0 0 0 0 0 0 0 0 0 1 0 0 0 0 1 0 0 
159 169 164 178 188 
1.899530E-05 1.797724E-04 0.000000E+00 3.542985E-05 1.742871E-07 2.524029E-05 6.572069E-04 1.351625E-05 5.829329E-05 2.148457E-05 0.000000E+00 5.014722E-05 0.000000E+00 1.180009E-04 8.501110E-04 6.839482E-04 0.000000E+00 4.092732E-05 5.749711E-04 3.095096E-05 0.000000E+00 5.213855E-05 0.000000E+00 4.521693E-04 1.809744E-05 7.317057E-05 2.264610E-05 0.000000E+00 0.000000E+00 0.000000E+00 3.881057E-05 6.952194E-06 5.512777E-05 8.798144E-05 0.000000E+00 8.827342E-05 1.572781E-04 2.407485E-05 1.184137E-04 3.476742E-04 1.828748E-05 8.871583E-05 0.000000E+00 0.000000E+00 0.000000E+00 1.036171E-04 1.672478E-06 8.894475E-05 8.061928E-07 2.581660E-05 7.623422E-06 3.074119E-04 0.000000E+00 0.000000E+00 8.525279E-04 2.235340E-05 4.961304E-04 2.813513E-05 0.000000E+00 0.000000E+00 1.832336E-04 0.000000E+00 3.006236E-04 4.965474E-04 1.476192E-04 5.843835E-05 1.367721E-05 0.000000E+00 2.117147E-04 4.835814E-05 8.999056E-07 1.550320E-05 2.018343E-04 3.458344E-06 0.000000E+00 0.000000E+00 1.538069E-04 4.527323E-08 5.559532E-06 0.000000E+00 0.000000E+00 0.000000E+00 9.608731E-05 1.246660E-04 1.672930E-04 8.888904E-06 0.000000E+00 0.000000E+00 3.110685E-05 0.000000E+00 5.020641E-05 6.362638E-07 0.000000E+00 2.593705E-06 5.570042E-06 8.038586E-05 0.000000E+00 3.047060E-05 0.000000E+00 0.000000E+00 0.000000E+00 3.902864E-05 2.459433E-05 1.144726E-05 0.000000E+00 3.821261E-05 8.441285E-05 3.372210E-04 5.798897E-04 3.392686E-04 0.000000E+00 0.000000E+00 2.811364E-05 3.589608E-04 9.332783E-04 5.551771E-05 0.000000E+00 1.255915E-04 7.966768E-04 4.043054E-05 4.241379E-05 5.026629E-05 1.458289E-06 1.191215E-05 4.728584E-04 0.000000E+00 9.996252E-04 0.000000E+00 1.438049E-04 4.111794E-04 1.908317E-07 6.430076E-04 0.000000E+00 1.369739E-08 0.000000E+00 1.951279E-06 0.000000E+00 1.003822E-04 1.900632E-04 2.263327E-06 2.009690E-07 0.000000E+00 6.824604E-06 4.680480E-05 2.662642E-05 6.625961E-05 2.042463E-05 1.999640E-04 5.104989E-05 1.770292E-05 1.061604E-05 3.301748E-05 5.452277E-05 0.000000E+00 0.000000E+00 1.893446E-04 1.869628E-04 3.013976E-04 0.000000E+00 2.274015E-04 0.000000E+00 4.058896E-05 0.000000E+00 0.000000E+00 8.944099E-05 3.533102E-04 6.738735E-05 4.351325E-05 0.000000E+00 0.000000E+00 5.706492E-04 2.819834E-05 2.247154E-04 0.000000E+00 3.604591E-05 0.000000E+00 2.301094E-04 0.000000E+00 2.164110E-06 2.378171E-04 4.748703E-05 7.660350E-06 4.216212E-06 5.328958E-04 4.318379E-05 0.000000E+00 4.229857E-04 0.000000E+00 8.873759E-05 3.001544E-04 4.413470E-04 2.416908E-05 5.055450E-05 0.000000E+00 2.593128E-04 
4 14 20 41 57 63 66 74 86 89 92 103 116 120 136 139 140 141 146 153 159 162 175 181 182 183 191 55 
1 5 6 8 10 18 27 37 38 46 47 48 61 65 70 72 73 78 84 94 96 106 109 115 121 129 132 156 168 169 172 
2 7 9 12 22 31 39 40 49 51 56 58 67 79 85 95 98 113 119 122 125 148 151 164 177 184 185 187 189 192 16 64 127 
15 19 34 36 50 52 69 107 110 114 123 130 131 138 147 150 166 167 171 173 178 179 180 190 195 108 24 
25 32 42 71 77 83 91 102 104 118 124 134 143 144 145 149 152 157 160 165 188 193 33 26 158 

============Find Best @ Round 155================
==========Cluster 0, RcvInterf=1.51375e-14============
Node 3, SINR:7.21142e-01, BpsHz:2.90135e-02
Node 13, SINR:7.21142e-01, BpsHz:2.90135e-02
Node 19, SINR:7.21142e-01, BpsHz:2.90135e-02
Node 40, SINR:7.21142e-01, BpsHz:2.90135e-02
Node 56, SINR:7.21142e-01, BpsHz:2.90135e-02
Node 62, SINR:7.21142e-01, BpsHz:2.90135e-02
Node 65, SINR:7.21142e-01, BpsHz:2.90135e-02
Node 73, SINR:7.21142e-01, BpsHz:2.90135e-02
Node 85, SINR:7.21142e-01, BpsHz:2.90135e-02
Node 88, SINR:7.21142e-01, BpsHz:2.90135e-02
Node 91, SINR:7.21142e-01, BpsHz:2.90135e-02
Node 102, SINR:7.21142e-01, BpsHz:2.90135e-02
Node 115, SINR:7.21142e-01, BpsHz:2.90135e-02
Node 119, SINR:7.21142e-01, BpsHz:2.90135e-02
Node 135, SINR:7.21142e-01, BpsHz:2.90135e-02
Node 138, SINR:7.21142e-01, BpsHz:2.90135e-02
Node 139, SINR:7.21142e-01, BpsHz:2.90135e-02
Node 140, SINR:7.21142e-01, BpsHz:2.90135e-02
Node 145, SINR:7.21142e-01, BpsHz:2.90135e-02
Node 152, SINR:7.21142e-01, BpsHz:2.90135e-02
Node 158, SINR:0.00000e+00, BpsHz:0.00000e+00
Node 161, SINR:7.21142e-01, BpsHz:2.90135e-02
Node 174, SINR:7.21142e-01, BpsHz:2.90135e-02
Node 180, SINR:7.21142e-01, BpsHz:2.90135e-02
Node 181, SINR:7.21142e-01, BpsHz:2.90135e-02
Node 182, SINR:7.21142e-01, BpsHz:2.90135e-02
Node 190, SINR:7.21142e-01, BpsHz:2.90135e-02
Node 54, SINR:7.21142e-01, BpsHz:2.90135e-02
---------------
==========Cluster 1, RcvInterf=2.30941e-14============
Node 0, SINR:8.28178e-01, BpsHz:2.90136e-02
Node 4, SINR:8.28178e-01, BpsHz:2.90135e-02
Node 5, SINR:8.28178e-01, BpsHz:2.90135e-02
Node 7, SINR:8.28178e-01, BpsHz:2.90135e-02
Node 9, SINR:8.28178e-01, BpsHz:2.90135e-02
Node 17, SINR:8.28178e-01, BpsHz:2.90135e-02
Node 26, SINR:8.28178e-01, BpsHz:2.90135e-02
Node 36, SINR:8.28178e-01, BpsHz:2.90135e-02
Node 37, SINR:8.28178e-01, BpsHz:2.90135e-02
Node 45, SINR:8.28178e-01, BpsHz:2.90136e-02
Node 46, SINR:8.28178e-01, BpsHz:2.90135e-02
Node 47, SINR:8.28178e-01, BpsHz:2.90135e-02
Node 60, SINR:8.28178e-01, BpsHz:2.90135e-02
Node 64, SINR:8.28178e-01, BpsHz:2.90136e-02
Node 69, SINR:8.28178e-01, BpsHz:2.90135e-02
Node 71, SINR:8.28178e-01, BpsHz:2.90136e-02
Node 72, SINR:8.28178e-01, BpsHz:2.90135e-02
Node 77, SINR:8.28178e-01, BpsHz:2.90135e-02
Node 83, SINR:8.28178e-01, BpsHz:2.90135e-02
Node 93, SINR:8.28178e-01, BpsHz:2.90135e-02
Node 95, SINR:8.28178e-01, BpsHz:2.90136e-02
Node 105, SINR:8.28178e-01, BpsHz:2.90135e-02
Node 108, SINR:8.28178e-01, BpsHz:2.90135e-02
Node 114, SINR:8.28178e-01, BpsHz:2.90135e-02
Node 120, SINR:8.28178e-01, BpsHz:2.90135e-02
Node 128, SINR:8.28178e-01, BpsHz:2.90135e-02
Node 131, SINR:8.28178e-01, BpsHz:2.90135e-02
Node 155, SINR:8.28178e-01, BpsHz:2.90135e-02
Node 167, SINR:8.28178e-01, BpsHz:2.90135e-02
Node 168, SINR:0.00000e+00, BpsHz:0.00000e+00
Node 171, SINR:8.28178e-01, BpsHz:2.90136e-02
---------------
==========Cluster 2, RcvInterf=9.67535e-15============
Node 1, SINR:9.03208e-01, BpsHz:2.90135e-02
Node 6, SINR:9.03208e-01, BpsHz:2.90135e-02
Node 8, SINR:9.03208e-01, BpsHz:2.90135e-02
Node 11, SINR:9.03208e-01, BpsHz:2.90135e-02
Node 21, SINR:9.03208e-01, BpsHz:2.90135e-02
Node 30, SINR:9.03208e-01, BpsHz:2.90135e-02
Node 38, SINR:9.03208e-01, BpsHz:2.90135e-02
Node 39, SINR:9.03208e-01, BpsHz:2.90135e-02
Node 48, SINR:9.03208e-01, BpsHz:2.90135e-02
Node 50, SINR:9.03208e-01, BpsHz:2.90135e-02
Node 55, SINR:9.03208e-01, BpsHz:2.90135e-02
Node 57, SINR:9.03208e-01, BpsHz:2.90135e-02
Node 66, SINR:9.03208e-01, BpsHz:2.90135e-02
Node 78, SINR:9.03208e-01, BpsHz:2.90135e-02
Node 84, SINR:9.03208e-01, BpsHz:2.90135e-02
Node 94, SINR:9.03208e-01, BpsHz:2.90135e-02
Node 97, SINR:9.03208e-01, BpsHz:2.90135e-02
Node 112, SINR:9.03208e-01, BpsHz:2.90135e-02
Node 118, SINR:9.03208e-01, BpsHz:2.90135e-02
Node 121, SINR:9.03208e-01, BpsHz:2.90135e-02
Node 124, SINR:9.03208e-01, BpsHz:2.90135e-02
Node 147, SINR:9.03208e-01, BpsHz:2.90135e-02
Node 150, SINR:9.03208e-01, BpsHz:2.90135e-02
Node 163, SINR:0.00000e+00, BpsHz:0.00000e+00
Node 176, SINR:9.03208e-01, BpsHz:2.90135e-02
Node 183, SINR:9.03208e-01, BpsHz:2.90135e-02
Node 184, SINR:9.03208e-01, BpsHz:2.90135e-02
Node 186, SINR:9.03208e-01, BpsHz:2.90135e-02
Node 188, SINR:9.03208e-01, BpsHz:2.90135e-02
Node 191, SINR:9.03208e-01, BpsHz:2.90135e-02
Node 15, SINR:9.03208e-01, BpsHz:2.90135e-02
Node 63, SINR:9.03208e-01, BpsHz:2.90135e-02
Node 126, SINR:9.03208e-01, BpsHz:2.90135e-02
---------------
==========Cluster 3, RcvInterf=4.04118e-14============
Node 14, SINR:6.86874e-01, BpsHz:2.90135e-02
Node 18, SINR:6.86874e-01, BpsHz:2.90135e-02
Node 33, SINR:6.86874e-01, BpsHz:2.90135e-02
Node 35, SINR:6.86874e-01, BpsHz:2.90135e-02
Node 49, SINR:6.86874e-01, BpsHz:2.90135e-02
Node 51, SINR:6.86874e-01, BpsHz:2.90135e-02
Node 68, SINR:6.86874e-01, BpsHz:2.90135e-02
Node 106, SINR:6.86874e-01, BpsHz:2.90135e-02
Node 109, SINR:6.86874e-01, BpsHz:2.90135e-02
Node 113, SINR:6.86874e-01, BpsHz:2.90135e-02
Node 122, SINR:6.86874e-01, BpsHz:2.90135e-02
Node 129, SINR:6.86874e-01, BpsHz:2.90135e-02
Node 130, SINR:6.86874e-01, BpsHz:2.90135e-02
Node 137, SINR:6.86874e-01, BpsHz:2.90135e-02
Node 146, SINR:6.86874e-01, BpsHz:2.90135e-02
Node 149, SINR:6.86874e-01, BpsHz:2.90135e-02
Node 165, SINR:6.86874e-01, BpsHz:2.90135e-02
Node 166, SINR:6.86874e-01, BpsHz:2.90135e-02
Node 170, SINR:6.86874e-01, BpsHz:2.90135e-02
Node 172, SINR:6.86874e-01, BpsHz:2.90135e-02
Node 177, SINR:0.00000e+00, BpsHz:0.00000e+00
Node 178, SINR:6.86874e-01, BpsHz:2.90135e-02
Node 179, SINR:6.86874e-01, BpsHz:2.90135e-02
Node 189, SINR:6.86874e-01, BpsHz:2.90135e-02
Node 194, SINR:6.86874e-01, BpsHz:2.90135e-02
Node 107, SINR:6.86874e-01, BpsHz:2.90135e-02
Node 23, SINR:6.86874e-01, BpsHz:2.90135e-02
---------------
==========Cluster 4, RcvInterf=2.20765e-14============
Node 24, SINR:6.20372e-01, BpsHz:2.90136e-02
Node 31, SINR:6.20372e-01, BpsHz:2.90136e-02
Node 41, SINR:6.20372e-01, BpsHz:2.90136e-02
Node 70, SINR:6.20372e-01, BpsHz:2.90136e-02
Node 76, SINR:6.20372e-01, BpsHz:2.90136e-02
Node 82, SINR:6.20372e-01, BpsHz:2.90136e-02
Node 90, SINR:6.20372e-01, BpsHz:2.90136e-02
Node 101, SINR:6.20372e-01, BpsHz:2.90135e-02
Node 103, SINR:6.20372e-01, BpsHz:2.90136e-02
Node 117, SINR:6.20372e-01, BpsHz:2.90136e-02
Node 123, SINR:6.20372e-01, BpsHz:2.90136e-02
Node 133, SINR:6.20372e-01, BpsHz:2.90136e-02
Node 142, SINR:6.20372e-01, BpsHz:2.90136e-02
Node 143, SINR:6.20372e-01, BpsHz:2.90136e-02
Node 144, SINR:6.20372e-01, BpsHz:2.90135e-02
Node 148, SINR:6.20372e-01, BpsHz:2.90136e-02
Node 151, SINR:6.20372e-01, BpsHz:2.90136e-02
Node 156, SINR:6.20372e-01, BpsHz:2.90136e-02
Node 159, SINR:6.20372e-01, BpsHz:2.90136e-02
Node 164, SINR:6.20372e-01, BpsHz:2.90136e-02
Node 187, SINR:0.00000e+00, BpsHz:0.00000e+00
Node 192, SINR:6.20372e-01, BpsHz:2.90136e-02
Node 32, SINR:6.20372e-01, BpsHz:2.90136e-02
Node 25, SINR:6.20372e-01, BpsHz:2.90136e-02
Node 157, SINR:6.20372e-01, BpsHz:2.90135e-02
---------------
195
5
1.000000e-03
1.931016e-312
161
3000
6.930618e+00
2.927246e+00
6.930619e-06
1.972644e-06
0 0 0 0 0 0 0 0 0 0 0 0 0 0 1 0 0 0 1 0 0 0 0 1 0 0 0 0 0 0 0 0 0 1 0 1 0 0 0 0 0 0 1 0 1 0 0 0 0 1 0 1 0 0 0 0 0 0 0 0 0 1 0 0 0 0 0 0 1 0 0 0 0 0 0 0 0 0 0 0 0 0 0 0 0 0 0 0 0 0 0 0 0 0 0 0 0 0 0 0 0 0 0 0 0 0 1 1 0 1 0 1 0 1 0 0 1 0 0 0 0 0 1 0 0 0 0 1 0 1 1 0 1 0 0 0 0 1 0 0 0 0 0 0 0 0 1 0 0 1 0 0 0 0 0 0 0 0 0 0 0 0 0 0 0 1 1 0 0 0 1 0 1 0 0 0 0 1 1 1 0 0 0 0 0 0 0 0 0 1 0 0 0 0 1 
0 0 0 0 0 0 0 0 0 0 1 0 1 0 0 0 0 0 0 0 0 0 1 0 1 0 0 0 0 0 0 1 0 0 0 0 0 0 0 0 0 1 0 0 0 0 0 0 0 0 0 0 0 0 0 0 0 0 0 0 0 0 0 0 0 0 0 0 0 0 1 0 0 0 0 0 1 0 0 0 0 0 1 0 0 0 0 0 0 1 1 0 0 0 0 0 0 0 0 0 0 1 0 1 0 0 0 0 0 0 0 0 0 0 0 0 0 1 0 0 0 0 0 1 0 0 0 0 0 0 0 0 0 1 0 0 0 0 0 0 0 0 1 1 1 0 0 0 1 0 0 1 0 0 0 0 1 1 0 1 0 0 0 0 0 0 0 0 0 0 0 0 0 0 0 0 0 0 0 0 0 0 0 0 0 0 0 1 0 0 0 0 1 0 0 
0 1 0 0 0 0 1 0 1 0 0 1 0 0 0 1 0 0 0 0 0 1 0 0 0 0 0 0 1 0 1 0 0 0 0 0 0 0 1 1 0 0 0 0 0 0 0 0 1 0 1 0 0 0 0 1 0 1 1 0 0 0 0 1 0 0 1 0 0 0 0 0 0 0 0 0 0 0 1 0 0 0 0 0 1 0 1 0 0 0 0 0 0 0 1 0 0 1 0 0 0 0 0 0 0 0 0 0 0 0 0 0 1 0 0 0 0 0 1 0 0 1 0 0 1 0 0 0 0 0 0 0 0 0 0 0 1 0 0 0 0 0 0 0 0 0 0 1 0 0 1 0 0 0 0 0 0 0 0 0 0 0 0 1 0 0 0 0 0 0 0 0 0 0 0 0 1 0 0 0 0 0 0 1 1 0 1 0 1 0 0 1 0 0 0 
0 0 1 1 0 0 0 0 0 0 0 0 0 1 0 0 0 0 0 1 1 0 0 0 0 0 0 0 0 1 0 0 0 0 1 0 0 0 0 0 1 0 0 0 0 0 0 0 0 0 0 0 0 0 1 0 1 0 0 0 0 0 1 0 0 1 0 0 0 0 0 0 0 1 0 0 0 0 0 0 0 0 0 0 0 1 0 0 1 0 0 1 0 0 0 0 1 0 0 0 0 0 1 0 0 0 0 0 0 0 0 0 0 0 0 1 0 0 0 1 0 0 0 0 0 0 0 0 0 0 0 0 0 0 0 1 0 0 1 1 1 0 0 0 0 1 0 0 0 0 0 0 1 0 0 0 0 0 1 0 0 1 0 0 0 0 0 0 0 0 0 0 0 0 1 0 0 0 0 0 1 1 1 0 0 0 0 0 0 0 0 0 0 0 0 
1 0 0 0 1 1 0 1 0 1 0 0 0 0 0 0 0 1 0 0 0 0 0 0 0 0 1 0 0 0 0 0 0 0 0 0 1 1 0 0 0 0 0 0 0 1 1 1 0 0 0 0 0 1 0 0 0 0 0 0 1 0 0 0 1 0 0 1 0 1 0 1 1 0 0 0 0 1 0 1 0 0 0 1 0 0 0 1 0 0 0 0 0 1 0 1 0 0 0 0 1 0 0 0 1 1 0 0 1 0 0 0 0 0 1 0 0 0 0 0 1 0 0 0 0 0 0 0 1 0 0 1 0 0 0 0 0 0 0 0 0 0 0 0 0 0 0 0 0 0 0 0 0 0 0 1 0 0 0 0 0 0 0 0 0 0 0 1 1 0 0 1 0 0 0 1 0 0 0 0 0 0 0 0 0 0 0 0 0 0 0 0 0 0 0 
178 134 164 159 5 
3.722105E-05 1.325221E-04 1.045653E-04 2.861963E-05 0.000000E+00 5.120771E-06 4.844704E-04 1.259454E-06 4.297181E-05 7.228848E-06 1.984822E-04 3.696681E-05 4.804032E-04 9.531908E-05 4.495890E-04 5.041831E-04 0.000000E+00 7.106224E-06 3.040788E-04 2.500165E-05 4.981857E-05 3.843475E-05 3.089458E-04 2.391339E-04 2.278327E-05 0.000000E+00 4.367661E-06 0.000000E+00 1.330478E-04 7.012378E-05 2.860982E-05 1.978208E-06 0.000000E+00 4.652980E-05 7.543994E-05 4.668422E-05 5.352502E-05 1.258481E-05 8.729054E-05 2.562935E-04 1.477231E-05 3.730271E-05 1.717587E-04 0.000000E+00 9.412963E-04 8.396941E-05 6.734851E-08 6.441915E-05 5.942976E-07 1.365335E-05 5.619725E-06 1.625776E-04 0.000000E+00 9.990309E-04 6.886574E-04 1.647816E-05 4.007657E-04 2.074025E-05 1.675691E-04 0.000000E+00 1.710882E-04 2.246181E-04 2.428386E-04 3.660377E-04 9.401089E-05 4.720550E-05 1.008237E-05 1.432922E-04 1.119673E-04 1.254537E-05 2.159614E-06 1.456993E-06 1.109652E-04 2.793591E-06 0.000000E+00 0.000000E+00 1.480460E-04 5.783891E-07 4.098296E-06 4.506434E-04 0.000000E+00 0.000000E+00 9.705371E-05 3.014707E-05 1.233226E-04 7.180305E-06 4.370036E-04 8.159047E-05 2.512759E-05 3.968827E-05 1.656412E-05 5.139630E-07 0.000000E+00 6.664751E-06 4.106043E-06 1.537834E-05 2.812258E-04 2.246188E-05 0.000000E+00 0.000000E+00 3.843479E-04 1.470001E-05 1.986688E-05 1.178476E-05 1.607149E-04 1.393608E-05 4.464252E-05 1.783425E-04 3.223862E-04 1.794254E-04 0.000000E+00 1.744689E-04 2.072441E-05 1.898398E-04 7.712048E-04 4.484626E-05 6.147561E-04 6.564661E-05 5.872828E-04 3.265910E-05 4.155479E-05 3.705459E-05 7.712299E-07 1.081216E-05 3.485750E-04 0.000000E+00 0.000000E+00 9.316903E-04 3.154017E-05 2.174561E-04 1.009231E-07 4.310402E-04 4.172718E-04 0.000000E+00 0.000000E+00 1.576210E-06 7.149918E-04 5.308804E-05 1.535298E-04 1.828277E-06 1.623393E-07 0.000000E+00 3.290488E-06 4.359378E-05 7.699883E-06 5.352338E-05 1.080175E-05 1.474066E-04 1.665935E-05 9.362351E-06 7.825779E-06 2.416024E-05 4.404256E-05 0.000000E+00 0.000000E+00 1.478453E-04 1.536939E-04 1.447148E-04 0.000000E+00 1.904630E-04 0.000000E+00 3.278707E-05 0.000000E+00 0.000000E+00 0.000000E+00 1.868514E-04 3.563843E-05 7.205178E-05 1.025490E-07 0.000000E+00 3.017931E-04 3.859324E-05 1.188428E-04 0.000000E+00 2.911727E-05 2.142174E-04 1.696288E-04 0.000000E+00 1.144509E-06 1.257718E-04 3.835921E-05 6.187900E-06 3.405784E-06 3.928325E-04 3.183361E-05 0.000000E+00 3.118105E-04 8.596521E-09 6.541430E-05 1.587394E-04 0.000000E+00 1.781661E-05 2.060320E-05 0.000000E+00 1.371400E-04 
19 24 34 36 45 50 52 69 107 110 114 117 123 130 131 133 138 147 150 166 167 171 173 178 179 180 190 195 15 108 112 43 62 128 
25 32 42 71 83 90 91 102 104 118 124 134 143 144 145 149 157 160 188 193 158 77 152 13 11 23 
2 7 9 12 22 31 39 40 49 51 56 58 67 79 95 98 113 119 122 125 148 151 164 177 184 185 187 189 192 85 16 29 87 137 59 64 
4 14 20 30 41 57 63 66 74 86 89 92 97 103 116 120 136 139 140 141 146 153 159 162 175 181 182 183 21 3 35 55 
1 5 6 8 10 18 27 37 38 46 47 48 61 65 70 72 73 78 84 94 96 106 109 115 121 129 132 168 169 172 156 88 176 80 101 68 105 54 

============Find Best @ Round 2839================
==========Cluster 0, RcvInterf=2.08081e-14============
Node 18, SINR:5.46759e-01, BpsHz:1.90681e-02
Node 23, SINR:5.46759e-01, BpsHz:1.90681e-02
Node 33, SINR:5.46759e-01, BpsHz:1.90681e-02
Node 35, SINR:5.46759e-01, BpsHz:1.90681e-02
Node 44, SINR:5.46759e-01, BpsHz:1.90681e-02
Node 49, SINR:5.46759e-01, BpsHz:1.90681e-02
Node 51, SINR:5.46759e-01, BpsHz:1.90681e-02
Node 68, SINR:5.46759e-01, BpsHz:1.90681e-02
Node 106, SINR:5.46759e-01, BpsHz:1.90681e-02
Node 109, SINR:5.46759e-01, BpsHz:1.90681e-02
Node 113, SINR:5.46759e-01, BpsHz:1.90681e-02
Node 116, SINR:5.46759e-01, BpsHz:1.90681e-02
Node 122, SINR:5.46759e-01, BpsHz:1.90681e-02
Node 129, SINR:5.46759e-01, BpsHz:1.90681e-02
Node 130, SINR:5.46759e-01, BpsHz:1.90681e-02
Node 132, SINR:5.46759e-01, BpsHz:1.90681e-02
Node 137, SINR:5.46759e-01, BpsHz:1.90681e-02
Node 146, SINR:5.46759e-01, BpsHz:1.90681e-02
Node 149, SINR:5.46759e-01, BpsHz:1.90681e-02
Node 165, SINR:5.46759e-01, BpsHz:1.90681e-02
Node 166, SINR:5.46759e-01, BpsHz:1.90681e-02
Node 170, SINR:5.46759e-01, BpsHz:1.90681e-02
Node 172, SINR:5.46759e-01, BpsHz:1.90681e-02
Node 177, SINR:0.00000e+00, BpsHz:0.00000e+00
Node 178, SINR:5.46759e-01, BpsHz:1.90681e-02
Node 179, SINR:5.46759e-01, BpsHz:1.90681e-02
Node 189, SINR:5.46759e-01, BpsHz:1.90681e-02
Node 194, SINR:5.46759e-01, BpsHz:1.90681e-02
Node 14, SINR:5.46759e-01, BpsHz:1.90681e-02
Node 107, SINR:5.46759e-01, BpsHz:1.90681e-02
Node 111, SINR:5.46759e-01, BpsHz:1.90681e-02
Node 42, SINR:5.46759e-01, BpsHz:1.90681e-02
Node 61, SINR:5.46759e-01, BpsHz:1.90681e-02
Node 127, SINR:5.46759e-01, BpsHz:1.90681e-02
---------------
==========Cluster 1, RcvInterf=2.18501e-14============
Node 24, SINR:3.91560e-01, BpsHz:1.90681e-02
Node 31, SINR:3.91560e-01, BpsHz:1.90681e-02
Node 41, SINR:3.91560e-01, BpsHz:1.90681e-02
Node 70, SINR:3.91560e-01, BpsHz:1.90681e-02
Node 82, SINR:3.91560e-01, BpsHz:1.90681e-02
Node 89, SINR:3.91560e-01, BpsHz:1.90681e-02
Node 90, SINR:3.91560e-01, BpsHz:1.90681e-02
Node 101, SINR:3.91560e-01, BpsHz:1.90681e-02
Node 103, SINR:3.91560e-01, BpsHz:1.90681e-02
Node 117, SINR:3.91560e-01, BpsHz:1.90681e-02
Node 123, SINR:3.91560e-01, BpsHz:1.90681e-02
Node 133, SINR:0.00000e+00, BpsHz:0.00000e+00
Node 142, SINR:3.91560e-01, BpsHz:1.90681e-02
Node 143, SINR:3.91560e-01, BpsHz:1.90681e-02
Node 144, SINR:3.91560e-01, BpsHz:1.90681e-02
Node 148, SINR:3.91560e-01, BpsHz:1.90681e-02
Node 156, SINR:3.91560e-01, BpsHz:1.90681e-02
Node 159, SINR:3.91560e-01, BpsHz:1.90681e-02
Node 187, SINR:3.91560e-01, BpsHz:1.90681e-02
Node 192, SINR:3.91560e-01, BpsHz:1.90681e-02
Node 157, SINR:3.91560e-01, BpsHz:1.90681e-02
Node 76, SINR:3.91560e-01, BpsHz:1.90681e-02
Node 151, SINR:3.91560e-01, BpsHz:1.90681e-02
Node 12, SINR:3.91560e-01, BpsHz:1.90681e-02
Node 10, SINR:3.91560e-01, BpsHz:1.90681e-02
Node 22, SINR:3.91560e-01, BpsHz:1.90681e-02
---------------
==========Cluster 2, RcvInterf=1.33277e-14============
Node 1, SINR:5.88191e-01, BpsHz:1.90681e-02
Node 6, SINR:5.88191e-01, BpsHz:1.90681e-02
Node 8, SINR:5.88191e-01, BpsHz:1.90681e-02
Node 11, SINR:5.88191e-01, BpsHz:1.90681e-02
Node 21, SINR:5.88191e-01, BpsHz:1.90681e-02
Node 30, SINR:5.88191e-01, BpsHz:1.90681e-02
Node 38, SINR:5.88191e-01, BpsHz:1.90681e-02
Node 39, SINR:5.88191e-01, BpsHz:1.90681e-02
Node 48, SINR:5.88191e-01, BpsHz:1.90681e-02
Node 50, SINR:5.88191e-01, BpsHz:1.90681e-02
Node 55, SINR:5.88191e-01, BpsHz:1.90681e-02
Node 57, SINR:5.88191e-01, BpsHz:1.90681e-02
Node 66, SINR:5.88191e-01, BpsHz:1.90681e-02
Node 78, SINR:5.88191e-01, BpsHz:1.90681e-02
Node 94, SINR:5.88191e-01, BpsHz:1.90681e-02
Node 97, SINR:5.88191e-01, BpsHz:1.90681e-02
Node 112, SINR:5.88191e-01, BpsHz:1.90681e-02
Node 118, SINR:5.88191e-01, BpsHz:1.90681e-02
Node 121, SINR:5.88191e-01, BpsHz:1.90681e-02
Node 124, SINR:5.88191e-01, BpsHz:1.90681e-02
Node 147, SINR:5.88191e-01, BpsHz:1.90681e-02
Node 150, SINR:5.88191e-01, BpsHz:1.90681e-02
Node 163, SINR:0.00000e+00, BpsHz:0.00000e+00
Node 176, SINR:5.88191e-01, BpsHz:1.90681e-02
Node 183, SINR:5.88191e-01, BpsHz:1.90681e-02
Node 184, SINR:5.88191e-01, BpsHz:1.90681e-02
Node 186, SINR:5.88191e-01, BpsHz:1.90681e-02
Node 188, SINR:5.88191e-01, BpsHz:1.90681e-02
Node 191, SINR:5.88191e-01, BpsHz:1.90681e-02
Node 84, SINR:5.88191e-01, BpsHz:1.90681e-02
Node 15, SINR:5.88191e-01, BpsHz:1.90681e-02
Node 28, SINR:5.88191e-01, BpsHz:1.90681e-02
Node 86, SINR:5.88191e-01, BpsHz:1.90681e-02
Node 136, SINR:5.88191e-01, BpsHz:1.90681e-02
Node 58, SINR:5.88191e-01, BpsHz:1.90681e-02
Node 63, SINR:5.88191e-01, BpsHz:1.90681e-02
---------------
==========Cluster 3, RcvInterf=2.01184e-14============
Node 3, SINR:5.06407e-01, BpsHz:1.90681e-02
Node 13, SINR:5.06407e-01, BpsHz:1.90681e-02
Node 19, SINR:5.06407e-01, BpsHz:1.90681e-02
Node 29, SINR:5.06407e-01, BpsHz:1.90681e-02
Node 40, SINR:5.06407e-01, BpsHz:1.90681e-02
Node 56, SINR:5.06407e-01, BpsHz:1.90681e-02
Node 62, SINR:5.06407e-01, BpsHz:1.90681e-02
Node 65, SINR:5.06407e-01, BpsHz:1.90681e-02
Node 73, SINR:5.06407e-01, BpsHz:1.90681e-02
Node 85, SINR:5.06407e-01, BpsHz:1.90681e-02
Node 88, SINR:5.06407e-01, BpsHz:1.90681e-02
Node 91, SINR:5.06407e-01, BpsHz:1.90681e-02
Node 96, SINR:5.06407e-01, BpsHz:1.90681e-02
Node 102, SINR:5.06407e-01, BpsHz:1.90681e-02
Node 115, SINR:5.06407e-01, BpsHz:1.90681e-02
Node 119, SINR:5.06407e-01, BpsHz:1.90681e-02
Node 135, SINR:5.06407e-01, BpsHz:1.90681e-02
Node 138, SINR:5.06407e-01, BpsHz:1.90681e-02
Node 139, SINR:5.06407e-01, BpsHz:1.90681e-02
Node 140, SINR:5.06407e-01, BpsHz:1.90681e-02
Node 145, SINR:5.06407e-01, BpsHz:1.90681e-02
Node 152, SINR:5.06407e-01, BpsHz:1.90681e-02
Node 158, SINR:0.00000e+00, BpsHz:0.00000e+00
Node 161, SINR:5.06407e-01, BpsHz:1.90681e-02
Node 174, SINR:5.06407e-01, BpsHz:1.90681e-02
Node 180, SINR:5.06407e-01, BpsHz:1.90681e-02
Node 181, SINR:5.06407e-01, BpsHz:1.90681e-02
Node 182, SINR:5.06407e-01, BpsHz:1.90681e-02
Node 20, SINR:5.06407e-01, BpsHz:1.90681e-02
Node 2, SINR:5.06407e-01, BpsHz:1.90681e-02
Node 34, SINR:5.06407e-01, BpsHz:1.90681e-02
Node 54, SINR:5.06407e-01, BpsHz:1.90681e-02
---------------
==========Cluster 4, RcvInterf=1.37486e-14============
Node 0, SINR:6.30733e-01, BpsHz:1.90681e-02
Node 4, SINR:0.00000e+00, BpsHz:0.00000e+00
Node 5, SINR:6.30733e-01, BpsHz:1.90681e-02
Node 7, SINR:6.30733e-01, BpsHz:1.90681e-02
Node 9, SINR:6.30733e-01, BpsHz:1.90681e-02
Node 17, SINR:6.30733e-01, BpsHz:1.90681e-02
Node 26, SINR:6.30733e-01, BpsHz:1.90681e-02
Node 36, SINR:6.30733e-01, BpsHz:1.90681e-02
Node 37, SINR:6.30733e-01, BpsHz:1.90681e-02
Node 45, SINR:6.30733e-01, BpsHz:1.90681e-02
Node 46, SINR:6.30733e-01, BpsHz:1.90681e-02
Node 47, SINR:6.30733e-01, BpsHz:1.90681e-02
Node 60, SINR:6.30733e-01, BpsHz:1.90681e-02
Node 64, SINR:6.30733e-01, BpsHz:1.90681e-02
Node 69, SINR:6.30733e-01, BpsHz:1.90681e-02
Node 71, SINR:6.30733e-01, BpsHz:1.90681e-02
Node 72, SINR:6.30733e-01, BpsHz:1.90681e-02
Node 77, SINR:6.30733e-01, BpsHz:1.90681e-02
Node 83, SINR:6.30733e-01, BpsHz:1.90681e-02
Node 93, SINR:6.30733e-01, BpsHz:1.90681e-02
Node 95, SINR:6.30733e-01, BpsHz:1.90681e-02
Node 105, SINR:6.30733e-01, BpsHz:1.90681e-02
Node 108, SINR:6.30733e-01, BpsHz:1.90681e-02
Node 114, SINR:6.30733e-01, BpsHz:1.90681e-02
Node 120, SINR:6.30733e-01, BpsHz:1.90681e-02
Node 128, SINR:6.30733e-01, BpsHz:1.90681e-02
Node 131, SINR:6.30733e-01, BpsHz:1.90681e-02
Node 167, SINR:6.30733e-01, BpsHz:1.90681e-02
Node 168, SINR:6.30733e-01, BpsHz:1.90681e-02
Node 171, SINR:6.30733e-01, BpsHz:1.90681e-02
Node 155, SINR:6.30733e-01, BpsHz:1.90681e-02
Node 87, SINR:6.30733e-01, BpsHz:1.90681e-02
Node 175, SINR:6.30733e-01, BpsHz:1.90681e-02
Node 79, SINR:6.30733e-01, BpsHz:1.90681e-02
Node 100, SINR:6.30733e-01, BpsHz:1.90681e-02
Node 67, SINR:6.30733e-01, BpsHz:1.90681e-02
Node 104, SINR:6.30733e-01, BpsHz:1.90681e-02
Node 53, SINR:6.30733e-01, BpsHz:1.90681e-02
---------------
