195
5
1.000000e-03
1.931016e-312
83
3000
4.353089e+00
5.746460e-01
4.353089e-06
3.749340e-07
0 0 0 0 0 0 0 0 0 0 0 0 0 0 1 0 0 0 0 0 0 0 0 0 0 0 0 0 0 0 0 0 0 0 0 1 0 0 0 0 0 0 0 0 0 0 0 0 0 0 0 0 0 0 0 0 0 0 0 0 0 0 0 0 0 0 0 0 0 0 0 0 0 0 0 0 0 0 0 0 0 0 0 0 0 0 0 0 0 0 0 0 0 0 0 0 0 0 0 0 0 0 0 0 0 0 1 0 0 0 0 0 0 1 0 0 1 0 0 0 0 0 0 0 0 0 0 0 0 0 0 0 0 0 0 0 0 1 0 0 0 0 0 0 0 0 0 0 0 0 0 0 0 0 0 0 0 0 0 0 0 0 0 0 0 1 1 0 0 0 1 0 1 0 0 0 0 0 0 0 0 0 0 0 0 0 0 0 0 0 0 0 0 0 0 
1 0 0 0 1 1 0 1 0 1 0 0 0 0 0 0 0 1 0 0 0 0 0 0 0 0 1 0 0 0 0 0 0 0 0 0 1 1 0 0 0 0 0 1 0 1 1 1 0 0 0 0 0 0 0 0 0 0 0 0 1 0 0 0 1 0 0 0 0 0 0 1 1 0 0 0 0 1 0 0 0 0 0 0 0 0 0 0 0 0 0 0 0 1 0 0 0 0 0 0 0 0 0 0 0 1 0 0 0 0 0 0 0 0 0 0 0 0 0 0 1 0 0 0 0 0 0 0 0 0 0 0 0 0 0 0 0 0 0 0 0 0 0 0 0 0 0 0 0 0 0 0 0 0 0 0 0 0 0 0 0 0 0 0 0 0 0 1 1 0 0 1 0 0 0 0 0 0 0 0 0 0 0 0 0 0 0 0 0 0 0 0 0 0 0 
0 0 0 0 0 0 0 0 1 0 0 0 0 0 0 1 0 0 0 0 0 1 0 0 0 0 0 0 0 0 0 0 0 0 0 0 0 0 1 0 0 0 0 0 0 0 0 0 1 0 0 0 1 0 0 1 0 1 1 0 0 0 0 1 0 0 0 0 0 0 0 0 0 0 0 0 0 0 1 0 0 0 0 0 1 0 1 0 0 0 0 0 1 0 1 0 0 0 0 0 0 0 0 0 0 0 0 0 0 0 0 0 1 0 0 0 0 0 0 0 0 0 0 0 0 0 0 0 0 0 0 0 0 0 1 0 0 0 0 0 0 0 0 0 0 0 0 0 0 0 0 0 0 0 0 0 0 0 0 0 0 0 0 1 0 0 0 0 0 0 0 0 0 0 0 0 0 0 0 0 0 0 0 0 1 0 0 0 1 0 0 1 0 0 0 
0 0 0 0 0 0 0 0 0 0 0 0 0 0 0 0 0 0 0 1 0 0 0 0 0 0 0 0 0 0 0 0 0 0 0 0 0 0 0 0 0 0 0 0 0 0 0 0 0 0 0 0 0 0 0 0 0 0 0 0 0 0 0 0 0 1 0 0 0 0 0 0 0 1 0 0 0 0 0 0 0 0 0 0 0 1 0 0 0 0 0 1 0 0 0 0 0 0 0 0 0 0 1 0 0 0 0 0 0 0 0 0 0 0 0 1 0 0 0 0 0 0 0 0 0 0 0 0 0 0 0 0 0 0 0 1 0 0 0 1 1 0 0 0 0 0 0 0 0 0 0 0 0 0 0 0 0 0 1 0 0 1 0 0 0 0 0 0 0 0 0 0 0 0 0 0 0 0 0 0 0 1 1 0 0 0 0 0 0 0 0 0 0 0 0 
0 0 0 0 0 0 0 0 0 0 0 0 1 0 0 0 0 0 0 0 0 0 1 0 1 0 0 0 1 0 0 0 1 0 0 0 0 0 0 0 0 0 0 0 0 0 0 0 0 0 0 0 0 0 0 0 0 0 0 0 0 0 0 0 0 0 0 0 0 0 1 0 0 0 0 0 1 0 0 0 0 0 1 0 0 0 0 0 0 0 0 0 0 0 0 0 0 0 0 0 0 0 0 1 0 0 0 0 0 0 0 0 0 0 0 0 0 0 1 0 0 1 0 1 0 0 0 0 0 0 0 0 0 0 0 0 0 0 0 0 0 0 0 1 0 0 0 1 0 0 0 0 0 1 0 0 1 0 0 1 0 0 0 0 1 0 0 0 0 0 0 0 0 0 0 0 0 0 0 0 0 0 0 0 0 0 0 1 0 0 0 0 0 0 0 
36 78 58 159 33 
4.032141E-05 0.000000E+00 0.000000E+00 0.000000E+00 2.435846E-06 1.427457E-04 0.000000E+00 5.269834E-05 7.928074E-06 1.314786E-04 0.000000E+00 0.000000E+00 2.550507E-04 0.000000E+00 1.088223E-05 9.997754E-04 0.000000E+00 1.214554E-04 0.000000E+00 4.383982E-05 0.000000E+00 6.272926E-04 3.718193E-05 0.000000E+00 2.620233E-05 0.000000E+00 1.300164E-04 0.000000E+00 2.548728E-06 0.000000E+00 0.000000E+00 0.000000E+00 0.000000E+00 0.000000E+00 0.000000E+00 0.000000E+00 6.955061E-04 1.408980E-04 8.662779E-05 0.000000E+00 0.000000E+00 0.000000E+00 0.000000E+00 1.848568E-04 0.000000E+00 4.217348E-04 1.608688E-05 1.087804E-04 2.574806E-05 0.000000E+00 0.000000E+00 0.000000E+00 1.743238E-04 0.000000E+00 0.000000E+00 1.594212E-05 0.000000E+00 0.000000E+00 8.440482E-05 0.000000E+00 6.233496E-04 0.000000E+00 0.000000E+00 2.566334E-04 6.255293E-04 8.277375E-05 0.000000E+00 0.000000E+00 0.000000E+00 0.000000E+00 2.021581E-05 6.837572E-05 8.514402E-04 4.898498E-06 0.000000E+00 0.000000E+00 9.129730E-05 0.000000E+00 2.550393E-04 0.000000E+00 0.000000E+00 0.000000E+00 6.116749E-05 0.000000E+00 9.758961E-06 1.259050E-05 6.367879E-04 0.000000E+00 0.000000E+00 0.000000E+00 0.000000E+00 9.012222E-07 2.790955E-04 8.819568E-07 2.076430E-05 0.000000E+00 0.000000E+00 0.000000E+00 0.000000E+00 0.000000E+00 0.000000E+00 0.000000E+00 3.483612E-05 1.507736E-05 0.000000E+00 6.388256E-05 1.315170E-06 0.000000E+00 0.000000E+00 0.000000E+00 0.000000E+00 0.000000E+00 1.854056E-04 2.455081E-06 0.000000E+00 7.863688E-05 2.268122E-05 0.000000E+00 2.916108E-04 0.000000E+00 4.094088E-05 6.363667E-05 0.000000E+00 3.631496E-04 0.000000E+00 0.000000E+00 0.000000E+00 0.000000E+00 0.000000E+00 0.000000E+00 0.000000E+00 0.000000E+00 0.000000E+00 0.000000E+00 1.734953E-04 2.763847E-06 0.000000E+00 5.383489E-06 0.000000E+00 3.205841E-06 2.846582E-07 0.000000E+00 0.000000E+00 3.177934E-04 0.000000E+00 0.000000E+00 0.000000E+00 1.091228E-04 0.000000E+00 0.000000E+00 0.000000E+00 0.000000E+00 0.000000E+00 4.451759E-05 0.000000E+00 0.000000E+00 7.955354E-04 0.000000E+00 0.000000E+00 6.990102E-04 0.000000E+00 5.749136E-05 0.000000E+00 7.015932E-05 7.379463E-07 2.329526E-05 2.731348E-06 7.532619E-05 1.121857E-07 0.000000E+00 5.337095E-06 2.468009E-05 1.110086E-07 0.000000E+00 0.000000E+00 0.000000E+00 0.000000E+00 0.000000E+00 0.000000E+00 0.000000E+00 0.000000E+00 1.085034E-05 5.971963E-06 0.000000E+00 1.276822E-04 0.000000E+00 0.000000E+00 1.449779E-04 6.411803E-04 0.000000E+00 0.000000E+00 6.587727E-06 0.000000E+00 0.000000E+00 0.000000E+00 
15 36 107 114 117 138 166 167 171 173 
1 5 6 8 10 18 27 37 38 44 46 47 48 61 65 72 73 78 94 106 121 168 169 172 
9 16 22 39 49 53 56 58 59 64 79 85 87 93 95 113 135 164 185 189 192 
20 66 74 86 92 103 116 136 140 141 159 162 182 183 
13 23 25 29 33 71 77 83 104 119 122 124 144 148 154 157 160 165 188 

============Find Best @ Round 188================
==========Cluster 0, RcvInterf=6.09321e-15============
Node 14, SINR:8.32987e-01, BpsHz:9.71330e-02
Node 35, SINR:0.00000e+00, BpsHz:0.00000e+00
Node 106, SINR:8.32987e-01, BpsHz:9.71330e-02
Node 113, SINR:8.32987e-01, BpsHz:9.71330e-02
Node 116, SINR:8.32987e-01, BpsHz:9.71330e-02
Node 137, SINR:8.32987e-01, BpsHz:9.71330e-02
Node 165, SINR:8.32987e-01, BpsHz:9.71330e-02
Node 166, SINR:8.32987e-01, BpsHz:9.71330e-02
Node 170, SINR:8.32987e-01, BpsHz:9.71330e-02
Node 172, SINR:8.32987e-01, BpsHz:9.71330e-02
---------------
==========Cluster 1, RcvInterf=4.76476e-15============
Node 0, SINR:3.70456e+00, BpsHz:9.71330e-02
Node 4, SINR:3.70456e+00, BpsHz:9.71330e-02
Node 5, SINR:3.70456e+00, BpsHz:9.71330e-02
Node 7, SINR:3.70456e+00, BpsHz:9.71330e-02
Node 9, SINR:3.70456e+00, BpsHz:9.71330e-02
Node 17, SINR:3.70456e+00, BpsHz:9.71330e-02
Node 26, SINR:3.70456e+00, BpsHz:9.71330e-02
Node 36, SINR:3.70456e+00, BpsHz:9.71330e-02
Node 37, SINR:3.70456e+00, BpsHz:9.71330e-02
Node 43, SINR:3.70456e+00, BpsHz:9.71330e-02
Node 45, SINR:3.70456e+00, BpsHz:9.71330e-02
Node 46, SINR:3.70456e+00, BpsHz:9.71330e-02
Node 47, SINR:3.70456e+00, BpsHz:9.71330e-02
Node 60, SINR:3.70456e+00, BpsHz:9.71330e-02
Node 64, SINR:3.70456e+00, BpsHz:9.71330e-02
Node 71, SINR:3.70456e+00, BpsHz:9.71330e-02
Node 72, SINR:3.70456e+00, BpsHz:9.71330e-02
Node 77, SINR:0.00000e+00, BpsHz:0.00000e+00
Node 93, SINR:3.70456e+00, BpsHz:9.71330e-02
Node 105, SINR:3.70456e+00, BpsHz:9.71330e-02
Node 120, SINR:3.70456e+00, BpsHz:9.71330e-02
Node 167, SINR:3.70456e+00, BpsHz:9.71330e-02
Node 168, SINR:3.70456e+00, BpsHz:9.71330e-02
Node 171, SINR:3.70456e+00, BpsHz:9.71330e-02
---------------
==========Cluster 2, RcvInterf=3.91629e-15============
Node 8, SINR:2.84414e+00, BpsHz:9.71330e-02
Node 15, SINR:2.84414e+00, BpsHz:9.71330e-02
Node 21, SINR:2.84414e+00, BpsHz:9.71330e-02
Node 38, SINR:2.84414e+00, BpsHz:9.71330e-02
Node 48, SINR:2.84414e+00, BpsHz:9.71330e-02
Node 52, SINR:2.84414e+00, BpsHz:9.71330e-02
Node 55, SINR:2.84414e+00, BpsHz:9.71330e-02
Node 57, SINR:0.00000e+00, BpsHz:0.00000e+00
Node 58, SINR:2.84414e+00, BpsHz:9.71330e-02
Node 63, SINR:2.84414e+00, BpsHz:9.71330e-02
Node 78, SINR:2.84414e+00, BpsHz:9.71330e-02
Node 84, SINR:2.84414e+00, BpsHz:9.71330e-02
Node 86, SINR:2.84414e+00, BpsHz:9.71330e-02
Node 92, SINR:2.84414e+00, BpsHz:9.71330e-02
Node 94, SINR:2.84414e+00, BpsHz:9.71330e-02
Node 112, SINR:2.84414e+00, BpsHz:9.71330e-02
Node 134, SINR:2.84414e+00, BpsHz:9.71330e-02
Node 163, SINR:2.84414e+00, BpsHz:9.71330e-02
Node 184, SINR:2.84414e+00, BpsHz:9.71330e-02
Node 188, SINR:2.84414e+00, BpsHz:9.71330e-02
Node 191, SINR:2.84414e+00, BpsHz:9.71330e-02
---------------
==========Cluster 3, RcvInterf=6.18600e-15============
Node 19, SINR:1.39949e+00, BpsHz:9.71330e-02
Node 65, SINR:1.39949e+00, BpsHz:9.71330e-02
Node 73, SINR:1.39949e+00, BpsHz:9.71330e-02
Node 85, SINR:1.39949e+00, BpsHz:9.71330e-02
Node 91, SINR:1.39949e+00, BpsHz:9.71330e-02
Node 102, SINR:1.39949e+00, BpsHz:9.71330e-02
Node 115, SINR:1.39949e+00, BpsHz:9.71330e-02
Node 135, SINR:1.39949e+00, BpsHz:9.71330e-02
Node 139, SINR:1.39949e+00, BpsHz:9.71330e-02
Node 140, SINR:1.39949e+00, BpsHz:9.71330e-02
Node 158, SINR:0.00000e+00, BpsHz:0.00000e+00
Node 161, SINR:1.39949e+00, BpsHz:9.71330e-02
Node 181, SINR:1.39949e+00, BpsHz:9.71330e-02
Node 182, SINR:1.39949e+00, BpsHz:9.71330e-02
---------------
==========Cluster 4, RcvInterf=9.70706e-15============
Node 12, SINR:2.35984e+00, BpsHz:9.71330e-02
Node 22, SINR:2.35984e+00, BpsHz:9.71330e-02
Node 24, SINR:2.35984e+00, BpsHz:9.71330e-02
Node 28, SINR:2.35984e+00, BpsHz:9.71330e-02
Node 32, SINR:0.00000e+00, BpsHz:0.00000e+00
Node 70, SINR:2.35984e+00, BpsHz:9.71330e-02
Node 76, SINR:2.35984e+00, BpsHz:9.71330e-02
Node 82, SINR:2.35984e+00, BpsHz:9.71330e-02
Node 103, SINR:2.35984e+00, BpsHz:9.71330e-02
Node 118, SINR:2.35984e+00, BpsHz:9.71330e-02
Node 121, SINR:2.35984e+00, BpsHz:9.71330e-02
Node 123, SINR:2.35984e+00, BpsHz:9.71330e-02
Node 143, SINR:2.35984e+00, BpsHz:9.71330e-02
Node 147, SINR:2.35984e+00, BpsHz:9.71330e-02
Node 153, SINR:2.35984e+00, BpsHz:9.71330e-02
Node 156, SINR:2.35984e+00, BpsHz:9.71330e-02
Node 159, SINR:2.35984e+00, BpsHz:9.71330e-02
Node 164, SINR:2.35984e+00, BpsHz:9.71330e-02
Node 187, SINR:2.35984e+00, BpsHz:9.71330e-02
---------------
195
5
1.000000e-03
1.931016e-312
70
3000
3.763054e+00
9.527588e-01
3.763054e-06
4.486720e-07
0 0 0 0 0 0 0 1 0 0 0 0 0 0 0 0 0 1 0 0 0 0 0 0 0 0 0 0 0 0 0 0 0 0 0 0 0 0 0 0 0 0 0 0 0 0 0 0 0 0 0 0 0 0 0 0 0 0 0 0 0 0 0 0 0 1 0 0 0 0 0 0 0 0 0 0 0 0 0 0 0 1 0 0 0 1 0 1 1 0 0 0 0 0 0 1 0 0 0 0 1 0 0 0 1 0 0 0 0 0 0 0 0 0 0 0 0 0 0 0 0 0 0 0 0 0 0 0 1 0 0 0 0 0 0 0 0 0 0 0 0 0 0 0 0 0 0 0 0 0 0 0 0 0 0 0 0 0 0 0 1 0 0 0 0 0 0 0 0 0 0 0 0 0 0 0 0 0 0 0 0 0 0 0 0 0 0 0 0 0 0 0 0 0 0 
0 0 0 0 0 0 0 0 0 0 0 0 0 0 0 0 0 0 0 0 0 0 0 0 0 0 0 0 1 0 1 0 1 0 0 0 0 0 0 0 0 0 0 0 0 0 0 0 0 0 0 0 0 0 0 0 0 0 0 0 0 0 0 0 0 0 1 0 0 0 0 0 0 0 0 0 0 0 0 0 0 0 0 0 0 0 0 0 0 0 0 0 0 0 0 0 0 0 0 0 0 0 0 0 0 0 0 0 0 0 0 0 0 0 0 0 0 0 0 0 0 1 0 0 0 0 0 0 0 0 0 0 0 0 0 0 0 0 0 0 0 0 0 0 0 0 0 1 0 0 1 0 0 0 0 0 0 0 0 1 0 0 0 0 1 0 0 0 0 0 0 0 0 0 0 0 0 0 0 0 0 0 0 0 0 0 0 0 0 0 0 0 0 0 0 
1 0 0 0 0 0 0 0 0 0 1 0 0 0 0 0 0 0 0 0 0 0 0 0 0 1 0 0 0 0 0 0 0 0 0 0 0 0 0 0 0 1 0 1 0 0 0 0 0 0 0 0 0 0 0 0 0 0 0 1 0 0 0 0 0 0 0 1 0 0 0 0 0 0 0 0 0 1 0 0 0 0 0 0 0 0 0 0 0 1 1 0 0 0 0 0 0 0 1 0 0 1 0 0 0 0 0 0 0 0 1 0 0 0 0 0 0 1 0 0 1 0 0 0 0 1 0 0 0 0 0 0 0 1 0 0 0 0 0 0 0 1 0 0 1 0 0 0 1 0 0 0 0 0 0 0 0 0 0 0 0 0 1 0 0 0 0 1 0 0 0 1 0 0 0 0 0 0 0 0 0 0 0 0 0 0 0 0 0 0 0 0 1 0 0 
0 0 0 0 0 0 0 0 0 0 0 0 0 0 0 0 0 0 0 0 0 0 0 0 0 0 0 1 0 0 0 0 0 0 0 0 0 0 0 0 0 0 1 0 0 0 0 0 0 0 0 0 0 0 0 0 0 0 0 0 0 0 1 0 0 0 0 0 0 0 0 0 0 0 0 0 0 0 0 0 0 0 0 0 0 0 0 0 0 0 0 1 0 0 0 0 0 0 0 0 0 0 0 0 0 0 0 0 0 0 0 0 0 0 0 0 0 0 0 0 0 0 0 0 0 0 0 0 0 0 0 0 0 0 0 0 0 0 0 0 0 0 0 0 0 1 0 0 0 0 0 0 0 0 0 0 0 0 0 0 0 0 0 0 0 0 0 0 0 0 0 0 0 0 0 0 0 0 0 0 0 0 0 0 0 0 0 0 0 0 0 0 0 0 0 
0 0 0 0 0 0 0 0 1 0 0 0 0 0 0 0 0 0 1 0 0 0 0 0 0 0 0 0 0 0 0 0 0 1 0 0 0 0 1 0 0 0 0 0 0 0 0 0 0 1 0 1 0 0 0 0 0 1 1 0 0 0 0 0 0 0 0 0 0 0 0 0 0 0 0 0 0 0 0 0 0 0 0 0 1 0 1 0 0 0 0 0 0 0 1 0 0 0 0 0 0 0 0 0 0 0 1 0 0 0 0 0 0 0 0 0 0 0 0 0 0 0 1 0 0 0 0 0 0 1 1 0 1 0 1 0 0 0 0 0 0 0 0 0 0 0 1 0 0 1 0 0 0 0 0 0 0 0 0 0 0 0 0 0 0 0 0 0 0 0 0 0 0 0 0 0 0 1 1 1 0 0 0 0 1 0 0 0 0 1 0 0 0 0 1 
88 29 60 146 50 
5.267146E-05 0.000000E+00 0.000000E+00 0.000000E+00 0.000000E+00 0.000000E+00 0.000000E+00 1.175568E-05 4.415360E-04 0.000000E+00 2.999341E-04 0.000000E+00 0.000000E+00 0.000000E+00 0.000000E+00 0.000000E+00 0.000000E+00 2.981113E-06 4.871626E-04 0.000000E+00 0.000000E+00 0.000000E+00 0.000000E+00 0.000000E+00 0.000000E+00 2.229574E-04 0.000000E+00 1.752261E-05 0.000000E+00 0.000000E+00 1.072382E-05 0.000000E+00 6.719494E-07 2.216872E-04 0.000000E+00 0.000000E+00 0.000000E+00 0.000000E+00 1.003120E-04 0.000000E+00 0.000000E+00 1.448289E-04 3.017493E-05 2.989788E-06 0.000000E+00 0.000000E+00 0.000000E+00 0.000000E+00 0.000000E+00 0.000000E+00 0.000000E+00 8.229655E-04 0.000000E+00 0.000000E+00 0.000000E+00 0.000000E+00 0.000000E+00 1.487791E-04 2.326549E-05 0.000000E+00 0.000000E+00 0.000000E+00 3.847288E-05 0.000000E+00 0.000000E+00 3.019451E-04 1.786416E-05 3.962980E-05 0.000000E+00 0.000000E+00 0.000000E+00 0.000000E+00 0.000000E+00 0.000000E+00 0.000000E+00 0.000000E+00 0.000000E+00 1.838356E-04 0.000000E+00 0.000000E+00 0.000000E+00 1.850891E-07 0.000000E+00 0.000000E+00 1.545716E-04 6.777058E-05 1.338351E-04 0.000000E+00 4.848074E-06 5.745027E-05 1.119526E-05 1.825402E-05 0.000000E+00 0.000000E+00 3.866354E-04 1.033308E-05 0.000000E+00 0.000000E+00 2.159818E-04 0.000000E+00 3.486624E-05 1.116880E-05 0.000000E+00 0.000000E+00 6.762038E-07 0.000000E+00 6.202107E-04 0.000000E+00 0.000000E+00 0.000000E+00 1.160259E-05 0.000000E+00 0.000000E+00 0.000000E+00 0.000000E+00 0.000000E+00 0.000000E+00 6.177730E-04 0.000000E+00 0.000000E+00 6.636480E-05 1.424791E-06 6.128340E-06 0.000000E+00 0.000000E+00 3.335428E-06 0.000000E+00 0.000000E+00 3.428624E-06 2.662839E-04 1.120098E-05 0.000000E+00 2.244277E-04 1.469081E-04 1.933649E-05 0.000000E+00 0.000000E+00 0.000000E+00 0.000000E+00 0.000000E+00 0.000000E+00 3.611684E-04 0.000000E+00 0.000000E+00 2.175171E-06 0.000000E+00 1.406056E-08 3.174008E-06 3.818767E-07 1.982105E-05 1.968515E-05 0.000000E+00 0.000000E+00 0.000000E+00 0.000000E+00 0.000000E+00 0.000000E+00 0.000000E+00 0.000000E+00 3.465072E-04 1.965294E-05 0.000000E+00 7.400219E-05 0.000000E+00 1.177462E-06 0.000000E+00 0.000000E+00 1.366687E-05 0.000000E+00 0.000000E+00 0.000000E+00 1.810849E-05 0.000000E+00 0.000000E+00 0.000000E+00 0.000000E+00 0.000000E+00 2.390589E-05 1.995918E-06 2.192768E-04 0.000000E+00 0.000000E+00 0.000000E+00 0.000000E+00 3.927638E-04 0.000000E+00 0.000000E+00 0.000000E+00 0.000000E+00 9.998876E-04 0.000000E+00 0.000000E+00 1.814801E-05 0.000000E+00 5.728496E-05 
18 82 88 89 96 101 105 129 161 8 86 66 
29 33 122 148 165 151 31 67 160 
1 42 44 60 68 90 91 102 111 126 145 149 163 168 172 193 11 134 118 99 142 26 121 78 
146 92 63 43 28 
19 34 39 50 59 87 123 130 131 133 135 147 150 178 179 180 195 58 52 85 185 190 107 95 9 

============Find Best @ Round 627================
==========Cluster 0, RcvInterf=1.99567e-14============
Node 17, SINR:5.63123e-01, BpsHz:5.85847e-02
Node 81, SINR:5.63123e-01, BpsHz:5.85847e-02
Node 87, SINR:0.00000e+00, BpsHz:0.00000e+00
Node 88, SINR:5.63123e-01, BpsHz:5.85847e-02
Node 95, SINR:5.63123e-01, BpsHz:5.85847e-02
Node 100, SINR:5.63123e-01, BpsHz:5.85847e-02
Node 104, SINR:5.63123e-01, BpsHz:5.85847e-02
Node 128, SINR:5.63123e-01, BpsHz:5.85847e-02
Node 160, SINR:5.63123e-01, BpsHz:5.85847e-02
Node 7, SINR:5.63123e-01, BpsHz:5.85847e-02
Node 85, SINR:5.63123e-01, BpsHz:5.85847e-02
Node 65, SINR:5.63123e-01, BpsHz:5.85847e-02
---------------
==========Cluster 1, RcvInterf=2.69093e-14============
Node 28, SINR:0.00000e+00, BpsHz:0.00000e+00
Node 32, SINR:3.83840e-01, BpsHz:5.85847e-02
Node 121, SINR:3.83840e-01, BpsHz:5.85847e-02
Node 147, SINR:3.83840e-01, BpsHz:5.85847e-02
Node 164, SINR:3.83840e-01, BpsHz:5.85847e-02
Node 150, SINR:3.83840e-01, BpsHz:5.85847e-02
Node 30, SINR:3.83840e-01, BpsHz:5.85847e-02
Node 66, SINR:3.83840e-01, BpsHz:5.85847e-02
Node 159, SINR:3.83840e-01, BpsHz:5.85847e-02
---------------
==========Cluster 2, RcvInterf=8.43656e-15============
Node 0, SINR:1.54462e+00, BpsHz:5.85847e-02
Node 41, SINR:1.54462e+00, BpsHz:5.85847e-02
Node 43, SINR:1.54462e+00, BpsHz:5.85847e-02
Node 59, SINR:0.00000e+00, BpsHz:0.00000e+00
Node 67, SINR:1.54462e+00, BpsHz:5.85847e-02
Node 89, SINR:1.54462e+00, BpsHz:5.85847e-02
Node 90, SINR:1.54462e+00, BpsHz:5.85847e-02
Node 101, SINR:1.54462e+00, BpsHz:5.85847e-02
Node 110, SINR:1.54462e+00, BpsHz:5.85847e-02
Node 125, SINR:1.54462e+00, BpsHz:5.85847e-02
Node 144, SINR:1.54462e+00, BpsHz:5.85847e-02
Node 148, SINR:1.54462e+00, BpsHz:5.85847e-02
Node 162, SINR:1.54462e+00, BpsHz:5.85847e-02
Node 167, SINR:1.54462e+00, BpsHz:5.85847e-02
Node 171, SINR:1.54462e+00, BpsHz:5.85847e-02
Node 192, SINR:1.54462e+00, BpsHz:5.85847e-02
Node 10, SINR:1.54462e+00, BpsHz:5.85847e-02
Node 133, SINR:1.54462e+00, BpsHz:5.85847e-02
Node 117, SINR:1.54462e+00, BpsHz:5.85847e-02
Node 98, SINR:1.54462e+00, BpsHz:5.85847e-02
Node 141, SINR:1.54462e+00, BpsHz:5.85847e-02
Node 25, SINR:1.54462e+00, BpsHz:5.85847e-02
Node 120, SINR:1.54462e+00, BpsHz:5.85847e-02
Node 77, SINR:1.54462e+00, BpsHz:5.85847e-02
---------------
==========Cluster 3, RcvInterf=1.61674e-14============
Node 145, SINR:0.00000e+00, BpsHz:0.00000e+00
Node 91, SINR:1.76367e-01, BpsHz:5.85847e-02
Node 62, SINR:1.76367e-01, BpsHz:5.85847e-02
Node 42, SINR:1.76367e-01, BpsHz:5.85847e-02
Node 27, SINR:1.76367e-01, BpsHz:5.85847e-02
---------------
==========Cluster 4, RcvInterf=4.51543e-15============
Node 18, SINR:1.65007e+00, BpsHz:5.85847e-02
Node 33, SINR:1.65007e+00, BpsHz:5.85847e-02
Node 38, SINR:1.65007e+00, BpsHz:5.85847e-02
Node 49, SINR:0.00000e+00, BpsHz:0.00000e+00
Node 58, SINR:1.65007e+00, BpsHz:5.85847e-02
Node 86, SINR:1.65007e+00, BpsHz:5.85847e-02
Node 122, SINR:1.65007e+00, BpsHz:5.85847e-02
Node 129, SINR:1.65007e+00, BpsHz:5.85847e-02
Node 130, SINR:1.65007e+00, BpsHz:5.85847e-02
Node 132, SINR:1.65007e+00, BpsHz:5.85847e-02
Node 134, SINR:1.65007e+00, BpsHz:5.85847e-02
Node 146, SINR:1.65007e+00, BpsHz:5.85847e-02
Node 149, SINR:1.65007e+00, BpsHz:5.85847e-02
Node 177, SINR:1.65007e+00, BpsHz:5.85847e-02
Node 178, SINR:1.65007e+00, BpsHz:5.85847e-02
Node 179, SINR:1.65007e+00, BpsHz:5.85847e-02
Node 194, SINR:1.65007e+00, BpsHz:5.85847e-02
Node 57, SINR:1.65007e+00, BpsHz:5.85847e-02
Node 51, SINR:1.65007e+00, BpsHz:5.85847e-02
Node 84, SINR:1.65007e+00, BpsHz:5.85847e-02
Node 184, SINR:1.65007e+00, BpsHz:5.85847e-02
Node 189, SINR:1.65007e+00, BpsHz:5.85847e-02
Node 106, SINR:1.65007e+00, BpsHz:5.85847e-02
Node 94, SINR:1.65007e+00, BpsHz:5.85847e-02
Node 8, SINR:1.65007e+00, BpsHz:5.85847e-02
---------------
195
5
1.000000e-03
1.931016e-312
162
3000
6.959899e+00
2.690430e+00
6.959900e-06
1.910049e-06
0 1 0 0 0 0 1 0 1 0 0 1 0 0 0 1 0 0 0 0 0 1 0 0 0 0 0 0 0 0 0 0 0 0 0 0 0 0 1 1 0 0 0 0 0 0 0 0 1 0 1 0 0 0 0 1 0 1 1 0 0 0 0 0 0 0 1 0 0 0 0 0 0 0 0 0 0 0 1 0 0 0 0 0 1 0 0 0 0 0 0 0 0 0 1 0 0 1 0 0 0 0 0 0 0 0 0 0 0 0 0 0 1 0 0 0 0 0 0 0 0 1 0 0 1 0 0 0 0 0 0 0 0 0 1 0 1 0 0 0 0 0 0 0 0 0 0 1 0 0 1 0 0 0 0 0 0 0 0 0 0 0 0 1 0 0 0 0 0 0 0 0 0 0 0 0 1 0 0 0 0 0 0 1 1 0 1 0 1 0 0 1 0 0 0 
0 0 0 0 0 0 0 0 0 0 0 0 1 0 0 0 0 0 0 0 0 0 1 0 1 1 0 0 0 0 0 1 1 0 0 0 0 0 0 0 0 1 0 0 0 0 0 0 0 0 0 0 0 0 0 0 0 0 0 0 0 0 0 0 0 0 0 0 0 0 1 0 0 0 0 0 1 0 0 0 0 0 1 0 0 0 0 0 0 0 1 0 0 0 0 0 0 0 0 0 0 1 0 1 0 0 0 0 0 0 0 0 0 0 0 0 0 1 0 0 0 0 0 1 0 0 0 0 0 0 0 0 0 1 0 0 0 0 0 0 0 0 1 1 1 0 0 0 1 0 0 1 0 0 0 0 1 1 0 1 0 0 0 0 1 0 0 0 0 0 0 0 0 0 0 0 0 0 0 0 0 0 0 0 0 0 0 1 0 0 0 0 1 0 0 
0 0 0 0 0 0 0 0 0 0 0 0 0 0 1 0 0 0 1 0 0 0 0 1 0 0 0 0 0 0 0 0 0 1 0 1 0 0 0 0 0 0 1 0 1 0 0 0 0 1 0 1 1 0 0 0 0 0 0 0 0 1 0 0 0 0 0 0 1 0 0 0 0 0 1 0 0 0 0 0 0 0 0 0 0 0 0 0 0 0 0 0 0 0 0 0 0 0 0 0 0 0 0 0 0 0 1 1 0 1 0 1 0 1 0 0 1 0 0 0 0 0 1 0 0 0 0 1 0 1 1 0 1 0 0 0 0 1 0 0 0 0 0 0 0 0 1 0 0 1 0 0 0 0 0 0 0 0 0 0 0 0 0 0 0 1 1 0 0 0 1 0 1 0 0 0 0 1 1 1 0 0 0 0 0 0 0 0 0 1 0 0 0 0 1 
0 0 1 1 0 0 0 0 0 0 0 0 0 1 0 0 1 0 0 1 0 0 0 0 0 0 0 0 0 1 0 0 0 0 0 0 0 0 0 0 1 0 0 0 0 0 0 0 0 0 0 0 0 0 0 0 1 0 0 0 0 0 1 0 0 1 0 0 0 0 0 0 0 1 0 1 0 0 0 0 0 0 0 0 0 1 0 0 1 0 0 1 0 0 0 0 1 0 0 0 0 0 1 0 0 0 0 0 0 0 0 0 0 0 0 1 0 0 0 1 0 0 0 0 0 0 0 0 0 0 0 0 0 0 0 1 0 0 1 1 1 0 0 0 0 1 0 0 0 0 0 0 1 0 0 0 0 0 1 0 0 1 0 0 0 0 0 0 0 0 0 0 0 0 1 0 0 0 0 0 1 1 1 0 0 0 0 0 0 0 0 0 0 0 0 
1 0 0 0 1 1 0 1 0 1 0 0 0 0 0 0 0 1 0 0 0 0 0 0 0 0 1 0 0 0 0 0 0 0 0 0 1 1 0 0 0 0 0 1 0 1 1 1 0 0 0 0 0 1 0 0 0 0 0 0 1 0 0 0 1 0 0 1 0 1 0 1 1 0 0 0 0 1 0 1 0 0 0 1 0 0 0 0 0 0 0 0 0 1 0 1 0 0 0 1 1 0 0 0 0 1 0 0 1 0 1 0 0 0 1 0 0 0 0 0 1 0 0 0 0 0 0 0 1 0 0 1 0 0 0 0 0 0 0 0 0 1 0 0 0 0 0 0 0 0 0 0 0 0 0 1 0 0 0 0 0 0 1 0 0 0 0 1 1 0 0 1 0 0 0 1 0 0 0 0 0 0 0 0 0 0 0 0 0 0 0 0 0 0 0 
49 188 178 159 169 
1.241622E-05 1.083800E-04 1.230753E-04 3.368584E-05 1.139222E-07 1.649824E-05 9.190831E-04 8.834859E-06 4.794782E-05 1.404332E-05 0.000000E+00 1.228931E-04 4.713022E-04 1.121924E-04 4.410126E-04 2.140836E-04 5.546503E-05 2.675202E-05 2.982781E-04 2.942742E-05 0.000000E+00 1.834840E-05 2.874598E-04 2.345722E-04 1.548548E-05 6.261003E-05 1.480256E-05 0.000000E+00 0.000000E+00 8.253702E-05 0.000000E+00 5.948801E-06 4.717131E-05 4.564219E-05 0.000000E+00 4.579366E-05 1.028044E-04 1.573645E-05 1.964583E-05 1.455163E-04 1.738729E-05 7.591168E-05 1.684822E-04 7.111503E-05 9.233400E-04 6.772898E-05 1.093210E-06 5.813848E-05 0.000000E+00 1.339289E-05 3.128310E-05 1.594763E-04 2.641295E-04 7.584819E-04 0.000000E+00 2.886379E-05 4.717087E-04 8.377100E-06 5.123231E-05 0.000000E+00 1.197701E-04 2.203332E-04 2.858256E-04 0.000000E+00 9.649088E-05 5.556177E-05 5.964908E-05 1.027704E-04 1.098314E-04 3.160916E-05 7.700243E-07 1.013362E-05 1.319284E-04 3.288110E-06 4.683686E-04 5.719656E-05 1.316083E-04 2.959271E-08 2.041731E-06 8.592887E-04 0.000000E+00 0.000000E+00 8.221926E-05 8.148759E-05 9.632652E-05 8.451354E-06 0.000000E+00 0.000000E+00 2.957564E-05 0.000000E+00 4.296023E-05 6.049442E-07 0.000000E+00 1.695368E-06 6.079308E-08 5.254398E-05 3.310081E-04 1.080304E-04 0.000000E+00 9.995413E-04 7.551183E-04 3.339573E-05 2.338370E-05 9.795100E-06 0.000000E+00 2.497756E-05 4.379091E-05 1.749404E-04 3.790432E-04 1.760026E-04 1.409798E-04 1.711407E-04 3.626568E-06 1.862183E-04 6.100346E-04 5.278490E-05 6.030289E-04 1.074651E-04 0.000000E+00 3.844038E-05 2.772365E-05 1.477617E-04 7.565178E-07 1.019290E-05 3.413677E-04 0.000000E+00 0.000000E+00 9.139172E-04 9.399763E-05 2.133078E-04 9.899789E-08 4.203000E-04 4.093118E-04 1.172048E-08 9.501277E-05 1.855229E-06 3.324565E-04 5.207532E-05 1.807075E-04 2.151916E-06 1.910765E-07 3.732370E-04 5.839625E-06 4.004957E-05 2.278349E-05 6.299803E-05 1.059570E-05 4.024679E-04 4.368198E-05 9.183753E-06 4.079691E-05 2.825215E-05 5.183892E-05 0.000000E+00 0.000000E+00 1.237646E-04 1.599789E-04 2.578975E-04 0.000000E+00 1.945811E-04 0.000000E+00 3.859100E-05 2.482899E-04 6.540704E-07 7.653218E-05 1.832870E-04 3.495858E-05 2.844231E-05 0.000000E+00 0.000000E+00 2.960360E-04 1.843176E-05 1.165758E-04 0.000000E+00 3.427158E-05 2.172343E-04 3.194592E-04 0.000000E+00 1.122677E-06 1.233725E-04 4.514951E-05 7.283275E-06 4.008672E-06 6.255608E-04 4.959308E-06 0.000000E+00 5.828743E-04 0.000000E+00 2.617385E-05 1.557113E-04 0.000000E+00 2.410262E-05 4.325808E-05 0.000000E+00 1.345239E-04 
2 9 12 16 22 39 40 49 51 56 58 59 67 79 95 113 125 151 164 177 184 185 187 189 192 122 137 85 135 98 148 7 
25 26 32 33 42 71 77 83 91 102 104 118 124 134 143 144 145 149 152 157 160 165 188 193 13 23 158 
15 19 24 34 36 43 45 50 52 69 107 108 110 112 114 117 123 130 131 138 147 150 166 167 171 173 178 179 180 190 195 62 133 53 128 75 
4 14 17 20 30 41 57 63 66 74 76 86 89 92 97 103 116 120 136 139 140 141 146 153 159 162 175 181 182 183 3 
1 5 6 8 10 18 27 37 38 44 46 47 48 54 61 65 68 70 72 73 78 84 94 96 106 109 115 121 129 132 156 168 169 172 100 111 142 163 176 101 80 

============Find Best @ Round 627================
==========Cluster 0, RcvInterf=1.81028e-14============
Node 1, SINR:5.61727e-01, BpsHz:2.07465e-02
Node 8, SINR:5.61727e-01, BpsHz:2.07465e-02
Node 11, SINR:5.61727e-01, BpsHz:2.07465e-02
Node 15, SINR:5.61727e-01, BpsHz:2.07465e-02
Node 21, SINR:5.61727e-01, BpsHz:2.07465e-02
Node 38, SINR:5.61727e-01, BpsHz:2.07465e-02
Node 39, SINR:5.61727e-01, BpsHz:2.07465e-02
Node 48, SINR:0.00000e+00, BpsHz:0.00000e+00
Node 50, SINR:5.61727e-01, BpsHz:2.07465e-02
Node 55, SINR:5.61727e-01, BpsHz:2.07465e-02
Node 57, SINR:5.61727e-01, BpsHz:2.07465e-02
Node 58, SINR:5.61727e-01, BpsHz:2.07465e-02
Node 66, SINR:5.61727e-01, BpsHz:2.07465e-02
Node 78, SINR:5.61727e-01, BpsHz:2.07465e-02
Node 94, SINR:5.61727e-01, BpsHz:2.07465e-02
Node 112, SINR:5.61727e-01, BpsHz:2.07465e-02
Node 124, SINR:5.61727e-01, BpsHz:2.07465e-02
Node 150, SINR:5.61727e-01, BpsHz:2.07465e-02
Node 163, SINR:5.61727e-01, BpsHz:2.07465e-02
Node 176, SINR:5.61727e-01, BpsHz:2.07465e-02
Node 183, SINR:5.61727e-01, BpsHz:2.07465e-02
Node 184, SINR:5.61727e-01, BpsHz:2.07465e-02
Node 186, SINR:5.61727e-01, BpsHz:2.07465e-02
Node 188, SINR:5.61727e-01, BpsHz:2.07465e-02
Node 191, SINR:5.61727e-01, BpsHz:2.07465e-02
Node 121, SINR:5.61727e-01, BpsHz:2.07465e-02
Node 136, SINR:5.61727e-01, BpsHz:2.07465e-02
Node 84, SINR:5.61727e-01, BpsHz:2.07465e-02
Node 134, SINR:5.61727e-01, BpsHz:2.07465e-02
Node 97, SINR:5.61727e-01, BpsHz:2.07465e-02
Node 147, SINR:5.61727e-01, BpsHz:2.07465e-02
Node 6, SINR:5.61727e-01, BpsHz:2.07465e-02
---------------
==========Cluster 1, RcvInterf=2.89234e-14============
Node 24, SINR:4.53378e-01, BpsHz:2.07465e-02
Node 25, SINR:4.53378e-01, BpsHz:2.07465e-02
Node 31, SINR:4.53378e-01, BpsHz:2.07465e-02
Node 32, SINR:4.53378e-01, BpsHz:2.07465e-02
Node 41, SINR:4.53378e-01, BpsHz:2.07465e-02
Node 70, SINR:4.53378e-01, BpsHz:2.07465e-02
Node 76, SINR:4.53378e-01, BpsHz:2.07465e-02
Node 82, SINR:4.53378e-01, BpsHz:2.07465e-02
Node 90, SINR:4.53378e-01, BpsHz:2.07465e-02
Node 101, SINR:4.53378e-01, BpsHz:2.07465e-02
Node 103, SINR:4.53378e-01, BpsHz:2.07465e-02
Node 117, SINR:4.53378e-01, BpsHz:2.07465e-02
Node 123, SINR:4.53378e-01, BpsHz:2.07465e-02
Node 133, SINR:4.53378e-01, BpsHz:2.07465e-02
Node 142, SINR:4.53378e-01, BpsHz:2.07465e-02
Node 143, SINR:4.53378e-01, BpsHz:2.07465e-02
Node 144, SINR:4.53378e-01, BpsHz:2.07465e-02
Node 148, SINR:4.53378e-01, BpsHz:2.07465e-02
Node 151, SINR:4.53378e-01, BpsHz:2.07465e-02
Node 156, SINR:4.53378e-01, BpsHz:2.07465e-02
Node 159, SINR:4.53378e-01, BpsHz:2.07465e-02
Node 164, SINR:4.53378e-01, BpsHz:2.07465e-02
Node 187, SINR:0.00000e+00, BpsHz:0.00000e+00
Node 192, SINR:4.53378e-01, BpsHz:2.07465e-02
Node 12, SINR:4.53378e-01, BpsHz:2.07465e-02
Node 22, SINR:4.53378e-01, BpsHz:2.07465e-02
Node 157, SINR:4.53378e-01, BpsHz:2.07465e-02
---------------
==========Cluster 2, RcvInterf=1.38161e-14============
Node 14, SINR:6.54194e-01, BpsHz:2.07465e-02
Node 18, SINR:6.54194e-01, BpsHz:2.07465e-02
Node 23, SINR:6.54194e-01, BpsHz:2.07465e-02
Node 33, SINR:6.54194e-01, BpsHz:2.07465e-02
Node 35, SINR:6.54194e-01, BpsHz:2.07465e-02
Node 42, SINR:6.54194e-01, BpsHz:2.07465e-02
Node 44, SINR:6.54194e-01, BpsHz:2.07465e-02
Node 49, SINR:6.54194e-01, BpsHz:2.07465e-02
Node 51, SINR:6.54194e-01, BpsHz:2.07465e-02
Node 68, SINR:6.54194e-01, BpsHz:2.07465e-02
Node 106, SINR:6.54194e-01, BpsHz:2.07465e-02
Node 107, SINR:6.54194e-01, BpsHz:2.07465e-02
Node 109, SINR:6.54194e-01, BpsHz:2.07465e-02
Node 111, SINR:6.54194e-01, BpsHz:2.07465e-02
Node 113, SINR:6.54194e-01, BpsHz:2.07465e-02
Node 116, SINR:6.54194e-01, BpsHz:2.07465e-02
Node 122, SINR:6.54194e-01, BpsHz:2.07465e-02
Node 129, SINR:6.54194e-01, BpsHz:2.07465e-02
Node 130, SINR:6.54194e-01, BpsHz:2.07465e-02
Node 137, SINR:6.54194e-01, BpsHz:2.07465e-02
Node 146, SINR:6.54194e-01, BpsHz:2.07465e-02
Node 149, SINR:6.54194e-01, BpsHz:2.07465e-02
Node 165, SINR:6.54194e-01, BpsHz:2.07465e-02
Node 166, SINR:6.54194e-01, BpsHz:2.07465e-02
Node 170, SINR:6.54194e-01, BpsHz:2.07465e-02
Node 172, SINR:6.54194e-01, BpsHz:2.07465e-02
Node 177, SINR:0.00000e+00, BpsHz:0.00000e+00
Node 178, SINR:6.54194e-01, BpsHz:2.07465e-02
Node 179, SINR:6.54194e-01, BpsHz:2.07465e-02
Node 189, SINR:6.54194e-01, BpsHz:2.07465e-02
Node 194, SINR:6.54194e-01, BpsHz:2.07465e-02
Node 61, SINR:6.54194e-01, BpsHz:2.07465e-02
Node 132, SINR:6.54194e-01, BpsHz:2.07465e-02
Node 52, SINR:6.54194e-01, BpsHz:2.07465e-02
Node 127, SINR:6.54194e-01, BpsHz:2.07465e-02
Node 74, SINR:6.54194e-01, BpsHz:2.07465e-02
---------------
==========Cluster 3, RcvInterf=2.41195e-14============
Node 3, SINR:5.39430e-01, BpsHz:2.07465e-02
Node 13, SINR:5.39430e-01, BpsHz:2.07465e-02
Node 16, SINR:5.39430e-01, BpsHz:2.07465e-02
Node 19, SINR:5.39430e-01, BpsHz:2.07465e-02
Node 29, SINR:5.39430e-01, BpsHz:2.07465e-02
Node 40, SINR:5.39430e-01, BpsHz:2.07465e-02
Node 56, SINR:5.39430e-01, BpsHz:2.07465e-02
Node 62, SINR:5.39430e-01, BpsHz:2.07465e-02
Node 65, SINR:5.39430e-01, BpsHz:2.07465e-02
Node 73, SINR:5.39430e-01, BpsHz:2.07465e-02
Node 75, SINR:5.39430e-01, BpsHz:2.07465e-02
Node 85, SINR:5.39430e-01, BpsHz:2.07465e-02
Node 88, SINR:5.39430e-01, BpsHz:2.07465e-02
Node 91, SINR:5.39430e-01, BpsHz:2.07465e-02
Node 96, SINR:5.39430e-01, BpsHz:2.07465e-02
Node 102, SINR:5.39430e-01, BpsHz:2.07465e-02
Node 115, SINR:5.39430e-01, BpsHz:2.07465e-02
Node 119, SINR:5.39430e-01, BpsHz:2.07465e-02
Node 135, SINR:5.39430e-01, BpsHz:2.07465e-02
Node 138, SINR:5.39430e-01, BpsHz:2.07465e-02
Node 139, SINR:5.39430e-01, BpsHz:2.07465e-02
Node 140, SINR:5.39430e-01, BpsHz:2.07465e-02
Node 145, SINR:5.39430e-01, BpsHz:2.07465e-02
Node 152, SINR:5.39430e-01, BpsHz:2.07465e-02
Node 158, SINR:0.00000e+00, BpsHz:0.00000e+00
Node 161, SINR:5.39430e-01, BpsHz:2.07465e-02
Node 174, SINR:5.39430e-01, BpsHz:2.07465e-02
Node 180, SINR:5.39430e-01, BpsHz:2.07465e-02
Node 181, SINR:5.39430e-01, BpsHz:2.07465e-02
Node 182, SINR:5.39430e-01, BpsHz:2.07465e-02
Node 2, SINR:5.39430e-01, BpsHz:2.07465e-02
---------------
==========Cluster 4, RcvInterf=1.06113e-14============
Node 0, SINR:7.77514e-01, BpsHz:2.07465e-02
Node 4, SINR:7.77514e-01, BpsHz:2.07465e-02
Node 5, SINR:7.77514e-01, BpsHz:2.07465e-02
Node 7, SINR:7.77514e-01, BpsHz:2.07465e-02
Node 9, SINR:7.77514e-01, BpsHz:2.07465e-02
Node 17, SINR:7.77514e-01, BpsHz:2.07465e-02
Node 26, SINR:7.77514e-01, BpsHz:2.07465e-02
Node 36, SINR:7.77514e-01, BpsHz:2.07465e-02
Node 37, SINR:7.77514e-01, BpsHz:2.07465e-02
Node 43, SINR:7.77514e-01, BpsHz:2.07465e-02
Node 45, SINR:7.77514e-01, BpsHz:2.07465e-02
Node 46, SINR:7.77514e-01, BpsHz:2.07465e-02
Node 47, SINR:7.77514e-01, BpsHz:2.07465e-02
Node 53, SINR:7.77514e-01, BpsHz:2.07465e-02
Node 60, SINR:7.77514e-01, BpsHz:2.07465e-02
Node 64, SINR:7.77514e-01, BpsHz:2.07465e-02
Node 67, SINR:7.77514e-01, BpsHz:2.07465e-02
Node 69, SINR:7.77514e-01, BpsHz:2.07465e-02
Node 71, SINR:7.77514e-01, BpsHz:2.07465e-02
Node 72, SINR:7.77514e-01, BpsHz:2.07465e-02
Node 77, SINR:7.77514e-01, BpsHz:2.07465e-02
Node 83, SINR:7.77514e-01, BpsHz:2.07465e-02
Node 93, SINR:7.77514e-01, BpsHz:2.07465e-02
Node 95, SINR:7.77514e-01, BpsHz:2.07465e-02
Node 105, SINR:7.77514e-01, BpsHz:2.07465e-02
Node 108, SINR:7.77514e-01, BpsHz:2.07465e-02
Node 114, SINR:7.77514e-01, BpsHz:2.07465e-02
Node 120, SINR:7.77514e-01, BpsHz:2.07465e-02
Node 128, SINR:7.77514e-01, BpsHz:2.07465e-02
Node 131, SINR:7.77514e-01, BpsHz:2.07465e-02
Node 155, SINR:7.77514e-01, BpsHz:2.07465e-02
Node 167, SINR:7.77514e-01, BpsHz:2.07465e-02
Node 168, SINR:0.00000e+00, BpsHz:0.00000e+00
Node 171, SINR:7.77514e-01, BpsHz:2.07465e-02
Node 99, SINR:7.77514e-01, BpsHz:2.07465e-02
Node 110, SINR:7.77514e-01, BpsHz:2.07465e-02
Node 141, SINR:7.77514e-01, BpsHz:2.07465e-02
Node 162, SINR:7.77514e-01, BpsHz:2.07465e-02
Node 175, SINR:7.77514e-01, BpsHz:2.07465e-02
Node 100, SINR:7.77514e-01, BpsHz:2.07465e-02
Node 79, SINR:7.77514e-01, BpsHz:2.07465e-02
---------------
