2013-09-16_10-24  188 34 6.61e-01    225.7 1.32e-06 2.9e-07 1.0e-03 1.32 
2013-09-16_10-24  170 29 6.49e-01    189.0 3.04e-06 2.4e-07 1.0e-03 3.04 
2013-09-16_10-24  39 36 6.99e-01    252.9 2.58e-06 5.4e-07 1.0e-03 2.58 
2013-09-16_10-24  96 35 5.55e-01    195.1 2.61e-06 3.5e-07 1.0e-03 2.61 
2013-09-16_10-24  186 22 6.63e-01    146.5 7.96e-08 7.8e-08 1.0e-03 0.08 

2013-09-16_10-25  49 32 6.60e-01    212.3 1.37e-06 4.3e-07 1.0e-03 1.37 
2013-09-16_10-25  188 27 6.78e-01    184.0 1.07e-06 2.3e-07 1.0e-03 1.07 
2013-09-16_10-25  178 36 6.19e-01    223.7 1.65e-06 5.7e-07 1.0e-03 1.65 
2013-09-16_10-25  159 31 5.07e-01    158.1 1.55e-06 2.0e-07 1.0e-03 1.55 
2013-09-16_10-25  169 41 5.58e-01    230.0 1.31e-06 4.8e-07 1.0e-03 1.31 

2013-09-16_10-26  178 34 6.11e-01    208.6 1.54e-06 6.0e-07 1.0e-03 1.54 
2013-09-16_10-26  134 26 6.77e-01    176.8 9.44e-07 2.4e-07 1.0e-03 0.94 
2013-09-16_10-26  164 36 6.60e-01    238.8 1.40e-06 4.8e-07 1.0e-03 1.40 
2013-09-16_10-26  159 32 5.35e-01    172.1 1.69e-06 2.5e-07 1.0e-03 1.69 
2013-09-16_10-26  5 38 5.61e-01    214.1 1.36e-06 4.0e-07 1.0e-03 1.36 

2013-09-16_10-28  122 33 6.93e-01    229.6 2.73e-06 4.4e-07 1.0e-03 2.73 
2013-09-16_10-28  127 21 6.86e-01    144.8 6.55e-08 7.8e-08 1.0e-03 0.07 
2013-09-16_10-28  1 36 6.22e-01    224.8 1.51e-06 5.1e-07 1.0e-03 1.51 
2013-09-16_10-28  131 32 6.05e-01    194.5 1.75e-06 4.4e-07 1.0e-03 1.75 
2013-09-16_10-28  159 37 5.54e-01    205.9 2.02e-06 4.5e-07 1.0e-03 2.02 

2013-09-16_10-29  33 30 6.56e-01    197.6 1.75e-06 3.4e-07 1.0e-03 1.75 
2013-09-16_10-29  82 30 5.90e-01    177.8 1.76e-06 2.3e-07 1.0e-03 1.76 
2013-09-16_10-29  170 18 7.06e-01    127.7 2.05e-06 1.0e-07 1.0e-03 2.05 
2013-09-16_10-29  168 37 6.60e-01    245.4 1.32e-06 5.1e-07 1.0e-03 1.32 
2013-09-16_10-29  50 39 6.56e-01    256.9 1.63e-06 5.8e-07 1.0e-03 1.63 

2013-09-16_10-30  140 41 5.24e-01    215.9 1.44e-06 3.6e-07 1.0e-03 1.44 
2013-09-16_10-30  47 34 5.65e-01    193.1 1.66e-06 3.3e-07 1.0e-03 1.66 
2013-09-16_10-30  107 27 5.94e-01    161.2 4.01e-06 1.9e-07 1.0e-03 4.01 
2013-09-16_10-30  134 32 6.35e-01    204.2 1.09e-06 3.2e-07 1.0e-03 1.09 
2013-09-16_10-30  164 37 6.50e-01    241.6 1.42e-06 6.2e-07 1.0e-03 1.42 

