195 11 1469.24 0.25 0.950000 8 -1.0 197        1396.430 179 1.827239e-05 6.639929e-07 1.827239e+01 1.615295e+00 11     1.893638e-05 1.988768e+01
195 11 1469.24 0.25 0.950000 8 -1.0 2058        1396.431 180 1.667207e-05 7.955378e-07 1.667207e+01 1.452332e+00 11     1.746760e-05 1.812440e+01
195 11 1469.24 0.25 0.950000 8 -1.0 1733        1396.311 179 1.819897e-05 1.465122e-06 1.819897e+01 1.743164e+00 11     1.966409e-05 1.994214e+01
195 11 1469.24 0.25 0.950000 8 -1.0 2573        1398.852 181 1.636304e-05 8.480698e-07 1.636304e+01 1.429443e+00 11     1.721111e-05 1.779249e+01
195 11 1469.24 0.25 0.950000 8 -1.0 674        1397.065 179 1.711027e-05 1.762383e-06 1.711026e+01 1.452713e+00 11     1.887265e-05 1.856298e+01
195 11 1469.24 0.25 0.950000 8 -1.0 367        1396.012 181 1.539232e-05 7.221197e-07 1.539232e+01 1.585388e+00 11     1.611444e-05 1.697771e+01
195 11 1370.99 0.30 0.950000 8 -1.0 2381        1305.916 177 1.675240e-05 7.344947e-07 1.675240e+01 1.490479e+00 11     1.748689e-05 1.824288e+01
195 11 1370.99 0.30 0.950000 8 -1.0 1767        1303.326 175 1.511716e-05 8.131304e-07 1.511716e+01 1.405945e+00 11     1.593029e-05 1.652310e+01
195 11 1370.99 0.30 0.950000 8 -1.0 987        1303.834 178 1.684804e-05 1.117063e-06 1.684804e+01 1.640625e+00 11     1.796510e-05 1.848866e+01
195 11 1370.99 0.30 0.950000 8 -1.0 2489        1303.857 178 1.384146e-05 1.061045e-06 1.384146e+01 1.876831e+00 11     1.490250e-05 1.571829e+01
195 11 1370.99 0.30 0.950000 8 -1.0 1996        1302.538 179 1.532114e-05 1.154367e-06 1.532114e+01 1.508789e+00 11     1.647550e-05 1.682993e+01
195 11 1370.99 0.30 0.950000 8 -1.0 1996        1302.538 179 1.532114e-05 1.154367e-06 1.532114e+01 1.508789e+00 11     1.647550e-05 1.682993e+01
195 11 1273.05 0.35 0.950000 8 -1.0 1809        1210.793 176 1.568107e-05 1.206519e-06 1.568107e+01 1.414642e+00 11     1.688759e-05 1.709571e+01
195 11 1273.05 0.35 0.950000 8 -1.0 1357        1210.109 174 1.458428e-05 9.035992e-07 1.458428e+01 1.165161e+00 11     1.548788e-05 1.574944e+01
195 11 1273.05 0.35 0.950000 8 -1.0 770        1209.646 175 1.620773e-05 1.195483e-06 1.620773e+01 1.099243e+00 11     1.740321e-05 1.730697e+01
195 11 1273.05 0.35 0.950000 8 -1.0 1228        1210.775 174 1.440456e-05 1.242369e-06 1.440456e+01 1.453552e+00 11     1.564693e-05 1.585811e+01
195 11 1273.05 0.35 0.950000 8 -1.0 1119        1209.836 167 1.468773e-05 6.807748e-07 1.468773e+01 1.342773e+00 11     1.536851e-05 1.603050e+01
195 11 1273.05 0.35 0.950000 8 -1.0 1119        1209.836 167 1.468773e-05 6.807748e-07 1.468773e+01 1.342773e+00 11     1.536851e-05 1.603050e+01
195 11 1174.85 0.40 0.950000 8 -1.0 53        1116.244 173 1.408750e-05 1.339186e-06 1.408750e+01 1.242523e+00 11     1.542669e-05 1.533003e+01
195 11 1174.85 0.40 0.950000 8 -1.0 593        1116.368 169 1.403157e-05 7.970601e-07 1.403157e+01 1.413879e+00 11     1.482863e-05 1.544545e+01
195 11 1174.85 0.40 0.950000 8 -1.0 538        1117.650 165 1.420334e-05 1.003962e-06 1.420334e+01 1.031799e+00 11     1.520731e-05 1.523514e+01
195 11 1174.85 0.40 0.950000 8 -1.0 39        1117.656 176 1.595966e-05 1.162797e-06 1.595966e+01 1.141510e+00 11     1.712246e-05 1.710117e+01
195 11 1174.85 0.40 0.950000 8 -1.0 1154        1116.688 161 1.340270e-05 8.643114e-07 1.340270e+01 1.083374e+00 11     1.426701e-05 1.448607e+01
195 11 1174.85 0.40 0.950000 8 -1.0 1154        1116.688 161 1.340270e-05 8.643114e-07 1.340270e+01 1.083374e+00 11     1.426701e-05 1.448607e+01
195 11 1012.38 0.48 0.950000 8 -1.0 150        962.428 160 1.252888e-05 6.899532e-07 1.252888e+01 1.033630e+00 11     1.321883e-05 1.356251e+01
195 11 1012.38 0.48 0.950000 8 -1.0 262        962.492 156 1.153839e-05 5.033118e-07 1.153839e+01 8.914185e-01 11     1.204170e-05 1.242981e+01
195 11 1012.38 0.48 0.950000 8 -1.0 2508        962.411 151 1.143906e-05 5.911642e-07 1.143906e+01 8.067322e-01 11     1.203022e-05 1.224579e+01
195 11 1012.38 0.48 0.950000 8 -1.0 1912        961.804 146 1.224178e-05 8.364508e-07 1.224178e+01 7.539368e-01 11     1.307823e-05 1.299571e+01
195 11 1012.38 0.48 0.950000 8 -1.0 2916        961.960 150 1.289293e-05 3.871528e-07 1.289293e+01 1.065063e+00 11     1.328009e-05 1.395800e+01
195 11 1012.38 0.48 0.950000 8 -1.0 2347        962.007 150 1.210878e-05 4.232391e-07 1.210878e+01 7.214355e-01 11     1.253202e-05 1.283022e+01
