195 11 1469.24 0.25 0.950000 8 -1.0 1019        1408.099 186 1.960391e-05 1.815417e-06 1.960391e+01 1.325912e+00      2.141933e-05 2.092982e+01
195 11 1469.24 0.25 0.950000 8 -1.0 1170        1416.752 186 1.804305e-05 1.880010e-06 1.804305e+01 1.550446e+00      1.992306e-05 1.959350e+01
195 11 1469.24 0.25 0.950000 8 -1.0 1259        1410.650 186 1.744486e-05 9.071163e-07 1.744486e+01 1.685181e+00      1.835198e-05 1.913004e+01
195 11 1469.24 0.25 0.950000 8 -1.0 1444        1406.845 186 1.640859e-05 1.162007e-06 1.640859e+01 1.677856e+00      1.757059e-05 1.808644e+01
195 11 1469.24 0.25 0.950000 8 -1.0 2715        1420.871 186 1.499234e-05 1.130793e-06 1.499234e+01 1.597595e+00      1.612313e-05 1.658993e+01
195 11 1469.24 0.25 0.950000 8 -1.0 2127        1405.819 186 1.690291e-05 1.108813e-06 1.690291e+01 1.459351e+00      1.801172e-05 1.836226e+01
195 11 1370.99 0.30 0.950000 8 -1.0 2511        1323.050 186 1.612724e-05 1.771609e-06 1.612724e+01 1.360626e+00      1.789885e-05 1.748787e+01
195 11 1370.99 0.30 0.950000 8 -1.0 768        1321.802 186 1.534075e-05 8.696866e-07 1.534075e+01 1.775513e+00      1.621044e-05 1.711626e+01
195 11 1370.99 0.30 0.950000 8 -1.0 910        1327.732 186 1.527577e-05 1.228246e-06 1.527577e+01 1.508789e+00      1.650402e-05 1.678456e+01
195 11 1370.99 0.30 0.950000 8 -1.0 2378        1322.595 186 1.489288e-05 1.171071e-06 1.489288e+01 1.502686e+00      1.606395e-05 1.639556e+01
195 11 1370.99 0.30 0.950000 8 -1.0 2637        1329.766 186 1.704090e-05 1.518818e-06 1.704090e+01 1.504517e+00      1.855972e-05 1.854542e+01
195 11 1370.99 0.30 0.950000 8 -1.0 2802        1327.659 186 1.616180e-05 9.133035e-07 1.616180e+01 1.742554e+00      1.707511e-05 1.790436e+01
195 11 1370.99 0.30 0.950000 8 -1.0 2802        1327.659 186 1.616180e-05 9.133035e-07 1.616180e+01 1.742554e+00      1.707511e-05 1.790436e+01
195 11 1273.05 0.35 0.950000 8 -1.0 1590        1223.265 186 1.442783e-05 1.212952e-06 1.442783e+01 2.350769e+00      1.564078e-05 1.677860e+01
195 11 1273.05 0.35 0.950000 8 -1.0 1610        1231.670 186 1.580049e-05 8.201597e-07 1.580049e+01 1.748047e+00      1.662065e-05 1.754853e+01
195 11 1273.05 0.35 0.950000 8 -1.0 938        1239.130 186 1.520436e-05 1.567928e-06 1.520435e+01 1.652374e+00      1.677228e-05 1.685673e+01
195 11 1273.05 0.35 0.950000 8 -1.0 1993        1237.764 186 1.616930e-05 9.569704e-07 1.616930e+01 1.889648e+00      1.712627e-05 1.805894e+01
195 11 1273.05 0.35 0.950000 8 -1.0 897        1238.279 186 1.437041e-05 1.349868e-06 1.437041e+01 2.408142e+00      1.572028e-05 1.677855e+01
195 11 1273.05 0.35 0.950000 8 -1.0 1154        1231.117 186 1.559322e-05 1.297975e-06 1.559322e+01 1.623230e+00      1.689119e-05 1.721645e+01
195 11 1174.85 0.40 0.950000 8 -1.0 2617        1155.010 186 1.428881e-05 9.613746e-07 1.428881e+01 1.866760e+00      1.525019e-05 1.615557e+01
195 11 1174.85 0.40 0.950000 8 -1.0 1319        1122.818 186 1.425914e-05 2.062847e-06 1.425914e+01 1.783676e+00      1.632199e-05 1.604281e+01
195 11 1174.85 0.40 0.950000 8 -1.0 2444        1140.682 186 1.426967e-05 1.247288e-06 1.426967e+01 1.660156e+00      1.551696e-05 1.592983e+01
195 11 1174.85 0.40 0.950000 8 -1.0 890        1129.837 186 1.532692e-05 2.030626e-06 1.532692e+01 1.768951e+00      1.735755e-05 1.709587e+01
195 11 1174.85 0.40 0.950000 8 -1.0 1531        1132.389 186 1.521244e-05 1.300247e-06 1.521244e+01 1.575623e+00      1.651269e-05 1.678806e+01
195 11 1174.85 0.40 0.950000 8 -1.0 1531        1132.389 186 1.521244e-05 1.300247e-06 1.521244e+01 1.575623e+00      1.651269e-05 1.678806e+01
195 11 1012.38 0.48 0.950000 8 -1.0 2349        999.774 186 1.340119e-05 1.077910e-06 1.340119e+01 1.523132e+00      1.447910e-05 1.492432e+01
195 11 1012.38 0.48 0.950000 8 -1.0 1553        983.231 186 1.147954e-05 9.557964e-07 1.147954e+01 2.240601e+00      1.243534e-05 1.372014e+01
195 11 1012.38 0.48 0.950000 8 -1.0 1350        992.949 186 1.445287e-05 1.577861e-06 1.445287e+01 1.487427e+00      1.603073e-05 1.594030e+01
195 11 1012.38 0.48 0.950000 8 -1.0 1519        991.693 186 1.412221e-05 2.067833e-06 1.412221e+01 1.873474e+00      1.619004e-05 1.599568e+01
195 11 1012.38 0.48 0.950000 8 -1.0 2151        999.086 186 1.372160e-05 9.788410e-07 1.372160e+01 1.708679e+00      1.470044e-05 1.543027e+01
195 11 1012.38 0.48 0.950000 8 -1.0 927        972.357 186 1.211546e-05 9.508570e-07 1.211546e+01 1.648865e+00      1.306631e-05 1.376432e+01
