195 11 1468.72 0.25 0.950000 8 -1.0 0        1409.797 186 1.780601e-02 1.574789e-06 1.780601e+01 1.622925e+00 11     1.780758e-02 1.942893e+01
195 11 1469.14 0.25 0.950000 8 -1.0 0        1402.466 186 1.829499e-02 1.763016e-06 1.829499e+01 1.807251e+00 11     1.829676e-02 2.010224e+01
195 11 1273.06 0.35 0.950000 8 -1.0 0        1223.316 186 1.631125e-02 1.574789e-06 1.631125e+01 1.622925e+00 11     1.631283e-02 1.793418e+01
195 11 1273.23 0.35 0.950000 8 -1.0 0        1216.100 186 1.683228e-02 1.763016e-06 1.683228e+01 1.807251e+00 11     1.683405e-02 1.863953e+01
195 11 1012.62 0.48 0.950000 8 -1.0 0        968.558 186 1.512508e-02 1.763016e-06 1.512507e+01 1.807251e+00 11     1.512684e-02 1.693233e+01
195 11 1012.31 0.48 0.950000 8 -1.0 0        957.890 186 1.537650e-02 1.201378e-06 1.537650e+01 2.954102e+00 11     1.537771e-02 1.833060e+01
195 11 1468.89 0.25 0.950000 8 -1.0 0        1389.866 186 1.562314e-02 1.341982e-06 1.562314e+01 4.694824e+00 11     1.562448e-02 2.031796e+01
195 11 1468.72 0.25 0.950000 8 -1.0 0        1393.316 186 1.880085e-02 1.201378e-06 1.880085e+01 2.954102e+00 11     1.880205e-02 2.175495e+01
195 11 1272.86 0.35 0.950000 8 -1.0 0        1201.680 186 1.415774e-02 1.341982e-06 1.415774e+01 4.694824e+00 11     1.415908e-02 1.885257e+01
195 11 1273.26 0.35 0.950000 8 -1.0 0        1206.557 186 1.722253e-02 1.201378e-06 1.722253e+01 2.954102e+00 11     1.722373e-02 2.017663e+01
195 11 1012.42 0.48 0.950000 8 -1.0 0        952.987 186 1.245181e-02 1.341982e-06 1.245181e+01 4.694824e+00 11     1.245316e-02 1.714664e+01
195 11 1371.40 0.30 0.950000 8 -1.0 0        1313.605 186 1.289171e-02 1.129500e-06 1.289171e+01 1.890259e+00 11     1.289284e-02 1.478197e+01
195 11 1370.69 0.30 0.950000 8 -1.0 0        1310.023 186 1.842240e-02 2.480717e-06 1.842240e+01 2.119751e+00 11     1.842488e-02 2.054215e+01
195 11 1174.92 0.40 0.950000 8 -1.0 0        1129.027 186 1.159933e-02 1.129500e-06 1.159933e+01 1.890259e+00 11     1.160046e-02 1.348959e+01
195 11 1174.97 0.40 0.950000 8 -1.0 0        1124.886 186 1.675949e-02 2.480717e-06 1.675949e+01 2.119751e+00 11     1.676197e-02 1.887924e+01
195 11 1370.94 0.30 0.950000 8 -1.0 0        1316.602 186 1.703625e-02 1.574789e-06 1.703625e+01 1.622925e+00 11     1.703783e-02 1.865918e+01
195 11 1371.11 0.30 0.950000 8 -1.0 0        1309.186 186 1.754114e-02 1.763016e-06 1.754114e+01 1.807251e+00 11     1.754291e-02 1.934839e+01
195 11 1175.21 0.40 0.950000 8 -1.0 0        1130.077 186 1.562755e-02 1.574789e-06 1.562755e+01 1.622925e+00 11     1.562913e-02 1.725047e+01
195 11 1175.06 0.40 0.950000 8 -1.0 0        1122.796 186 1.616080e-02 1.763016e-06 1.616080e+01 1.807251e+00 11     1.616257e-02 1.796805e+01
195 11 1371.18 0.30 0.950000 8 -1.0 0        1295.942 186 1.487035e-02 1.341982e-06 1.487035e+01 4.694824e+00 11     1.487169e-02 1.956518e+01
195 11 1370.89 0.30 0.950000 8 -1.0 0        1299.769 186 1.798668e-02 1.201378e-06 1.798668e+01 2.954102e+00 11     1.798788e-02 2.094078e+01
195 11 1175.50 0.40 0.950000 8 -1.0 0        1108.556 186 1.349162e-02 1.341982e-06 1.349161e+01 4.694824e+00 11     1.349296e-02 1.818644e+01
195 11 1175.13 0.40 0.950000 8 -1.0 0        1112.972 186 1.649742e-02 1.201378e-06 1.649742e+01 2.954102e+00 11     1.649862e-02 1.945152e+01
195 11 1012.53 0.48 0.950000 8 -1.0 0        971.472 186 1.550784e-02 2.480717e-06 1.550784e+01 2.119751e+00 11     1.551032e-02 1.762759e+01
195 11 1469.30 0.25 0.950000 8 -1.0 0        1405.679 186 1.359553e-02 1.129500e-06 1.359553e+01 1.890259e+00 11     1.359666e-02 1.548579e+01
195 11 1468.96 0.25 0.950000 8 -1.0 0        1403.070 186 1.933493e-02 2.480717e-06 1.933493e+01 2.119751e+00 11     1.933741e-02 2.145468e+01
195 11 1272.72 0.35 0.950000 8 -1.0 0        1220.887 186 1.222407e-02 1.129500e-06 1.222407e+01 1.890259e+00 11     1.222520e-02 1.411433e+01
195 11 1273.41 0.35 0.950000 8 -1.0 0        1217.967 186 1.757236e-02 2.480717e-06 1.757236e+01 2.119751e+00 11     1.757484e-02 1.969211e+01
195 11 1012.65 0.48 0.950000 8 -1.0 0        976.612 186 1.063327e-02 1.129500e-06 1.063327e+01 1.890259e+00 11     1.063440e-02 1.252352e+01
195 11 1012.24 0.48 0.950000 8 -1.0 0        974.840 186 1.456801e-02 1.574789e-06 1.456801e+01 1.622925e+00 11     1.456958e-02 1.619093e+01
