3534
103.933718	424.891433
58.416462	-460.277714
311.331483	-340.225049
99.562036	329.835633
37.262908	-431.899428
454.890743	-91.918811
418.584339	217.539488
-270.470486	408.888835
313.635214	-118.609469
-122.683128	-477.542650
-361.721922	245.708484
127.208102	29.851636
-153.366290	-28.131034
226.410132	-393.506747
184.123721	331.415207
-84.926506	274.170724
-204.196692	191.084818
255.920251	231.458508
-30.548265	0.457803
73.116316	-143.003345
-214.098288	-156.875391
-77.130400	-285.571655
443.594866	-155.654662
-63.099424	132.228079
-136.253529	402.719044
-253.626747	-155.315138
245.279259	-47.352040
-86.230508	-94.042877
435.357344	183.964703
199.736540	-193.590885
17.602569	271.623878
-207.137371	401.380108
-197.063752	-123.745263
176.610829	421.970918
432.572409	68.208723
-300.648262	-211.899142
-116.903180	-203.006947
297.157565	-56.423291
11.365618	48.627198
492.128406	-74.439904
421.755916	-108.673030
-71.097941	-191.658602
69.285083	-223.787457
167.843613	-430.425768
335.419229	36.994312
133.729444	409.526687
-196.873205	-35.027524
-271.287853	320.544105
-270.606277	257.448932
-242.127645	-151.953254
206.619798	-344.658021
-12.071596	128.069904
-212.953222	-284.526695
247.294156	-278.430592
-180.749503	-263.085269
294.026176	382.820314
343.640505	-133.086013
326.518922	-207.940879
-47.193116	327.551689
357.626874	71.897182
-117.717609	-61.301546
-124.514873	-154.323357
195.552483	440.398814
-103.691715	-222.557004
-17.056712	419.299477
-268.985059	26.792404
-326.427573	361.120600
-346.987607	-279.909297
-1.721160	414.475787
61.870867	99.575921
55.044291	69.867347
124.126171	416.559037
361.398862	-332.222512
-400.487397	204.290802
144.952743	48.416035
-42.903848	-59.583878
-352.699146	-189.143616
-85.009789	485.905920
-320.217818	-2.039809
276.018222	134.357955
-21.419362	-344.681714
-33.876976	293.738911
-158.804189	187.779545
-493.887055	14.774101
-230.566171	297.278180
-452.282908	-123.716935
-176.977476	246.351961
-234.779356	58.132985
16.679398	-331.782905
133.827405	243.865887
333.188144	-331.179702
-176.971507	27.477372
412.849779	-34.159964
-450.753103	-142.285878
-294.654282	115.119398
-59.129039	239.164706
119.560916	309.882809
180.563038	-89.786352
483.321317	-83.744506
-26.892391	146.828982
40.063190	-209.029169
167.604851	-240.121725
-456.962059	89.668208
-26.448668	-475.215651
-202.053032	358.488830
-340.748043	173.111499
108.346538	249.752221
-281.666346	152.506657
251.287671	297.498166
-322.583487	58.406630
66.209153	-143.031491
-260.508923	-311.178947
0.006710	-483.922912
4.609801	-484.770228
418.855298	264.801922
88.743894	187.338822
-413.746041	260.744083
-271.308063	-48.833344
-394.134141	-236.174711
381.646124	-53.249874
-54.491151	303.119948
-429.737773	-197.448585
-411.788902	-169.908575
150.483848	109.065700
-57.925969	237.862853
-262.398891	-170.469895
-2.924914	207.489728
169.767009	219.452941
137.828240	-207.481549
244.042003	-184.938282
285.753016	47.215761
254.228808	-163.173395
268.396049	417.911262
-41.473990	-3.369212
260.382738	215.025270
452.029900	170.261391
-128.020125	-325.884294
395.105069	224.019250
-235.385723	-386.732325
-160.508070	211.131497
326.551772	153.481395
-63.491670	-436.567226
-388.216974	279.981538
-178.237625	-114.459090
330.942805	-158.885445
463.540904	-183.162260
-335.214082	5.190160
286.329370	13.265029
-322.568005	237.534332
-436.192229	-125.492550
22.686442	88.070139
294.464013	-307.222574
-3.021533	61.786943
-392.485090	-28.135099
159.371503	-248.684868
-476.420539	-144.931990
-74.847851	17.321478
108.394053	-250.403599
-45.444426	198.569033
86.242825	-331.434236
382.790327	-122.813003
-33.750083	-491.175527
-256.632130	229.415587
-453.804841	45.766722
-40.118150	-471.370836
250.438222	30.049657
409.990794	80.639624
118.354912	-264.339284
-208.211611	129.256213
-153.602070	231.834330
202.631258	-164.518586
-223.637443	-135.242909
278.753872	-413.898345
-265.249818	322.675118
213.853815	-94.819380
262.654499	-255.389205
-412.434362	-147.913396
269.916706	-143.450411
-112.980247	197.902421
-32.639346	420.739933
365.652445	-130.164013
-35.892855	-311.963835
174.213462	458.870818
-153.134742	249.962694
255.398050	-409.586540
106.737818	-486.997067
-58.881139	338.714885
306.008880	180.150362
73.105862	-158.195489
-318.386691	287.914469
-129.894114	237.953148
239.719250	33.046874
13.089495	-17.232146
-482.722390	2.536076
73.590103	219.093428
384.385783	189.326081
458.567827	-182.297659
224.696075	317.402121
-62.042052	-469.456681
-186.052135	73.275021
-24.069924	-409.039873
-133.727659	-230.723111
-301.251634	27.717048
-97.154723	-435.852342
-140.103476	79.383475
106.128124	-12.262567
-111.780898	-171.958565
-5.577188	136.540211
277.811592	-49.912713
397.815863	-11.615530
-66.125294	-392.499297
-156.889627	344.347041
195.879579	26.375561
-207.729127	-156.944013
197.037381	-210.226428
-388.882434	132.702868
-293.654031	-365.812119
-21.483025	97.831017
404.462673	-89.248175
45.126307	-71.363680
338.499898	170.025925
121.140851	-450.855244
91.460527	-331.666113
117.926312	379.457734
253.174909	250.522744
-52.138111	6.987142
-7.747614	418.366530
28.460225	-372.694140
12.935561	-124.775750
-28.435801	-311.684107
210.701099	-420.856036
393.080480	127.819749
45.458101	-102.392954
-308.319145	-30.045255
233.546522	-223.791217
393.522274	-55.961684
-37.524989	49.443850
171.322263	28.387216
-215.024954	300.650553
90.512642	-154.665360
-377.919870	-206.676933
8.486920	51.550432
-99.919029	65.137829
104.347956	407.026554
243.941466	153.144729
-289.802468	-57.332049
131.753065	466.113267
-76.693902	13.866120
-392.213737	47.192897
-302.553961	58.382872
-196.634399	-154.857805
41.460280	-230.286688
-144.524267	-72.124853
45.610397	-49.650325
-46.473312	-465.491705
-440.637887	-227.173170
128.910517	-462.535775
221.476576	-287.038566
-16.865795	-418.377609
-306.824919	-54.489987
140.802418	110.361972
-484.495064	119.013179
-66.504995	365.449839
-180.379767	176.999821
233.139253	240.381045
5.513145	-101.834407
151.029832	234.817839
-248.396935	215.134924
-212.325711	-274.297509
-210.729448	-335.627729
-204.633711	205.309118
281.438711	-325.044327
166.567408	311.419392
-187.478003	-414.985108
-131.149799	-407.374201
127.067627	255.650592
-178.499946	393.531333
71.283177	343.988455
429.938337	114.341618
169.511047	-85.191531
231.999563	-384.017034
162.678066	-468.764981
-305.919572	293.616512
-229.095420	232.245276
-65.628028	301.735016
-176.736098	173.971757
-354.381094	-301.756046
-343.404108	-247.656323
251.535418	236.416450
88.599349	387.625076
-256.633953	-215.493560
-258.087670	-262.791832
144.145719	-274.794416
71.628899	69.367599
-255.192404	382.151572
125.327858	371.174965
11.690057	321.361521
-19.958063	415.185859
-263.531460	-108.659531
-82.334731	-203.012532
-65.863850	376.927629
142.426758	64.918518
-6.745641	372.061889
-246.363502	80.011251
-176.867805	-317.426210
-174.768878	-89.166758
128.499516	-426.327197
-317.607275	246.094147
300.988512	-387.746112
-123.318485	363.056798
-281.525298	208.080596
-240.275656	35.628523
-234.049663	-25.371589
-156.797190	-198.185555
-241.792979	-393.511344
-123.738347	128.761358
144.163000	364.095750
147.185517	-144.219540
-184.600872	170.972384
-313.114933	-37.869341
-108.440424	-296.359780
263.009148	108.372589
319.299324	238.673159
169.230341	161.032555
44.168875	374.266021
-112.536270	-94.631669
317.174309	-374.578000
-55.223652	-456.168538
188.414135	42.429672
88.746459	115.416186
-226.600671	233.859600
266.346567	367.765106
-374.073422	-128.796514
-377.196860	-242.129537
307.058455	-114.893741
370.038512	-308.082749
-31.554254	44.799408
271.089562	66.644096
211.419367	-308.935081
31.373421	205.161511
-274.117544	340.846217
168.718281	-97.399523
98.429319	-54.590526
-203.958869	122.327167
-207.399557	99.216822
109.517412	443.217704
-365.276613	-253.569708
-308.623440	299.882868
219.481933	-227.582314
-452.596412	-99.181621
-366.311287	330.696313
-252.186546	-23.105852
161.212592	147.108303
-209.138218	68.732230
318.435858	-320.316443
-341.644320	-337.099793
-458.709962	163.327392
191.080330	-374.106361
60.103646	358.436627
391.250347	96.081251
48.758914	-453.022114
-185.437193	-89.680059
341.034997	-18.569571
147.328075	-360.192376
76.995213	344.047777
-235.060873	107.569857
-433.108251	115.290930
-481.559250	34.118270
247.286585	402.925759
285.359246	-62.499058
-452.883263	-65.159893
386.005771	-232.450897
-7.405099	57.666643
137.655274	-286.091423
120.777056	-452.323741
-143.525659	-254.432240
183.910592	393.482342
253.290218	349.252378
-246.791555	388.574885
-66.289938	224.633288
-13.236483	148.334953
29.442974	57.743742
-242.852438	48.486448
-341.900431	-255.858530
-116.908537	443.870308
-228.682140	-441.839277
60.046106	-442.902514
218.859857	-250.277549
-21.486887	-294.700471
-310.674084	-363.308927
123.099064	-431.255762
-476.191254	-43.166689
298.065535	-387.340693
-57.429331	59.982043
489.589728	-86.558230
382.688078	-191.188331
467.388693	-21.542341
65.447620	69.654832
270.166258	222.526005
-17.210189	-29.708386
354.343821	27.688364
378.982866	291.042862
162.559460	-244.589917
-407.986165	-145.761816
-283.743983	-85.900153
-251.794485	137.401127
-279.171287	106.075889
77.363827	-253.289029
361.742127	-159.463242
294.182001	-390.020825
-157.766727	-63.236779
295.526896	-377.402569
182.401590	-16.177602
349.531926	29.364674
403.233907	101.385779
-31.420101	-363.951469
73.244414	-478.686311
1.416307	-207.189223
120.633695	-409.800809
-18.669494	184.020716
-236.739060	-416.381401
-268.284032	-91.764778
309.527294	-233.962394
-356.486730	57.695421
-30.269693	377.160122
345.996301	-29.106864
-163.178884	-255.497436
-416.226992	-253.068796
235.202278	160.417638
-341.775601	-123.177122
-203.658962	341.188894
355.637911	-215.779057
-255.299824	-34.047741
-155.113943	-211.589479
271.091747	40.036065
-116.286466	217.086339
371.016045	102.213291
-71.756964	402.130684
187.287719	10.037088
-316.139463	191.786567
29.905738	222.735873
148.294453	-395.231903
174.579846	88.091815
446.010254	126.878555
76.896914	35.592145
-293.110053	-60.157411
438.762448	68.318017
-488.739840	-75.784570
15.973500	-108.681548
471.508285	159.121919
-46.866247	-414.004400
-418.056474	-96.746036
-11.112159	-123.218833
452.927749	-108.506222
9.597052	427.146637
-280.386408	-175.657939
420.201063	-193.055982
-253.876706	214.784788
-478.675815	49.029805
39.094767	-337.703438
445.405468	142.302672
-461.782863	187.951051
222.330274	262.455996
137.340451	374.594692
-332.210295	188.341659
72.077382	161.003498
240.998168	403.853993
24.887300	-411.792140
131.360183	-242.771452
-339.077251	-117.529263
-324.241408	-228.696884
-82.019385	97.673456
-393.954427	-113.567058
435.631828	-148.764527
214.034506	-325.937868
53.810399	284.470362
269.955177	296.308380
399.135283	-77.606972
-231.953456	-320.178744
355.042813	-329.118941
271.212125	-367.949150
141.644699	-0.193158
117.913661	205.558033
352.330706	261.040350
135.226762	73.271695
-141.486392	399.034876
-4.125944	-431.198742
136.014543	-311.191165
-357.415842	-153.593299
-385.252822	242.742075
-17.343192	142.145061
-89.541290	-106.413290
-352.674744	-247.740280
-46.875334	-435.796638
11.155126	-477.833621
51.094262	224.974532
-112.917168	-90.220390
-283.363868	381.573319
34.451394	-310.282979
-86.646223	327.577599
51.512327	399.145624
-16.784526	16.644794
-82.457417	-448.177657
331.303145	152.273802
-123.382520	169.726892
-81.664946	410.917171
226.676850	-126.783359
202.682980	149.820378
-23.165082	488.184966
-252.169477	-123.329787
195.833303	185.753031
-64.880739	-182.687453
315.601047	383.323478
146.186247	-265.512383
111.193700	37.790854
192.883817	255.783874
-137.792038	204.621560
-66.826715	448.652265
271.300184	-151.203768
74.857147	326.328551
-72.085211	-6.019094
-156.494594	-236.960857
37.116588	-402.203211
348.630555	-208.086827
396.627005	277.678587
133.450217	443.391715
293.584081	-174.187083
331.520858	189.096659
435.000346	-101.940830
362.181444	-122.311217
161.772271	276.128646
210.326612	-310.780438
-277.966181	103.995987
130.021658	-187.028321
122.009999	-481.548620
-85.917178	433.802939
28.507075	168.872861
-359.367896	-91.945597
428.980554	-66.958710
23.848472	-26.901406
118.787229	301.610411
104.507712	-82.952689
21.214060	221.540280
-52.688878	-94.717062
132.442531	-308.028678
439.930017	-109.436776
-250.551941	249.824456
-73.934238	-388.468975
378.432225	288.816343
202.168541	-395.946555
316.685661	-370.025418
-208.989200	-138.269137
285.572168	-365.379850
-205.263495	-364.719930
-77.599539	417.047316
373.092965	147.839636
-80.703388	127.698221
156.588912	205.472026
-7.301807	-263.440760
-32.174476	-392.826842
126.047979	-416.276414
303.284307	-366.952280
-173.641246	12.514648
190.317586	1.116077
338.196434	-282.492830
291.410079	280.243046
199.222332	132.971850
66.383622	359.404547
-211.381877	50.892755
-193.652581	332.620753
-3.118062	315.308843
-91.560511	-305.914698
356.849010	132.947155
-73.288579	-393.229899
147.769853	-161.803161
-353.187812	353.079691
217.139984	-356.783163
212.481007	60.977181
124.213876	404.752925
-54.284925	28.070902
-40.336798	-358.891864
-341.993945	-189.942767
-408.763017	-169.957702
-181.436969	265.866883
146.189573	131.848596
127.478830	-156.014398
123.000578	-44.606093
-1.602762	-290.202504
236.473058	-366.910766
-164.806542	52.387451
324.544095	36.179417
23.649583	437.520496
177.616082	-464.741489
286.970977	81.533474
-120.081886	-96.412922
384.415879	312.120425
99.128899	-412.672397
-292.755668	32.800766
-413.460282	80.922440
-263.426777	123.069256
-199.314864	-295.762555
54.412936	-73.398916
358.835825	51.857042
270.375123	-7.912850
43.037500	360.304560
195.348535	382.916814
-455.467231	-188.066558
-72.173040	-214.641419
326.886080	313.606381
266.983504	351.406793
-106.010107	301.422859
-226.204284	-101.666736
225.179149	-425.730684
45.701901	337.268222
165.669530	-121.449340
-425.629382	-31.976002
255.667091	132.625126
-144.531629	307.814730
-261.493649	-35.902983
-216.724314	-131.608374
-234.318758	238.686111
394.197817	-63.458675
-71.808934	-173.075054
-171.670646	15.872420
90.948122	238.147029
265.747926	-142.543720
158.915374	-116.046401
-205.363656	-79.460195
335.233835	113.249300
-315.590556	117.330924
205.076893	-344.792939
287.424702	335.686647
-153.874790	-280.285070
-118.649461	-173.933907
48.571912	222.049988
-226.574791	-323.295757
338.688670	-307.408870
-261.478461	-257.991846
329.531083	168.401142
-223.210668	126.257646
-282.767672	385.030833
105.897807	299.681194
-413.487686	-157.369868
178.702738	-304.566379
-278.224833	-38.470149
104.570512	-69.752503
25.548684	-328.583927
287.696764	147.138603
-238.575914	235.089617
69.294464	5.608042
313.495204	-359.108293
-329.079511	-171.013051
109.027177	-406.696013
-231.883801	252.035539
-96.697484	308.455990
57.679612	-98.555110
19.595418	-239.193521
74.719625	-384.869696
87.329290	-474.931108
-103.931510	383.128748
-271.218861	-102.104065
-91.303274	158.578541
-108.440830	-445.549966
-65.149485	205.707919
-261.848383	-308.162891
-16.099213	-120.228557
-233.892272	232.007610
-474.387448	80.079282
-59.161240	161.250944
-169.211070	236.671445
-135.923660	-284.223441
1.048460	-145.236129
-77.902281	-428.704835
-202.466417	-115.219680
36.553370	-228.795715
-477.684016	54.839411
255.787055	-114.531803
491.784133	4.993071
-430.285540	-6.459558
-317.294173	47.031360
127.851636	328.864641
-183.661118	-316.132529
-70.663436	-76.374308
-267.596306	280.007857
-92.886517	-157.871176
-150.370991	341.715127
-4.927080	-213.659489
46.848072	-429.988080
-486.595164	26.981644
-214.738169	-13.049468
320.826384	71.150724
14.467717	451.113857
231.515085	74.118046
241.467570	186.788990
-340.093968	226.143560
345.871013	-227.267709
116.303508	-209.230077
156.478009	401.621855
-224.032037	-233.444377
-290.578081	373.176571
-63.360895	481.504416
-420.854252	-38.575926
148.933028	-471.561450
-96.578565	-177.549810
-305.196349	373.479752
-103.784152	418.597287
210.074361	-147.304379
-105.335545	163.365096
-340.878615	-339.038003
-160.409497	-211.731490
431.279296	-35.213128
-372.015872	-64.536253
126.749401	452.918780
210.481897	148.541306
322.038513	274.172432
285.736733	-70.880938
-62.144739	-272.531169
-269.568749	-372.915213
-144.387735	-205.581818
219.133237	11.265151
195.843497	-111.453399
33.076267	326.480690
-191.987342	388.157766
390.018531	237.891348
-84.048818	-485.072696
148.594051	288.580074
141.607513	-329.456292
213.916466	313.390688
319.046677	-280.868872
-394.722818	123.739169
101.893458	-382.646006
-277.132600	15.845366
-285.082139	30.293029
-435.806726	217.873001
357.148071	-219.227152
11.277641	-298.799531
-16.434320	195.128510
363.236877	285.159395
202.015927	-307.259653
-352.553768	-242.200750
-269.298102	179.859711
304.430091	324.278933
-418.984990	62.218094
225.996950	-445.419942
-411.222096	-4.217679
104.466611	-233.588676
-98.525338	481.041665
-231.454619	420.991799
302.455017	-216.617488
198.624842	-113.862516
-98.780500	-452.025709
41.302171	268.954214
195.960940	-269.625216
-234.967634	61.298018
-50.789969	237.662065
-140.060529	-263.755148
-336.853505	-120.519778
-400.920523	-79.866798
405.496467	-188.240317
468.280418	-86.629677
-279.538996	-172.474091
157.535707	13.047300
-212.902314	64.188230
101.592025	-200.233102
332.522602	-96.722050
322.108443	-228.580395
252.159535	-92.976249
-112.214350	204.658803
102.090538	-410.205118
-7.201324	4.460856
-132.566551	-352.070237
-139.282652	436.915053
-218.201243	447.187297
-109.395434	-200.990639
123.325476	-414.747136
-492.758792	-46.265884
178.474452	61.541720
-132.728703	-212.951069
266.238813	-53.836601
183.029655	-452.388828
47.708170	437.148532
233.703194	-108.458882
-40.873593	-170.357871
24.800885	168.327369
413.302328	16.827797
71.796483	24.606409
15.841113	108.577450
474.538712	69.326440
-233.975363	-52.891823
-273.388107	279.723907
-21.157540	141.950188
282.478514	-188.146663
-174.278939	-215.801709
-329.184017	12.941308
-274.869210	174.748576
218.017700	400.309502
-212.449566	199.907621
-55.545341	-90.246130
259.967727	311.808316
314.522384	-374.879122
354.977650	-335.593455
-391.088619	194.238437
217.236401	92.431430
-380.830055	118.082319
-65.526335	309.725810
-431.482221	-68.379386
21.547573	4.160360
29.098584	405.053846
-340.543406	-134.456444
-111.729250	-151.949849
250.340402	169.627483
-130.843707	-45.911886
-387.025408	60.694507
-186.117581	64.977280
-297.543608	310.025599
-484.979807	-116.474473
-102.038359	477.682418
343.821037	112.370663
100.089362	-479.263204
-416.150931	111.801298
245.157091	-194.781481
489.997711	-70.377046
-172.516773	16.995851
311.013934	143.421752
-47.405647	109.280365
-159.849476	109.283963
65.453787	342.262424
-33.960491	357.364715
341.514043	-349.966241
78.982260	-7.615088
-68.758265	250.429862
238.202825	316.107600
45.360112	136.710173
-91.530101	-40.479871
-274.776902	-7.888060
-258.648889	361.324253
-177.070823	-340.069142
-376.522260	-231.497271
189.215709	115.434546
-431.481901	242.231561
153.378453	-132.491446
-391.008898	55.257420
-208.322452	-247.810831
-475.538339	-135.183900
-192.728966	233.780200
167.807779	-97.914144
356.838711	-31.350390
198.874734	-418.502790
186.141192	-273.116851
-428.602728	-4.639606
258.975138	-89.854181
266.328876	163.468442
288.849372	-245.834895
-117.641417	459.783463
-34.104304	239.802629
-13.792784	477.106321
-294.532904	98.608519
-6.284663	-251.146292
-369.248754	258.929576
-223.578994	191.144219
-208.601873	130.946392
-438.448797	-71.215444
275.785280	312.129207
-161.233480	-33.967347
290.809107	93.477110
-292.908730	-372.945575
213.122329	-210.090945
-49.177413	-318.201820
289.871138	386.004646
-112.100234	-195.511873
119.042084	-278.770635
-284.276662	357.649305
-247.210733	379.546915
-264.064065	378.577935
-59.331802	-250.561108
212.694625	265.846533
46.397400	-184.073943
408.672202	10.233212
78.064657	189.719593
47.408556	18.577768
98.868944	279.891136
410.224382	-268.499868
276.818988	199.251251
-356.987625	158.810113
207.598923	-380.433258
-262.834322	-59.309905
-373.553884	257.348162
288.219957	-272.853805
424.186937	217.727695
-460.506615	-60.453367
-185.826894	66.255106
-343.891093	271.614695
-359.525865	308.870022
-42.219091	-348.965673
321.468886	137.068929
395.080858	244.489216
130.698753	-452.173304
-439.272312	-104.309751
-86.323958	-44.973356
-78.471863	-156.746441
-166.314559	-457.321945
-207.647511	138.810107
112.080680	391.949738
-11.166579	-69.321355
-56.453258	-48.490995
24.102706	-231.937407
-42.839176	408.813003
-396.448262	212.112054
-16.895309	-348.272054
-18.660992	267.248282
-251.125026	79.147527
-344.178735	-227.110038
-458.102459	-136.352010
-78.643955	-125.497142
210.693553	305.617393
-87.110350	-431.896328
-111.181419	456.630125
46.195154	-234.240571
-53.988448	-228.900073
-305.801915	183.709460
-263.027141	392.476655
-144.588717	-467.737653
427.414138	-197.872725
-343.361039	241.890971
239.981517	384.583982
-154.398360	-342.536026
-336.098991	-364.702651
-76.892198	11.530914
-199.164448	-83.548518
106.071780	-198.280170
7.547505	-426.828356
144.794344	-305.350011
-256.416865	-278.471526
2.075999	263.426961
-171.171375	371.725617
-327.394290	176.609814
-153.204606	17.724766
-215.978267	-265.289119
196.284982	111.679116
91.656040	281.278991
-122.583202	-203.441306
-75.503563	266.484567
-302.262860	61.789397
288.277652	-231.949487
-105.614713	430.149064
60.358864	53.582876
373.194491	315.628961
-260.300385	274.786327
-3.060980	-170.403339
100.166382	28.525857
-123.370611	-241.098686
214.316657	-263.655752
-398.373466	205.333306
211.035470	-206.665560
103.693217	198.446703
-412.765098	-117.493119
210.298073	-234.396137
340.955092	178.285429
383.395135	-305.664136
-369.974409	73.051218
31.181102	-231.095431
-190.155177	-308.829804
108.986500	-285.227400
-339.443279	176.094906
273.614517	-208.305001
331.618936	293.783848
280.480912	-209.783537
288.023143	78.912317
-25.863831	215.355269
233.957656	-341.935700
-445.844058	-165.351848
-38.601167	99.453970
-112.372123	305.966587
165.561449	9.732462
153.356901	-246.677697
302.085313	-239.636888
238.955401	-80.912022
-16.403846	-301.848322
-10.634464	-183.918864
99.125938	223.901684
-482.374616	-113.564715
439.881679	-194.846471
370.045399	-298.892322
9.994858	-288.474312
-187.333714	64.501328
400.149357	115.887794
-259.911878	28.866505
441.377161	-226.942227
-444.406566	-13.086823
80.533441	185.562620
25.120856	308.300247
-147.103676	-441.947830
-373.822430	172.196760
174.788990	-379.763756
294.926505	72.930009
202.766354	455.561821
109.189558	-290.892309
438.592705	-46.448857
362.874196	-295.150231
233.449740	-86.833020
-303.615044	18.892052
139.982411	-197.580336
-104.188050	196.393198
230.194624	218.001545
35.524402	318.065440
66.275817	313.573804
-367.807047	-3.215682
-200.719609	425.600737
-467.476340	61.432879
-293.792542	298.844360
258.033245	-55.843537
359.637806	-125.704337
-113.452014	-365.734286
-388.092162	-235.532006
-43.936376	204.473060
-9.031752	-429.134692
-427.055469	-80.210183
49.926779	361.483743
60.977275	-310.379441
210.003636	441.769410
219.224297	333.226386
-78.041910	-401.427584
-175.752296	-40.367378
-365.456879	185.297715
272.519899	-18.424757
376.972264	-314.956109
-185.216281	-187.445831
-183.716519	253.868213
249.345525	375.836957
350.500940	62.965780
193.026820	-290.073593
201.507124	-163.648493
118.404163	176.628513
-96.905183	-353.006659
227.414203	-338.862268
32.071245	-177.762258
-418.542538	-187.410289
-163.089459	-384.622846
-264.297454	209.001158
377.594286	-95.398435
205.840893	-162.201465
218.587807	-331.368101
-256.666743	121.238321
59.449806	-61.002550
183.307392	188.769879
409.304003	215.454019
-63.801119	-441.472858
53.794562	199.483356
13.575728	21.015318
383.273465	300.712689
-328.855197	-217.777261
313.106387	-96.918984
158.131686	11.845234
-66.965176	197.848270
-49.176474	273.721515
-55.011705	114.855472
201.436935	281.039327
159.370801	334.238990
113.225371	182.888404
8.887073	-384.898022
-200.654165	-319.281653
455.359266	109.011548
296.379839	-8.599856
-78.271883	414.754843
169.953203	131.867565
-26.962297	-192.082022
488.143678	-42.162518
-167.350601	-43.242132
-82.522001	114.491543
-29.654642	425.110021
-361.491009	-236.736068
-412.786425	-213.702658
162.091239	-171.561002
426.664756	-32.828744
-402.545331	-103.467753
-197.097490	-106.103504
209.201019	199.740701
-289.740768	171.477765
222.484232	340.760644
406.634081	164.479449
-297.338763	-194.101337
347.178132	-229.314567
-448.101106	57.365536
133.261052	26.050001
-450.787902	-112.849447
-196.265263	328.513600
-157.596340	203.475067
-59.057456	-466.409143
182.962005	-49.074610
120.216333	118.566096
340.993784	130.119572
232.799591	-184.237151
52.764229	346.348913
146.213660	-395.530339
-353.884551	52.065078
-46.241602	354.363892
115.622407	-272.844148
-246.805813	270.825409
66.576415	60.148085
331.693296	-167.896328
315.514155	285.144532
-130.697333	107.027010
20.065915	-335.451935
-52.715351	-394.808756
355.645769	-332.570314
-409.679792	78.976282
-36.872569	-108.159883
195.940548	-167.421838
80.619624	207.764989
-188.867118	220.331023
-232.918133	-41.692937
-49.175428	-280.913910
315.177801	316.382062
-425.967122	-198.157796
-310.723422	122.396639
-199.839601	237.141239
-342.572214	264.749514
-300.745014	-186.074430
-97.268119	-9.602286
-131.144171	241.730474
-426.967491	225.325505
258.228854	366.116801
221.622466	373.185737
-116.915729	454.279818
-275.494661	43.821746
-193.315078	156.099263
-374.898842	-183.921217
-398.469618	-138.250978
-212.338757	-429.160118
184.775512	-390.365687
-26.315609	-395.281448
303.969728	-207.466318
161.468402	431.011939
287.478479	-219.965820
-93.725000	-86.139221
-321.253685	356.692140
-229.140020	-89.875267
283.660510	315.528602
157.400656	348.337276
288.299655	-354.893388
37.794434	324.612829
259.877834	406.387921
-223.143253	374.758718
-59.655821	-122.497357
193.736292	356.482452
130.898650	307.754635
6.394289	355.082367
-73.059805	-363.543983
-393.254438	194.794418
145.808850	-89.029236
-389.656612	-254.014594
-233.792395	320.718444
16.366622	215.985430
231.136099	157.239907
260.695648	77.743078
-280.535015	101.053447
-348.813560	115.062905
-140.631690	-22.561901
270.656615	411.286108
-260.983612	-345.801366
-16.619793	453.327957
-291.958125	-302.042613
-424.088766	106.233090
61.051431	-251.752451
-58.397906	-213.404246
334.433597	319.246338
-477.954839	146.504892
-257.879522	-320.242183
-374.430699	217.246756
336.025929	23.090920
-135.256676	287.573178
-143.365070	41.185410
120.794941	-20.357409
406.870626	100.189456
-45.206032	191.288555
-176.441976	409.140280
108.021930	209.125052
-303.776839	331.819882
-223.807359	-119.167783
-104.017278	415.225019
-480.619972	44.168925
-187.507199	190.208319
-72.459943	-293.560330
283.679545	-13.102552
80.345413	-140.331158
-4.336824	-281.632575
237.168148	114.869354
104.157065	-66.435338
-172.855648	-359.783454
-231.049281	-139.090710
65.102070	60.399729
157.103460	129.128341
-153.690298	-53.344337
197.359677	-7.305335
50.924930	-44.713189
324.000884	285.545796
266.914860	-316.699370
343.228538	136.220499
-376.242619	18.254755
-402.161731	153.098267
-112.790163	16.701429
154.666934	199.822796
-145.591457	-297.159746
109.337595	-44.161864
277.944421	-53.211383
-313.191060	-247.263097
142.409383	285.583310
107.226474	194.390180
-2.020687	-135.996933
13.989639	-237.763639
-52.237668	202.884959
327.058885	-83.499148
329.351582	264.659224
225.370035	30.412602
101.562034	382.424355
439.260867	-129.435739
-197.427582	-297.906818
99.888497	151.570621
-359.125867	-340.967611
38.598452	85.921087
-443.358286	-114.433727
379.929006	-58.391661
-461.384210	-138.960599
-63.673147	-402.301369
118.181050	77.336567
-141.752339	-355.556131
401.702690	136.992839
-105.851843	344.452269
-175.133767	187.983341
157.504408	1.151344
-364.590586	-298.140510
25.088291	-377.749986
-67.267503	-461.848857
-221.183759	-291.912461
121.478480	114.600832
127.691668	-245.598278
465.998322	-61.174636
90.157360	308.404780
62.124751	147.830503
-136.889459	27.934774
-137.873576	-176.270480
-429.463736	-71.995814
-246.334342	-47.848291
-416.125077	-184.515524
70.705950	-362.522106
281.033959	-313.336564
-338.441179	96.266888
-408.325433	161.753404
-74.979781	91.005611
259.258850	291.734201
-133.415731	194.032137
-175.419600	437.373056
-116.066123	133.121374
373.334685	236.335773
142.826786	-28.763410
73.121372	473.924475
326.934939	281.680326
278.908670	-275.067106
128.594982	-313.428519
-221.458157	-272.934758
291.169224	299.703825
-449.690930	-193.224841
63.121555	-278.892168
10.214745	372.237365
27.377345	-249.660299
-273.757412	-268.197104
-204.076908	167.764247
356.842717	253.725608
174.381583	271.556452
-136.006716	345.656297
183.997206	34.935503
219.832377	369.626511
369.851157	-315.055456
403.468748	143.153077
144.368250	-388.901799
-445.392190	-223.969376
329.789476	-82.279741
152.175873	-20.289222
477.285223	-114.025789
149.772063	421.554019
-267.666303	162.787293
-42.644073	9.649951
271.403456	-3.575245
-155.622681	-24.616868
191.203988	353.401846
141.179372	-99.809363
-346.826530	-90.186350
-211.187648	-72.254457
-230.398401	-325.399235
-182.751453	-309.642763
433.679208	-222.963750
374.328554	-3.593224
305.650847	-3.791429
-349.148839	350.725591
-308.495616	-171.870053
343.426636	-322.506741
-137.747121	-366.242309
-66.445532	400.639825
71.488222	-477.926148
92.361557	137.360961
-362.213263	33.416355
-248.671255	-316.885969
-246.624212	337.179551
-354.572855	-95.299582
292.981794	-284.748905
240.054943	-218.606677
-430.610548	235.047985
-443.644340	71.896759
-227.333551	-365.199641
-224.095959	-268.457523
-359.565821	255.372719
438.246732	-3.864132
-35.450656	356.042729
327.584139	-266.413074
-213.538919	-261.250346
97.618924	-220.851004
419.485100	31.859548
77.494919	-183.334346
29.373051	-224.976896
194.356298	-67.604282
-193.487760	289.337175
-202.785487	345.390626
-35.276245	210.858403
456.277830	-45.202059
249.077373	215.002401
493.469937	-16.988693
2.823982	304.318455
-101.825444	104.294013
23.211787	425.333881
-266.928291	372.677873
-234.318111	-184.270559
122.218654	-150.872339
-332.794395	-352.396239
183.363647	232.247940
-134.359460	-50.786961
442.850817	-153.555363
70.704082	396.525748
177.338491	-428.214737
416.979399	-14.516135
126.174170	-163.729179
77.697168	446.733677
434.814491	6.288391
-243.359592	296.090646
-65.719429	-105.258199
241.028042	100.608425
275.820528	91.123984
-154.346372	355.911261
-395.957215	136.079054
-1.023749	124.126755
-53.759016	137.303823
-19.553943	377.736019
-49.440659	334.473168
-259.562073	178.358407
162.600881	321.249049
-68.455011	-392.303529
-305.354759	71.169186
-106.609171	155.486673
-441.756744	62.033765
-397.764754	267.396619
-173.596747	447.281762
311.007928	-230.364510
111.771086	344.036852
15.093515	148.496249
-156.683302	117.361105
-263.390891	160.334958
109.968672	-468.643667
-377.172131	-152.822772
-53.554233	-4.067238
387.874443	130.821995
40.135889	-169.233628
-148.727139	99.556488
-79.770316	-13.633130
-231.300613	5.612237
-376.626725	240.716279
-37.364396	-38.592913
106.584904	277.281825
99.831570	-378.210354
228.898364	350.519952
-43.679638	108.284269
-240.030686	141.252904
43.873128	134.553105
-113.696239	-311.821567
1.580235	-116.522032
45.042654	-145.313890
390.672159	-290.216370
-34.755920	-5.665798
284.190405	343.559522
-308.646172	-190.743990
331.368947	333.880985
103.775192	147.090059
-71.764099	-494.273064
388.798701	-164.242182
-128.807167	138.104907
-37.433130	232.136249
-110.084164	317.630274
147.367451	-30.595051
341.022323	83.949738
53.617779	331.206286
-357.730137	232.837357
-28.165399	-191.257816
288.420762	322.857759
121.739342	-422.458041
-292.872752	-97.949381
-412.534200	164.296328
-138.439231	-233.035906
186.805131	-118.462020
455.739045	-15.279744
14.147236	-117.294902
258.218144	83.557841
463.188555	162.555740
172.844651	146.423661
-72.734329	-414.906521
244.217123	-63.128518
-127.338954	-466.432032
358.987349	-18.426196
174.442625	-341.115723
-198.927713	246.501038
-195.102529	93.510658
3.249794	323.556763
144.030598	26.294846
232.123497	-176.098368
-401.142270	-212.662803
141.704491	-7.571570
-292.401590	282.019656
-293.109850	219.273070
14.488400	-138.186137
109.475178	454.868408
-294.969576	336.945704
248.910357	-126.455441
184.263371	194.821266
-41.940380	318.584007
184.232788	-378.309259
-145.695637	-404.392287
262.040285	-108.180926
-489.794836	61.361250
-132.476894	-158.258869
-56.523752	199.879142
148.758405	63.128555
-7.659692	117.519207
307.466967	-370.713308
51.650345	-375.567993
-229.897265	166.464751
419.394071	-154.918667
9.633890	-4.985912
-289.534000	345.418779
-374.348750	55.706126
125.057552	26.977464
-174.335348	-119.037745
-125.547116	283.992911
36.279017	209.487422
-284.396623	289.441281
31.668723	-37.018177
327.043994	217.767091
105.059838	91.334932
-252.392306	-322.638568
-233.785733	-90.962611
-271.472835	101.776339
-58.558495	227.936285
30.667410	418.183759
150.424290	327.454897
146.693158	192.466209
-24.691590	-195.567717
-151.958170	-7.482616
-462.094251	92.547927
-442.431024	17.067662
-57.821306	175.932642
-160.548960	464.185216
-357.922418	136.147540
-105.411846	-195.811685
-228.011625	392.079851
-467.428061	56.544114
144.834284	-439.592052
294.837493	-293.065725
149.134721	238.087771
285.017590	-385.574564
176.298293	409.355831
79.281013	-298.057014
458.989796	64.695984
-34.071604	36.158008
37.847561	181.209648
313.542629	349.830241
0.944645	-84.618385
340.357045	179.062135
-112.925578	396.623920
95.881614	463.077591
-229.671973	-245.204028
-28.144065	-6.821328
454.214810	179.479127
-408.814540	119.249695
-161.502341	-350.278458
155.544942	-7.216563
-58.114995	343.318062
280.272150	398.391196
199.704661	-298.858711
354.151059	-123.470238
329.214101	117.746593
-50.058236	120.641061
-162.383864	-393.300299
-43.519054	58.616333
423.860135	-202.010830
67.116666	-122.184963
-395.353433	-29.453341
318.943794	-99.098943
183.325929	210.130633
96.671135	-226.046072
80.808389	205.588428
201.561163	-50.124290
-83.583415	456.436242
-394.394609	-183.092689
-189.255607	7.143786
-309.590965	-295.763054
372.811616	16.627898
21.691790	258.343331
-127.212956	270.256378
-145.755010	-375.294228
348.656315	113.905688
-170.976138	-173.355243
-43.700378	-457.849442
457.550681	-97.003098
94.013114	-481.179639
-476.794904	-41.370763
-241.745510	143.084964
100.326606	-63.093525
12.896063	-39.104544
-180.195868	-137.440476
-99.445464	-243.110750
-44.998529	-414.534242
-81.837940	-322.018842
78.299092	-127.390203
-486.403143	-93.105773
-425.173407	-4.129942
-84.667995	173.042064
-63.966497	239.163233
237.721582	-377.273303
-97.787859	-301.302634
-383.284972	-69.029146
-10.661073	-148.759073
-327.964563	-158.019588
-413.613152	-217.028535
-184.486735	461.598771
132.260680	-182.656476
-360.557448	-203.295200
249.475834	215.017678
86.080754	-381.278287
221.524058	118.947337
169.163668	-378.253932
191.001337	190.055721
198.420515	-355.905226
-392.915209	-154.788178
-121.302381	-125.885907
-369.857761	-171.220634
95.758776	23.278093
198.687337	8.743658
401.893021	-78.696355
-293.909502	291.610724
98.842693	-38.664027
369.463601	305.682471
-317.342258	215.834358
351.311975	-64.641952
43.484079	74.481248
-295.897592	194.494713
-14.358522	144.721850
116.657739	460.433342
71.635412	-483.081482
-254.597691	-147.573979
-354.329706	140.354648
51.981802	367.175478
46.240325	50.136855
400.666906	-164.266092
66.428690	-327.665489
-458.717645	-34.576062
-282.518411	-9.242993
-382.455310	-25.701190
24.365823	355.652490
-34.896601	-399.599348
-410.468667	100.941300
110.802136	-254.146357
413.238099	198.498071
-347.112181	243.178194
32.510387	436.257416
81.928638	40.388051
-59.319050	-142.929473
-66.314330	-93.220176
-8.822758	324.755143
-179.774938	229.993548
387.319984	-196.442926
-97.388723	-29.595103
240.084842	68.620084
-153.069128	-31.910196
79.220213	-64.137143
-15.120496	178.434415
315.100592	-373.827349
-53.323729	17.023280
-78.004981	402.830292
-321.968063	-302.743595
-151.994282	-73.042063
-299.248250	261.111054
85.171896	406.011390
-267.705818	46.594352
-150.364166	116.653520
28.789854	-469.661450
175.455339	381.045999
-145.332899	-94.216791
388.915705	-218.743727
-259.390316	-232.164671
0.188237	343.621588
-225.776525	-43.997972
173.323963	405.263752
318.744272	253.093599
44.367101	-336.717627
-264.062891	116.611218
258.401150	102.204348
-198.659894	-118.381821
122.831676	-348.647015
-88.520101	216.846254
43.029856	252.753294
-63.292827	264.158314
428.487835	-189.142695
-11.290976	-199.876446
-60.602607	491.043156
196.043696	419.501678
415.520531	209.184645
-79.783489	198.501544
146.244145	-127.349327
44.877482	-176.672097
278.295617	-63.924965
118.545202	-249.057382
-222.988520	-196.531179
66.798251	-476.470799
-320.179992	282.573865
-310.213317	-56.929948
-311.432579	-101.752869
-82.521220	-441.404932
189.248687	321.631399
312.013492	-288.922942
-156.219960	-59.661945
-399.507996	43.216662
-196.020558	-405.906660
344.974787	310.894620
451.968199	-47.240365
284.560465	-44.715873
-86.064706	-368.753843
-84.898779	-294.141002
-246.994258	-231.129614
462.224920	56.328280
-19.390558	497.948233
422.470599	-188.982238
338.602020	290.444187
38.322069	-177.498905
147.694175	-220.575366
-146.593407	340.233412
34.149672	46.688103
86.677794	-306.838056
0.851606	-374.979347
-69.604061	273.157063
107.582936	162.424179
-179.270435	118.839763
-441.002198	108.828531
-80.253959	410.510182
-268.997253	-120.857069
-192.657775	172.031885
-135.437393	209.705910
-135.387656	-75.509598
475.466088	113.410709
-103.133219	202.504156
-51.357434	314.669711
301.211916	182.593818
415.744904	275.461418
-11.409609	267.516445
-231.332055	-12.203056
53.912587	325.596300
-102.873079	201.972686
138.376397	143.650239
428.038509	-36.073299
-67.101930	236.672975
281.090654	302.158929
-329.730752	26.471256
-139.263987	202.707256
-247.018953	355.333382
-117.467486	337.136875
58.032752	131.835332
264.460958	-161.078035
301.156761	224.983102
122.987245	-121.986262
-207.662026	-26.267422
-145.933773	85.991699
132.759503	-61.955380
-1.496389	476.146023
-321.287184	-61.844353
-135.750734	140.163351
47.271178	-250.002648
-184.710822	67.101148
70.389754	452.048522
-359.374402	298.302579
-67.186318	1.463252
-171.464334	-120.236468
131.941452	-233.641748
-41.879719	-93.723916
-139.016178	284.916761
91.912446	74.440285
91.461501	-435.052281
-244.356132	401.292011
-410.708054	-199.587180
484.669813	-35.299318
229.809235	-438.582505
-294.082198	-146.160982
431.103483	53.939376
27.065166	-106.081326
35.832149	-116.114185
-52.707478	-292.459958
182.713162	-218.234793
76.409448	-417.020783
-204.834541	-293.971135
-6.334622	-247.688793
-109.310771	131.986891
193.271182	-366.911910
-360.258250	340.105987
-26.182581	209.150343
-65.210011	199.766182
412.342842	19.116474
416.542105	-98.425331
-14.077582	-310.011917
-280.949504	210.725122
432.884683	152.764666
-73.959543	10.214936
-162.334943	460.661662
389.366845	151.843754
220.966167	-5.242917
243.729128	294.554564
149.501353	-184.257776
-432.080842	-53.589807
-30.689283	282.692708
102.757022	-170.435235
285.177159	-363.528368
76.564262	385.846710
-241.524075	380.830829
-296.405726	371.666389
176.672648	-242.387618
36.868439	168.732705
-216.984999	259.749931
-254.481167	-201.965490
250.790351	355.774066
-86.689189	186.963733
405.672172	-91.502336
34.337980	18.792686
-172.982008	-433.317058
351.521871	209.333222
436.612690	192.635480
-46.438269	-289.709188
-151.904050	-126.677186
236.364121	-157.886167
-146.145323	83.954269
355.433902	-34.371140
95.505733	362.520885
-359.795730	-186.868211
331.122974	174.664517
-397.044505	150.933330
-98.770304	393.144959
248.374119	-61.717700
-181.955785	101.150179
172.929375	-81.591776
101.346371	-55.080138
103.681909	-402.304612
-95.174219	-272.143618
171.058887	248.309380
314.248059	387.997274
230.746339	423.996464
-58.517735	237.328793
106.245949	-406.219234
397.044599	-213.750588
-78.373812	-464.183050
440.717624	-162.890575
-209.668159	-335.682544
-14.615574	-40.166048
-204.070593	-265.334710
-85.662030	356.179770
-411.832385	183.307937
432.667611	144.223360
-136.812000	-14.461716
-248.829640	-310.369534
-13.308217	-473.696369
-316.762118	-37.185329
-405.405333	-160.164989
-61.235487	-493.444446
-411.897505	-251.686860
-302.445624	-255.754384
71.293558	458.547420
331.505666	-258.419290
177.605869	-139.902528
-1.963083	-381.666840
394.052093	216.098664
-292.475317	173.733266
3.326759	356.794142
-184.819829	80.539982
-118.003345	-229.075077
-254.795062	-72.898236
-220.381582	127.293871
-167.752968	-47.414776
-144.634240	120.637178
-115.377704	-393.432666
197.716920	94.581449
-34.335771	302.654416
-420.215177	185.323815
84.975735	52.320531
-356.940218	-112.934604
68.934591	54.377617
18.266855	-357.393964
463.939694	42.336159
-231.132755	-251.914718
-333.346275	-115.865780
-108.568594	-475.205559
136.371920	62.387401
414.896418	-189.931612
191.998806	225.478820
413.246240	112.645822
-96.588917	-419.199264
284.275440	-250.309738
112.106981	123.638597
255.650925	45.068747
-333.113686	228.445839
125.048776	365.611027
51.162615	195.018808
-146.155712	276.043819
-320.466798	-52.501087
-362.964462	219.230173
-135.423961	67.274804
-121.920264	40.895827
60.742047	379.428491
-37.427957	18.393977
237.554769	199.935539
-36.945567	441.721165
-392.204133	286.134544
323.092895	-334.526184
455.019184	19.154534
412.179992	-29.872397
180.956688	330.751172
152.773226	7.576368
-103.576909	403.163683
-99.865231	37.353415
-107.264554	-99.823533
-497.824133	-46.463880
-69.174915	-310.643852
153.427018	-219.774886
47.108177	-338.441722
-198.992467	213.362731
310.216695	224.965801
-314.463539	-45.337983
83.415446	-390.389752
71.625393	170.559104
188.176508	-122.267399
326.952009	-23.356814
-46.788047	249.144170
-223.217392	230.386796
316.188796	-311.848446
137.232606	-338.432626
219.273569	-438.869986
-241.009902	242.574014
370.835201	-141.417140
171.379701	-122.632052
350.378562	64.285541
349.877329	-258.518562
-308.640868	229.313595
400.721586	-140.976431
-321.128498	113.356925
216.255883	338.229139
469.082354	-7.924783
-99.083189	213.381671
190.628100	-353.159639
119.175578	-123.945513
32.852290	-318.632117
-363.981668	330.861989
-19.949859	17.014425
-175.172918	278.062263
-373.900380	-317.277297
27.476157	287.004646
-307.924416	-140.088565
298.667433	-75.147173
44.390345	-215.030132
-215.958524	-137.555043
-189.653864	-122.525454
-119.136796	-260.507496
155.424672	207.441739
-178.246109	167.665936
208.524537	356.468488
-48.483326	58.249912
166.901727	-359.752235
-413.972463	-184.666591
184.661125	-31.186582
-260.292629	404.558151
339.771724	250.225324
307.204701	47.350394
470.373311	3.456138
134.317376	-119.080458
56.955400	325.715195
63.560036	342.386342
-173.181898	-440.459014
285.510027	-348.904931
-379.110977	136.073950
315.225868	-321.671311
-261.474128	-303.562212
95.560864	114.732988
-467.667904	-102.178719
306.872256	259.052248
-150.002677	164.993238
-228.590933	-74.246899
301.623301	101.173958
-402.038829	135.656094
-64.834351	-119.893333
-242.870778	198.756050
102.117790	-449.332782
23.328609	141.011604
354.689692	-36.781516
20.901925	483.487062
350.334361	282.909143
-300.694914	75.162310
345.325914	54.492237
-51.160066	-378.450991
-235.173936	-198.931316
-131.498481	-183.683888
-268.341737	5.896405
-226.850746	-57.776572
-144.653420	-179.675017
209.604551	-364.834855
-168.727777	72.167123
161.086744	-140.781706
340.318231	98.789945
-0.001671	-129.903098
-233.597966	-219.659083
-96.731404	-7.366677
47.091971	32.873201
-426.593713	-68.964250
395.345229	-159.906245
-269.642188	360.146402
-113.448286	-83.300978
-124.736480	272.975768
377.189925	35.029004
60.690138	-184.866558
-460.998478	118.845760
-177.663013	136.827827
309.536762	-148.902288
-209.827475	127.843956
262.506868	-263.434450
-173.657673	42.505957
-98.153456	22.106392
73.243681	-451.764080
231.166004	-175.889889
139.309705	56.690957
340.276205	-200.400013
-138.478764	-42.225340
54.801636	-17.353868
-15.228599	-414.860689
133.284907	47.735095
-236.853114	-146.888387
-111.855445	188.067965
-73.678376	-328.559761
-319.120169	-161.675341
-401.460452	-44.106913
-304.686832	152.012840
-191.192409	299.360006
-116.430212	-49.501179
-277.894610	21.396650
487.632903	65.241655
-387.739638	-6.805402
199.630540	83.854712
-191.662303	450.751409
234.517290	375.721594
-328.750688	-13.850864
-407.159090	205.870566
249.185730	-209.873554
326.080448	119.199457
-223.818996	250.619250
-67.847453	-129.161997
-373.887400	177.368551
265.662844	145.043726
-82.618447	475.319733
-43.654178	-396.069654
-470.610912	130.183845
-417.111559	10.988867
236.933330	262.654256
-228.004800	-335.222657
368.851572	-101.083702
-121.143281	257.006123
-292.576534	-33.102085
-45.091243	-170.906672
25.433333	-123.141269
-10.281333	225.050836
-35.763658	455.165602
-468.605640	-46.140259
250.187536	-398.911834
463.269636	58.061059
-164.922863	412.299792
-397.853533	-249.919472
-147.029408	332.271032
-367.748582	76.851176
68.649499	-355.812584
175.303069	-287.669935
-127.665112	-320.319411
376.583486	321.687043
-32.445240	479.192313
217.300546	-176.952452
-205.850324	395.805645
-151.904117	-277.732201
-420.088627	-66.118862
-468.500665	91.103361
371.087879	-57.497864
465.504683	4.714884
-298.463665	117.931462
152.749963	-260.794816
31.628897	491.825892
84.633666	-179.514650
-163.734019	-202.311642
-265.083829	-101.733211
-24.651241	202.085014
350.082585	-70.884562
-93.512399	438.220292
294.459244	-348.623391
325.837121	-344.701672
-89.587143	-401.712963
11.062691	21.606344
-45.797496	-412.402576
276.338125	-212.773048
123.641643	230.265706
-273.031207	-206.516306
182.197009	273.943947
-44.659440	-454.341815
335.207552	175.278528
302.105557	-289.647042
-327.693614	116.955187
-373.642835	-230.392394
-218.406159	-337.003836
11.937314	-213.622276
-167.156028	454.991979
359.441382	111.672566
-38.990141	-89.181127
152.376289	-47.343777
15.134623	-49.629978
-441.403307	-15.155642
-188.921188	450.678055
-197.588814	114.108418
36.527704	488.855837
288.910019	-239.506833
-438.713902	-18.824821
17.267903	-42.698733
377.177769	307.086590
-127.176614	-46.721651
252.827333	424.845976
479.881649	-40.798614
252.155024	-275.033791
72.313669	460.070833
-39.107328	329.312484
31.583727	-415.550379
338.361367	84.894927
138.777975	141.262186
-29.408910	267.575617
408.345007	-36.999425
174.061506	369.859683
68.933691	-296.373242
-263.558595	171.072883
-401.970138	75.653158
-488.365202	-81.574919
17.715007	-450.003605
-405.534189	123.475944
-79.632396	-351.394005
61.988322	-155.006009
-447.241168	152.810413
-192.011841	-313.172687
-290.437001	-377.873778
-260.574236	-374.041060
339.099137	-56.180187
235.293807	121.865171
70.091040	121.761071
28.931006	184.569145
-205.989979	401.876473
-124.915117	-351.647898
236.155874	193.893903
-223.724902	-413.674408
-217.866188	340.644149
143.898745	64.255182
-243.302394	-123.673720
-155.875766	-376.701399
16.204910	390.611092
117.079483	143.203991
-55.639057	25.893231
-281.695678	-370.517007
218.049749	-384.108852
-280.131002	25.245185
-425.259211	61.211018
221.152090	-327.914982
-413.226946	-2.826845
-57.982534	483.718314
33.632593	-455.503928
310.098798	-94.487973
109.778085	381.589077
-275.645938	226.786290
-57.306343	402.866653
58.848390	363.619181
20.875460	43.129950
11.586917	-76.449138
-158.450427	-409.427964
136.286843	-456.020091
-67.710043	-182.633472
9.082092	400.193004
323.106305	-319.347489
223.914378	104.092946
145.771762	-137.917412
181.365768	98.387115
157.493114	386.155957
-249.797838	135.617801
74.262275	67.134018
211.689782	222.657337
152.526338	237.682584
-57.403282	-459.157467
340.383320	277.266262
233.037808	291.509743
20.365306	-386.946863
-149.233756	152.375414
-210.173864	13.103781
205.465626	236.804569
206.678303	-121.794864
-237.373493	18.201706
448.366077	-29.565895
-49.716687	240.143873
-377.080739	-125.672609
-167.903856	-366.812631
353.696920	-11.261230
30.364757	-152.586004
-323.193302	245.240321
23.224301	-65.494551
-208.251731	120.435274
-0.820346	493.551658
106.596600	-487.405190
80.300588	253.641812
-171.802292	-259.874580
-134.189813	268.253429
-32.443262	455.978127
-174.330856	-204.495094
-324.468584	-23.020979
220.483815	-352.253604
144.206318	-326.798296
141.193612	-367.316693
-64.080473	49.686522
-139.720977	-316.981558
-225.389714	-219.551832
-39.724559	-46.618591
-76.299045	293.223384
-241.878803	251.436773
52.748403	400.802295
284.441195	272.412561
251.010505	135.533874
67.113443	30.722665
-353.084581	244.561254
-159.531703	-87.072120
160.713067	305.274175
-119.717080	-198.734181
-363.684886	-330.583898
318.893699	-75.013549
-314.177399	-142.237985
10.584994	479.283652
-15.570075	358.554653
86.256260	-2.458650
447.360574	33.871231
-395.895817	62.734089
-173.816543	112.262225
138.803835	266.473399
56.558932	-480.109782
-313.289282	-71.339768
-21.037090	-104.008621
-5.295198	-231.967799
151.053424	291.582148
-248.250774	379.998038
-15.293080	-498.784970
197.814198	-404.588081
-313.084185	-67.156313
17.114519	381.380823
64.129269	-288.147357
105.156382	434.803140
-316.278606	45.659462
340.006270	-214.521202
-390.215116	116.065618
291.999839	69.623682
74.432443	253.557040
-54.431604	-216.661592
359.789311	-284.059186
361.892983	-227.989514
-271.947478	-123.387837
-468.890297	142.889980
-37.455631	238.758541
-403.197491	130.022941
-188.144077	174.998523
-70.162271	39.129320
333.717239	-313.153296
-336.207067	-349.068357
225.602218	301.052913
-351.237567	-254.199356
20.480385	90.215544
299.756833	-201.642524
-362.925928	-84.712483
-31.589970	-395.852249
-17.200477	-88.393835
-481.086112	-122.992213
149.089799	87.281631
-136.938121	28.723027
-482.353631	-26.484291
299.934919	-145.093582
-220.592552	-111.897963
96.186470	-47.837890
403.034673	221.136204
-246.527886	26.200296
-165.775697	279.723940
-441.941020	134.123595
-62.577032	363.212055
250.638615	-58.681403
16.582545	-199.726496
302.103120	-304.821474
-186.225544	-144.122472
473.691160	45.434383
-151.287389	98.506257
-386.398673	190.649247
-84.074055	-215.716741
-174.758174	275.856778
296.464265	151.832132
-91.604744	-244.998844
436.250714	206.247386
446.539418	-4.808389
-27.528980	-391.563834
50.381462	116.790760
3.150195	295.761387
105.129800	476.167089
-116.246491	-159.718145
56.073209	372.643298
153.274847	272.632970
-289.648442	323.621146
297.204850	-334.964035
-151.494491	-463.624359
-378.688684	48.359838
-271.816879	394.036045
375.310531	210.757984
-29.329214	-153.036046
233.162068	326.411358
-198.087697	-398.853804
131.891294	-88.360852
125.281238	-107.148868
-114.318605	239.206846
-195.492920	266.445239
256.047054	123.379256
59.277553	-490.830276
-403.273922	-6.711193
-246.798863	-279.797096
-382.960034	182.629941
-133.337277	165.391598
-168.140440	405.828484
-313.467133	291.124077
-154.514456	159.296527
-373.639695	180.539649
-276.037992	-267.844525
383.655011	215.720335
389.513176	10.323748
259.465607	-426.465671
305.209494	96.352535
24.147732	252.455551
-6.050940	-469.483320
370.340351	330.697298
-198.394637	-265.797978
-143.800954	-52.954531
78.280825	286.104362
118.815338	-136.552258
230.786726	-48.323409
368.829595	-134.586765
460.488659	-165.785932
-125.733509	386.123920
-250.293559	-86.712912
231.243758	5.245524
316.419728	167.714874
291.686957	150.080976
-397.691811	277.095526
118.225226	-469.975937
448.296821	-59.567325
322.437357	24.353144
-8.119084	-106.687239
-260.300861	-382.083572
257.449748	208.909317
-260.179271	-343.182652
-183.498122	65.611366
-251.702543	-367.869099
-24.413629	-434.448081
-267.210098	332.170537
-360.832140	80.509618
257.015680	112.686825
99.863343	29.611055
30.498538	153.940779
227.042150	364.215623
-375.101915	-214.929830
164.807509	290.387029
332.708370	339.517934
19.792441	66.441576
45.010219	-255.566106
7.408682	297.571819
-493.855304	-27.835518
-72.548761	-303.001737
326.061263	-291.847548
261.392374	158.048787
32.625401	324.830542
381.626489	-56.278321
101.593777	-396.437367
-174.782252	117.513088
-109.373635	417.685095
54.391392	-276.361629
413.842722	16.854885
-183.961375	-6.500206
-348.303300	69.185240
149.013559	-283.228830
407.187764	-257.728318
407.933321	83.662137
314.394705	241.311585
31.831758	276.376115
-243.449065	-214.006616
230.707892	0.767788
-393.228249	243.316728
120.465411	19.497918
-78.219791	-310.955364
153.414570	475.776754
318.879758	274.792102
160.357341	-59.697761
-179.103555	-274.859817
51.138383	404.499471
70.674378	-328.482022
-367.554723	101.869399
423.292018	-132.156236
63.842998	-154.669736
359.019111	7.767926
-187.872290	163.435905
292.963548	197.639308
-249.841337	-0.202987
228.498268	215.443744
-148.860482	217.342479
-372.125370	-102.256883
290.348547	-47.405761
226.765570	-209.660033
334.435838	161.764570
-261.955181	214.016467
380.216711	-230.953270
-338.707578	-182.341274
91.953616	-258.649176
213.659596	-413.672421
-15.637399	84.177100
196.268216	-438.127969
194.400711	454.848309
-286.040971	207.214049
-420.994820	127.694887
56.043987	222.054085
64.897953	-183.351709
234.517631	139.969439
-187.998670	31.087547
-160.608017	38.369692
-133.916131	43.445106
263.941978	18.290808
-9.231522	-400.054014
99.493630	353.764133
-443.069478	-220.626874
-490.373240	48.456410
-431.313407	139.896547
270.316607	116.307840
-79.651124	-87.233371
-381.786176	-152.632318
384.385938	-164.691305
209.082228	38.141548
-345.989697	136.641080
-174.741805	-411.076354
440.483002	162.171236
-19.550778	-243.972749
-200.275534	371.533320
-161.167936	-271.179436
157.308016	219.166688
163.990594	8.010047
-92.891453	115.825736
85.935378	-6.871686
102.072168	398.951125
-134.032318	-235.692921
-132.772290	321.583611
306.014397	248.549325
378.275772	83.075999
-146.507772	462.760267
-168.079376	-310.565545
279.445089	315.392566
497.381398	-0.258709
-427.544296	-126.568991
62.008114	385.828420
69.599342	366.441138
-373.856550	-108.298824
-371.167585	-324.600756
-393.294127	299.500905
237.460774	-13.964380
188.889383	446.144435
-375.231021	319.375504
-68.832798	-354.691021
306.106705	181.432872
225.490916	405.290684
-315.388837	345.983237
-160.960704	-101.822225
-185.287794	49.839792
135.946609	8.831940
206.176622	-207.079376
-84.671765	478.126379
25.425226	-154.995916
-37.421120	371.192297
-70.649313	69.353139
-112.687496	367.023747
151.324009	-204.221321
320.126066	96.670040
274.390253	-413.546678
-169.806022	364.356123
102.396644	337.562768
283.044228	-230.225225
376.890676	310.383614
-127.916676	-458.432513
-327.112034	-46.548566
-470.713247	-159.184549
-255.921939	-223.494279
227.081773	-174.146946
136.628638	-411.561937
235.739937	373.492739
-11.160093	57.584338
-257.965301	95.018510
195.331664	-169.131765
-99.375879	-246.063809
324.893404	-165.819684
194.376743	-233.374875
124.012550	-346.542658
-96.089095	-311.617296
-181.663364	230.207598
-256.176159	255.993937
220.350536	322.307677
119.333706	192.483293
43.312572	-93.736558
-260.434377	359.260837
75.808805	-157.692025
324.615570	-27.535221
141.310005	-450.510971
-432.814839	96.302256
-164.611722	464.815783
335.950365	-276.720084
482.554025	107.887611
459.004280	72.645586
62.922805	480.404573
-266.641013	-169.406419
-438.293196	48.676936
196.842071	-339.125192
387.785600	77.897037
-79.248621	350.028763
-190.918842	-178.414755
311.157119	3.512698
-75.445599	-118.403190
421.586437	174.445931
63.206363	447.272127
-149.911521	-339.133725
453.197842	-87.642031
-9.506273	211.797875
407.606869	-144.576825
282.926903	-249.427464
-155.125900	269.252987
-438.830127	40.399690
157.318392	-109.493059
288.045276	175.863370
-411.313190	259.131405
-249.954128	371.551402
-45.444317	-267.315961
349.465078	274.845154
-349.876196	-344.772875
-131.328020	-416.555547
118.140579	-21.398516
-57.440958	212.864173
295.224382	162.934332
-223.846313	330.609186
88.513250	337.205655
296.203621	-351.932041
38.032218	-399.373946
216.682917	-339.177093
408.630231	130.872828
102.461457	-295.003011
-228.071475	-381.643537
-128.669296	349.936846
253.038062	-206.341863
113.892691	-212.470899
48.986465	-374.901902
379.836559	15.650961
100.589562	438.938085
210.275828	252.625223
301.166499	-137.587674
-439.019044	137.818549
231.318548	-343.065046
-174.021899	380.721539
-353.495142	302.913597
-318.023867	83.994213
-347.509834	-239.494697
-207.529818	-145.406341
-145.921490	22.008059
-114.718790	-230.554926
-258.980510	25.828178
-333.834894	-284.253042
-0.548390	-400.094851
228.528948	410.984190
8.032700	466.579924
286.661117	298.250963
-161.194397	306.113450
289.386808	196.217016
203.443522	-411.699922
-249.255728	288.515016
-105.059542	-156.181810
-309.535622	186.767656
-478.379399	-134.127685
-157.838652	377.027744
313.799801	24.401456
166.746673	455.264813
66.581864	-363.447998
-32.577907	259.738181
-136.246523	6.492053
172.011694	24.256450
-142.905816	-467.971074
87.783993	-30.975797
-156.920636	464.433461
485.148145	41.700158
170.475829	-168.433561
407.007386	141.936902
-469.476813	69.648964
308.959926	89.373733
-66.651540	-158.109076
148.573907	-411.332238
-336.633479	-42.319304
19.100818	10.491291
184.821478	403.096239
228.761887	-429.629405
239.293102	331.405055
201.322297	175.376508
118.177253	84.692345
-182.945883	332.197560
449.487655	142.574748
33.383780	-95.812238
280.334688	328.604961
251.839559	262.718469
117.811037	-120.903580
54.520433	-64.009258
18.293870	-157.434283
-6.521604	-18.180573
-119.588293	275.716508
-421.059562	116.123932
11.442600	417.388585
-309.651676	-321.240745
-222.008412	327.613244
-279.279265	280.071501
-408.176152	-152.239275
-241.258191	130.011243
-32.720373	229.358208
489.448302	-31.106725
-221.254346	-18.387508
-253.938993	401.645881
197.506772	-168.599174
-419.664460	-171.664755
-261.460277	-363.153375
-296.853780	73.255040
-65.483347	-391.239019
-40.728387	23.895307
-38.542370	15.688989
30.870453	-246.454612
53.290789	-43.472271
-346.364611	256.138108
-57.524312	32.822200
263.246571	-269.955864
-53.523702	180.598519
148.624717	-371.912283
-222.754210	-302.551507
-156.870166	-35.723781
-173.563240	319.418079
114.822375	116.950951
-249.727917	-310.877904
-259.225006	352.645041
-32.156224	262.774449
31.144956	308.748543
254.667075	308.696204
184.923301	250.970175
309.245584	259.197879
469.420651	135.240574
408.162881	158.492992
-261.485028	168.666873
124.179672	-305.193474
441.131869	70.552714
-270.726758	226.530352
-169.439165	-330.669251
-75.863731	471.930032
-82.889228	388.357037
-380.323432	201.557780
325.034725	-254.396778
407.340727	267.540912
171.583078	111.501997
-230.049648	-195.485829
258.706723	214.934655
-81.307816	-10.497884
144.644858	-407.176578
123.384445	-143.536525
-110.137179	-275.868239
-325.953991	81.085176
-337.142604	-50.720785
-48.861949	90.774303
-114.939876	255.254512
96.638343	351.080922
219.376422	-295.524732
196.347312	26.977971
-308.699173	-191.847238
457.070951	28.676513
129.290850	108.185821
-119.549218	467.189898
-283.363242	-201.861926
-64.919838	-204.412744
-74.902236	-480.372800
-384.899272	44.257894
405.259357	31.148305
223.183152	295.411601
-388.037408	252.155009
131.610866	162.823624
392.198295	232.912095
116.895460	396.250249
-282.465193	-5.952396
-5.922025	335.414307
-217.726387	-80.869783
42.424940	104.333407
-179.193038	453.180226
-90.629582	379.097253
303.950758	287.162483
441.500375	201.475569
331.438487	-190.783573
292.945777	-354.325074
-325.541596	348.991663
-270.144467	273.614646
183.922037	376.871536
301.867962	258.543671
-310.544243	-11.323845
157.189886	-44.744086
398.099398	145.052577
-80.729505	208.390355
-181.576689	-280.755331
343.370659	-150.135319
25.518970	-120.354921
400.611589	-187.075247
-120.898920	-93.162707
360.443511	175.309052
-55.719546	-228.468824
-358.196002	161.141136
-280.033782	327.239387
76.329112	-73.642611
-365.362632	-280.474294
187.209518	67.513085
-266.777572	-49.827791
92.974723	-478.739613
268.196854	-0.367451
-140.371618	93.539563
319.112082	-201.920478
-463.211353	69.315890
189.143793	50.640795
225.565538	261.661086
-131.474405	-117.649426
-156.815254	-216.472744
-270.505221	172.621357
365.974841	-253.713943
-25.442612	313.047358
213.384678	402.333450
-249.519714	269.780472
435.851692	-155.299083
-86.178748	-464.821637
-224.738795	333.815574
260.484260	-356.992127
-237.201478	-191.339286
-136.611403	-446.585450
-8.204434	-225.409508
25.763521	-81.187537
141.610100	-67.714576
26.184630	-370.791669
398.439552	-138.777477
-40.090517	-146.071504
76.081312	-402.813768
-186.309578	-326.209097
-416.481465	64.969797
158.620318	238.273883
-188.601818	-402.205921
-36.886270	346.115364
150.096708	248.868554
118.676379	-297.037741
-82.944664	-363.534995
-441.056736	197.247998
-55.224091	-412.433784
-375.404979	-136.344243
94.049148	59.298893
-59.992779	-191.563208
403.386165	46.197332
65.679428	-442.680893
-254.978380	-285.177891
303.462303	-190.259519
-229.872677	6.440853
-207.564141	-377.773469
-493.101401	57.959912
-200.617051	-437.016829
5.391957	304.354080
-93.968012	244.398045
164.672112	263.235823
-163.421769	-422.657772
454.229875	68.081725
-57.051100	74.629876
-270.889064	-359.606405
438.479538	-63.226216
80.168483	-83.274364
-302.564667	-297.918460
-182.413645	324.132759
-390.438770	4.194789
339.495071	-160.792121
-461.096343	64.129581
-274.670105	-344.142698
390.213011	299.313432
341.652128	70.900084
298.750225	297.727728
42.510643	-297.844399
39.560905	329.170256
-337.407139	157.533110
252.294530	51.055309
-300.792264	181.507460
174.114074	-58.848156
-226.420030	173.432916
-241.135916	278.771528
183.360918	153.035802
105.317082	444.354383
-299.906856	-16.304496
358.924556	-96.313862
130.836579	193.811182
-251.776006	-347.403807
345.998782	318.113587
404.457918	264.920688
-69.680462	220.429804
-211.965858	-400.887669
-347.600878	-346.044532
216.349022	408.331071
24.301469	-451.864305
213.338896	216.516949
389.523270	174.660948
417.736145	-46.970669
-402.486272	72.820141
-189.526071	-217.033476
-380.052326	-274.852561
-104.810149	157.421289
-175.199304	36.846333
375.170961	1.679211
145.346829	-207.681609
152.108523	208.632529
349.240647	73.092746
-348.979242	-296.121920
454.051944	-92.384275
185.935214	354.384355
-163.853090	-317.885468
-300.766754	3.357028
280.744221	-213.228238
-59.825023	-46.617570
86.494240	-439.757533
-278.297043	-127.042976
-58.557566	55.781277
-229.672218	164.761610
-252.644960	-320.953532
437.876094	86.971167
363.259798	-58.907326
156.963459	-238.452586
16.328905	19.500616
151.274338	-248.068646
-212.171461	323.628061
375.334361	-76.061544
-98.377113	184.014115
-375.176528	-33.088524
-368.925318	-124.570531
-321.477836	232.031629
-115.583101	-289.590318
276.577984	122.547293
207.802256	-114.504905
14.711641	276.899626
-262.213362	-363.705072
231.598712	110.909910
138.944757	34.324615
-425.856807	21.272955
349.196891	-299.870205
-162.379064	-157.810112
193.456714	52.887908
64.475193	-21.688511
-126.072999	-113.958319
-132.618682	-308.556490
454.766636	81.364363
-78.311420	-491.649267
-125.260834	476.863104
-105.860820	-205.784373
251.636527	-243.174785
95.577702	270.217531
35.888705	423.008801
73.201890	-249.310081
233.649017	63.713761
253.976939	73.406727
-73.886033	-493.885692
249.849969	8.196071
352.729356	84.783036
238.966031	102.528031
-43.339374	81.186643
-111.373726	149.815404
-46.693909	306.214405
185.808882	-153.587182
-363.659888	251.148480
-318.315196	154.537252
-442.258577	61.836541
-411.535996	-152.450629
264.038480	80.141387
288.383732	310.286712
16.925900	-443.270887
-116.578675	285.431625
100.952756	162.678055
143.809576	-8.476309
235.061821	-241.944878
325.855735	24.956538
-306.573729	388.720244
177.176250	-226.885014
223.956887	-176.955998
-265.018534	-311.397156
319.610618	-205.339953
309.810186	68.792503
438.389205	77.562448
297.383575	67.662835
-138.254981	-468.256266
-199.855952	330.546630
-81.517951	176.366700
79.474177	-82.929784
72.509636	236.252759
-308.125579	-124.155406
-303.917031	-254.177424
8.701162	125.101329
-376.546174	-315.633691
84.596408	460.257051
-201.602719	-455.697920
368.885552	-286.601266
-119.555687	251.047488
-156.624245	-133.495025
131.098979	379.317704
-253.705920	-239.689521
-371.675163	-55.255583
-104.691704	22.092197
-125.266196	-274.648242
195.174214	350.343973
309.511094	248.353245
269.934031	-231.898083
334.886835	194.365133
317.760713	-295.005510
-308.760840	-339.419173
133.229181	412.655393
166.015943	-168.839188
-232.730973	161.618322
288.477765	327.914334
60.988119	-177.920943
-137.888646	367.132560
12.845498	-452.961543
-182.267873	-199.796102
-66.736321	143.606439
-23.268001	51.718378
376.307074	112.961608
22.692055	237.687617
-11.562684	8.602815
218.632130	27.816048
-378.101696	217.132009
72.118856	-417.027665
255.145782	427.623824
107.132844	-103.043735
-296.955985	401.393730
-299.351469	-168.413075
41.349459	-342.559490
229.053950	408.378907
234.291711	-289.785412
58.557761	148.897669
-286.247772	336.591565
73.019883	-202.561121
-146.068210	-404.071137
138.815180	468.867181
-173.981412	-57.794364
89.574909	-156.460260
97.621310	-308.654256
165.089750	351.670003
386.528614	-260.954642
-262.079865	-320.401370
333.560264	353.105589
230.130263	408.680101
234.160545	-133.873691
237.937820	235.886014
-248.472771	-310.466959
344.185968	327.877280
-29.794921	-370.702217
356.610973	152.473045
-273.519714	-242.479981
265.149542	-143.885682
-37.035830	486.553739
280.178167	-23.831343
-35.721666	250.389930
-100.850531	-398.719583
-334.754648	-77.802616
432.461600	243.218817
-114.231350	-226.356305
-63.419971	379.101144
-438.154428	-181.323866
-205.803177	452.013065
-110.685072	-317.468936
486.814673	42.160314
51.348229	-3.958808
-333.907806	274.574543
-135.567016	0.445429
389.844826	103.815578
94.145097	-262.208313
-132.293583	205.903659
-88.836830	41.542455
353.453563	291.022624
57.237372	-286.258475
109.833774	-73.187000
-240.178735	-291.179991
236.519746	-360.762739
156.239084	-241.091973
399.799451	119.985599
-102.403661	204.856453
-103.111278	372.383650
-496.867536	-46.380544
51.694627	-467.723657
383.232704	276.328624
-228.014814	-91.268729
141.755237	208.212642
-258.923516	405.411119
123.939424	-105.807128
-60.049049	72.621002
-466.073192	53.903457
238.199477	-152.241783
-189.956810	130.877694
234.102529	311.912344
-70.130245	-283.627558
252.639968	297.454918
-208.432662	386.128293
367.858160	76.918531
-293.955912	30.302287
373.040235	76.896441
416.171539	-110.903428
375.975676	-279.545424
278.913674	266.560872
222.077207	-418.656920
52.006930	378.585778
-211.244644	225.833218
189.082195	-380.582131
-190.466429	-112.037586
-327.442855	156.824555
64.932927	-302.051451
270.022604	58.810984
-343.083179	33.790531
-78.053257	-464.622702
-198.654236	-327.796760
-156.894133	-360.563226
351.895171	-338.403976
40.157848	-302.420630
323.885363	301.168656
410.542389	159.173832
-153.675584	154.722152
226.476144	-109.319602
-172.186548	-143.771153
10.126449	-8.077816
-87.301455	6.188421
-240.267408	348.484709
111.778359	241.173745
-57.899219	-16.731906
427.250513	-256.982909
-227.941335	-199.667871
75.032380	-21.833938
248.931622	-323.231968
156.799460	-214.193005
252.690998	-207.297970
-352.886615	73.830177
-154.472260	221.686608
-205.835173	221.553778
319.420725	359.203737
188.519328	5.450196
424.957877	73.502286
15.858265	408.155206
377.697380	177.891212
161.157575	182.257208
-348.505163	-282.624219
-55.863477	341.896658
-261.026308	-86.379810
-166.948146	411.430498
374.219116	305.212720
44.197206	25.494981
-184.303927	-339.888984
-3.326316	337.876551
-53.452133	-83.005420
-89.345320	8.130355
-159.555279	-433.691257
-146.637601	77.132671
-58.216596	360.210440
-12.577971	-360.612405
39.356582	67.654446
316.691740	-153.417643
-50.432756	192.684631
-356.220997	149.244930
416.383875	-251.106967
304.305299	-218.232897
304.194826	-380.326742
314.318006	-35.812398
-366.707114	-203.255953
-241.493821	-116.383193
-220.338178	305.925476
232.292079	-260.707206
-35.652625	-283.063897
-67.644990	287.254360
-28.171367	-109.113983
-174.343662	-233.726234
-213.333182	-127.172065
-93.442236	426.925390
-54.243277	-202.448215
198.839111	79.810270
348.217755	217.631056
-297.396958	-8.146700
163.575570	218.379551
-197.571818	109.609904
-294.019054	376.144554
-335.146434	291.694384
325.981994	-216.728411
339.759886	39.410315
-132.453608	44.700984
383.473063	175.231220
381.315393	-210.155675
-105.596267	-113.926193
-16.242287	-39.919083
-100.669031	79.625042
-126.939930	366.721373
87.166943	-427.987797
208.218073	31.015417
236.314771	238.338579
263.696295	-3.336264
-43.538750	-18.206804
463.338808	51.688858
-137.270744	415.914643
24.131124	68.865905
-403.177376	28.889707
-260.904712	381.482223
-4.909010	329.832819
-216.541355	-275.816882
116.607528	-133.451151
225.266008	-212.168109
-60.449605	459.736835
-99.243772	124.725422
316.434938	307.319932
-197.918690	68.638887
370.999403	167.240365
202.043639	47.317226
-322.869859	-265.646870
239.965750	-382.731039
-68.233007	-418.707179
480.555720	6.224391
54.222507	370.470460
-225.635101	-155.641459
89.991983	-219.114786
58.813626	477.366998
146.182082	-446.082312
-174.819376	216.547937
312.275116	77.067503
-298.808892	-253.934429
244.762554	-68.068274
238.075724	-333.127601
-426.694208	37.730341
-99.157416	215.845571
-299.198127	375.263792
-131.058660	190.765778
183.870613	-457.001975
-7.206287	-236.568674
-277.714582	-244.904840
-319.929713	-380.492231
213.127439	-203.601681
102.608008	-72.444664
-248.051488	-194.449006
83.185239	73.590135
461.131563	167.741493
-386.136126	117.919421
-360.302654	-293.647214
300.988164	-359.403305
-188.046553	171.907837
-143.011868	-102.949783
-486.333864	59.239211
137.004841	295.609700
-240.839106	193.796708
447.958290	214.516380
340.857054	-77.590270
-264.559738	-32.173871
279.353254	116.876889
-174.614421	-363.907220
132.942264	237.134412
8.897980	-200.754020
287.903001	299.782708
479.984354	130.103652
-129.127331	-20.644113
-88.241944	-423.243967
-377.432129	-231.502474
-245.251825	-64.850468
-216.132770	135.377281
-445.179287	-89.995532
-52.389148	-369.492435
-336.727613	-13.314504
-203.449793	67.318396
-362.944158	-54.551546
325.587367	235.814893
378.107044	131.980461
44.830260	-470.639858
203.220937	437.793223
71.255645	-252.437326
123.042566	415.821929
428.493220	-45.847323
-322.168236	257.969319
369.045625	335.452459
69.563672	75.290219
-64.170788	330.756464
328.661784	323.528025
248.434356	-28.669462
326.174027	159.514310
197.280745	-30.427026
201.374443	-342.731813
-130.383073	454.060834
-116.723382	-250.050731
246.658250	23.272120
-60.539268	327.713645
-132.797456	-330.942788
217.031489	-131.476639
40.138872	-146.939292
-287.051226	-29.464380
370.690732	-261.243076
142.003323	-172.508524
294.774619	-184.971636
-10.111185	393.268828
-364.274995	2.543277
82.746480	-166.783395
85.000598	-489.834431
51.634923	354.905915
-255.955830	-67.054293
266.640100	135.715929
-248.550528	-317.185861
-101.116950	382.359979
-254.967748	-34.166066
-179.803625	-195.621880
-395.535166	279.115971
176.129755	45.288177
-225.902635	-63.828555
266.986884	-291.791794
339.524111	-242.840920
-136.459397	-227.463404
266.504970	-382.571959
98.245748	470.931730
152.738350	-181.688470
339.197418	-282.417434
48.245373	-299.988333
-265.396755	45.633323
-294.843764	-327.835451
-195.536001	36.453568
324.323280	-171.165752
-117.805373	297.279361
398.046330	288.579585
460.218753	120.382491
-65.145035	299.979511
340.285155	-14.664567
290.231579	196.636749
420.119963	-25.600799
-211.775327	73.571272
-414.141147	196.494145
4.675307	-290.344286
135.822295	175.504706
-243.345154	119.913190
121.789889	-315.275814
216.029402	-30.684212
254.537989	177.907172
196.191713	-255.488144
-167.532558	53.213556
88.212422	-212.501185
-164.574754	285.522627
359.636890	20.009650
-207.182502	-450.712774
-331.636973	354.430889
382.133066	70.289831
214.172337	216.690380
-297.244567	-286.897239
-362.785126	301.379470
12.047800	-190.502911
-69.037818	266.378191
-254.692556	-297.369818
45.601315	-193.109973
-64.294199	33.961254
493.741257	-1.327114
-423.332032	136.967402
344.028060	136.179216
-277.453267	-225.937699
170.177349	381.734950
-34.807315	-396.154989
-115.500560	407.139473
-454.883104	-51.272692
-229.392371	-74.449717
-102.335526	-130.070699
103.734561	80.509329
51.287914	491.749935
27.529709	-95.849726
-176.863814	112.278818
86.388227	-433.954086
-115.387634	236.028460
194.683501	-122.797277
-476.161591	-119.367770
-302.737632	-376.423024
17.104738	-178.419924
371.406901	301.618049
-138.742731	-160.454404
328.969822	245.839523
-147.027063	337.989294
43.624793	435.504223
-374.672458	319.844871
259.011557	387.844216
359.781016	326.042845
5.853359	-427.763609
59.369575	296.921137
272.992444	-252.498134
-440.773337	-90.790232
94.771925	-308.836387
385.173111	279.435921
351.557563	-139.506670
97.229731	349.498860
-352.500128	-128.111169
55.421270	-224.619426
-449.171769	170.584322
63.362850	-80.030643
370.920819	94.025936
29.164033	280.528141
329.985899	-251.916070
-222.928272	-115.035227
63.078826	415.606119
-107.580006	105.588940
-78.800902	-151.430051
107.037693	-173.184137
-54.894072	212.766986
-220.132318	-389.334665
356.724836	297.218450
-62.133021	18.867321
0.541339	-396.668302
245.304567	289.329039
254.058399	-222.599933
166.440798	233.666944
-312.707003	-259.070515
450.224279	-146.383369
264.531823	330.710014
-103.146633	-96.035557
316.485552	-237.778928
-156.188149	361.060697
46.127463	266.964240
-305.315730	202.443982
-189.702063	-325.558247
-33.534452	33.682309
-161.760394	-143.389957
-157.785094	85.870506
-482.050415	65.851832
381.811857	-302.706878
61.220319	432.920066
109.589332	-261.297743
-260.067574	283.034968
192.406252	277.927712
438.388960	68.928941
266.898946	-154.956224
224.842089	119.349439
-338.041887	-127.855514
4.075507	5.197014
440.070621	-140.845026
332.693554	184.580878
-206.806649	350.702833
434.904771	108.039594
91.536856	-217.569583
99.840545	281.360246
154.951986	447.976616
-151.263478	368.299181
-389.582519	277.731300
-222.773622	-62.874599
-231.430862	-250.124438
228.807708	415.126088
-17.905807	-472.589837
0.586250	-3.869548
-293.496910	107.113209
-124.492819	133.284133
-324.783497	-215.096595
306.669544	-174.860618
-32.633558	478.125094
-75.702738	-261.675693
-287.162474	115.125080
-201.450110	35.113903
170.395658	99.566179
-264.609912	-337.105499
-141.574697	-412.404346
170.521528	-79.395907
350.516556	174.317525
429.936090	-73.955734
-57.476087	-297.180950
389.347565	25.774967
-20.295767	-96.925148
-286.310635	-398.794073
280.184810	275.368668
-255.750982	10.347102
-65.109542	-157.273497
-54.375760	282.358676
101.680154	134.865171
238.652856	230.079315
372.588022	-286.470917
212.768788	-60.262819
56.370163	-166.976266
229.595364	-42.642821
-397.563946	-49.746597
169.352216	244.190649
170.518357	-249.592723
-301.985379	92.246504
302.957042	-181.546164
-35.867058	137.369995
226.588040	5.512403
-152.538196	450.862342
89.526990	333.679901
-170.365970	4.722240
-263.886970	213.999906
-435.594686	-2.219521
367.228214	177.064463
-420.759395	29.019636
-329.483289	-167.174752
-430.596000	-11.905224
202.734654	-369.068147
234.664948	-371.081911
341.070095	341.509935
337.016760	-272.657664
288.200745	219.140314
164.774247	189.969252
378.973955	-296.196704
-157.630885	-18.494785
-15.724382	-452.251175
-154.372932	388.312601
170.741746	-453.055659
403.757696	46.134232
445.473002	-126.221412
-58.526143	-81.481448
-262.715017	260.868377
-354.796154	94.439390
157.018601	-280.053291
-6.514482	-447.970207
319.428620	335.239788
-293.334442	-359.379085
450.543331	137.989240
13.380399	146.081453
313.194637	-354.681223
20.512775	-244.618033
93.040904	443.139129
-389.766980	-180.837436
88.146583	341.822483
170.547553	-296.720509
390.836709	130.692455
-25.522680	477.666664
139.832916	93.462348
-470.087561	-83.429916
-422.626432	96.690280
393.321162	52.660431
113.002392	-166.671203
-467.896369	26.581002
85.645669	-328.709640
380.408216	146.601211
118.355966	-455.625072
-438.132571	-124.000650
-419.879932	101.418890
452.553783	-10.787951
206.154087	145.697469
-247.401776	-288.200596
335.503924	-245.607184
-171.499837	-23.186321
-212.590878	-222.979952
109.922681	285.389372
-305.445978	33.834363
-63.132304	494.476753
-297.548559	-228.192417
-277.364887	-31.469051
387.680728	-201.917636
-309.722048	178.230605
304.491613	-22.146152
-427.699574	198.273627
207.638037	-56.304665
202.233742	-143.162761
146.537383	317.063218
-120.080632	-198.337054
-391.281386	205.644467
360.487917	227.476700
101.382868	-182.631002
-376.458501	184.651450
147.768528	152.916661
-250.853488	-106.250732
-123.385439	466.328438
331.693464	-179.281517
7.655036	395.228135
-256.364051	250.031527
-91.929014	-447.501028
-225.164479	-160.800826
314.206752	-70.720656
41.455931	28.334417
-34.547182	-6.474724
389.916954	-240.286960
-455.171967	58.736651
-29.101644	63.317188
350.520080	32.353124
-255.457806	-90.295872
47.257034	493.220868
-478.214390	-71.163712
186.089424	-333.110155
-453.138709	-103.985656
-257.356597	-149.190447
218.002110	313.592560
-277.640720	76.975847
214.281530	352.748974
-278.343747	334.228261
260.237211	258.679118
-98.592444	16.009004
226.629322	-395.577210
187.945615	51.473785
-267.629401	-260.903531
204.519628	-246.346698
-15.222007	321.998708
-78.940457	-83.449443
-1.111804	322.155118
422.537707	210.369235
32.892192	-444.247816
-42.183301	67.977015
16.444913	27.207723
147.890046	394.460985
-88.509299	-327.899153
33.880220	-198.290396
69.653043	-462.787953
394.227057	-174.575742
116.655944	3.924141
-391.482276	-40.963112
-368.741911	-227.387837
-75.781417	-244.361461
-484.706571	65.326587
-200.901641	444.177050
282.361622	113.330539
174.045913	197.822217
319.727849	-262.920302
372.856941	-31.086040
44.109358	-113.493822
-22.457136	61.555958
-188.663581	264.710927
-227.484703	129.004605
-311.407023	-296.644832
-339.179486	312.987330
397.075350	189.448941
260.615191	-303.035502
-137.553123	161.027223
-248.001383	-207.305640
287.235901	404.937389
-91.285521	-80.348249
-84.224260	-43.005937
188.156097	-175.068756
-301.763164	-50.896791
71.518593	71.383919
-114.512024	202.070687
-75.936374	346.746576
442.318503	178.799392
27.866888	-445.023668
395.793033	96.966369
-190.127169	360.412174
442.024244	167.266652
-397.195442	95.900010
394.883589	45.478363
128.553723	-113.811584
120.357307	27.928648
230.453559	202.195029
-215.727614	309.973475
-457.456594	192.088168
439.224233	193.543606
-245.081057	155.876472
-404.029029	-47.609641
5.682694	425.729251
-269.525354	342.674727
-465.116420	-88.956131
469.075540	160.526555
4.950472	234.484650
129.776325	235.304731
151.812279	-279.164857
333.235254	-89.785693
-449.203632	160.796640
32.600699	285.417561
-36.869057	-16.777981
291.359648	140.784829
8.184556	-305.709612
-251.722527	-183.691083
172.489349	-16.646095
-236.957598	-3.102129
-282.372622	47.287465
-284.389650	382.378339
80.223072	79.513252
-275.420435	366.298506
118.173946	-145.075893
-79.311818	-38.030515
-376.258983	-3.679472
475.384898	-80.667310
-31.406214	-67.198814
150.743396	-307.564106
-36.817059	-20.946384
187.347066	461.001689
-376.445130	143.944833
427.353217	223.502329
401.492044	231.977636
118.151606	253.602909
-267.114059	-155.903608
297.159351	369.606469
-309.650938	329.214291
-91.040469	-197.229254
203.586081	-377.682726
175.368497	199.230796
262.982284	200.913046
98.965560	-12.024056
430.107790	-252.053382
199.739480	-218.739081
-342.870095	345.891389
-60.478866	166.246211
-22.417628	-388.093200
140.259689	-75.326086
215.886522	-388.147836
71.998774	-32.262021
454.136902	65.805139
-165.921521	-297.470007
423.838439	264.033380
358.502617	201.527644
-161.116479	-241.498819
-247.814437	-269.103264
-14.780928	-277.806027
146.756409	419.521563
53.133946	400.578941
-19.073645	-318.542463
