314
-44.569308	-24.304842
56.917196	-70.816277
-21.446972	85.646322
-50.219737	46.381212
-38.656950	-5.426661
31.691960	36.739481
-12.540703	-95.302719
-17.848892	68.069682
83.265365	15.992266
68.329942	-28.664886
25.638829	-20.164736
27.454525	50.884301
75.959398	-7.359316
-45.098067	-5.192823
8.072166	-20.088093
51.092218	66.391308
11.996879	13.139819
19.693207	13.191087
-4.450181	-31.836863
62.342023	59.615399
-43.551137	-57.559442
-49.900040	-57.308590
10.717259	5.145502
-39.031372	66.768522
-84.084249	-19.819007
-54.957636	-53.143707
86.610996	30.095099
-43.921393	-76.448883
41.707843	15.273815
56.843006	-80.562270
33.655598	-23.981667
7.806996	87.459434
78.789900	-55.053688
36.165434	-13.456013
-2.943707	44.072975
-36.532976	67.291071
63.901441	-39.376908
67.470731	-2.144750
-79.464684	15.777373
45.393693	-70.846245
-58.446836	-1.586619
-41.609221	32.521998
-79.644478	53.977598
-41.081986	-67.740957
-67.734318	-5.739944
57.048052	32.835950
46.233769	-64.845223
-26.303023	41.643780
-17.359491	-50.868325
76.445754	38.953346
29.341071	-88.746530
40.525884	48.987814
15.885260	89.786468
-2.012664	-33.369917
-57.044129	-3.057313
79.752446	44.658091
73.923978	-18.605353
2.814029	0.134056
57.479602	63.277950
46.053434	54.202573
-33.482028	17.547251
61.113079	-67.535385
19.148604	89.441078
-12.827911	-47.758368
5.896407	-43.905098
49.309261	-31.689918
-25.770009	-18.154049
66.726779	23.754688
-51.043841	-82.017403
-64.585261	-63.350392
-40.777508	25.665483
52.744684	2.552481
36.945442	-38.346827
-41.556741	-23.275895
-38.583777	-17.519936
-9.860106	-53.748787
-52.852354	20.543183
8.117697	55.882974
75.408731	-26.439119
63.354562	42.041268
39.318437	-52.651696
-72.876284	-40.965029
-74.655924	-23.006976
-43.506207	45.142644
-70.959487	69.083203
53.020761	62.126465
-96.876517	11.165813
-51.574978	-8.915014
-6.961168	77.831061
-46.113719	-75.028910
-52.719755	-48.604493
-84.092410	34.021577
4.969507	36.778346
-1.704546	-43.514314
4.824221	84.963602
50.593645	-0.629877
-8.990161	-34.738214
-32.642031	-48.685859
-53.007652	-28.007307
-1.575654	38.155510
-69.120936	-11.340127
-67.891258	-19.715130
19.343733	68.955433
12.058513	-22.345336
-39.484647	49.857013
95.082068	-28.699830
1.166834	59.092188
37.576418	-47.510663
25.277446	-42.749948
-73.836665	51.965525
28.232535	3.220212
39.393946	-11.489430
-95.707675	14.559427
1.053314	-18.125795
87.638710	-1.685409
40.539466	-27.263644
-30.053566	87.293099
44.897195	65.788361
-2.320266	13.532859
45.844023	33.415341
-50.161382	-39.978788
-3.961423	91.532484
29.282816	36.118724
-16.441014	53.152126
-10.567848	34.809144
-81.098265	37.099678
-43.083936	-53.121484
57.156308	41.218260
-59.122297	2.749394
-5.654245	-6.143232
89.635926	18.700576
20.957474	55.026019
16.878123	38.715270
65.659228	-56.191161
-49.990713	18.722549
-66.283031	32.508319
46.283748	-71.610343
-15.843460	-57.367507
-43.666039	37.051273
52.546683	-29.003587
19.540687	-65.591006
-66.699790	58.841825
-13.198994	-97.644480
8.701077	83.088553
94.628940	-27.954672
-11.127549	-13.707996
-58.955730	-5.885185
38.240829	-10.737749
-16.506637	-53.943077
28.924262	66.999024
-90.522942	18.272789
-78.763557	-51.436186
-35.431014	11.621421
-40.734799	41.735792
-12.835629	69.236008
-50.183856	64.209640
65.134202	-48.981558
46.728302	32.767664
57.187463	50.760971
76.245651	-29.889255
-52.585652	-15.466762
-16.791079	70.204380
77.496989	-3.647723
-81.951164	-1.726966
25.446998	21.038551
15.887892	34.526239
-21.843395	-92.009215
47.650834	-29.262365
52.580119	56.821967
13.608722	76.208245
-57.876431	57.156376
-16.097681	26.196903
3.137962	23.544533
75.522453	-18.734097
-72.170145	59.345775
-73.418269	-2.359597
88.466321	-35.591020
84.802721	25.353732
28.934560	22.252534
-90.421916	35.358436
-16.749444	-35.606266
-75.175388	49.671812
45.941795	36.551886
2.895105	61.594965
-19.094881	-52.375797
-72.602931	-13.400697
68.045073	36.720139
-39.253722	-25.568506
-64.388658	-28.248431
-48.848432	-23.175212
-60.757553	-10.476060
-83.481143	-47.735564
-5.480764	-13.447718
32.323584	16.995669
-63.760713	-30.144726
25.432937	2.388118
-6.048038	-7.172612
22.080029	91.935958
-43.608576	86.635362
-48.970866	56.436755
-38.387949	-45.760546
-39.383052	37.285484
28.920320	-76.291514
-12.874452	-43.953656
-74.018825	8.820174
-33.785475	-87.140435
-82.488997	-18.104488
46.327901	68.922993
-18.351554	39.684765
-13.500612	-56.546150
43.750851	-17.891168
83.602157	28.971085
-23.350590	-28.898978
-66.514764	15.299302
38.262195	21.517713
-58.344701	22.599804
40.967854	70.763153
-1.705241	72.475589
36.635844	-75.605413
-67.496030	26.284490
-58.806713	36.327765
10.070683	56.587687
-45.825939	-50.106378
-55.359900	13.900733
33.759733	-42.843034
4.856617	-55.933738
13.122304	-27.041917
-1.976821	-12.128873
65.006336	-42.485149
5.461442	-79.404737
-9.708031	-39.617402
23.210583	-28.277476
22.252343	70.632335
70.775308	9.304800
27.771796	-36.810258
27.453150	-3.773109
-90.721686	10.099520
28.917238	9.920363
-17.020071	60.937804
-68.284835	50.435765
-2.524279	-15.934541
3.981003	32.931760
62.096287	-54.547702
34.233261	3.713032
-51.732004	-12.328045
24.527277	32.656695
30.629499	83.936626
21.431093	-88.605025
-16.943881	-5.397166
-43.414965	-45.762308
16.638213	7.074920
-28.173153	9.639922
-81.815417	-42.645357
-1.638496	11.982060
-15.743030	2.235247
-20.815458	-70.257216
76.919181	-29.068538
16.465191	17.673964
25.940576	20.942031
41.714733	44.286899
-17.501408	-62.882121
-95.219722	-18.831242
61.237273	9.277879
37.942337	35.792758
62.482894	-73.880325
-66.056792	40.340351
-29.696698	25.954604
65.957158	-48.461673
-8.896782	-34.760977
-68.445469	62.019352
61.257525	37.581390
-55.241515	-33.295771
-21.553277	78.632641
32.688287	-34.162864
64.924095	-51.564237
81.473989	-41.704126
24.639549	61.351528
-24.266182	46.252532
83.994777	-0.925744
-63.841500	-5.317316
2.359856	-49.086323
-19.086566	91.832866
31.420009	53.862292
-77.090869	-47.201481
62.250265	51.736810
-15.362645	37.928731
37.524069	-63.446959
-79.294094	-35.862229
45.982348	-26.822358
2.037465	-48.232318
15.416138	-6.489123
46.215485	-79.014609
95.943663	-16.923220
58.968410	-13.827768
62.128341	-3.058744
7.795861	-97.810463
21.050032	-54.064780
38.014787	3.400120
-60.730441	67.801551
-80.506511	-45.817581
-10.900819	14.770057
-96.804842	-14.917394
-39.903157	-45.603365
31.146999	53.220296
82.108817	-4.197682
34.826561	47.975545
-23.003090	31.785057
-96.110487	19.657923
-33.113707	-77.189331
33.593769	8.611000
-64.521851	-20.814438
-1.567159	-12.423260
27.073359	-69.453627
-46.882175	1.810311
