2748
348.089301	158.041110
-157.921436	-118.490300
222.843946	53.683121
-353.340347	191.789201
-53.809831	-489.694016
-348.586589	321.931749
214.718073	-346.960781
-57.656104	-180.644772
-390.842386	128.625495
159.388237	-180.891406
192.118853	-142.723125
133.881402	-100.056187
-64.403695	-219.258809
-191.157416	-345.509430
426.601000	240.714686
-436.531014	20.451008
119.183779	186.296608
184.234154	11.436776
79.553820	332.453545
-407.128237	288.814633
221.220007	-84.644632
-179.029550	267.454078
-298.045930	0.779571
222.173168	-217.513684
-1.861472	-256.593816
-127.330329	413.407364
-323.105090	-154.090332
221.177053	269.680217
82.392605	-393.348257
-341.283527	-134.043640
-482.326973	15.118928
-24.033089	-246.107628
378.492270	66.092812
-490.130849	-18.646963
-65.128006	420.297383
-13.480938	-11.777342
345.790845	262.627047
-378.311777	202.363773
19.953468	-156.362662
-284.786341	159.684710
-116.268486	-25.815014
314.388741	-85.860334
-93.197602	417.424067
-201.171340	-162.128734
359.901851	0.211605
233.705107	-390.396499
63.076667	-208.477553
-277.529864	-10.285159
321.419680	239.071371
-328.535368	-344.977210
-187.433686	288.588153
237.169534	207.741442
453.099361	145.476871
380.864650	286.255308
86.777119	-8.897004
77.183446	-123.951371
-222.322978	-297.150950
182.178057	413.910209
-321.392369	144.550597
-235.332456	96.895344
-364.560131	88.259533
199.709852	269.701985
411.609300	247.452309
-96.834149	69.510914
-1.673239	483.006179
425.136774	99.770466
-61.459569	229.034628
-32.400240	83.770599
350.887210	11.774713
8.010161	-324.503279
-19.629494	440.616429
252.663905	402.762479
153.142588	358.667246
-100.853087	-254.651014
-179.129505	395.423317
-110.125550	223.456511
-233.143527	-64.241476
-343.159003	-202.664401
448.591305	-48.196482
240.196146	269.177446
390.281482	161.200138
-343.558084	-236.537916
379.711612	-83.366203
400.144253	0.282891
-33.167647	-408.385265
30.719426	-170.196287
122.874489	232.512085
29.857357	-227.322711
-194.284642	319.098601
9.766650	346.243440
-90.072764	-148.916740
15.322379	-28.469751
-180.782707	-59.902316
135.524838	151.900852
-383.759036	110.867803
307.036659	112.429543
253.484950	14.790671
-133.358193	369.857709
-122.905106	-11.928837
364.856460	-202.385601
425.012680	205.405205
66.547444	-360.748500
-161.276615	-230.432358
-269.280028	-71.776693
187.325919	444.596286
120.886538	265.480080
383.801507	-188.588197
134.665398	-466.069263
102.117918	457.811161
-45.561457	159.518199
-294.918275	-7.625878
181.104062	-120.187541
447.382782	-109.211127
-460.876434	133.026891
474.091770	-136.490422
272.426537	82.718305
-337.124752	-359.001870
204.177004	-197.015761
-62.664556	-75.987704
92.319129	-36.531219
-331.191719	-223.388178
381.667523	-160.629545
249.503610	48.900971
-74.617503	-288.543169
200.936933	-366.304529
-218.889838	-395.378662
124.386304	-162.881454
279.617070	-271.042015
182.927146	-250.858096
-38.418665	-209.405669
257.051810	-387.204917
-396.640885	274.642791
-49.733079	435.155577
-469.046600	-160.076926
81.958988	-327.670986
425.658624	-3.979683
-485.309126	53.335067
151.765183	-275.905499
-45.503155	35.309402
61.714430	336.465496
-129.149705	-282.183936
-90.474152	-454.699994
-231.791524	97.314385
247.626274	95.177319
-121.345544	53.619007
-156.910156	183.294736
-103.058756	161.748572
-181.558755	-321.840060
241.239266	-184.269841
-184.473086	-255.503822
-21.256032	-21.220166
9.491387	-446.547590
148.284447	-49.273200
-110.872688	-253.707987
-403.413836	-88.370429
-39.264673	-432.012296
-66.711612	-133.121483
197.260725	-453.492475
-244.957758	10.203156
231.144592	387.050500
406.656918	14.256475
-158.714783	234.113435
58.895608	42.193588
-167.926462	202.893650
227.162007	278.966088
-131.453014	265.472971
170.823208	126.792092
-48.046695	455.312626
169.407084	-220.750016
358.509896	-144.634161
-141.944896	467.678613
157.453713	-208.198238
451.410819	159.943747
-132.998679	-138.790083
-17.630668	131.228387
-189.795735	333.307542
-197.772672	-266.203376
-341.443089	261.579457
-51.955341	483.541463
-23.158583	-471.554425
-346.275280	294.908644
490.805251	-77.756189
-64.927584	17.076142
-408.365512	37.453150
-36.621835	308.785675
-354.445400	205.380781
-41.648285	-421.356718
-110.003780	-189.720829
446.489317	100.610949
384.493643	-86.650714
283.445056	314.482025
391.669010	-130.464863
98.161395	45.965746
-65.741038	-174.167481
266.788148	259.199546
432.624181	141.889966
-164.662321	418.161248
-108.448894	16.640111
234.036113	-378.548053
-401.332745	135.292500
-230.600718	219.306037
-79.016927	427.218297
396.373915	304.715905
-254.112445	324.236118
402.272686	-274.959547
-148.585443	-450.198800
304.792654	357.987421
-147.179969	-23.331454
-114.446574	-76.712648
-354.472436	140.403970
-115.841649	-244.124210
-338.535487	229.330293
-38.001199	415.671251
-462.350178	-71.841076
41.249323	236.003685
181.849523	-330.900546
-256.477440	-146.466337
-113.308652	-466.239677
176.996556	-264.768071
341.841939	-361.500535
-309.231744	-206.895154
-456.585204	60.957528
402.461022	86.874625
63.961426	454.080920
-268.565975	-305.722987
-266.768721	-165.868508
-118.392560	-347.058215
-198.459057	429.262041
-256.401573	48.751665
-291.138764	30.934369
190.978149	-449.990074
-18.864644	371.011960
-266.852670	-32.024272
-39.630716	285.510645
-85.093263	340.559130
-167.243736	-405.185889
-263.998284	-128.673375
-229.387903	-15.788346
474.089418	-123.908122
57.580137	-156.705863
-31.863607	-65.813900
-106.821646	322.092266
-308.581981	-261.411599
-352.531327	-236.080478
158.550276	282.763390
-179.017963	449.403304
-435.191952	21.273151
95.774611	-192.431466
270.742316	-143.888273
-210.360489	-80.132809
-350.163575	259.894066
-106.921716	-443.579306
124.976925	-329.030841
245.763278	-101.375830
51.546722	69.990666
-224.763310	371.753720
267.372515	-401.524497
-471.964477	22.988263
-144.148008	91.045841
-122.475564	316.479988
107.211491	292.753814
401.503217	-243.376859
445.274198	218.447106
-155.660838	61.268117
-287.453557	-346.411140
0.085781	434.350488
313.100896	-82.384388
71.544433	194.126250
289.102985	-309.733485
-453.844661	-165.716484
-73.354505	46.712121
-182.359865	-405.953107
313.359055	273.211396
342.862230	33.407030
407.796064	134.001917
-179.007862	-96.597513
-88.558698	-194.568956
-356.137562	164.932982
-395.844869	98.573269
147.096284	-283.470775
191.753847	-315.816317
8.287315	-152.961684
-292.737518	141.536813
200.964166	-209.590060
-379.757651	114.303705
-347.756368	282.605677
-105.542130	-373.393796
-169.785962	314.532275
274.047833	-64.494540
-152.258496	106.735347
-114.813379	324.212249
54.848604	-32.705546
137.394002	97.790459
133.598382	-187.470722
-195.569996	-141.450083
-58.144642	269.410095
175.394357	408.378840
-362.088140	256.154642
-7.099325	8.740168
175.333031	-282.484803
233.705581	6.815251
-171.773360	-109.320158
227.167812	-260.831782
-315.198022	-200.609949
183.942385	-463.882709
110.441159	-266.201093
-332.666351	213.301557
-211.657767	-391.041090
118.338306	-21.343903
139.981345	-70.990628
306.989902	289.663557
441.471297	67.746298
-11.911589	396.274261
-105.033188	-446.439249
-96.618856	119.921827
123.868688	-214.855708
-401.916473	-4.073733
-177.727372	204.805869
-329.397550	240.160560
-130.436666	-165.930101
162.740962	188.406330
208.172518	213.399613
405.636724	-248.574314
18.110236	-84.456243
-205.063547	16.406870
-74.948257	128.801718
48.657984	-417.256225
-379.016323	-22.519419
40.881605	367.358049
-125.812118	-218.076355
308.594414	1.036133
-139.251034	-398.537092
209.240187	223.945483
-98.562065	126.499532
265.147423	-1.310445
7.236441	-129.534491
373.761963	259.694202
-485.011037	-89.192744
23.073421	452.067540
215.337270	388.610028
189.895636	-329.429911
-86.577537	19.021410
70.093173	-321.433734
-292.891718	20.015297
41.959717	242.669337
-52.805147	11.967755
-312.198579	126.868201
226.001080	-83.782064
5.181767	-12.747580
-38.999720	36.085781
-363.458436	-236.294776
-80.454847	76.792352
197.601180	186.393293
-496.953012	35.647813
412.113378	59.271808
-299.973824	345.396027
-387.836839	251.887998
90.146147	-226.904868
209.163108	-399.753780
34.900938	-488.367782
287.133643	-14.544352
-64.986123	-445.098765
-119.114244	-236.302661
344.352829	-147.851484
261.861746	129.287849
373.612865	-175.551543
-286.953546	58.738239
74.849609	24.344029
98.947525	462.780960
283.605466	-368.090597
-34.220291	373.289466
-154.193272	-352.346634
83.909371	65.718938
-169.687500	-256.477593
50.732660	265.457841
280.990789	123.779217
328.816671	67.734394
-219.085301	-37.031547
-260.134196	127.369549
-74.399725	442.783643
69.324354	423.158801
-268.329274	-50.100348
-66.512816	-14.413999
-89.819954	287.521507
200.199879	444.141559
-46.531267	-319.179831
367.374435	-64.729768
-216.181438	-379.409571
-115.997181	-273.482947
220.793793	340.184446
290.570997	258.929607
90.361432	247.291410
169.020817	-218.754552
245.076059	356.841633
186.520663	-8.426501
77.231768	-266.278163
-219.655381	-241.678774
276.833805	-277.002025
139.526635	33.930510
-470.077053	141.961723
448.914683	-92.687336
-105.687602	270.899068
-200.721425	322.867655
-387.810366	153.121870
-433.221652	54.323742
-431.659298	39.345447
404.206832	68.339523
-398.929227	-132.884827
-318.211790	-257.191448
-349.450235	-126.516335
-338.078501	-3.033507
-155.674394	-190.925744
-55.519141	62.289305
-364.620027	43.889860
162.059199	111.228458
-91.481674	-188.597482
149.861075	280.173893
25.469586	52.726076
-461.315679	81.476161
461.444035	73.659662
-112.736357	11.209208
-443.475058	-129.450389
486.082894	-99.997430
-257.904675	-336.981396
0.057219	56.768516
-13.282011	-483.445380
-230.946460	-190.931931
190.796708	176.517801
402.221322	197.242135
-330.728923	129.282465
-177.893915	265.886697
-67.056195	337.022491
-386.148515	-74.298164
-71.824747	373.441768
154.216433	-138.984184
198.303026	-272.802849
-283.401154	143.863488
-120.953812	20.658369
55.586266	63.201212
200.247558	-11.637748
-314.056597	-45.256249
-148.326024	-457.947368
92.076868	153.561372
-210.378733	-180.633736
-197.138233	-224.885557
291.385010	-142.014899
-121.754618	-236.780813
-245.422429	23.419440
-277.071675	-363.847149
174.431797	265.055922
305.911683	161.528253
92.026628	-361.768955
-147.864085	-110.192607
302.191479	355.163929
369.534272	197.210460
135.759431	-430.853873
82.454264	397.699601
103.690773	-351.982627
193.796152	-33.177955
262.816190	209.608231
99.870604	107.208604
341.077715	-277.649703
93.356898	-204.501401
410.416773	260.815713
338.740120	-254.817266
150.207208	23.730399
-183.599199	383.651493
259.146503	-310.246172
-219.153621	219.898588
407.033725	237.551142
98.373154	36.968072
282.994312	355.045014
240.619345	-269.001290
362.985299	-137.049348
284.418242	385.752383
-202.432898	45.197021
-125.035282	181.126523
-178.164542	180.118424
-350.071641	-353.082057
72.665416	-17.794392
-367.648474	-224.947254
-311.812208	147.234428
261.105423	366.800169
203.588652	142.500723
-261.805755	223.231536
-202.753870	249.862398
167.819288	385.317219
-158.339096	-389.510478
-198.940487	453.650319
-371.893820	106.779873
64.572988	293.961856
399.379811	250.414957
175.465101	121.150846
182.901473	-306.181197
-298.775117	-12.788268
141.470061	-236.496906
-17.953993	-232.906843
-375.624284	-310.872038
59.421030	-270.371135
310.487141	-271.660529
398.133861	33.562118
-230.835634	-170.792119
-259.296817	342.961450
216.957994	-386.384712
96.574410	-377.856605
-347.092890	-97.468627
-156.417589	-200.728108
-358.546067	184.463739
335.385822	-225.588869
247.440251	-60.374520
-83.853982	-270.240000
-364.603666	-254.722548
-291.863280	264.175620
176.730499	356.720769
-368.767197	43.432929
-145.217758	-185.664666
-162.630938	-164.644295
-34.341617	-485.402148
262.143976	329.925836
371.256391	182.208141
-40.723289	-184.917155
-167.814100	329.305062
233.304188	-117.214507
72.970128	-411.184167
-137.374075	-226.625658
-169.953776	244.407305
234.190333	240.479964
173.223640	-130.953018
-68.879647	-161.070015
145.238586	431.386834
-8.920649	317.716074
-80.120496	-118.038637
118.557245	-454.848544
-68.033000	480.438738
190.729813	-399.565574
-19.261826	386.709220
180.124304	-321.031686
-90.836609	-204.477860
174.719710	-106.547825
-45.371260	472.013616
-89.986099	-165.097590
231.763750	-118.483067
-200.692260	326.632904
374.975490	-178.960256
224.507461	267.806299
-249.125962	359.295941
-172.617364	-306.294042
-165.962885	284.790918
25.699071	383.858594
121.380668	61.218868
1.402923	36.092460
-321.243706	94.085905
229.574491	-163.991465
294.421318	230.981107
50.132837	-210.559921
-276.959002	-20.620627
163.483248	151.909960
202.744936	69.223412
-72.618201	-250.715999
-319.707484	185.161450
161.040041	-424.589585
-69.701905	64.522253
311.048320	156.278834
77.191220	-323.296991
-87.756103	443.532759
290.852215	-314.349190
-13.890728	198.963877
199.725246	-186.330444
-451.931079	33.944964
-90.076915	-419.982381
-457.874998	-59.272882
-172.927637	-213.658943
-184.123347	344.480532
445.332514	-114.365641
-59.264647	467.145340
-392.304791	-214.592423
264.933689	-52.602777
202.472116	-163.411361
-88.892282	145.126249
-35.363297	406.645582
202.728318	-352.717898
157.726289	186.538148
360.270435	-201.583428
-266.643009	226.227597
42.527270	77.266622
-274.874570	115.101254
255.242623	-335.190501
-145.297563	34.408229
64.834356	-143.359255
-315.043982	-363.303525
-53.954821	251.940217
-158.803442	277.240858
-84.420106	339.189905
62.231384	97.767997
-65.737178	-226.769635
157.469455	387.045776
-42.751228	-289.427052
394.177000	-198.787725
324.047601	-280.241699
169.565259	-84.568839
-464.807953	-54.684910
163.732667	-40.085767
362.633866	206.944074
213.318355	17.040054
226.171761	187.052764
-63.158909	446.972952
466.130588	45.369388
-225.186966	162.384941
230.332739	-420.695704
158.077254	-304.135722
-179.970632	458.238822
-195.596365	410.073838
168.626696	-171.752349
335.897736	-336.478117
18.658666	-349.050448
221.838877	-213.901396
-223.049489	212.443532
368.110029	-252.220603
364.623055	318.428611
-47.614436	483.373870
-376.559355	-122.395516
453.873163	112.916448
258.654557	-299.576959
-77.929041	60.466233
77.745532	464.176357
-259.527328	256.593127
180.157670	24.245729
-263.646875	330.430362
73.769812	-292.612276
-213.015489	-306.209460
186.095837	450.259572
-98.339882	198.496956
488.129390	83.148236
280.055206	-248.750902
158.985144	-146.181268
-168.374220	-386.185925
-222.341393	-122.665317
292.705438	-196.768323
-95.756367	-322.303799
494.254385	71.099725
112.214700	-79.687802
129.613507	239.504248
320.564177	-304.650209
-381.380233	-289.885382
-288.029751	-30.424158
417.675423	109.411842
53.359918	-450.752982
80.184339	-485.446991
-26.097458	-86.228945
-174.664048	288.180743
-94.015666	-237.156667
-349.506893	267.464724
-164.852320	0.305969
-184.521083	317.693937
141.524953	-130.802097
386.342184	192.038344
-282.735090	-178.414708
-121.726386	-250.543809
-61.753690	303.015562
77.106947	-87.635770
79.482098	334.289986
378.732643	-169.044420
388.996402	87.638425
-124.820230	-369.981056
-53.308800	10.612382
-122.035358	345.897208
166.301411	-465.738168
396.445387	81.613679
-329.234639	200.992956
-106.119769	-404.070839
-114.692419	-269.876964
412.598299	-124.740695
28.811188	-219.016663
301.613081	255.368509
-298.438563	122.925829
-170.528714	250.221529
130.856295	-81.868937
290.895616	199.037512
-271.543282	-42.302314
349.805302	291.921521
210.099171	424.041211
-182.190282	147.788158
-248.379252	-283.281691
19.406409	101.500699
-114.006282	-260.852118
110.258754	-486.208809
476.534704	54.819826
-195.278901	34.891373
-371.148063	2.182051
-225.648006	-318.630156
-260.856466	311.396767
196.583321	-137.023466
17.793418	-420.672846
425.507175	-120.918382
-92.332129	-365.927749
69.592571	-18.888869
111.965334	-266.084981
-401.681122	-139.220777
-260.054823	363.879148
138.475931	380.972552
268.298206	-404.614616
289.292641	-137.349213
-58.959172	-456.503475
-335.596011	41.394779
123.626523	79.444732
155.801821	173.600168
-491.855216	59.103094
-208.089240	-148.178862
286.118278	108.041563
-205.532415	449.941826
-453.249101	31.158654
238.537206	358.998762
83.525005	141.300832
-444.317729	-163.689363
-373.210910	230.532428
241.199064	84.571754
30.443043	-208.265484
193.414781	351.274606
351.381580	-207.262295
25.237927	-421.964489
-456.190949	-112.571906
-286.104467	384.472513
-236.060150	328.470142
343.976884	-198.241052
-148.030032	-410.736578
187.481365	-194.308703
-314.668084	-387.943171
263.860782	-94.146144
29.807915	-85.542624
161.177204	-336.416349
-180.760272	-68.183908
54.040318	378.024215
89.930991	-35.991149
38.169412	76.259229
117.441778	-290.761473
124.851727	109.601230
18.690155	121.254343
-248.246290	307.221866
-190.743040	174.639140
-415.558749	220.946473
-332.543889	-22.185236
-438.450064	-138.841385
45.520168	-433.652361
-217.454629	-32.633569
-338.521628	-195.235628
156.620819	267.241658
490.631827	-45.692800
-178.227321	-4.438733
-334.875494	-336.116173
-394.769189	-29.478713
187.490916	-308.876788
-208.378699	-252.826547
273.594431	339.626704
-154.089076	466.456324
222.295631	445.586204
63.954675	167.244270
290.930197	14.969989
-60.672148	80.103025
-173.041841	-108.011585
18.105741	-48.737750
-147.719104	-222.132397
270.844992	244.099297
158.227525	84.197382
-168.928649	242.751568
67.350697	-287.790147
393.007954	-246.886883
420.913457	-15.962129
-338.115084	305.518731
362.134421	137.203292
139.697872	-162.510862
-127.320333	-19.720460
165.190435	-342.468301
-45.459272	194.948958
410.905981	26.658386
-258.964874	421.044058
38.131543	-44.452282
203.196352	77.844717
33.776349	420.606946
337.946136	-317.655513
-359.028863	-81.730830
-242.456731	337.449822
152.585941	352.777563
-229.231387	-170.406421
-351.585216	-91.632884
105.775132	-90.734485
-332.324884	101.780287
-77.867461	-360.236621
-363.249295	-237.095557
-18.549233	189.630819
-107.776704	290.493739
-59.034196	127.717725
-323.184260	234.841137
-294.506203	-308.609190
464.567025	126.647243
-72.706158	336.828122
-332.229256	-195.501413
94.616491	67.152387
-157.226294	-332.098872
126.201533	43.977998
269.615442	351.635029
-136.183980	-101.168100
324.220520	-76.106062
-315.047605	367.622374
96.080231	310.171620
-308.588711	-147.475056
194.136742	20.751422
-186.296743	-384.002581
-355.833676	-161.745597
-369.139890	36.041291
-50.912437	4.108593
404.125867	25.845899
-161.203021	-230.416767
379.292562	-25.745682
-16.661127	-178.582117
198.326910	37.791929
-63.002080	-141.602089
162.895849	-175.147533
313.436025	262.072473
193.596161	-240.326322
75.466507	392.153351
175.884238	431.826064
132.980066	148.335994
-345.167180	-59.637556
199.318971	339.518563
236.643231	-218.099779
10.263355	-93.511079
-382.220307	-151.953142
-409.823156	34.545848
372.485751	217.604745
-243.268534	142.662010
11.232831	-460.351151
9.661263	211.407899
-285.868890	-206.116542
249.963218	426.224887
302.627142	291.433845
-218.394546	304.592774
72.577600	-276.344577
349.887627	-65.264268
2.100725	423.960788
-50.536914	459.496681
-140.361961	196.217875
201.105178	426.089661
304.343865	-239.265595
-44.350049	-336.261763
32.608933	-277.220841
237.033126	-36.937113
125.616538	4.323215
282.822261	-291.394478
169.714075	-103.895068
-62.292173	9.982700
6.701453	48.742407
209.340100	212.835823
366.310532	-322.027185
-382.060202	16.408315
445.242064	110.072723
158.703430	285.786046
59.288091	-449.995734
-6.448673	-37.366754
411.671198	67.555251
29.327035	-29.329664
-145.936586	222.651437
-114.946888	127.707235
79.291180	-90.261524
-14.003370	-486.294849
466.037110	-177.281264
186.835314	-413.368934
-149.158346	20.414848
150.779859	161.431794
-405.660443	-31.342027
292.968962	84.318153
-383.738468	-288.258663
122.702929	-168.752361
-222.397997	421.615914
418.229375	63.774886
-423.466490	-182.924621
77.306449	379.389191
-170.363138	-178.282749
-333.862367	-257.937644
61.043251	107.960072
60.312371	-153.063863
382.900720	-72.366623
-96.692025	7.285610
267.424901	-328.868490
209.827375	-316.896845
-192.922909	-413.715600
346.744178	54.387823
135.073770	231.760882
114.453871	-453.956778
-368.802744	265.002512
496.849583	-12.722451
-216.402679	281.000213
95.084578	-466.182507
56.189970	238.900192
392.865317	-302.226488
99.211178	265.748145
-17.503218	94.672529
-1.482921	-300.810815
-495.407305	-53.828301
-53.092057	-76.538386
-101.493906	-313.567457
325.374374	308.128436
143.632645	279.204663
406.321621	236.907614
85.441106	100.506418
-150.001854	-91.337348
307.394066	178.858063
215.878064	-336.251655
146.790012	-349.198046
-370.973028	298.802190
27.645423	79.189460
144.334492	-168.534013
36.931170	228.287458
140.581445	129.980923
108.612152	-427.038507
278.718673	103.206964
166.315749	-233.501676
-403.346939	-287.223529
-99.014357	126.285668
-318.073852	-133.485851
-424.936936	-191.436162
-403.447254	-137.523221
-80.020945	73.098225
-209.542276	222.272763
-61.545667	178.366287
-6.560814	-244.218611
281.951446	-43.269843
-212.761252	388.116606
-243.251105	-306.808586
119.215563	423.818803
447.283174	-35.132155
-356.094804	104.070746
-389.562585	-189.246170
-312.320643	-290.984909
4.430910	-184.814830
400.721811	-161.978652
188.990763	122.681833
47.780890	-100.179770
-443.217381	-31.406511
248.131510	288.818485
284.956218	-88.025932
-344.853542	305.091340
359.764490	-101.194053
-297.783153	-90.748165
310.095927	279.393034
271.846010	-352.059738
177.925065	416.634270
-303.291534	324.816887
-14.769238	405.682856
-393.199963	-289.912602
-253.944512	264.343340
-101.330017	108.179694
274.010432	-130.728311
108.202846	362.931204
160.613256	213.163127
-363.913377	-229.602858
-75.590196	-398.884453
-73.065656	379.181927
-89.161191	-312.517553
234.978680	435.224605
-48.213533	-368.694560
416.119719	255.865978
238.458432	-344.324625
-391.493987	264.981923
417.926915	190.582509
-166.430858	367.547870
-162.480767	228.713286
-348.732148	209.459638
-68.490565	-208.709671
-7.276993	-262.818908
-280.583195	-310.599241
1.100414	408.141798
62.612965	437.315203
30.273692	-254.391867
343.502346	249.986343
-69.137347	-445.340554
127.883412	334.954353
233.529128	-318.407942
343.716863	107.540484
-348.342392	-36.510716
-63.215069	-341.092921
150.559825	-386.084412
289.544082	-184.615537
-287.913068	-127.701369
-475.316208	58.416711
-54.095713	219.594635
-252.191904	393.637104
469.149276	157.035516
-96.331601	-337.532867
293.132134	394.550444
170.979814	-352.645463
-308.835660	99.003449
-378.313945	286.602538
-193.782444	23.639407
224.270094	275.216088
-208.768475	-319.086397
-366.351550	187.180092
-354.553435	-228.636494
488.444448	18.634615
298.751705	277.273076
215.071578	3.143708
258.513056	-335.281144
-130.660848	-169.381240
186.797944	320.825256
-383.077649	-251.333807
-370.020393	-163.172183
296.677395	-310.733062
-219.036810	30.385444
11.068706	-211.193748
-264.262360	-179.721534
190.039122	-219.546834
-306.357200	91.525754
56.047355	473.386490
-233.926543	27.551579
-279.525362	230.443560
100.106101	-142.733694
-67.000188	381.452284
-289.734631	-282.229459
-228.358719	94.580529
-100.149019	482.035918
417.695016	67.248124
-253.368928	-6.918180
-118.424816	79.905015
98.914133	56.736795
-31.061445	-12.306570
-55.487900	-317.098289
458.892717	-167.032308
-50.593424	-9.693840
-417.845317	-183.522323
356.533832	-153.587983
-76.895241	186.492576
193.283432	422.630355
393.765818	-109.365652
-47.775593	46.504244
-178.718838	261.050237
274.846243	176.003956
-34.735108	-420.538083
-8.575298	365.014893
-267.050678	-142.560680
53.202370	-377.175904
91.190567	-69.539272
217.116134	-89.628900
64.612034	470.167330
261.423116	-381.977970
375.797384	-60.437893
-60.783970	372.651689
28.635654	-93.168045
450.041533	-22.753624
-166.133722	-282.140786
-82.785537	150.798381
-191.065248	-254.382508
63.340274	341.513495
-19.772911	135.184829
116.256490	-290.379924
-332.254702	-199.354111
149.341889	444.596125
-120.120843	-322.158327
369.140048	-287.137490
313.780567	180.975256
324.481659	-216.053138
414.119779	249.489799
403.707432	188.507540
197.891106	-417.462650
300.925736	289.975665
132.761094	78.269689
-361.202707	335.256320
-122.700620	-482.834322
118.711479	362.153956
-301.460055	-172.794324
-480.815865	112.835810
-68.024911	-239.106817
-106.568216	-361.970018
74.088541	-136.957484
-90.466834	490.578397
-151.817231	-471.658426
-364.546316	134.054136
234.075489	-10.282282
-397.154383	227.415183
-163.707354	-405.604970
202.346308	340.768562
163.925993	102.783965
-214.192621	-287.171469
261.911964	169.006666
46.661682	49.712153
-7.351460	238.152755
-402.779164	41.950623
205.007955	-177.285996
-44.260968	-99.173843
320.843973	298.439957
241.431316	174.089688
-4.975322	-279.600621
-236.857900	238.772199
395.784523	46.546119
-229.089226	437.925178
8.837698	114.666134
-224.607384	413.601048
-58.530492	-52.300631
-80.559774	-197.552679
-257.294107	152.689567
-160.772973	457.228255
185.311220	-13.389360
-134.812496	-413.949997
438.743583	8.972391
139.279337	470.618067
-296.897384	-368.640775
461.141967	-75.305729
406.756710	69.188439
40.360833	367.381927
-142.516269	-14.470326
-446.224627	-125.552552
378.662053	-31.009362
-213.850097	-2.959846
-171.745685	-308.978634
-326.896168	-366.940210
256.394780	-407.463782
-232.199299	-352.149543
-163.181422	429.335023
176.090250	-448.314014
-461.437120	145.166327
-17.400474	-181.502481
439.446097	-161.808002
353.912761	321.672897
-355.190595	1.173031
-75.131666	339.402415
114.947587	171.180022
272.967487	270.319515
-165.500462	-11.187078
216.217989	-18.462400
-174.709266	-429.852190
-177.383190	361.950727
-97.612786	204.477143
-421.883556	124.287073
-121.264792	-6.308917
422.460798	-2.794911
386.556803	-264.043938
-389.181207	-21.967729
290.577344	67.556606
478.446961	-44.145025
-307.274203	88.498859
366.676277	-57.792706
-306.299582	212.845780
344.627721	-34.790521
111.767535	-328.582993
-101.459384	149.567950
283.050445	72.482725
180.920399	-94.703018
-246.853966	242.053933
31.680191	143.920943
192.790825	-89.697677
-420.988026	-158.528517
-383.795726	-298.411476
56.927076	92.758605
-88.360177	-137.856116
307.385942	88.513461
118.474577	-179.008794
288.728917	-71.734484
-48.481883	-5.057600
-129.381799	-437.366218
211.293025	-108.559604
42.875593	68.461634
109.198760	-19.502619
324.772529	152.613566
-194.730340	163.585397
393.045105	-62.426317
-220.863024	-332.934378
335.803094	-241.029692
-179.126173	423.204591
251.269784	92.951744
131.256413	-280.842795
142.206692	-304.592362
247.758687	183.848338
-0.845149	-236.187518
14.380503	63.445594
196.632180	360.765437
70.993284	-477.674358
-250.366774	324.379812
406.007255	-155.099808
372.196210	66.389318
-222.144682	-437.596105
-474.269582	112.239403
-233.719985	-395.556420
-151.516233	-245.979375
-14.219387	-261.019269
-277.100532	373.561911
336.885673	-328.496351
-349.894629	-16.518245
321.326846	-60.298464
-246.787882	212.297640
295.374534	-331.040538
8.952066	116.419786
-82.247578	-119.065870
182.094974	-83.985976
-85.244070	-313.437835
-214.171509	60.089938
88.313944	-61.360607
-315.346768	-12.325847
-241.526186	66.073303
442.974135	66.053474
300.216863	117.652761
407.090149	94.533128
-67.943285	299.866777
-84.720316	-273.096992
352.632670	222.089061
8.625062	88.940340
268.725912	374.050388
173.584715	430.311295
168.385288	205.100463
436.247784	-136.746155
-123.806031	-229.487339
-439.641818	204.513872
-173.582788	242.670942
327.721255	239.864822
-39.993276	116.149789
68.129180	102.566596
-72.665178	408.426831
135.934054	-440.350543
-98.595176	356.281831
-202.616214	-380.588612
385.389693	-238.226769
199.793413	-291.208603
321.501867	-265.319339
-28.429548	25.778819
17.748303	198.406116
-150.469869	444.701629
-36.131943	-372.636095
224.318548	413.530519
-252.550825	206.865863
39.861629	-298.693721
-462.994435	78.430631
-133.441732	-210.420032
292.108165	-363.584069
323.333540	-338.068711
-169.805183	-407.009693
73.579072	-282.114213
323.648333	-100.768227
-206.079441	-173.814336
229.810244	-353.845633
424.464455	24.105896
-93.855599	446.135791
-271.888960	-139.853099
-309.401516	82.069522
-91.494047	419.700359
96.080491	367.863871
117.147704	482.110350
-358.787727	136.804270
-351.084152	240.462945
122.288747	312.046840
-316.678941	-340.113666
-261.486021	290.618392
-123.550032	247.614916
-29.793462	-260.877276
145.911504	198.712359
135.174678	415.111366
-1.690771	-141.067606
-299.073584	76.988769
-102.038626	366.649454
-239.746407	-81.025039
-174.587372	197.883394
62.555135	103.505924
85.723794	21.046649
-94.154141	-466.662140
19.780345	241.423775
249.681575	-56.731549
-67.390978	57.956612
217.355471	-314.506898
424.509699	-42.921584
-101.943294	-371.319994
-328.899557	-81.863037
59.910696	490.341120
-87.422443	269.773863
-251.723623	-98.253862
256.931859	-342.610195
371.802232	125.864193
-106.603016	-416.540702
340.401374	252.339658
378.451667	-233.376982
414.010892	268.005401
-17.629203	-153.926880
366.873119	285.597349
254.773257	194.048901
23.106797	-258.043904
146.030661	55.954230
-161.622383	-13.212873
128.249415	279.516091
413.135556	-272.716767
-403.023826	-245.055176
406.900146	-30.333515
-43.295157	-249.649865
-474.488899	8.234877
100.393284	424.034631
411.421103	93.244725
144.942924	-393.552024
-189.722493	75.395768
-221.356400	15.735251
364.334813	-123.069887
-299.410301	-69.672779
-190.772258	-456.209923
-212.835327	239.812264
404.065166	181.444412
53.874288	253.449030
327.090311	-75.003419
-185.893549	357.950648
-271.436565	340.605222
-450.263177	104.694770
-274.521767	272.083107
33.811518	400.227321
125.789347	389.106934
63.173259	274.755879
-29.431566	390.241145
-144.918074	325.855305
0.234109	-457.860639
185.642585	-127.868364
352.680366	-329.671022
143.903482	461.480446
182.267214	127.237992
-449.575966	123.765092
-244.093889	13.476520
389.008310	105.746393
100.014043	-351.042641
-294.735518	-108.670415
-63.914816	300.543663
364.778982	292.203058
114.229257	-195.009783
-302.702234	-200.178058
-63.820985	101.790106
-174.694342	275.484284
295.626710	175.679989
174.478466	3.199045
-154.099802	183.734963
54.740119	283.498355
167.823565	-17.439072
-87.754701	122.436146
127.601197	222.562328
-62.261884	-183.755956
416.341007	-102.190574
-103.691380	168.392919
-231.170726	-344.516067
37.361819	-314.880435
-385.364838	214.101147
-68.378787	95.514887
-78.137809	-415.811699
334.817308	20.648087
-33.988184	58.284499
213.499812	-261.533025
32.575945	4.701981
113.368596	-485.992605
175.817570	-128.082954
120.274787	-333.611967
386.832007	3.259787
88.361072	141.116717
-134.397159	-67.420264
-222.267752	-123.034193
-2.045850	-104.207900
-153.219135	283.413585
38.584538	-356.099413
-173.215704	81.598373
-325.538960	-192.153987
-325.700296	-114.074791
263.915108	-356.889542
310.652003	63.839942
-7.739018	-362.946773
95.376473	315.978602
-85.668629	121.201100
-54.823962	399.507937
-490.781391	-5.230993
33.185183	-24.328269
-31.791576	-37.133063
170.608799	344.112743
340.450315	92.531770
-341.948723	-299.659292
204.598965	-244.688637
385.306741	-84.024281
249.253963	263.554843
237.027931	-27.976638
-448.041031	-31.419260
-73.921069	-494.072327
-111.003992	77.391897
-303.263873	-293.081532
-368.034306	-116.428585
141.858529	-205.219749
-149.583145	188.311112
-209.182175	81.817419
-281.278673	-81.427106
-151.083732	-144.672498
304.068410	140.210058
-329.049998	31.114973
-79.347039	-310.344206
-381.322445	117.016791
492.068586	65.976278
-109.005731	358.750681
-448.908107	-19.327986
-297.453326	367.794119
-403.376500	-181.614772
370.885802	167.249902
50.758995	-226.334590
175.040766	418.559065
96.948830	322.363112
120.882795	465.119959
-131.539948	460.149940
-50.916475	-236.492405
77.546956	485.809356
50.661102	112.859660
227.331225	-376.496595
-378.123081	-313.951013
117.062320	-69.168978
-70.608810	-360.939294
-209.456315	-55.372709
227.362962	-243.363704
36.316323	296.826043
52.599352	342.151000
-257.271139	-91.698806
245.864878	-264.080952
-401.574344	123.132059
417.811382	-151.531006
-228.040958	-68.016304
-229.506704	329.396114
-427.592778	82.319062
415.371374	-19.625670
-201.437369	421.959955
51.398963	-326.568322
13.285892	-109.477898
-337.048069	361.705305
-372.827779	-306.397155
238.978994	-392.113462
187.975254	-202.173825
255.659236	-367.517158
277.324303	-198.636585
-366.370652	100.587310
92.157493	161.480310
126.200767	404.129143
236.651555	-416.757116
-313.133930	-320.146928
-118.825843	161.916656
102.484213	208.244740
-200.088260	194.014037
-309.490603	350.383126
-32.720443	-287.446626
-10.066913	-452.229135
31.132633	84.616959
-64.828313	-405.935116
122.164617	-481.188075
-369.831265	-149.882791
195.236291	-125.355560
389.543620	-262.797745
211.507210	-184.650446
363.155386	-32.614157
-196.567840	-234.821414
78.277987	-316.711473
421.604547	-213.088200
5.621093	-352.079642
18.655387	422.303880
187.716527	339.393635
44.434367	-92.254365
298.063082	253.358612
-392.522435	-216.360957
-244.425997	399.824748
-22.063552	-331.998321
224.133260	-363.741840
301.235608	-237.493727
-13.722020	299.747047
-295.427013	225.335270
-130.691110	-359.341547
-92.035733	92.542219
-101.022188	-153.164823
-330.585597	300.234148
-4.018087	-456.590287
140.661286	365.443029
-310.137748	231.062135
-27.231461	-97.865884
134.339768	-175.225808
255.983666	-179.766088
412.581303	-250.166144
276.844522	165.091822
-26.480728	164.056864
-222.057853	326.476417
75.628185	-416.558014
-152.825843	215.408549
20.367882	-339.784609
215.619370	209.054796
247.373265	46.647996
-203.951950	-420.107892
150.295501	341.327103
-361.174775	136.843973
-100.933988	-270.523582
-250.366511	379.413848
-122.852925	441.301296
-483.184448	-119.328841
120.224953	-409.198509
-49.263306	389.849487
-146.934865	-289.279293
-47.817482	453.537611
-28.991541	113.455849
66.826617	-257.713476
-280.748890	-257.845266
-284.134972	-207.976892
-431.434304	42.274660
209.588342	120.586075
408.849632	-274.318751
-20.738019	213.134313
-107.973777	-243.945331
-267.317949	-161.978808
-168.340926	-373.178511
437.720283	-97.448581
-422.092760	90.173111
-284.401761	225.561337
454.912901	62.627257
255.912389	-91.788049
-118.255724	-199.658477
-383.417917	71.929186
329.473357	-372.500600
190.852491	324.066672
-304.539470	-85.110398
90.113827	399.065550
3.223435	-447.110221
101.205501	-312.241594
460.540516	121.962543
199.279868	161.025434
-170.945684	43.658752
0.403836	267.031033
29.625898	242.982649
-112.899009	-241.501158
207.039059	-15.262882
166.503345	291.370370
-29.162919	-104.873644
165.819700	78.898549
-175.891149	-41.845430
291.923487	31.795773
-302.046656	-288.344347
-110.574808	282.453831
-15.175015	310.675333
64.549829	204.831390
-391.737714	285.189479
180.203613	192.511555
234.043039	10.547872
-374.599425	-209.998958
-133.958127	-362.567724
-244.811522	152.856482
101.400380	-89.604043
-364.899275	-65.507495
-231.520368	-317.999370
-212.861561	125.667450
-290.156606	170.319897
-311.273270	102.923757
-27.400950	211.590051
-458.388572	-74.850825
367.041994	-306.296651
459.292361	-105.375109
349.250794	344.684113
-376.657987	-218.290301
92.258937	-340.745642
-98.352762	-407.073213
-196.491428	-124.294508
84.173455	-425.698733
-77.100405	242.221164
-86.011133	169.796336
-202.692605	-99.531071
-10.636700	173.334206
352.932077	353.205742
-460.321997	-158.477274
-136.758628	-447.208924
-376.233662	-52.178935
-72.535380	-457.091415
-437.157825	127.229235
218.944586	13.056346
-260.981605	404.534711
-454.240398	33.475616
-322.605875	-109.718748
446.337946	-103.637266
12.257015	148.616826
345.673910	-123.955252
265.507254	390.603351
401.441332	-202.578841
157.501843	-440.176797
-48.743535	-203.355942
182.914373	-3.983709
192.009624	-330.890981
386.992648	-22.493424
-90.225849	372.071678
136.790233	-380.855540
-348.454343	103.293780
301.961150	390.804042
-90.534662	352.448996
-315.498330	377.841000
211.469757	-184.413019
113.849122	-172.304671
137.001804	215.750679
-303.316167	-249.670940
190.294142	-69.608794
96.473648	-334.494632
-64.857546	-480.573597
385.119435	-222.721383
326.199419	-324.115073
60.981321	-353.798418
-46.250539	116.960993
-44.353666	-73.116237
-479.948479	109.386792
430.915961	56.383188
10.510970	401.647316
-132.593523	404.714686
-203.212034	272.172416
356.070569	187.661370
426.307928	-245.810195
-187.880259	-316.521843
218.899640	-175.186775
309.864289	95.030301
371.191794	-216.254119
-351.240005	244.195963
201.387212	59.759717
-268.293958	349.540059
-86.536662	-232.953206
-400.146713	141.310053
-279.578369	-158.408965
-119.209910	426.563706
85.997894	280.099733
181.107188	-263.034830
-41.436504	147.916606
322.145600	275.841186
-263.733234	-166.597865
-209.702923	204.888653
-174.850629	430.720975
-253.897690	175.120278
-101.208778	-196.492048
346.875003	-8.108853
-126.181130	473.880725
-80.281066	-314.529177
444.913741	136.874689
46.732255	-73.803949
92.076225	-373.867080
-148.218502	-323.792479
-131.932486	-101.555331
-298.147449	-68.182431
-293.655128	-237.098222
5.900940	412.959283
115.467259	-245.900874
-73.883233	461.451707
-124.033945	317.995708
300.061988	-53.536855
-260.773806	-119.453677
52.232692	-191.733431
132.454087	358.778564
155.965475	152.396523
-312.997682	73.697584
-48.154010	418.950631
326.839097	106.755429
371.700072	18.545841
-274.989809	-287.678550
-90.791423	336.488058
333.379593	-7.709034
262.327309	-326.657561
50.267947	-473.572615
28.979392	-318.984634
241.183815	-55.005451
-201.840390	-299.352421
-203.853290	-21.463642
464.400861	121.865022
-407.394278	187.977633
-170.774151	236.241603
-407.331576	-160.452132
-89.646196	381.812929
-97.329655	-203.679170
-231.769457	-328.225535
223.589422	309.459558
-261.085988	-216.498839
-321.285399	-288.976629
60.315428	136.932516
407.617707	76.668781
-253.017618	-363.738745
-148.862450	-449.074005
445.996560	170.544456
-109.750788	-182.210155
298.200191	267.105180
-100.949238	127.352103
-325.869184	-214.657791
-314.739059	7.638286
-439.347071	-112.625809
273.338562	-310.605964
-183.863562	-264.310182
163.854385	-258.011626
-304.112269	290.225909
-66.128336	305.054053
-153.276034	-208.082134
328.517417	55.704287
-386.308704	-94.315584
-321.296090	338.333253
-262.875877	163.454553
121.206814	-264.772403
264.324869	203.641412
59.805605	360.061239
-189.355950	366.387474
91.116470	52.898319
-133.318574	452.045137
-343.870498	229.420147
-219.560593	-137.528141
-449.178051	118.580264
-166.284144	237.915796
335.606497	-129.912041
-406.030068	-160.164835
-169.142606	429.114353
-160.384078	-399.108495
-60.197130	-363.855838
-281.653285	-23.982726
-412.559999	216.880627
-454.603365	123.909639
486.003393	77.497134
61.584288	354.856650
354.820497	-309.526084
-252.921665	-365.383136
-101.414582	-273.457376
259.059626	-10.847499
77.400509	190.198668
342.179691	-355.827773
-37.724637	117.446612
-153.854038	97.359259
-299.037025	-109.054279
281.424649	139.646781
7.064458	-95.421098
83.671460	-48.242528
341.893847	-254.785054
70.501275	-395.969760
-436.609965	167.381699
-160.656558	402.881245
-365.224447	280.674897
-48.099445	20.274728
-148.870051	140.787153
412.721322	261.386233
14.840654	49.630795
-239.789255	78.839498
281.073284	289.504706
-200.969371	48.541257
0.713030	-161.784555
38.305124	-215.046520
-34.217421	365.791204
387.994339	-203.391674
-90.583834	-120.561239
44.189936	-340.013193
469.084416	98.656108
-20.154625	-312.955806
-171.039512	148.768274
47.152573	-406.412364
106.895554	487.516062
22.545829	447.065789
465.357922	-148.925811
322.206365	-264.410508
148.478160	389.485636
-210.208501	-238.239786
-288.774679	-163.682617
-396.851450	-120.549554
95.772414	34.922943
439.635508	-181.533884
289.780827	-29.280683
56.083190	97.357819
22.993103	360.963748
190.232957	-383.752498
393.804260	238.235910
-293.825791	319.469473
-227.696043	-90.882301
295.161724	190.043543
-209.013663	376.426326
-63.058453	39.069945
414.836003	37.064493
-33.378989	387.381305
-37.351285	168.791367
246.597738	-140.822208
204.868080	312.904901
6.844998	244.319253
-226.644907	-355.131118
297.714091	-272.133929
-344.208566	336.634221
121.084520	-439.962180
395.736885	-242.116545
-394.157166	203.628534
418.660872	247.605552
-187.594527	354.131201
280.182257	-350.970640
-51.081106	226.170550
-425.679711	74.973705
26.819548	111.778005
294.414402	-75.971607
-417.672264	141.707853
315.094270	236.370143
358.526744	-307.084828
-404.293017	-42.341120
311.132429	-287.512154
-124.767093	-460.728776
-433.004525	-34.786773
-247.064186	178.007642
-138.164887	38.411965
-436.238875	68.866312
-197.714864	200.624192
196.268954	214.142368
41.833519	-93.574550
-93.955203	-236.399729
-380.372160	216.046663
-369.249721	-42.608030
-91.413792	-210.049775
194.324263	346.896678
-224.781715	400.531274
249.136356	259.317037
210.542730	-14.085014
-126.331799	36.455511
73.205178	-244.067292
-342.395978	-106.524945
235.527655	353.516011
134.310832	212.963576
-130.632227	-266.164229
17.471985	346.999904
284.518304	5.002307
71.715472	-489.337853
302.320511	57.269512
38.747925	356.359724
251.280859	267.750030
311.372144	-154.874252
-191.651848	180.964287
152.858902	98.721755
165.440643	-308.254195
-359.392267	340.700124
69.839262	-232.862432
490.349063	75.925017
-163.890245	149.102985
295.080228	192.579496
-482.241150	-93.542764
-21.190608	-156.219919
231.029166	-22.149187
-422.271736	-258.756947
-171.204638	-331.004199
363.745485	151.462061
-220.816355	244.793422
-376.715146	-90.637208
-150.080204	-325.299172
37.280511	-321.210712
405.620136	-27.679224
10.145034	479.740980
-71.964890	-338.245261
-337.187239	-98.882082
-489.098529	-61.131283
463.910351	-21.561907
-201.246833	150.963115
-415.613372	-45.755757
-432.959118	-84.480867
-190.764209	-312.855457
192.398259	255.853516
319.686609	-130.815179
159.805239	194.110799
-194.836192	297.870709
100.135053	357.884057
142.300189	161.232340
-184.349678	-121.585541
368.380668	199.865522
367.425814	-60.258742
170.723068	259.894054
188.559331	336.030758
320.265713	95.016315
-142.532292	272.734336
363.431185	-34.256939
-382.284914	-119.278336
-296.077592	53.076877
-292.251765	292.117227
-331.843261	98.888833
-296.528916	2.467603
338.554355	44.691516
12.024049	-6.768525
96.980328	77.140493
-274.976045	377.000106
-418.304583	81.172516
426.321365	-26.960699
174.511012	50.279357
261.829027	2.985767
220.635496	130.702770
-430.377024	70.236011
17.738280	-427.993424
146.996930	-403.270387
301.703536	221.011687
-332.198535	108.567147
-280.131509	111.147707
-252.004373	149.449170
-71.801642	-36.067042
-460.928952	-189.499077
193.554750	453.113735
-415.357457	-218.076850
-88.689951	-173.441560
-81.440022	474.997053
359.237280	210.911984
17.400522	41.403369
136.611040	-291.317113
-154.353041	197.049802
208.789346	-298.406127
-310.894037	50.758861
341.459642	-309.138502
-123.013724	-85.693507
-425.292851	-71.955463
39.595405	-211.284476
-326.312647	237.881888
109.573107	179.160495
-192.189831	270.184966
227.233162	-371.730858
-45.804207	-478.485821
-157.420523	-395.976301
113.223099	-260.734316
-114.893303	284.513105
26.735990	36.054533
-197.911702	-108.111117
-305.357326	120.070855
86.739142	114.444747
378.161053	-235.849085
0.175762	211.126227
307.963712	-34.635454
-264.168262	178.167613
290.969813	-255.556234
-78.214731	268.427908
117.942626	-294.040802
185.673315	-280.016703
296.872215	8.779795
403.789990	-66.228757
336.274862	-282.486962
-221.000952	-404.880059
-239.349404	-201.648786
-396.982518	108.797658
-84.101324	-349.555219
-52.853022	-19.633229
-24.295086	-36.808471
-318.207868	349.165372
-170.817616	230.213400
154.839035	-392.713902
201.117619	-154.841804
-325.868386	25.223167
218.198368	81.275688
178.120302	376.714458
111.543041	-200.757585
-225.947176	-443.216484
243.642194	-376.730105
340.512585	-114.498182
409.960878	-257.436772
-207.391966	224.255657
255.346421	-413.778156
-311.772441	-318.170982
-97.751782	365.763125
-277.045922	-113.100289
-61.423343	-396.971002
-363.422017	89.620647
-94.250132	-82.204641
-337.317247	269.875997
65.847066	-453.469869
174.087825	-263.755251
-189.207101	-28.688089
254.501941	391.815215
219.507384	-62.557000
-97.568803	254.236499
75.124783	-491.768942
-137.592052	176.269578
-362.344558	112.130113
-119.942129	80.148143
123.568801	44.403994
418.304650	223.387200
-301.427013	-140.026883
46.742168	113.999275
-38.522155	-13.942056
273.905800	178.181712
-33.134866	-253.302272
67.428090	-281.474116
-416.576901	177.654332
388.557469	84.198792
13.621859	-180.151631
378.173533	176.048472
89.662496	-416.880868
86.815516	385.089828
243.179881	-383.814598
247.843665	-179.302395
30.263118	269.016792
375.798246	-123.868878
-56.118998	-349.855113
-295.083124	356.323385
19.736904	-439.855781
257.252486	-378.896504
42.636768	-424.507237
-105.837197	23.073124
401.945938	-171.080639
22.358777	467.121155
-74.371488	-74.290031
-88.130104	-343.217290
149.580752	342.103457
386.048425	-24.637690
-206.575677	150.503494
-490.652390	53.393805
-310.782095	210.184516
-25.903926	490.907238
-164.051156	334.703322
141.442572	157.781895
316.936573	-96.594565
273.307711	-101.062862
-9.678991	9.932048
-329.756058	339.676793
-215.513295	158.438814
-432.004781	151.260762
-193.814105	157.660236
-309.640674	-143.827104
243.170941	-289.618692
114.591224	391.142961
-386.322094	-299.526668
-105.011193	131.819152
126.442209	-333.140625
-417.376326	-40.753482
193.811076	338.867793
-359.085846	157.297601
257.908069	-16.909260
-43.366956	-295.271297
-47.435715	-302.266060
457.442032	-86.520393
-54.682547	-205.011240
-44.562533	-89.743584
201.033816	-211.445460
-1.939630	92.723189
433.182924	16.921092
-137.867246	-357.273186
397.303224	252.785457
-389.645851	285.460348
98.006881	-250.595926
446.398673	-145.337967
83.350133	249.545404
-189.831986	-73.740579
156.990778	436.709321
395.451960	-34.286907
-15.599647	306.629407
185.609491	112.523801
-67.866281	-61.371966
-438.275916	122.459324
-374.382718	143.509634
-233.010335	-416.806787
451.295792	9.842622
247.966154	-410.598768
-326.800721	219.379767
156.176896	374.633348
336.967477	177.952378
366.155523	-100.778110
377.031731	-38.943030
-42.803636	441.395023
-398.570701	-228.289465
-250.465194	-356.358941
288.616059	-96.446321
-291.667836	-181.860657
-1.727033	70.129292
259.424527	56.203149
-51.826021	151.848312
193.659286	118.028879
181.788404	20.722214
181.019057	384.768134
-87.499608	56.353623
-431.417492	230.881685
166.562657	-152.605958
50.303030	272.414700
179.600834	345.849304
-194.149039	-440.818711
343.878264	244.088104
-56.457480	453.285469
289.551167	334.679161
-96.001154	-268.298131
-340.978533	-140.313769
164.848689	365.619387
20.412070	444.354645
320.325286	-367.344330
-448.194871	42.540049
439.031126	88.852010
19.982071	-334.409116
373.579917	-133.593641
283.945108	-287.006038
-49.245200	393.177593
-426.236115	70.501974
106.350527	-133.469778
-1.077863	322.038737
220.925109	-202.850414
124.433750	-292.421081
15.381776	348.342126
-157.411408	-248.271693
-278.078620	254.627854
-470.012224	93.453742
-278.557748	-229.302318
354.745177	-134.901518
-314.320624	-313.386819
310.826587	-274.172957
229.460068	-354.597491
-102.083667	-344.233104
130.521153	98.544353
73.998141	-367.526286
-274.403805	88.362984
-220.365809	150.634953
343.214454	-100.916359
250.374564	-205.039997
111.844151	-256.940914
401.327372	-83.205209
88.858098	468.811226
428.411713	117.701903
-302.630811	109.351590
-268.666535	140.256537
-206.805164	-288.474270
-240.026627	90.889559
93.644919	393.134481
-195.962933	-52.845916
286.357963	-372.122264
-94.749872	245.784096
-179.497873	-74.827813
120.780264	179.687659
-257.484563	206.531942
-122.516725	-269.781543
-115.829786	-345.570433
276.962114	316.719912
-272.869778	295.840173
34.764233	-22.640003
62.383555	285.409810
-80.831105	-454.438818
83.223333	76.105217
-219.612509	98.404595
-57.907664	306.814022
-182.240986	-153.263866
154.757033	422.845104
-101.540745	348.827215
-306.702662	-351.951307
246.243154	16.237086
80.677697	-460.245273
-361.817559	-236.514429
-216.892484	304.418322
-56.052776	146.975296
355.943415	-317.641817
33.163348	360.861488
-268.353767	-73.142962
60.184449	43.100826
365.183110	181.305455
151.021540	-395.242377
202.777106	196.550265
460.122511	128.522681
-68.740234	-278.208312
-163.988518	370.136820
426.134417	60.667985
-82.048148	159.831628
-175.354983	-408.224397
-204.338056	78.128720
-148.371631	49.373979
150.626140	356.004660
-382.726656	260.018183
-223.679169	188.566210
-314.326514	-376.532614
-425.989704	65.197743
-67.798075	-294.623204
-429.233988	95.455034
358.000348	-253.867625
-376.104217	303.222532
-67.991666	462.767830
193.030217	94.463707
60.696543	332.069689
32.338266	132.106709
116.739649	-189.797054
-333.723041	-178.481112
-212.761005	-30.906642
-300.166266	292.471017
-354.755047	-322.386372
-422.299375	65.024644
-95.213160	51.770606
45.222534	362.258769
199.130966	93.533164
-344.632424	-290.886221
-124.088087	-196.677050
412.892717	241.282415
-44.915414	-11.127526
353.552882	213.159932
-327.556462	343.167914
95.730410	257.748730
150.657516	389.426750
196.568607	329.028773
-448.307315	101.188645
204.351926	-217.736160
-24.395688	465.213592
-371.765469	-8.293343
70.452241	371.152782
-241.861616	-387.404352
93.424830	-449.032035
100.946729	-324.583449
-175.609982	30.380142
296.805297	-264.801730
-277.010137	-387.149724
277.873209	-193.862145
235.760303	313.807559
74.460632	-272.362987
410.999346	-208.093537
-214.436594	449.768981
-43.198835	112.473323
-398.217895	-210.421983
-485.630398	-118.577466
225.082296	-297.464591
-155.647084	-107.896962
332.033124	210.998414
4.819293	-83.088955
-170.787916	-329.535283
253.959099	-237.428117
30.964606	140.275756
-217.574583	-41.387334
-80.787826	-17.503859
-288.894278	-55.478653
-117.007154	475.977172
-276.307619	406.717874
-101.792807	-482.742687
146.829505	252.631776
82.633097	58.591760
-271.096617	6.085350
-330.271536	-264.031760
204.908984	56.914021
265.270376	-175.857048
-146.539266	-118.704825
-24.594007	31.500375
51.495390	209.709572
-118.751981	-463.145089
337.761410	-364.786746
105.885068	472.816762
-233.679303	-25.225468
157.933910	270.923778
-36.837306	-384.322348
-58.825058	-433.082705
417.426975	257.244469
43.842044	-61.160104
253.647611	-353.363590
242.702596	233.798834
400.194441	-183.183447
16.537692	-85.909548
-225.146384	-328.011451
-91.126818	-247.588176
-363.230266	305.721540
-77.929234	97.238403
193.051578	138.091554
-144.745577	182.733957
307.170062	-97.618197
-335.948997	-148.921647
177.434872	237.876229
364.292124	-98.713542
-61.829808	-229.260953
89.795842	-489.705729
307.369048	-336.131095
165.616173	-253.162357
-36.670163	-79.548192
238.877107	-327.366485
145.025950	-423.141690
307.032981	-158.821602
394.623413	-257.221088
216.547631	15.871681
-367.507860	-337.437875
179.881522	-143.668628
438.090305	-216.581376
145.363511	121.026086
185.222151	8.723813
17.675190	-39.289461
-481.205830	112.311760
115.453084	292.220851
-98.674242	351.336872
-45.084093	-300.194539
-137.831699	-205.968249
86.813227	-464.129738
-233.457800	-263.360163
119.981092	401.274946
-229.764239	183.607617
496.044506	46.086239
52.277775	-191.750363
0.566146	107.304930
239.940133	-92.182648
-403.185976	22.423625
-255.482071	-39.197970
-402.699226	-162.522001
334.900091	168.952893
237.883360	300.013589
74.037308	452.959922
-406.356769	24.037549
430.944645	94.570336
-343.388414	321.633237
177.520591	28.599086
-101.148861	224.724666
251.003823	64.484255
-152.268379	29.970097
195.931302	373.268980
-339.570614	3.058112
436.175956	115.985699
337.739719	-329.057764
364.835154	326.614457
-439.505990	-76.777054
-350.486809	-38.037144
-11.801037	129.168489
-248.520391	-195.718616
143.837389	318.656211
-298.941548	-273.737449
-377.081147	180.412172
-239.525945	107.476540
-179.493780	-31.738655
-74.858847	-435.694403
-60.099076	-296.561523
231.170841	131.626624
383.845941	215.327139
-164.422810	-49.421674
-102.713792	-0.735324
316.709244	39.823689
14.131728	-62.541250
-274.794638	-348.476276
-393.707709	-124.077882
-207.833028	246.301981
-404.288119	85.121114
80.681423	412.284730
-203.627759	-93.994132
280.654998	119.430369
436.444546	117.814507
-310.878933	208.583686
-388.386472	34.280211
-408.250125	-64.565212
-456.890265	144.313873
314.950967	-234.840028
-14.117788	473.356881
-452.770695	-157.467987
-71.021838	199.871648
262.093676	64.736489
-184.241144	55.685025
-126.859106	-260.158154
441.434235	132.974303
84.522313	-327.256613
-4.925389	339.209499
-13.394866	-3.812652
-384.852748	-292.129735
135.294512	-275.591721
422.229237	-111.315875
-253.810818	-341.034997
-72.057411	-426.242535
49.743299	-433.307164
113.978219	-193.914154
352.874852	-283.198271
-65.858809	-321.640236
-435.810307	-85.209593
-161.681745	-253.518105
326.308995	135.710213
-207.039984	-337.331888
277.483313	194.982966
-138.225593	370.933757
256.302316	208.047233
-388.032905	69.233514
-227.758932	-115.479456
192.065526	-352.307787
-60.657875	179.630076
96.691553	426.055971
-71.296571	-170.006194
-332.830447	-52.820775
-150.897785	299.307468
96.053336	70.188761
164.376924	347.354238
473.486810	-158.130036
-120.118477	99.393393
376.905725	-283.301078
15.934773	-367.683559
45.706464	496.635050
169.713643	87.942268
-306.457670	-155.149713
-270.147534	223.674196
330.055844	-264.388628
-388.624431	-293.178903
16.359998	-443.348314
-84.157979	-285.069502
-72.700892	362.771690
-76.950737	-222.749611
-337.016544	178.170449
196.817542	6.894414
-264.458020	-296.113135
308.003018	-125.026677
-472.481495	-116.134230
231.645154	411.119384
94.493243	468.940812
-134.389185	98.092250
129.068973	312.671372
-207.736011	-233.051872
463.359530	1.955862
-344.788596	-355.773411
411.556430	-220.698601
-488.406234	53.873719
254.488966	-289.332864
114.465216	-175.325340
-136.940921	68.205987
-269.430825	88.340138
-381.250989	-307.754923
421.065978	185.223925
57.488843	100.757182
-364.209985	-37.130721
-366.229158	-1.150101
138.023504	-331.767964
-84.856624	170.892326
155.008811	124.697376
-120.826887	-145.705694
-149.632274	-12.141919
214.047527	172.933631
461.108148	39.679346
-239.222329	-307.706716
-217.813463	296.129085
208.887120	98.040552
-310.412564	-249.878627
-123.662664	47.019915
-11.149862	-305.229419
-342.739339	-125.333625
398.399014	237.322061
-340.830429	-2.922893
-85.562715	-387.628642
-33.594710	141.924751
82.271158	-403.693646
293.193554	-156.237974
99.695364	-67.234199
-110.027420	-298.289779
-406.409476	273.683350
173.754235	-85.193834
-130.685631	149.451410
105.869177	135.189594
-57.021250	-221.219010
-60.396020	-364.394213
60.888364	-138.708319
-385.455853	218.988851
251.201804	381.931768
-410.775227	214.229027
-322.679998	71.387978
234.726336	-96.838058
-415.804777	-128.831950
-145.755708	107.715536
-103.661547	236.907742
-215.296771	-235.489766
162.333112	72.061381
-293.237440	132.065307
-175.894322	363.935095
175.086894	-64.986880
-244.949850	-60.304503
-73.148891	-139.601055
437.214137	10.644001
-163.456478	142.642386
-320.479825	277.989948
16.889015	399.654495
-91.478075	464.364433
-239.673988	228.768791
-203.285340	425.979178
-403.315867	244.319405
-193.336743	-173.100827
440.034296	-194.802951
-88.779390	-182.977066
268.722833	165.283514
-186.760866	407.936125
-8.924525	375.801499
338.500710	-10.996152
168.900125	-401.895804
-155.958519	-144.402296
44.192221	484.156650
143.477517	-140.476311
-299.240664	188.433564
-328.577426	240.736403
-352.679778	162.708677
80.938402	230.257978
77.143214	417.406582
172.839566	-28.800173
-228.065690	211.920111
320.272642	-44.020865
-175.140407	-433.529017
32.553941	214.440868
340.301698	-341.567432
-158.320386	430.604615
361.497273	-59.942556
85.324462	137.926173
393.739595	-131.661468
35.948195	-379.218905
-182.965243	141.898052
471.542985	78.623067
-45.188736	-133.468064
266.452101	-23.922379
286.373267	-67.375865
-263.205264	153.725928
-335.120493	155.555195
-30.208967	359.371684
71.852038	105.562113
118.461017	479.404251
13.323796	-24.704959
74.125369	64.485813
-247.183043	343.364359
-161.994270	223.316448
-212.642418	-392.812066
61.362759	-352.035144
-263.573933	30.899189
66.221038	-124.160921
-158.969500	-351.403421
165.106280	-200.793504
174.406216	-401.855504
388.943475	292.417243
13.511336	-148.681181
-145.340353	258.633837
-332.308924	-329.715624
317.031378	-302.235958
9.603979	385.831910
-302.652640	363.653681
-161.936141	329.448740
314.106628	231.744682
-303.768720	34.896549
374.599453	-229.611971
-212.163912	25.500723
102.483870	241.464958
-56.869376	92.006794
49.786451	178.576114
114.503979	-385.985537
-357.036274	178.953815
-255.175038	1.760541
-18.541174	-353.584151
179.516174	-201.560142
-358.389422	-22.573164
4.766444	466.275778
-347.853212	-11.597507
317.555885	-184.531870
113.853262	-454.651466
131.233523	-103.463473
-4.537934	-403.467469
414.402077	261.675387
-412.861523	11.908409
219.224975	-155.441060
27.941214	-361.081349
-433.963379	-214.470610
-3.695139	169.452542
-236.188753	163.066251
176.338858	91.663199
-242.108189	-68.740100
386.788273	204.025621
-379.356922	184.096417
69.396188	-468.631656
236.076142	57.887407
-229.916606	49.279481
-216.341951	285.676893
63.085178	238.657137
363.142495	-84.502854
-291.042404	-163.362016
78.533764	413.934629
-312.569831	188.174570
381.096008	-318.243340
312.641038	-358.644703
273.539135	-321.355870
-406.415486	161.862758
40.845805	-193.943446
-84.898650	-489.478629
44.693104	421.830001
426.747085	-24.840396
-381.756824	101.489057
-442.684567	-86.589762
253.311814	-249.983444
97.413771	-212.251658
189.760547	174.660506
43.344401	384.576694
244.800955	147.507863
-401.858006	-150.331473
-136.647691	425.386872
264.899274	173.836847
274.693869	-22.250415
-88.431738	-303.682811
-324.327261	-194.019676
-124.288953	391.614759
341.637700	-218.875174
272.535804	-135.721551
-66.107026	-143.651004
323.226760	288.914572
343.115604	-166.038795
228.844335	-151.520784
240.629013	-306.418144
-14.982268	-100.342025
-113.780788	-461.133449
-191.137642	-145.285488
189.704814	-113.940854
239.801887	-369.448042
-325.387870	192.191648
62.116060	-1.822781
-319.786448	272.388928
207.361019	-428.657642
329.707183	20.253481
-437.503263	172.053681
98.907884	469.108445
212.481079	289.156433
-391.613893	-245.258831
-158.648519	-439.214551
-379.647986	263.833749
-152.642345	69.769234
29.150860	483.045194
290.153848	391.174301
-147.761399	428.761413
108.039405	161.052406
257.015249	200.295338
-148.482969	-476.955326
123.046035	237.403612
-71.130244	-381.743308
322.947872	-228.692849
-364.856137	-162.651695
225.096317	293.143960
-255.591942	392.406272
-211.833172	-176.949505
-71.372588	144.204731
-282.962394	276.344602
365.818703	266.285314
396.842479	-8.938097
-181.707580	454.025961
-43.756496	370.204757
-35.027252	291.822840
246.824824	-260.636239
-345.496865	317.833200
267.563183	-264.780218
-24.949839	-54.473921
40.763968	-350.267910
79.766918	340.495994
107.020522	341.773782
381.706511	-148.623209
319.964111	360.275938
376.176057	187.007235
-185.504722	-247.533543
126.009772	-200.985615
-74.610328	148.839445
-373.170595	-205.043616
108.285700	231.425814
-98.730615	4.483709
-19.018398	285.797884
-158.827045	-188.523799
-193.219244	-158.427804
44.291117	-49.188665
94.010155	-431.990190
-84.263495	62.812650
331.921982	-173.375650
90.730943	-332.402166
-443.245375	-23.466703
-5.533678	352.251103
-199.436004	-95.077880
-164.704934	353.998426
-31.011994	-241.029269
-333.189712	176.058379
-61.691374	226.581276
-241.064598	-383.851285
-29.553146	59.007462
356.702248	-55.816216
-487.462861	0.972115
-209.736503	-337.441646
85.993876	-442.510662
-43.657140	-91.215097
449.791852	90.573883
263.235071	81.415062
50.067331	-332.778572
-295.683635	21.142158
-107.293435	-93.620727
-298.051361	307.598093
446.425325	20.213575
356.476885	246.266531
144.316901	-177.541840
-287.397998	178.546524
-397.162374	-300.588610
-250.507039	-262.363555
362.531772	257.488004
-328.830869	-289.623186
-39.751317	-444.247607
-49.324785	-404.079679
-50.195338	458.615430
178.803777	119.418322
41.125250	-163.344502
189.516210	-246.463783
219.530059	-23.493131
-245.150094	-345.074189
2.726080	47.532286
-63.274889	47.392186
208.147180	216.729164
-72.725252	360.751513
355.919132	166.184171
274.441498	-397.964587
-417.504174	241.914463
168.871117	73.390162
60.535890	-25.635379
-316.917463	-219.905397
-100.033312	-339.050621
-54.841113	200.467804
244.430572	-143.468210
27.115137	275.150493
-350.847257	257.060322
-490.185227	44.593595
-205.881245	396.830445
12.707950	-480.957101
-216.248667	13.804393
288.479140	-175.407396
-141.922637	-464.715410
436.815693	207.356314
-184.733674	153.048169
-469.033517	29.422384
181.731732	274.622275
-196.596026	101.764631
164.484172	194.328418
-86.122588	387.772727
95.328021	372.409276
-0.033124	-317.024572
168.871793	-274.647525
-190.767253	-419.524524
-38.732967	-108.121788
-310.143964	-72.327321
-45.576806	-20.699364
49.512083	485.158794
22.181633	12.596201
239.269834	-253.345868
-257.031263	-230.885991
429.828360	-137.379151
-240.020528	-34.392444
333.468759	164.558200
-448.874639	178.256023
128.831733	360.202491
-364.586932	-173.854638
-362.271927	-217.515471
300.114732	83.695634
-112.708456	-264.149577
45.690485	33.001318
-199.216863	54.151974
-280.380410	345.005072
-300.637337	225.336943
55.846572	223.851805
375.602859	-23.826719
303.513674	246.384511
83.576677	93.637771
-194.879613	-61.801944
113.233849	-481.133646
196.883711	26.121273
105.673387	-60.282503
-404.134218	106.384500
181.456110	-131.800984
312.494693	-179.179544
-282.691516	377.320546
-318.780898	199.888942
182.278055	44.861522
193.152014	203.289332
-461.373749	184.349642
-221.855273	-153.943496
282.065261	-394.511784
-73.652538	-444.325870
-84.452100	-60.209508
459.278407	-102.411346
-69.959420	173.325504
-8.014619	189.474495
-148.232831	-178.138620
175.792929	313.520179
242.849249	-23.705778
449.255905	-48.835349
-54.308442	383.132526
-26.951133	269.658959
-453.483437	-99.574683
-238.551194	-408.552507
238.239750	-390.465133
191.905610	247.510861
113.936507	-358.238280
371.392942	-247.500379
111.518972	236.375156
86.721447	85.482794
-388.000607	-29.451329
252.153172	138.208264
305.038147	-250.633790
-203.347328	-79.790065
-186.843418	-407.798231
21.374532	114.118067
157.009174	96.802057
