195 23 1020.85 0.48 0.950000 8 -1.0 4818        973.031 141 3.847623e-006 2.185319e-006 3.847623e+000 2.267456e+000 13     6.032943e-006 6.115079e+000
195 13 1020.85 0.48 0.950000 8 -1.0 11915        971.119 138 2.702282e-006 3.752657e-006 2.702282e+000 2.423096e+000 10     6.454940e-006 5.125378e+000
195 23 1020.85 0.48 0.950000 8 -1.0 7933        975.512 138 4.323066e-006 1.613244e-006 4.323066e+000 1.707153e+000 15     5.936310e-006 6.030219e+000
195 13 1020.85 0.48 0.950000 8 -1.0 10158        969.948 138 2.530591e-006 3.776314e-006 2.530591e+000 3.167725e+000 7     6.306906e-006 5.698316e+000
195 23 1020.85 0.48 0.950000 8 -1.0 13718        971.035 139 3.309792e-006 4.711350e-006 3.309792e+000 2.440186e+000 13     8.021142e-006 5.749977e+000
195 13 1020.85 0.48 0.950000 8 -1.0 5137        973.703 138 3.470152e-006 2.620315e-006 3.470152e+000 1.835327e+000 10     6.090467e-006 5.305479e+000
195 23 1020.85 0.48 0.950000 8 -1.0 9214        971.302 135 3.639147e-006 2.349506e-006 3.639147e+000 1.986694e+000 15     5.988653e-006 5.625841e+000
195 13 1020.85 0.48 0.950000 8 -1.0 8698        972.615 138 2.531445e-006 3.567149e-006 2.531445e+000 3.052979e+000 10     6.098594e-006 5.584423e+000
195 13 1020.85 0.48 0.950000 8 -1.0 13982        970.702 138 2.545875e-006 3.962130e-006 2.545875e+000 2.786865e+000 9     6.508005e-006 5.332741e+000
195 23 1020.85 0.48 0.950000 8 -1.0 14452        972.674 137 3.571753e-006 2.578730e-006 3.571753e+000 2.355957e+000 13     6.150483e-006 5.927710e+000
195 13 1020.85 0.48 0.950000 8 -1.0 9875        972.790 135 3.785674e-006 2.829054e-006 3.785674e+000 2.249756e+000 12     6.614727e-006 6.035429e+000
195 23 1020.85 0.48 0.950000 8 -1.0 11294        977.767 134 3.261198e-006 2.991591e-006 3.261198e+000 2.141724e+000 12     6.252789e-006 5.402922e+000
195 15 1020.85 0.48 0.950000 8 -1.0 10940        972.616 137 3.416696e-006 2.263403e-006 3.416696e+000 2.593994e+000 11     5.680099e-006 6.010690e+000
195 15 1020.85 0.48 0.950000 8 -1.0 12151        970.884 139 3.789036e-006 3.029984e-006 3.789036e+000 2.073364e+000 12     6.819019e-006 5.862400e+000
195 15 1020.85 0.48 0.950000 8 -1.0 5622        970.987 135 3.814999e-006 2.344067e-006 3.814999e+000 1.975098e+000 12     6.159067e-006 5.790097e+000
195 15 1020.85 0.48 0.950000 8 -1.0 9789        970.575 139 3.959792e-006 3.481372e-006 3.959792e+000 1.948853e+000 14     7.441164e-006 5.908645e+000
195 15 1020.85 0.48 0.950000 8 -1.0 5622        970.987 135 3.814999e-006 2.344067e-006 3.814999e+000 1.975098e+000 12     6.159067e-006 5.790097e+000
195 15 1020.85 0.48 0.950000 8 -1.0 5622        970.987 135 3.814999e-006 2.344067e-006 3.814999e+000 1.975098e+000 12     6.159067e-006 5.790097e+000
195 17 1020.85 0.48 0.950000 8 -1.0 5466        969.858 141 3.374757e-006 2.728038e-006 3.374757e+000 2.266846e+000 10     6.102795e-006 5.641603e+000
195 17 1020.85 0.48 0.950000 8 -1.0 3648        970.363 138 4.299992e-006 1.774842e-006 4.299992e+000 1.904907e+000 12     6.074834e-006 6.204899e+000
195 17 1020.85 0.48 0.950000 8 -1.0 14943        973.204 137 3.165359e-006 2.595160e-006 3.165359e+000 2.096558e+000 14     5.760519e-006 5.261917e+000
195 17 1020.85 0.48 0.950000 8 -1.0 8376        970.623 139 2.970027e-006 3.222044e-006 2.970026e+000 2.856445e+000 10     6.192071e-006 5.826472e+000
195 17 1020.85 0.48 0.950000 8 -1.0 3579        972.655 141 2.913285e-006 2.767790e-006 2.913285e+000 2.819824e+000 9     5.681075e-006 5.733109e+000
195 17 1020.85 0.48 0.950000 8 -1.0 14874        971.026 135 4.952220e-006 2.068366e-006 4.952220e+000 1.449585e+000 15     7.020587e-006 6.401805e+000
195 19 1020.85 0.48 0.950000 8 -1.0 14651        971.677 138 3.288357e-006 2.885036e-006 3.288357e+000 2.368164e+000 11     6.173393e-006 5.656521e+000
195 19 1020.85 0.48 0.950000 8 -1.0 13327        969.856 139 3.632378e-006 2.762100e-006 3.632378e+000 2.253418e+000 12     6.394478e-006 5.885796e+000
195 19 1020.85 0.48 0.950000 8 -1.0 4154        971.193 137 3.988858e-006 2.709669e-006 3.988857e+000 2.077637e+000 14     6.698526e-006 6.066494e+000
195 19 1020.85 0.48 0.950000 8 -1.0 11895        972.482 142 3.049766e-006 3.481727e-006 3.049766e+000 2.717285e+000 11     6.531493e-006 5.767051e+000
195 19 1020.85 0.48 0.950000 8 -1.0 2006        970.011 144 3.562883e-006 2.802027e-006 3.562883e+000 2.781982e+000 12     6.364910e-006 6.344865e+000
195 19 1020.85 0.48 0.950000 8 -1.0 11703        971.169 138 5.568718e-006 2.205045e-006 5.568717e+000 1.546326e+000 12     7.773763e-006 7.115043e+000
195 21 1020.85 0.48 0.950000 8 -1.0 2255        971.122 138 4.625151e-006 2.620494e-006 4.625151e+000 1.803589e+000 12     7.245646e-006 6.428740e+000
195 21 1020.85 0.48 0.950000 8 -1.0 9382        969.845 138 3.064490e-006 3.032872e-006 3.064490e+000 2.344971e+000 10     6.097362e-006 5.409460e+000
195 21 1020.85 0.48 0.950000 8 -1.0 14835        970.384 138 3.807647e-006 2.570419e-006 3.807646e+000 2.340698e+000 13     6.378065e-006 6.148345e+000
195 21 1020.85 0.48 0.950000 8 -1.0 9382        969.845 138 3.064490e-006 3.032872e-006 3.064490e+000 2.344971e+000 10     6.097362e-006 5.409460e+000
195 21 1020.85 0.48 0.950000 8 -1.0 9382        969.845 138 3.064490e-006 3.032872e-006 3.064490e+000 2.344971e+000 10     6.097362e-006 5.409460e+000
195 21 1020.85 0.48 0.950000 8 -1.0 8116        973.396 139 3.652300e-006 3.609752e-006 3.652300e+000 2.321777e+000 14     7.262052e-006 5.974077e+000
195 3 1020.85 0.48 0.950000 8 -1.0 6223        974.125 153 2.363611e-006 5.067874e-006 2.363611e+000 8.496094e+000 3     7.431486e-006 1.085971e+001
195 3 1020.85 0.48 0.950000 8 -1.0 12617        971.757 156 3.265721e-006 3.958392e-006 3.265721e+000 8.178711e+000 3     7.224113e-006 1.144443e+001
195 3 1020.85 0.48 0.950000 8 -1.0 6000        972.890 158 3.759467e-006 3.729175e-006 3.759467e+000 7.626953e+000 3     7.488642e-006 1.138642e+001
195 3 1020.85 0.48 0.950000 8 -1.0 14261        971.041 154 2.366926e-006 5.291786e-006 2.366926e+000 9.526367e+000 3     7.658712e-006 1.189329e+001
195 3 1020.85 0.48 0.950000 8 -1.0 7278        971.188 159 2.215947e-006 5.429521e-006 2.215947e+000 8.847656e+000 3     7.645468e-006 1.106360e+001
195 3 1020.85 0.48 0.950000 8 -1.0 8015        971.274 160 2.180182e-006 5.579637e-006 2.180182e+000 9.282227e+000 3     7.759820e-006 1.146241e+001
195 5 1020.85 0.48 0.950000 8 -1.0 12596        969.924 136 2.687013e-006 3.178543e-006 2.687013e+000 3.408203e+000 5     5.865555e-006 6.095216e+000
195 5 1020.85 0.48 0.950000 8 -1.0 5169        973.021 153 2.662133e-006 4.200218e-006 2.662133e+000 4.377441e+000 5     6.862351e-006 7.039574e+000
195 5 1020.85 0.48 0.950000 8 -1.0 13765        969.921 138 1.942024e-006 4.321267e-006 1.942024e+000 4.504395e+000 5     6.263291e-006 6.446419e+000
195 7 1020.85 0.48 0.950000 8 -1.0 8268        973.477 145 3.074615e-006 2.833427e-006 3.074615e+000 3.212891e+000 7     5.908042e-006 6.287506e+000
195 5 1020.85 0.48 0.950000 8 -1.0 5759        970.787 141 3.245857e-006 3.026277e-006 3.245856e+000 3.022461e+000 5     6.272134e-006 6.268317e+000
195 9 1020.85 0.48 0.950000 8 -1.0 4794        977.845 144 2.857661e-006 3.053470e-006 2.857661e+000 2.766113e+000 8     5.911131e-006 5.623774e+000
195 7 1020.85 0.48 0.950000 8 -1.0 11021        971.104 136 3.231628e-006 2.386237e-006 3.231628e+000 2.719727e+000 7     5.617866e-006 5.951355e+000
195 5 1020.85 0.48 0.950000 8 -1.0 3759        971.746 153 3.161005e-006 3.169722e-006 3.161004e+000 3.955078e+000 5     6.330727e-006 7.116083e+000
195 9 1020.85 0.48 0.950000 8 -1.0 14616        970.177 142 3.291615e-006 2.894842e-006 3.291615e+000 2.364502e+000 8     6.186456e-006 5.656117e+000
195 7 1020.85 0.48 0.950000 8 -1.0 7052        971.670 145 3.097867e-006 3.013897e-006 3.097866e+000 2.637939e+000 7     6.111764e-006 5.735806e+000
195 5 1020.85 0.48 0.950000 8 -1.0 6507        970.120 151 2.453817e-006 4.334769e-006 2.453817e+000 4.190674e+000 5     6.788586e-006 6.644491e+000
195 9 1020.85 0.48 0.950000 8 -1.0 9125        971.242 141 3.753853e-006 1.729442e-006 3.753853e+000 2.136230e+000 9     5.483295e-006 5.890084e+000
195 7 1020.85 0.48 0.950000 8 -1.0 14136        971.674 139 2.674384e-006 3.325414e-006 2.674384e+000 3.214111e+000 7     5.999797e-006 5.888495e+000
195 9 1020.85 0.48 0.950000 8 -1.0 10536        969.816 137 2.934426e-006 2.975281e-006 2.934425e+000 2.564697e+000 9     5.909706e-006 5.499123e+000
195 7 1020.85 0.48 0.950000 8 -1.0 8935        970.666 150 2.637859e-006 3.381457e-006 2.637858e+000 3.369141e+000 7     6.019316e-006 6.006999e+000
195 9 1020.85 0.48 0.950000 8 -1.0 13821        971.625 139 2.654038e-006 3.162966e-006 2.654038e+000 2.873535e+000 7     5.817005e-006 5.527573e+000
195 7 1020.85 0.48 0.950000 8 -1.0 2548        972.136 144 3.003926e-006 3.025747e-006 3.003925e+000 2.968750e+000 7     6.029673e-006 5.972675e+000
195 9 1020.85 0.48 0.950000 8 -1.0 3786        975.240 143 2.818629e-006 3.055462e-006 2.818629e+000 2.557373e+000 9     5.874091e-006 5.376002e+000
195 11 1020.85 0.48 0.950000 8 -1.0 11591        972.332 136 3.265521e-006 2.686509e-006 3.265521e+000 2.384644e+000 11     5.952031e-006 5.650165e+000
195 11 1020.85 0.48 0.950000 8 -1.0 11591        972.332 136 3.265521e-006 2.686509e-006 3.265521e+000 2.384644e+000 11     5.952031e-006 5.650165e+000
195 25 1020.85 0.48 0.950000 8 -1.0 4364        969.909 143 3.282647e-006 2.706712e-006 3.282647e+000 2.849121e+000 10     5.989359e-006 6.131768e+000
195 11 1020.85 0.48 0.950000 8 -1.0 11362        970.639 137 2.663291e-006 3.732099e-006 2.663291e+000 2.708740e+000 9     6.395390e-006 5.372031e+000
195 11 1020.85 0.48 0.950000 8 -1.0 2669        972.575 144 2.880260e-006 2.756202e-006 2.880260e+000 2.728271e+000 10     5.636463e-006 5.608532e+000
195 11 1020.85 0.48 0.950000 8 -1.0 11362        970.639 137 2.663291e-006 3.732099e-006 2.663291e+000 2.708740e+000 9     6.395390e-006 5.372031e+000
195 11 1020.85 0.48 0.950000 8 -1.0 8552        973.723 137 3.616759e-006 2.447664e-006 3.616758e+000 2.626953e+000 9     6.064423e-006 6.243712e+000
195 25 1020.85 0.48 0.950000 8 -1.0 7994        969.844 139 2.656992e-006 2.929393e-006 2.656992e+000 2.792969e+000 11     5.586386e-006 5.449961e+000
195 25 1020.85 0.48 0.950000 8 -1.0 7994        969.844 139 2.656992e-006 2.929393e-006 2.656992e+000 2.792969e+000 11     5.586386e-006 5.449961e+000
195 25 1020.85 0.48 0.950000 8 -1.0 14210        970.556 139 4.552489e-006 2.404913e-006 4.552488e+000 1.838989e+000 13     6.957401e-006 6.391478e+000
195 25 1020.85 0.48 0.950000 8 -1.0 7994        969.844 139 2.656992e-006 2.929393e-006 2.656992e+000 2.792969e+000 11     5.586386e-006 5.449961e+000
195 25 1020.85 0.48 0.950000 8 -1.0 7994        969.844 139 2.656992e-006 2.929393e-006 2.656992e+000 2.792969e+000 11     5.586386e-006 5.449961e+000
