9.12581 8.10992 15.9446 49.137
7.57183 7.96766 11.7047 31.9275
7.85316 8.23569 8.60556 4.2981
6.33221 6.58979 8.7194 24.4239
7.75799 8.17667 12.3645 33.8698
7.04551 7.54721 7.05056 -7.04411
7.26951 7.69109 7.27935 -5.65632
6.74087 7.08063 6.88203 -2.88578
6.51091 6.87993 6.52203 -5.48754
6.49174 6.78229 6.6168 -2.50115
6.38659 6.67281 6.40824 -4.12862
6.52578 6.84918 8.20532 16.5276
7.20595 7.60466 9.06702 16.1284
6.50738 6.79339 6.78816 -0.077095
7.59776 8.09037 7.7529 -4.35282
5.87687 6.13291 5.89705 -3.99964
5.92316 6.20098 6.04487 -2.58241
6.44093 6.80668 8.89028 23.4369
6.83514 7.17534 8.59697 16.5364
6.25492 6.49557 12.3066 47.2188
6.02808 6.28372 8.64287 27.296
6.26127 6.58732 6.19106 -6.40059
11.2356 11.8887 12.2759 3.15429
7.60618 8.14454 7.79903 -4.43018
6.55383 6.98394 7.01279 0.411348
6.08599 6.47068 7.52873 14.0535
6.82589 7.17829 6.91485 -3.80986

