14.9433 14.3134 19.881 28.0045
16.3656 16.1184 16.0871 -0.1945
15.6743 15.7308 15.3535 -2.4571
12.1951 11.6065 17.0064 31.7523
19.5378 20.3091 20.026 -1.41353
18.677 19.1623 18.2091 -5.23499
18.7026 18.8588 17.4297 -8.19918
16.8614 17.2156 26.9928 36.2216
24.3864 26.1483 27.5835 5.20289
21.194 22.0587 21.1416 -4.3377
14.1501 14.6618 14.0728 -4.18528
14.0419 14.7978 14.0776 -5.116
11.725 12.3626 14.1082 12.373
13.9632 14.7915 13.9614 -5.94592
13.7511 14.3894 14.363 -0.183561
13.0665 13.9133 13.048 -6.63165
18.1696 19.5365 20.4486 4.46052
19.7754 21.2427 19.8003 -7.28491
22.2438 23.7307 22.6252 -4.88576
13.3954 14.211 13.4506 -5.65322
12.1541 12.924 12.2451 -5.54438
6.64874 6.97119 7.65887 8.97887
9.62374 10.2828 10.1026 -1.78283
7.45066 7.88248 7.44633 -5.85729
7.90974 8.31709 8.53668 2.57238
7.73591 8.2869 8.38888 1.21572
7.13089 7.46852 7.1372 -4.64216
8.43898 8.93193 8.90144 -0.342545
7.48509 7.99015 8.52016 6.22065
7.32119 7.63714 22.6643 66.3032
7.35288 7.8571 7.63926 -2.85152
8.2162 8.80691 11.4119 22.827
10.6848 11.356 12.903 11.9891
7.28191 7.71501 7.28927 -5.84059
6.21384 6.58231 8.31635 20.851
6.80332 7.21764 11.5508 37.5142
6.89883 7.27781 7.01138 -3.79984
6.1616 6.47553 6.76608 4.29412
6.8882 7.34631 6.9183 -6.18666
8.53601 9.14121 8.55064 -6.90667
7.49224 7.98436 7.48728 -6.63896
7.25401 7.68478 7.29222 -5.38332
7.18599 7.65928 7.33004 -4.4917
6.71918 7.12526 7.19054 0.907837

