10.1177 10.1683 11.6455 12.6853
9.27802 9.33732 12.4688 25.1143
9.89203 9.96133 10.5479 5.56121
9.17122 9.35813 10.8384 13.6573
7.93678 7.56089 14.7651 48.7923
13.3036 14.095 13.2659 -6.24983
13.9839 14.8392 13.9945 -6.03533
10.0428 10.6837 27.0243 60.4662
7.124 7.40732 8.7012 14.8702
6.79894 7.08496 11.6988 39.4385
7.55811 7.95953 7.58704 -4.90955
6.66157 7.0333 6.67185 -5.41758
7.50015 7.97121 7.53457 -5.79522
6.68974 7.03956 7.02697 -0.179102
6.0593 6.404 6.14363 -4.23794
5.83449 6.12503 5.84704 -4.75426
8.20741 8.77881 8.24549 -6.46804
6.59217 7.00123 6.62424 -5.69097
6.74117 7.08665 8.04911 11.9574
6.09865 6.45913 12.5338 48.4665

