195
5
1.000000e-03
1.664578e-303
103
3000
5.159108e+00
1.341553e+00
5.159109e-06
6.263033e-07
0 0 0 0 0 0 0 0 0 0 0 0 0 0 0 0 0 0 0 0 0 0 0 1 0 0 0 0 0 0 0 0 0 1 0 1 0 0 0 0 0 0 0 0 0 0 0 0 0 1 0 0 0 0 0 0 0 0 0 0 0 0 0 0 0 0 0 0 1 0 0 0 0 0 0 0 0 0 0 0 0 0 0 0 0 0 0 0 0 0 0 0 0 0 0 0 0 0 0 0 0 0 0 0 0 0 1 0 0 0 0 0 0 0 0 0 0 0 0 0 0 0 1 0 0 0 0 0 0 0 1 0 0 0 0 0 0 0 0 0 0 0 0 0 0 0 1 0 0 1 0 0 0 0 0 0 0 0 0 0 0 0 0 0 0 0 0 0 0 0 0 0 0 0 0 0 0 1 1 1 0 0 0 0 0 0 0 0 0 0 0 0 0 0 0 
1 0 0 0 1 1 0 0 0 1 0 0 0 0 0 0 0 0 0 0 0 0 0 0 0 0 1 0 0 0 0 0 0 0 0 0 1 1 0 0 0 1 0 1 0 1 1 0 0 0 0 0 0 1 0 0 0 0 0 1 1 0 0 0 1 0 0 0 0 0 0 0 1 0 0 0 0 1 0 0 0 0 0 0 0 0 0 0 0 0 1 0 0 1 0 0 0 0 0 1 0 0 0 0 0 0 0 0 1 0 1 0 0 0 1 0 0 0 0 0 1 0 0 0 0 1 0 0 0 0 0 1 0 0 0 0 0 0 0 0 0 0 0 0 1 0 0 0 1 0 0 0 0 0 0 0 0 0 0 0 0 0 1 0 0 0 0 1 1 0 0 1 0 0 0 0 0 0 0 0 0 0 0 0 0 0 0 0 0 0 0 0 0 0 0 
0 0 0 0 0 0 1 0 0 0 0 1 1 0 0 0 0 0 0 0 0 0 1 0 0 0 0 0 1 0 1 0 1 0 0 0 0 0 0 0 0 0 0 0 0 0 0 0 0 0 1 0 0 0 0 0 0 0 0 0 0 0 0 0 0 0 1 0 0 0 0 0 0 0 0 0 0 0 0 0 0 0 0 0 0 0 0 0 0 0 0 0 0 0 0 0 0 1 0 0 0 0 0 0 0 0 0 0 0 0 0 0 0 0 0 0 0 0 1 0 0 1 0 0 0 0 0 0 0 0 0 0 0 0 0 0 0 0 0 0 0 0 0 0 0 0 0 1 0 0 1 0 0 0 0 0 0 0 0 0 0 0 0 0 1 0 0 0 0 0 0 0 0 0 0 0 1 0 0 0 0 0 0 1 0 0 1 0 0 0 0 0 0 0 0 
0 0 0 0 0 0 0 0 0 0 0 0 0 0 0 0 0 0 0 0 0 0 0 0 0 1 0 0 0 0 0 0 0 0 0 0 0 0 0 0 0 0 0 0 0 0 0 0 0 0 0 0 1 0 0 1 0 1 0 0 0 0 0 0 0 0 0 0 0 0 0 0 0 0 1 0 0 0 0 0 1 0 0 0 0 0 0 0 0 1 0 0 0 0 0 0 0 0 1 0 0 0 0 0 0 0 0 1 0 0 0 1 0 0 0 0 0 0 0 0 0 0 0 0 0 0 1 0 0 0 0 0 0 0 0 0 0 0 0 0 0 0 0 0 0 0 0 0 0 0 0 0 0 0 0 0 0 0 0 0 0 0 0 0 0 0 0 0 0 0 0 0 0 0 0 1 0 0 0 0 0 0 0 0 0 0 0 0 0 0 0 1 1 0 0 
0 0 0 1 0 0 0 0 0 0 0 0 0 1 0 0 1 0 0 1 1 0 0 0 0 0 0 0 0 0 0 0 0 0 1 0 0 0 0 0 1 0 0 0 0 0 0 0 0 0 0 0 0 0 0 0 1 0 0 0 0 0 1 0 0 1 0 0 0 0 0 0 0 1 0 1 0 0 0 0 0 0 0 0 0 1 0 0 1 0 0 1 0 0 0 0 1 0 0 0 0 0 1 0 0 0 0 0 0 0 0 0 0 0 0 1 0 0 0 1 0 0 0 0 0 0 0 0 0 0 0 0 0 0 0 1 0 0 1 1 1 0 0 0 0 1 0 0 0 0 0 0 1 0 0 0 0 0 1 0 0 1 0 0 0 0 0 0 0 0 0 0 0 0 1 0 0 0 0 0 1 1 1 0 0 0 0 0 0 0 0 0 0 0 0 
131 1 122 127 159 
0.000000E+00 0.000000E+00 0.000000E+00 5.444040E-05 8.444410E-05 3.564320E-04 4.167596E-05 0.000000E+00 0.000000E+00 2.053027E-04 0.000000E+00 3.361660E-07 1.999700E-04 1.813164E-04 0.000000E+00 0.000000E+00 8.963820E-05 0.000000E+00 0.000000E+00 4.755828E-05 9.476514E-05 0.000000E+00 3.593647E-05 2.058868E-04 0.000000E+00 7.966539E-05 3.430285E-04 0.000000E+00 1.392767E-06 0.000000E+00 1.339178E-05 0.000000E+00 1.640016E-05 1.112443E-05 1.435022E-04 3.665702E-05 8.513015E-04 1.256512E-04 0.000000E+00 0.000000E+00 2.809997E-05 4.020337E-04 0.000000E+00 4.427570E-06 0.000000E+00 8.812649E-05 1.352784E-04 0.000000E+00 0.000000E+00 3.327012E-06 1.395243E-06 0.000000E+00 3.874079E-06 3.414359E-04 0.000000E+00 6.748093E-05 7.623385E-04 1.621611E-04 0.000000E+00 5.860033E-05 5.798254E-05 0.000000E+00 4.619288E-04 0.000000E+00 2.392416E-04 8.979455E-05 1.182364E-05 0.000000E+00 3.495227E-05 0.000000E+00 0.000000E+00 0.000000E+00 4.359642E-04 5.313984E-06 1.116298E-06 9.243657E-05 0.000000E+00 2.172134E-05 0.000000E+00 0.000000E+00 5.666414E-05 0.000000E+00 0.000000E+00 0.000000E+00 0.000000E+00 1.365841E-05 0.000000E+00 0.000000E+00 4.779782E-05 8.033209E-05 1.514695E-04 9.776631E-07 0.000000E+00 1.587551E-05 0.000000E+00 0.000000E+00 5.349492E-04 7.720146E-06 9.469664E-06 5.450827E-04 0.000000E+00 0.000000E+00 3.779089E-05 0.000000E+00 0.000000E+00 0.000000E+00 2.348853E-05 2.489676E-05 9.998154E-04 0.000000E+00 1.036429E-05 1.013726E-05 0.000000E+00 0.000000E+00 3.499902E-04 8.530679E-05 0.000000E+00 0.000000E+00 2.628130E-05 6.212431E-05 1.344759E-04 0.000000E+00 9.469795E-07 0.000000E+00 0.000000E+00 4.346824E-05 0.000000E+00 0.000000E+00 0.000000E+00 0.000000E+00 0.000000E+00 6.213164E-04 0.000000E+00 0.000000E+00 0.000000E+00 2.998274E-06 0.000000E+00 0.000000E+00 2.920452E-04 3.477757E-06 3.088027E-07 0.000000E+00 0.000000E+00 0.000000E+00 2.397297E-04 1.018125E-04 3.350744E-06 8.192303E-07 1.544638E-04 8.280791E-07 7.746079E-07 0.000000E+00 8.377798E-05 0.000000E+00 0.000000E+00 0.000000E+00 0.000000E+00 0.000000E+00 0.000000E+00 0.000000E+00 0.000000E+00 6.236773E-05 2.733695E-05 0.000000E+00 2.388543E-05 0.000000E+00 0.000000E+00 2.526721E-07 2.535672E-05 0.000000E+00 0.000000E+00 3.968140E-05 0.000000E+00 0.000000E+00 5.538703E-05 5.234363E-05 2.466248E-05 5.248736E-08 4.205543E-08 2.923169E-05 7.296709E-05 1.177065E-05 6.478500E-06 8.986441E-05 0.000000E+00 0.000000E+00 3.375697E-05 0.000000E+00 0.000000E+00 0.000000E+00 0.000000E+00 6.555531E-05 1.610524E-04 0.000000E+00 0.000000E+00 
131 107 180 69 34 179 178 123 147 150 50 36 24 
1 61 46 172 163 169 132 94 65 111 115 38 168 54 78 100 44 126 10 5 47 73 91 37 42 27 6 60 149 109 145 121 
122 51 177 151 12 148 29 98 67 7 23 165 33 187 119 184 31 13 
127 99 108 26 90 112 75 53 176 192 81 56 193 58 
159 136 162 20 120 141 41 175 182 63 4 139 153 86 74 66 183 181 89 14 116 140 92 146 103 97 76 57 21 17 35 

============Find Best @ Round 2975================
==========Cluster 0, RcvInterf=8.68715e-15============
Node 130, SINR:0.00000e+00, BpsHz:0.00000e+00
Node 106, SINR:4.13504e-01, BpsHz:4.16063e-02
Node 179, SINR:4.13504e-01, BpsHz:4.16063e-02
Node 68, SINR:4.13504e-01, BpsHz:4.16063e-02
Node 33, SINR:4.13504e-01, BpsHz:4.16063e-02
Node 178, SINR:4.13504e-01, BpsHz:4.16063e-02
Node 177, SINR:4.13504e-01, BpsHz:4.16063e-02
Node 122, SINR:4.13504e-01, BpsHz:4.16063e-02
Node 146, SINR:4.13504e-01, BpsHz:4.16063e-02
Node 149, SINR:4.13504e-01, BpsHz:4.16063e-02
Node 49, SINR:4.13504e-01, BpsHz:4.16063e-02
Node 35, SINR:4.13504e-01, BpsHz:4.16063e-02
Node 23, SINR:4.13504e-01, BpsHz:4.16063e-02
---------------
==========Cluster 1, RcvInterf=1.34414e-14============
Node 0, SINR:0.00000e+00, BpsHz:0.00000e+00
Node 60, SINR:1.44494e+00, BpsHz:4.16063e-02
Node 45, SINR:1.44494e+00, BpsHz:4.16063e-02
Node 171, SINR:1.44494e+00, BpsHz:4.16063e-02
Node 162, SINR:1.44494e+00, BpsHz:4.16063e-02
Node 168, SINR:1.44494e+00, BpsHz:4.16063e-02
Node 131, SINR:1.44494e+00, BpsHz:4.16063e-02
Node 93, SINR:1.44494e+00, BpsHz:4.16063e-02
Node 64, SINR:1.44494e+00, BpsHz:4.16063e-02
Node 110, SINR:1.44494e+00, BpsHz:4.16063e-02
Node 114, SINR:1.44494e+00, BpsHz:4.16063e-02
Node 37, SINR:1.44494e+00, BpsHz:4.16063e-02
Node 167, SINR:1.44494e+00, BpsHz:4.16063e-02
Node 53, SINR:1.44494e+00, BpsHz:4.16063e-02
Node 77, SINR:1.44494e+00, BpsHz:4.16063e-02
Node 99, SINR:1.44494e+00, BpsHz:4.16063e-02
Node 43, SINR:1.44494e+00, BpsHz:4.16063e-02
Node 125, SINR:1.44494e+00, BpsHz:4.16063e-02
Node 9, SINR:1.44494e+00, BpsHz:4.16063e-02
Node 4, SINR:1.44494e+00, BpsHz:4.16063e-02
Node 46, SINR:1.44494e+00, BpsHz:4.16063e-02
Node 72, SINR:1.44494e+00, BpsHz:4.16063e-02
Node 90, SINR:1.44494e+00, BpsHz:4.16063e-02
Node 36, SINR:1.44494e+00, BpsHz:4.16063e-02
Node 41, SINR:1.44494e+00, BpsHz:4.16063e-02
Node 26, SINR:1.44494e+00, BpsHz:4.16063e-02
Node 5, SINR:1.44494e+00, BpsHz:4.16063e-02
Node 59, SINR:1.44494e+00, BpsHz:4.16063e-02
Node 148, SINR:1.44494e+00, BpsHz:4.16063e-02
Node 108, SINR:1.44494e+00, BpsHz:4.16063e-02
Node 144, SINR:1.44494e+00, BpsHz:4.16063e-02
Node 120, SINR:1.44494e+00, BpsHz:4.16063e-02
---------------
==========Cluster 2, RcvInterf=8.63048e-15============
Node 121, SINR:0.00000e+00, BpsHz:0.00000e+00
Node 50, SINR:6.32754e-01, BpsHz:4.16063e-02
Node 176, SINR:6.32754e-01, BpsHz:4.16063e-02
Node 150, SINR:6.32754e-01, BpsHz:4.16063e-02
Node 11, SINR:6.32754e-01, BpsHz:4.16063e-02
Node 147, SINR:6.32754e-01, BpsHz:4.16063e-02
Node 28, SINR:6.32754e-01, BpsHz:4.16063e-02
Node 97, SINR:6.32754e-01, BpsHz:4.16063e-02
Node 66, SINR:6.32754e-01, BpsHz:4.16063e-02
Node 6, SINR:6.32754e-01, BpsHz:4.16063e-02
Node 22, SINR:6.32754e-01, BpsHz:4.16063e-02
Node 164, SINR:6.32754e-01, BpsHz:4.16063e-02
Node 32, SINR:6.32754e-01, BpsHz:4.16063e-02
Node 186, SINR:6.32754e-01, BpsHz:4.16063e-02
Node 118, SINR:6.32754e-01, BpsHz:4.16063e-02
Node 183, SINR:6.32754e-01, BpsHz:4.16063e-02
Node 30, SINR:6.32754e-01, BpsHz:4.16063e-02
Node 12, SINR:6.32754e-01, BpsHz:4.16063e-02
---------------
==========Cluster 3, RcvInterf=1.72407e-14============
Node 126, SINR:0.00000e+00, BpsHz:0.00000e+00
Node 98, SINR:4.54862e-01, BpsHz:4.16063e-02
Node 107, SINR:4.54862e-01, BpsHz:4.16063e-02
Node 25, SINR:4.54862e-01, BpsHz:4.16063e-02
Node 89, SINR:4.54862e-01, BpsHz:4.16063e-02
Node 111, SINR:4.54862e-01, BpsHz:4.16063e-02
Node 74, SINR:4.54862e-01, BpsHz:4.16063e-02
Node 52, SINR:4.54862e-01, BpsHz:4.16063e-02
Node 175, SINR:4.54862e-01, BpsHz:4.16063e-02
Node 191, SINR:4.54862e-01, BpsHz:4.16063e-02
Node 80, SINR:4.54862e-01, BpsHz:4.16063e-02
Node 55, SINR:4.54862e-01, BpsHz:4.16063e-02
Node 192, SINR:4.54862e-01, BpsHz:4.16063e-02
Node 57, SINR:4.54862e-01, BpsHz:4.16063e-02
---------------
==========Cluster 4, RcvInterf=8.69640e-15============
Node 158, SINR:0.00000e+00, BpsHz:0.00000e+00
Node 135, SINR:1.37543e+00, BpsHz:4.16063e-02
Node 161, SINR:1.37543e+00, BpsHz:4.16063e-02
Node 19, SINR:1.37543e+00, BpsHz:4.16063e-02
Node 119, SINR:1.37543e+00, BpsHz:4.16063e-02
Node 140, SINR:1.37543e+00, BpsHz:4.16063e-02
Node 40, SINR:1.37543e+00, BpsHz:4.16063e-02
Node 174, SINR:1.37543e+00, BpsHz:4.16063e-02
Node 181, SINR:1.37543e+00, BpsHz:4.16063e-02
Node 62, SINR:1.37543e+00, BpsHz:4.16063e-02
Node 3, SINR:1.37543e+00, BpsHz:4.16063e-02
Node 138, SINR:1.37543e+00, BpsHz:4.16063e-02
Node 152, SINR:1.37543e+00, BpsHz:4.16063e-02
Node 85, SINR:1.37543e+00, BpsHz:4.16063e-02
Node 73, SINR:1.37543e+00, BpsHz:4.16063e-02
Node 65, SINR:1.37543e+00, BpsHz:4.16063e-02
Node 182, SINR:1.37543e+00, BpsHz:4.16063e-02
Node 180, SINR:1.37543e+00, BpsHz:4.16063e-02
Node 88, SINR:1.37543e+00, BpsHz:4.16063e-02
Node 13, SINR:1.37543e+00, BpsHz:4.16063e-02
Node 115, SINR:1.37543e+00, BpsHz:4.16063e-02
Node 139, SINR:1.37543e+00, BpsHz:4.16063e-02
Node 91, SINR:1.37543e+00, BpsHz:4.16063e-02
Node 145, SINR:1.37543e+00, BpsHz:4.16063e-02
Node 102, SINR:1.37543e+00, BpsHz:4.16063e-02
Node 96, SINR:1.37543e+00, BpsHz:4.16063e-02
Node 75, SINR:1.37543e+00, BpsHz:4.16063e-02
Node 56, SINR:1.37543e+00, BpsHz:4.16063e-02
Node 20, SINR:1.37543e+00, BpsHz:4.16063e-02
Node 16, SINR:1.37543e+00, BpsHz:4.16063e-02
Node 34, SINR:1.37543e+00, BpsHz:4.16063e-02
---------------
195
5
1.000000e-03
1.664578e-303
103
3000
4.514022e+00
9.301758e-01
4.514022e-06
4.322615e-07
0 0 0 0 0 0 0 0 1 0 0 1 0 0 0 0 0 0 0 0 0 1 0 0 0 0 0 0 0 0 1 0 0 0 0 0 0 0 0 1 0 0 0 0 0 0 0 0 1 0 1 0 0 0 0 1 0 1 0 0 0 0 0 0 0 0 1 0 0 0 0 0 0 0 0 0 0 0 1 0 0 0 0 0 0 0 0 0 0 0 0 0 0 0 1 0 0 0 0 0 0 0 0 0 0 0 0 0 0 0 0 0 1 0 0 0 0 0 0 0 0 1 0 0 0 0 0 0 0 0 0 0 0 0 0 0 0 0 0 0 0 0 0 0 0 0 0 0 0 0 1 0 0 0 0 0 0 0 0 0 0 0 0 1 0 0 0 0 0 0 0 0 0 0 0 0 0 0 0 0 0 0 0 0 1 0 0 0 1 0 0 1 0 0 0 
0 0 0 1 0 0 0 0 0 0 0 0 0 1 0 0 0 0 0 1 0 0 0 0 0 0 0 0 0 0 0 0 0 0 0 0 0 0 0 0 1 0 0 0 0 0 0 0 0 0 0 0 0 0 0 0 0 0 0 0 0 0 0 0 0 1 0 0 0 0 0 0 0 1 0 0 0 0 0 0 0 0 0 0 0 1 0 0 0 0 0 1 0 0 0 0 1 0 0 0 0 0 1 0 0 0 0 0 0 0 0 0 0 0 0 1 0 0 0 0 0 0 0 0 0 0 0 0 0 0 0 0 0 0 0 1 0 0 1 1 1 0 0 0 0 0 0 0 0 0 0 0 1 0 0 0 0 0 1 0 0 1 0 0 0 0 0 0 0 0 0 0 0 0 1 0 0 0 0 0 1 1 1 0 0 0 0 0 0 0 0 0 0 0 0 
0 0 0 0 0 0 0 0 0 0 0 0 0 0 1 0 0 0 0 0 0 0 0 1 0 0 0 0 0 0 0 0 0 1 0 1 0 0 0 0 0 0 0 0 0 0 0 0 0 1 0 1 0 0 0 0 0 0 0 0 0 0 0 0 0 0 0 0 1 0 0 0 0 0 0 0 0 0 0 0 0 0 0 0 0 0 0 0 0 0 0 0 0 0 0 0 0 0 0 0 0 0 0 0 0 0 1 0 0 1 0 0 0 1 0 0 1 0 0 0 0 0 1 0 0 0 0 0 0 0 1 0 0 0 0 0 0 1 0 0 0 0 0 0 0 0 1 0 0 1 0 0 0 0 0 0 0 0 0 0 0 0 0 0 0 1 1 0 0 0 1 0 1 0 0 0 0 1 1 1 0 0 0 0 0 0 0 0 0 1 0 0 0 0 0 
1 0 0 0 1 1 0 1 0 1 0 0 0 0 0 0 0 1 0 0 0 0 0 0 0 0 1 0 0 0 0 0 0 0 0 0 1 1 0 0 0 0 0 0 0 1 1 0 0 0 0 0 0 0 0 0 0 0 0 0 1 0 0 0 1 0 0 0 0 1 0 1 1 0 0 0 0 1 0 0 0 0 0 1 0 0 0 0 0 0 0 0 0 1 0 1 0 0 0 0 0 0 0 0 0 1 0 0 0 0 0 0 0 0 0 0 0 0 0 0 1 0 0 0 0 0 0 0 0 0 0 0 0 0 0 0 0 0 0 0 0 0 0 0 0 0 0 0 0 0 0 0 0 0 0 0 0 0 0 0 0 0 0 0 0 0 0 1 1 0 0 1 0 0 0 0 0 0 0 0 0 0 0 0 0 0 0 0 0 0 0 0 0 0 0 
0 0 0 0 0 0 0 0 0 0 0 0 0 0 0 0 0 0 0 0 0 0 0 0 1 0 0 0 0 0 0 1 0 0 0 0 0 0 0 0 0 1 0 0 0 0 0 0 0 0 0 0 0 0 0 0 0 0 0 0 0 0 0 0 0 0 0 0 0 0 1 0 0 0 0 0 0 0 0 0 0 0 1 0 0 0 0 0 0 0 0 0 0 0 0 0 0 0 0 0 0 1 0 1 0 0 0 0 0 0 0 0 0 0 0 0 0 0 0 0 0 0 0 1 0 0 0 0 0 0 0 0 0 1 0 0 0 0 0 0 0 0 1 1 1 0 0 0 0 0 0 1 0 0 0 0 1 0 0 1 0 0 0 0 1 0 0 0 0 0 0 0 0 0 0 0 0 0 0 0 0 0 0 0 0 0 0 1 0 0 0 0 1 0 0 
164 159 178 169 188 
2.073227E-05 0.000000E+00 0.000000E+00 4.951264E-05 1.902243E-07 2.754831E-05 0.000000E+00 1.475221E-05 6.076881E-05 2.344917E-05 0.000000E+00 5.227680E-05 0.000000E+00 1.649043E-04 7.309607E-04 0.000000E+00 0.000000E+00 4.466980E-05 0.000000E+00 4.325346E-05 0.000000E+00 5.435269E-05 0.000000E+00 3.887940E-04 1.940144E-05 0.000000E+00 2.471691E-05 0.000000E+00 0.000000E+00 0.000000E+00 4.045872E-05 7.453128E-06 0.000000E+00 7.565010E-05 0.000000E+00 7.590116E-05 1.716600E-04 2.627631E-05 0.000000E+00 3.624387E-04 2.555646E-05 9.510816E-05 0.000000E+00 0.000000E+00 0.000000E+00 1.130920E-04 1.825413E-06 0.000000E+00 8.404290E-07 2.219818E-05 7.947162E-06 2.643255E-04 0.000000E+00 0.000000E+00 0.000000E+00 2.330267E-05 0.000000E+00 2.932993E-05 0.000000E+00 0.000000E+00 1.999889E-04 0.000000E+00 0.000000E+00 0.000000E+00 1.611179E-04 8.166664E-05 1.425803E-05 0.000000E+00 1.820411E-04 5.278012E-05 9.647474E-07 1.692085E-05 2.202905E-04 4.832980E-06 0.000000E+00 0.000000E+00 0.000000E+00 4.941312E-08 5.795626E-06 0.000000E+00 0.000000E+00 0.000000E+00 1.030108E-04 1.360658E-04 0.000000E+00 1.242210E-05 0.000000E+00 0.000000E+00 0.000000E+00 0.000000E+00 0.000000E+00 8.891683E-07 0.000000E+00 2.830879E-06 5.806582E-06 8.773652E-05 4.865274E-04 0.000000E+00 0.000000E+00 0.000000E+00 0.000000E+00 4.184081E-05 3.437018E-05 1.227208E-05 0.000000E+00 4.170686E-05 7.258168E-05 0.000000E+00 0.000000E+00 2.917173E-04 0.000000E+00 0.000000E+00 2.930753E-05 3.086494E-04 0.000000E+00 7.758510E-05 9.994963E-04 0.000000E+00 0.000000E+00 0.000000E+00 4.629220E-05 5.240093E-05 1.253898E-06 1.277047E-05 0.000000E+00 0.000000E+00 0.000000E+00 0.000000E+00 0.000000E+00 0.000000E+00 1.640850E-07 0.000000E+00 0.000000E+00 1.468434E-08 0.000000E+00 2.726880E-06 0.000000E+00 8.631276E-05 2.656103E-04 3.162962E-06 2.808509E-07 0.000000E+00 7.316344E-06 5.017727E-05 2.854496E-05 0.000000E+00 1.756194E-05 0.000000E+00 0.000000E+00 1.522170E-05 1.106687E-05 3.539652E-05 7.619468E-05 0.000000E+00 0.000000E+00 0.000000E+00 2.004342E-04 0.000000E+00 0.000000E+00 2.437866E-04 0.000000E+00 5.672241E-05 0.000000E+00 0.000000E+00 9.588557E-05 3.037908E-04 5.794244E-05 4.749220E-05 0.000000E+00 0.000000E+00 4.906679E-04 3.077686E-05 1.932197E-04 0.000000E+00 5.037358E-05 0.000000E+00 0.000000E+00 0.000000E+00 1.860792E-06 2.044850E-04 6.636235E-05 1.070521E-05 5.892088E-06 0.000000E+00 4.501765E-05 0.000000E+00 0.000000E+00 0.000000E+00 9.250596E-05 2.580852E-04 0.000000E+00 2.519545E-05 5.419715E-05 0.000000E+00 0.000000E+00 
164 113 151 192 185 79 67 95 12 51 189 49 22 56 58 122 40 31 9 
159 92 74 103 162 181 140 141 86 116 66 153 183 4 182 20 136 41 139 175 14 97 
178 147 138 123 190 52 179 69 131 34 167 107 36 150 173 110 50 166 180 171 24 15 114 117 
169 65 6 94 73 1 78 27 121 96 8 5 18 37 38 84 172 46 106 47 10 72 168 61 70 
188 124 32 143 134 71 25 144 104 83 145 102 42 157 160 152 193 165 

============Find Best @ Round 2852================
==========Cluster 0, RcvInterf=5.38685e-15============
Node 163, SINR:0.00000e+00, BpsHz:0.00000e+00
Node 112, SINR:1.11422e+00, BpsHz:6.00070e-02
Node 150, SINR:1.11422e+00, BpsHz:6.00070e-02
Node 191, SINR:1.11422e+00, BpsHz:6.00070e-02
Node 184, SINR:1.11422e+00, BpsHz:6.00070e-02
Node 78, SINR:1.11422e+00, BpsHz:6.00070e-02
Node 66, SINR:1.11422e+00, BpsHz:6.00070e-02
Node 94, SINR:1.11422e+00, BpsHz:6.00070e-02
Node 11, SINR:1.11422e+00, BpsHz:6.00070e-02
Node 50, SINR:1.11422e+00, BpsHz:6.00070e-02
Node 188, SINR:1.11422e+00, BpsHz:6.00070e-02
Node 48, SINR:1.11422e+00, BpsHz:6.00070e-02
Node 21, SINR:1.11422e+00, BpsHz:6.00070e-02
Node 55, SINR:1.11422e+00, BpsHz:6.00070e-02
Node 57, SINR:1.11422e+00, BpsHz:6.00070e-02
Node 121, SINR:1.11422e+00, BpsHz:6.00070e-02
Node 39, SINR:1.11422e+00, BpsHz:6.00070e-02
Node 30, SINR:1.11422e+00, BpsHz:6.00070e-02
Node 8, SINR:1.11422e+00, BpsHz:6.00070e-02
---------------
==========Cluster 1, RcvInterf=5.93587e-15============
Node 158, SINR:0.00000e+00, BpsHz:0.00000e+00
Node 91, SINR:1.39520e+00, BpsHz:6.00070e-02
Node 73, SINR:1.39520e+00, BpsHz:6.00070e-02
Node 102, SINR:1.39520e+00, BpsHz:6.00070e-02
Node 161, SINR:1.39520e+00, BpsHz:6.00070e-02
Node 180, SINR:1.39520e+00, BpsHz:6.00070e-02
Node 139, SINR:1.39520e+00, BpsHz:6.00070e-02
Node 140, SINR:1.39520e+00, BpsHz:6.00070e-02
Node 85, SINR:1.39520e+00, BpsHz:6.00070e-02
Node 115, SINR:1.39520e+00, BpsHz:6.00070e-02
Node 65, SINR:1.39520e+00, BpsHz:6.00070e-02
Node 152, SINR:1.39520e+00, BpsHz:6.00070e-02
Node 182, SINR:1.39520e+00, BpsHz:6.00070e-02
Node 3, SINR:1.39520e+00, BpsHz:6.00070e-02
Node 181, SINR:1.39520e+00, BpsHz:6.00070e-02
Node 19, SINR:1.39520e+00, BpsHz:6.00070e-02
Node 135, SINR:1.39520e+00, BpsHz:6.00070e-02
Node 40, SINR:1.39520e+00, BpsHz:6.00070e-02
Node 138, SINR:1.39520e+00, BpsHz:6.00070e-02
Node 174, SINR:1.39520e+00, BpsHz:6.00070e-02
Node 13, SINR:1.39520e+00, BpsHz:6.00070e-02
Node 96, SINR:1.39520e+00, BpsHz:6.00070e-02
---------------
==========Cluster 2, RcvInterf=3.52135e-15============
Node 177, SINR:0.00000e+00, BpsHz:0.00000e+00
Node 146, SINR:1.60298e+00, BpsHz:6.00070e-02
Node 137, SINR:1.60298e+00, BpsHz:6.00070e-02
Node 122, SINR:1.60298e+00, BpsHz:6.00070e-02
Node 189, SINR:1.60298e+00, BpsHz:6.00070e-02
Node 51, SINR:1.60298e+00, BpsHz:6.00070e-02
Node 178, SINR:1.60298e+00, BpsHz:6.00070e-02
Node 68, SINR:1.60298e+00, BpsHz:6.00070e-02
Node 130, SINR:1.60298e+00, BpsHz:6.00070e-02
Node 33, SINR:1.60298e+00, BpsHz:6.00070e-02
Node 166, SINR:1.60298e+00, BpsHz:6.00070e-02
Node 106, SINR:1.60298e+00, BpsHz:6.00070e-02
Node 35, SINR:1.60298e+00, BpsHz:6.00070e-02
Node 149, SINR:1.60298e+00, BpsHz:6.00070e-02
Node 172, SINR:1.60298e+00, BpsHz:6.00070e-02
Node 109, SINR:1.60298e+00, BpsHz:6.00070e-02
Node 49, SINR:1.60298e+00, BpsHz:6.00070e-02
Node 165, SINR:1.60298e+00, BpsHz:6.00070e-02
Node 179, SINR:1.60298e+00, BpsHz:6.00070e-02
Node 170, SINR:1.60298e+00, BpsHz:6.00070e-02
Node 23, SINR:1.60298e+00, BpsHz:6.00070e-02
Node 14, SINR:1.60298e+00, BpsHz:6.00070e-02
Node 113, SINR:1.60298e+00, BpsHz:6.00070e-02
Node 116, SINR:1.60298e+00, BpsHz:6.00070e-02
---------------
==========Cluster 3, RcvInterf=3.67770e-15============
Node 168, SINR:0.00000e+00, BpsHz:0.00000e+00
Node 64, SINR:1.71353e+00, BpsHz:6.00070e-02
Node 5, SINR:1.71353e+00, BpsHz:6.00070e-02
Node 93, SINR:1.71353e+00, BpsHz:6.00070e-02
Node 72, SINR:1.71353e+00, BpsHz:6.00070e-02
Node 0, SINR:1.71353e+00, BpsHz:6.00070e-02
Node 77, SINR:1.71353e+00, BpsHz:6.00070e-02
Node 26, SINR:1.71353e+00, BpsHz:6.00070e-02
Node 120, SINR:1.71353e+00, BpsHz:6.00070e-02
Node 95, SINR:1.71353e+00, BpsHz:6.00070e-02
Node 7, SINR:1.71353e+00, BpsHz:6.00070e-02
Node 4, SINR:1.71353e+00, BpsHz:6.00070e-02
Node 17, SINR:1.71353e+00, BpsHz:6.00070e-02
Node 36, SINR:1.71353e+00, BpsHz:6.00070e-02
Node 37, SINR:1.71353e+00, BpsHz:6.00070e-02
Node 83, SINR:1.71353e+00, BpsHz:6.00070e-02
Node 171, SINR:1.71353e+00, BpsHz:6.00070e-02
Node 45, SINR:1.71353e+00, BpsHz:6.00070e-02
Node 105, SINR:1.71353e+00, BpsHz:6.00070e-02
Node 46, SINR:1.71353e+00, BpsHz:6.00070e-02
Node 9, SINR:1.71353e+00, BpsHz:6.00070e-02
Node 71, SINR:1.71353e+00, BpsHz:6.00070e-02
Node 167, SINR:1.71353e+00, BpsHz:6.00070e-02
Node 60, SINR:1.71353e+00, BpsHz:6.00070e-02
Node 69, SINR:1.71353e+00, BpsHz:6.00070e-02
---------------
==========Cluster 4, RcvInterf=7.92561e-15============
Node 187, SINR:0.00000e+00, BpsHz:0.00000e+00
Node 123, SINR:1.02809e+00, BpsHz:6.00070e-02
Node 31, SINR:1.02809e+00, BpsHz:6.00070e-02
Node 142, SINR:1.02809e+00, BpsHz:6.00070e-02
Node 133, SINR:1.02809e+00, BpsHz:6.00070e-02
Node 70, SINR:1.02809e+00, BpsHz:6.00070e-02
Node 24, SINR:1.02809e+00, BpsHz:6.00070e-02
Node 143, SINR:1.02809e+00, BpsHz:6.00070e-02
Node 103, SINR:1.02809e+00, BpsHz:6.00070e-02
Node 82, SINR:1.02809e+00, BpsHz:6.00070e-02
Node 144, SINR:1.02809e+00, BpsHz:6.00070e-02
Node 101, SINR:1.02809e+00, BpsHz:6.00070e-02
Node 41, SINR:1.02809e+00, BpsHz:6.00070e-02
Node 156, SINR:1.02809e+00, BpsHz:6.00070e-02
Node 159, SINR:1.02809e+00, BpsHz:6.00070e-02
Node 151, SINR:1.02809e+00, BpsHz:6.00070e-02
Node 192, SINR:1.02809e+00, BpsHz:6.00070e-02
Node 164, SINR:1.02809e+00, BpsHz:6.00070e-02
---------------
195
5
1.000000e-03
1.211843e-296
181
3000
9.021950e+00
4.846191e+00
9.021950e-06
2.585074e-06
0 0 0 1 0 0 0 0 0 0 0 0 0 1 0 0 1 0 0 1 1 0 0 0 0 0 0 0 0 1 0 0 0 0 1 0 0 0 0 0 1 0 0 0 0 0 0 0 0 0 0 0 0 0 1 0 1 0 0 0 0 0 1 0 0 1 0 0 0 0 0 0 0 1 0 1 0 0 0 0 0 1 0 0 0 1 0 0 1 0 0 1 0 0 0 0 1 0 0 0 0 0 1 0 0 0 0 0 0 0 0 0 0 0 0 1 0 0 0 1 0 0 0 0 0 0 0 0 0 0 0 0 0 0 0 1 0 0 1 1 1 0 0 0 0 1 0 0 0 0 0 0 1 0 0 0 0 0 1 0 1 1 0 0 0 0 0 0 0 0 0 0 0 0 1 0 0 0 0 0 1 1 1 0 0 0 0 0 0 0 0 0 0 0 0 
0 0 0 0 0 0 1 0 0 0 0 1 1 0 0 0 0 0 0 0 0 0 1 0 1 1 0 0 1 0 1 1 1 0 0 0 0 0 0 0 0 0 0 0 0 0 0 0 0 0 1 0 0 0 0 0 0 0 0 0 0 0 0 0 0 0 1 0 0 0 1 0 0 0 0 0 1 0 0 0 0 0 1 0 0 0 0 0 0 1 0 0 0 0 0 0 0 1 0 0 0 0 0 1 0 0 0 0 0 0 0 0 0 0 0 0 0 1 1 0 0 1 0 1 0 0 0 0 0 0 0 0 0 1 0 0 0 0 0 0 0 0 1 1 0 0 0 1 0 0 1 1 0 1 0 0 1 0 0 1 0 0 0 0 1 0 0 0 0 0 0 0 0 0 0 0 1 0 0 0 0 0 0 1 0 0 1 1 0 0 0 0 0 1 0 
0 1 0 0 0 0 0 0 1 0 0 0 0 0 0 1 0 0 0 0 0 1 0 0 0 0 0 0 0 0 0 0 0 0 0 0 0 0 1 1 0 0 0 0 0 0 0 0 1 1 0 0 1 0 0 1 0 1 1 0 0 0 0 1 0 0 0 0 0 0 0 0 0 0 1 0 0 0 1 0 0 0 0 0 1 0 1 0 0 0 0 0 1 0 1 0 0 0 0 0 0 0 0 0 0 0 0 1 0 0 0 1 1 0 0 0 0 0 0 0 0 0 0 0 1 0 1 0 0 0 0 0 1 0 1 0 1 0 0 0 0 0 0 0 0 0 1 0 0 0 0 0 0 0 0 0 0 0 0 0 0 0 0 1 0 0 0 0 0 0 0 0 0 0 0 0 0 0 0 0 0 0 0 0 1 0 0 0 1 0 0 1 0 0 1 
1 0 0 0 1 1 0 1 0 1 0 0 0 0 0 0 0 1 0 0 0 0 0 0 0 0 1 0 0 0 0 0 0 0 0 0 1 1 0 0 0 1 0 1 0 1 1 1 0 0 0 0 0 1 0 0 0 0 0 1 1 0 0 0 1 0 0 1 0 1 0 1 1 0 0 0 0 1 0 1 1 0 0 1 0 0 0 1 0 0 1 0 0 1 0 1 0 0 1 1 1 0 0 0 0 1 0 0 1 0 1 0 0 0 1 0 0 0 0 0 1 0 0 0 0 1 0 0 1 0 0 1 0 0 0 0 0 0 0 0 0 1 0 0 1 0 0 0 1 0 0 0 0 0 1 1 0 1 0 0 0 0 1 0 0 0 0 1 1 0 0 1 0 0 0 1 0 0 0 0 0 0 0 0 0 1 0 0 0 0 0 0 0 0 0 
0 0 0 0 0 0 0 0 0 0 0 0 0 0 1 0 0 0 1 0 0 0 0 1 0 0 0 0 0 0 0 0 0 1 0 1 0 0 0 0 0 0 0 0 1 0 0 0 0 0 0 1 0 0 0 0 0 0 0 0 0 1 0 0 0 0 0 0 1 0 0 0 0 0 0 0 0 0 0 0 0 0 0 0 0 0 0 0 0 0 0 0 0 0 0 0 0 0 0 0 0 0 0 0 0 0 1 0 0 1 0 0 0 1 0 0 1 0 0 0 0 0 1 0 0 0 0 1 0 1 1 0 0 0 0 0 0 1 0 0 0 0 0 0 0 0 0 0 0 1 0 0 0 0 0 0 0 0 0 0 0 0 0 0 0 1 1 0 0 1 1 0 1 0 0 0 0 1 1 1 0 0 0 0 0 0 0 0 0 1 0 0 0 0 0 
159 33 58 78 36 
8.281648E-06 3.618346E-04 0.000000E+00 1.833956E-05 5.003005E-07 2.931865E-05 2.133021E-04 1.082376E-05 1.422762E-06 2.700450E-05 0.000000E+00 5.295884E-05 5.192667E-05 6.108079E-05 3.837363E-06 1.794183E-04 3.019678E-05 2.494582E-05 1.895295E-04 1.602115E-05 3.192391E-05 1.125731E-04 7.570000E-06 4.799267E-06 5.334625E-06 1.031152E-04 2.670418E-05 0.000000E+00 5.189046E-07 4.493556E-05 7.950815E-06 2.204667E-04 0.000000E+00 2.620035E-05 4.834217E-05 0.000000E+00 1.428506E-04 2.893917E-05 1.554611E-05 3.430215E-04 9.466150E-06 7.673504E-04 0.000000E+00 3.796790E-05 1.941418E-05 8.662046E-05 3.304098E-06 2.234250E-05 4.620713E-06 4.479608E-05 7.367392E-05 2.218054E-05 3.128392E-05 6.672248E-04 4.412940E-04 2.860951E-06 2.568120E-04 0.000000E+00 1.514718E-05 7.798024E-05 1.280303E-04 6.103484E-05 1.556118E-04 4.605510E-05 1.284780E-04 3.024945E-05 1.900787E-05 4.040886E-05 2.559133E-05 2.184417E-05 4.115808E-06 1.404375E-05 1.748780E-04 1.790143E-06 1.444486E-04 3.113948E-05 1.858754E-05 0.000000E+00 4.576901E-05 8.740217E-04 2.704452E-04 5.764039E-05 1.245331E-05 1.075832E-04 1.751330E-06 4.601164E-06 1.142771E-04 1.749690E-04 1.610184E-05 2.277047E-04 3.155047E-04 3.293493E-07 5.008610E-05 1.811459E-07 3.726333E-06 6.664563E-05 1.802105E-04 7.374592E-06 2.533500E-04 8.893553E-04 7.581185E-04 0.000000E+00 1.273077E-05 3.069652E-06 0.000000E+00 1.312089E-05 4.637638E-07 2.268362E-04 4.485126E-04 1.955044E-05 8.665380E-05 1.018117E-04 3.327265E-05 8.657263E-07 5.738356E-04 2.873764E-05 7.997996E-06 6.463015E-04 5.937008E-05 2.092806E-05 8.408882E-06 1.295602E-05 5.740086E-05 7.393493E-05 8.110820E-04 1.438208E-04 1.131630E-04 3.816998E-05 1.066401E-04 1.953952E-04 2.350840E-05 4.657096E-04 5.030346E-04 5.029173E-05 3.113523E-05 1.010041E-06 2.717904E-04 1.898361E-06 9.838244E-05 1.171566E-06 1.040276E-07 1.833073E-04 1.642189E-04 6.470070E-05 2.828660E-04 3.429797E-05 3.864965E-05 2.221669E-05 1.916248E-04 4.947554E-05 6.200097E-05 2.107885E-05 2.822262E-05 9.063494E-06 1.564104E-04 5.141503E-05 1.619659E-04 9.992220E-04 0.000000E+00 1.423140E-04 3.087068E-04 2.101006E-05 1.749395E-04 1.259070E-05 1.502411E-07 8.214526E-06 9.631453E-07 1.547131E-05 2.304192E-08 6.874680E-05 1.882001E-06 5.069065E-06 3.914458E-08 0.000000E+00 1.865845E-05 1.034116E-04 2.612695E-04 1.557041E-05 5.166543E-05 1.085042E-04 2.458071E-05 3.965227E-06 2.182438E-06 5.163830E-04 2.291367E-05 3.746304E-04 2.520535E-04 2.951656E-05 1.150654E-04 1.078768E-05 0.000000E+00 1.182225E-06 0.000000E+00 1.639417E-04 3.176706E-04 
159 182 153 92 181 183 41 89 86 17 162 57 140 103 63 14 74 120 146 139 35 21 116 55 82 20 97 76 136 175 4 66 30 141 161 
33 144 67 157 71 98 13 25 104 160 23 29 148 12 122 177 187 77 165 134 118 7 51 152 119 26 188 31 124 143 151 32 83 154 184 194 90 
58 85 185 53 9 135 56 64 79 93 164 189 95 49 16 113 147 112 50 127 39 125 192 40 75 22 87 59 137 2 133 195 108 
78 47 156 121 163 48 65 106 1 10 27 84 72 38 73 96 115 37 46 155 54 6 70 129 8 18 176 172 99 68 149 169 61 94 111 142 158 126 80 60 88 168 101 145 91 132 5 44 100 109 186 42 81 
36 114 24 178 52 166 171 107 170 167 150 69 110 15 190 128 19 45 180 34 138 173 131 117 62 130 179 123 

============Find Best @ Round 1003================
==========Cluster 0, RcvInterf=2.16656e-14============
Node 158, SINR:0.00000e+00, BpsHz:0.00000e+00
Node 181, SINR:3.11850e-01, BpsHz:1.15177e-02
Node 152, SINR:3.11850e-01, BpsHz:1.15177e-02
Node 91, SINR:3.11850e-01, BpsHz:1.15177e-02
Node 180, SINR:3.11850e-01, BpsHz:1.15177e-02
Node 182, SINR:3.11850e-01, BpsHz:1.15177e-02
Node 40, SINR:3.11850e-01, BpsHz:1.15177e-02
Node 88, SINR:3.11850e-01, BpsHz:1.15177e-02
Node 85, SINR:3.11850e-01, BpsHz:1.15177e-02
Node 16, SINR:3.11850e-01, BpsHz:1.15177e-02
Node 161, SINR:3.11850e-01, BpsHz:1.15177e-02
Node 56, SINR:3.11850e-01, BpsHz:1.15177e-02
Node 139, SINR:3.11850e-01, BpsHz:1.15177e-02
Node 102, SINR:3.11850e-01, BpsHz:1.15177e-02
Node 62, SINR:3.11850e-01, BpsHz:1.15177e-02
Node 13, SINR:3.11850e-01, BpsHz:1.15177e-02
Node 73, SINR:3.11850e-01, BpsHz:1.15177e-02
Node 119, SINR:3.11850e-01, BpsHz:1.15177e-02
Node 145, SINR:3.11850e-01, BpsHz:1.15177e-02
Node 138, SINR:3.11850e-01, BpsHz:1.15177e-02
Node 34, SINR:3.11850e-01, BpsHz:1.15177e-02
Node 20, SINR:3.11850e-01, BpsHz:1.15177e-02
Node 115, SINR:3.11850e-01, BpsHz:1.15177e-02
Node 54, SINR:3.11850e-01, BpsHz:1.15177e-02
Node 81, SINR:3.11850e-01, BpsHz:1.15177e-02
Node 19, SINR:3.11850e-01, BpsHz:1.15177e-02
Node 96, SINR:3.11850e-01, BpsHz:1.15177e-02
Node 75, SINR:3.11850e-01, BpsHz:1.15177e-02
Node 135, SINR:3.11850e-01, BpsHz:1.15177e-02
Node 174, SINR:3.11850e-01, BpsHz:1.15177e-02
Node 3, SINR:3.11850e-01, BpsHz:1.15177e-02
Node 65, SINR:3.11850e-01, BpsHz:1.15177e-02
Node 29, SINR:3.11850e-01, BpsHz:1.15177e-02
Node 140, SINR:3.11850e-01, BpsHz:1.15177e-02
Node 160, SINR:3.11850e-01, BpsHz:1.15177e-02
---------------
==========Cluster 1, RcvInterf=2.19797e-14============
Node 32, SINR:0.00000e+00, BpsHz:0.00000e+00
Node 143, SINR:3.32964e-01, BpsHz:1.15177e-02
Node 66, SINR:3.32964e-01, BpsHz:1.15177e-02
Node 156, SINR:3.32964e-01, BpsHz:1.15177e-02
Node 70, SINR:3.32964e-01, BpsHz:1.15177e-02
Node 97, SINR:3.32964e-01, BpsHz:1.15177e-02
Node 12, SINR:3.32964e-01, BpsHz:1.15177e-02
Node 24, SINR:3.32964e-01, BpsHz:1.15177e-02
Node 103, SINR:3.32964e-01, BpsHz:1.15177e-02
Node 159, SINR:3.32964e-01, BpsHz:1.15177e-02
Node 22, SINR:3.32964e-01, BpsHz:1.15177e-02
Node 28, SINR:3.32964e-01, BpsHz:1.15177e-02
Node 147, SINR:3.32964e-01, BpsHz:1.15177e-02
Node 11, SINR:3.32964e-01, BpsHz:1.15177e-02
Node 121, SINR:3.32964e-01, BpsHz:1.15177e-02
Node 176, SINR:3.32964e-01, BpsHz:1.15177e-02
Node 186, SINR:3.32964e-01, BpsHz:1.15177e-02
Node 76, SINR:3.32964e-01, BpsHz:1.15177e-02
Node 164, SINR:3.32964e-01, BpsHz:1.15177e-02
Node 133, SINR:3.32964e-01, BpsHz:1.15177e-02
Node 117, SINR:3.32964e-01, BpsHz:1.15177e-02
Node 6, SINR:3.32964e-01, BpsHz:1.15177e-02
Node 50, SINR:3.32964e-01, BpsHz:1.15177e-02
Node 151, SINR:3.32964e-01, BpsHz:1.15177e-02
Node 118, SINR:3.32964e-01, BpsHz:1.15177e-02
Node 25, SINR:3.32964e-01, BpsHz:1.15177e-02
Node 187, SINR:3.32964e-01, BpsHz:1.15177e-02
Node 30, SINR:3.32964e-01, BpsHz:1.15177e-02
Node 123, SINR:3.32964e-01, BpsHz:1.15177e-02
Node 142, SINR:3.32964e-01, BpsHz:1.15177e-02
Node 150, SINR:3.32964e-01, BpsHz:1.15177e-02
Node 31, SINR:3.32964e-01, BpsHz:1.15177e-02
Node 82, SINR:3.32964e-01, BpsHz:1.15177e-02
Node 153, SINR:3.32964e-01, BpsHz:1.15177e-02
Node 183, SINR:3.32964e-01, BpsHz:1.15177e-02
Node 193, SINR:3.32964e-01, BpsHz:1.15177e-02
Node 89, SINR:3.32964e-01, BpsHz:1.15177e-02
---------------
==========Cluster 2, RcvInterf=2.04313e-14============
Node 57, SINR:0.00000e+00, BpsHz:0.00000e+00
Node 84, SINR:2.91070e-01, BpsHz:1.15177e-02
Node 184, SINR:2.91070e-01, BpsHz:1.15177e-02
Node 52, SINR:2.91070e-01, BpsHz:1.15177e-02
Node 8, SINR:2.91070e-01, BpsHz:1.15177e-02
Node 134, SINR:2.91070e-01, BpsHz:1.15177e-02
Node 55, SINR:2.91070e-01, BpsHz:1.15177e-02
Node 63, SINR:2.91070e-01, BpsHz:1.15177e-02
Node 78, SINR:2.91070e-01, BpsHz:1.15177e-02
Node 92, SINR:2.91070e-01, BpsHz:1.15177e-02
Node 163, SINR:2.91070e-01, BpsHz:1.15177e-02
Node 188, SINR:2.91070e-01, BpsHz:1.15177e-02
Node 94, SINR:2.91070e-01, BpsHz:1.15177e-02
Node 48, SINR:2.91070e-01, BpsHz:1.15177e-02
Node 15, SINR:2.91070e-01, BpsHz:1.15177e-02
Node 112, SINR:2.91070e-01, BpsHz:1.15177e-02
Node 146, SINR:2.91070e-01, BpsHz:1.15177e-02
Node 111, SINR:2.91070e-01, BpsHz:1.15177e-02
Node 49, SINR:2.91070e-01, BpsHz:1.15177e-02
Node 126, SINR:2.91070e-01, BpsHz:1.15177e-02
Node 38, SINR:2.91070e-01, BpsHz:1.15177e-02
Node 124, SINR:2.91070e-01, BpsHz:1.15177e-02
Node 191, SINR:2.91070e-01, BpsHz:1.15177e-02
Node 39, SINR:2.91070e-01, BpsHz:1.15177e-02
Node 74, SINR:2.91070e-01, BpsHz:1.15177e-02
Node 21, SINR:2.91070e-01, BpsHz:1.15177e-02
Node 86, SINR:2.91070e-01, BpsHz:1.15177e-02
Node 58, SINR:2.91070e-01, BpsHz:1.15177e-02
Node 136, SINR:2.91070e-01, BpsHz:1.15177e-02
Node 1, SINR:2.91070e-01, BpsHz:1.15177e-02
Node 132, SINR:2.91070e-01, BpsHz:1.15177e-02
Node 194, SINR:2.91070e-01, BpsHz:1.15177e-02
Node 107, SINR:2.91070e-01, BpsHz:1.15177e-02
---------------
==========Cluster 3, RcvInterf=1.56608e-14============
Node 77, SINR:0.00000e+00, BpsHz:0.00000e+00
Node 46, SINR:5.14584e-01, BpsHz:1.15177e-02
Node 155, SINR:5.14584e-01, BpsHz:1.15177e-02
Node 120, SINR:5.14584e-01, BpsHz:1.15177e-02
Node 162, SINR:5.14584e-01, BpsHz:1.15177e-02
Node 47, SINR:5.14584e-01, BpsHz:1.15177e-02
Node 64, SINR:5.14584e-01, BpsHz:1.15177e-02
Node 105, SINR:5.14584e-01, BpsHz:1.15177e-02
Node 0, SINR:5.14584e-01, BpsHz:1.15177e-02
Node 9, SINR:5.14584e-01, BpsHz:1.15177e-02
Node 26, SINR:5.14584e-01, BpsHz:1.15177e-02
Node 83, SINR:5.14584e-01, BpsHz:1.15177e-02
Node 71, SINR:5.14584e-01, BpsHz:1.15177e-02
Node 37, SINR:5.14584e-01, BpsHz:1.15177e-02
Node 72, SINR:5.14584e-01, BpsHz:1.15177e-02
Node 95, SINR:5.14584e-01, BpsHz:1.15177e-02
Node 114, SINR:5.14584e-01, BpsHz:1.15177e-02
Node 36, SINR:5.14584e-01, BpsHz:1.15177e-02
Node 45, SINR:5.14584e-01, BpsHz:1.15177e-02
Node 154, SINR:5.14584e-01, BpsHz:1.15177e-02
Node 53, SINR:5.14584e-01, BpsHz:1.15177e-02
Node 5, SINR:5.14584e-01, BpsHz:1.15177e-02
Node 69, SINR:5.14584e-01, BpsHz:1.15177e-02
Node 128, SINR:5.14584e-01, BpsHz:1.15177e-02
Node 7, SINR:5.14584e-01, BpsHz:1.15177e-02
Node 17, SINR:5.14584e-01, BpsHz:1.15177e-02
Node 175, SINR:5.14584e-01, BpsHz:1.15177e-02
Node 171, SINR:5.14584e-01, BpsHz:1.15177e-02
Node 98, SINR:5.14584e-01, BpsHz:1.15177e-02
Node 67, SINR:5.14584e-01, BpsHz:1.15177e-02
Node 148, SINR:5.14584e-01, BpsHz:1.15177e-02
Node 168, SINR:5.14584e-01, BpsHz:1.15177e-02
Node 60, SINR:5.14584e-01, BpsHz:1.15177e-02
Node 93, SINR:5.14584e-01, BpsHz:1.15177e-02
Node 110, SINR:5.14584e-01, BpsHz:1.15177e-02
Node 141, SINR:5.14584e-01, BpsHz:1.15177e-02
Node 157, SINR:5.14584e-01, BpsHz:1.15177e-02
Node 125, SINR:5.14584e-01, BpsHz:1.15177e-02
Node 79, SINR:5.14584e-01, BpsHz:1.15177e-02
Node 59, SINR:5.14584e-01, BpsHz:1.15177e-02
Node 87, SINR:5.14584e-01, BpsHz:1.15177e-02
Node 167, SINR:5.14584e-01, BpsHz:1.15177e-02
Node 100, SINR:5.14584e-01, BpsHz:1.15177e-02
Node 144, SINR:5.14584e-01, BpsHz:1.15177e-02
Node 90, SINR:5.14584e-01, BpsHz:1.15177e-02
Node 131, SINR:5.14584e-01, BpsHz:1.15177e-02
Node 4, SINR:5.14584e-01, BpsHz:1.15177e-02
Node 43, SINR:5.14584e-01, BpsHz:1.15177e-02
Node 99, SINR:5.14584e-01, BpsHz:1.15177e-02
Node 108, SINR:5.14584e-01, BpsHz:1.15177e-02
Node 185, SINR:5.14584e-01, BpsHz:1.15177e-02
Node 41, SINR:5.14584e-01, BpsHz:1.15177e-02
Node 80, SINR:5.14584e-01, BpsHz:1.15177e-02
---------------
==========Cluster 4, RcvInterf=1.14201e-14============
Node 35, SINR:0.00000e+00, BpsHz:0.00000e+00
Node 113, SINR:2.40549e-01, BpsHz:1.15177e-02
Node 23, SINR:2.40549e-01, BpsHz:1.15177e-02
Node 177, SINR:2.40549e-01, BpsHz:1.15177e-02
Node 51, SINR:2.40549e-01, BpsHz:1.15177e-02
Node 165, SINR:2.40549e-01, BpsHz:1.15177e-02
Node 170, SINR:2.40549e-01, BpsHz:1.15177e-02
Node 106, SINR:2.40549e-01, BpsHz:1.15177e-02
Node 169, SINR:2.40549e-01, BpsHz:1.15177e-02
Node 166, SINR:2.40549e-01, BpsHz:1.15177e-02
Node 149, SINR:2.40549e-01, BpsHz:1.15177e-02
Node 68, SINR:2.40549e-01, BpsHz:1.15177e-02
Node 109, SINR:2.40549e-01, BpsHz:1.15177e-02
Node 14, SINR:2.40549e-01, BpsHz:1.15177e-02
Node 189, SINR:2.40549e-01, BpsHz:1.15177e-02
Node 127, SINR:2.40549e-01, BpsHz:1.15177e-02
Node 18, SINR:2.40549e-01, BpsHz:1.15177e-02
Node 44, SINR:2.40549e-01, BpsHz:1.15177e-02
Node 179, SINR:2.40549e-01, BpsHz:1.15177e-02
Node 33, SINR:2.40549e-01, BpsHz:1.15177e-02
Node 137, SINR:2.40549e-01, BpsHz:1.15177e-02
Node 172, SINR:2.40549e-01, BpsHz:1.15177e-02
Node 130, SINR:2.40549e-01, BpsHz:1.15177e-02
Node 116, SINR:2.40549e-01, BpsHz:1.15177e-02
Node 61, SINR:2.40549e-01, BpsHz:1.15177e-02
Node 129, SINR:2.40549e-01, BpsHz:1.15177e-02
Node 178, SINR:2.40549e-01, BpsHz:1.15177e-02
Node 122, SINR:2.40549e-01, BpsHz:1.15177e-02
---------------
