195
5
1.000000e-03
6.193324e-297
161
3000
7.856342e+00
3.477783e+00
7.856343e-06
1.403847e-06
0 0 0 0 0 0 1 0 0 0 0 1 0 0 0 1 0 0 0 0 0 1 0 0 0 0 0 0 0 0 0 0 0 0 0 0 0 0 1 1 0 0 0 0 0 0 0 0 1 0 1 0 0 0 0 0 0 1 0 0 0 0 0 0 0 0 0 0 0 0 0 0 0 0 0 0 0 0 1 0 0 0 0 0 0 0 0 0 0 0 0 0 0 0 1 0 0 0 0 0 0 0 0 0 0 0 0 0 0 0 0 0 1 0 0 0 0 0 0 0 0 1 0 0 1 0 0 0 0 0 0 0 0 0 0 0 1 0 0 0 0 0 0 0 0 0 0 0 0 0 1 0 0 0 0 0 0 0 0 0 0 0 0 1 0 0 0 0 0 0 0 0 0 0 0 0 1 0 0 0 0 0 0 1 1 0 1 0 1 0 0 1 0 0 0 
0 0 0 0 0 0 0 0 0 0 0 0 0 0 1 0 0 0 1 0 0 0 0 1 0 0 0 0 0 0 0 0 0 1 0 1 0 0 0 0 0 0 1 0 1 0 0 0 0 1 0 1 1 0 0 0 0 0 0 0 0 0 0 0 0 0 0 0 1 0 0 0 0 0 0 0 0 0 0 0 0 0 0 0 0 0 0 0 0 0 0 0 0 0 0 0 0 0 0 0 0 0 0 0 0 0 1 1 0 1 0 1 0 1 0 0 1 0 0 0 0 0 1 0 0 0 0 1 0 1 1 0 1 0 0 0 0 1 0 0 0 0 0 0 0 0 1 0 0 1 0 0 0 0 0 0 0 0 0 0 0 0 0 0 0 1 1 0 0 0 1 0 1 0 0 0 0 1 1 1 0 0 0 0 0 0 0 0 0 1 0 0 0 0 1 
0 0 1 1 0 0 0 0 0 0 0 0 0 1 0 0 1 0 0 1 1 0 0 0 0 0 0 0 0 1 0 0 0 0 1 0 0 0 0 0 1 0 0 0 0 0 0 0 0 0 0 0 0 0 1 0 1 0 0 0 0 0 1 0 0 1 0 0 0 0 0 0 0 1 0 1 0 0 0 0 0 0 0 0 0 1 0 0 1 0 0 1 0 0 0 0 1 0 0 0 0 0 1 0 0 0 0 0 0 0 0 0 0 0 0 1 0 0 0 1 0 0 0 0 0 0 0 0 0 0 0 0 0 0 0 1 0 0 1 1 1 0 0 0 0 1 0 0 0 0 0 0 1 0 0 0 0 0 1 0 0 1 0 0 0 0 0 0 0 0 0 0 0 0 1 0 0 0 0 0 1 1 1 0 0 0 0 0 0 0 0 0 0 0 0 
0 0 0 0 0 0 0 0 0 0 1 0 1 0 0 0 0 0 0 0 0 0 1 0 1 1 0 0 1 0 1 1 1 0 0 0 0 0 0 0 0 1 0 0 0 0 0 0 0 0 0 0 0 0 0 0 0 0 0 1 0 0 0 0 0 0 0 0 0 0 1 0 0 0 0 0 1 0 0 0 0 0 1 0 0 0 0 0 0 1 1 0 0 0 0 0 0 1 0 0 0 1 0 1 0 0 0 0 0 0 0 0 0 0 0 0 0 1 0 0 0 0 0 1 0 1 0 0 0 0 0 0 0 1 0 0 0 0 0 0 0 0 1 1 1 0 0 0 1 0 0 1 0 1 0 0 1 1 0 1 0 0 0 0 1 0 0 0 0 0 0 0 0 0 0 0 0 0 0 0 0 0 0 0 0 0 0 1 0 0 0 0 1 1 0 
1 0 0 0 1 1 0 1 0 1 0 0 0 0 0 0 0 1 0 0 0 0 0 0 0 0 1 0 0 0 0 0 0 0 0 0 1 1 0 0 0 0 0 1 0 1 1 1 0 0 0 0 0 1 0 0 0 0 0 0 1 0 0 0 1 0 0 1 0 1 0 1 1 0 0 0 0 1 0 1 0 0 0 1 0 0 0 1 0 0 0 0 0 1 0 1 0 0 0 1 1 0 0 0 0 1 0 0 1 0 0 0 0 0 1 0 0 0 0 0 1 0 0 0 0 0 0 0 1 0 0 1 0 0 0 0 0 0 0 0 0 0 0 0 0 0 0 0 0 0 0 0 0 0 0 1 0 0 0 0 0 0 0 0 0 0 0 1 1 0 0 1 0 0 0 1 0 0 0 0 0 0 0 0 0 0 0 0 0 0 0 0 0 0 0 
79 178 159 188 5 
2.948016E-05 0.000000E+00 7.036408E-05 1.925872E-05 0.000000E+00 4.055800E-06 2.032790E-04 9.975245E-07 0.000000E+00 5.725458E-06 2.025517E-04 2.558628E-05 3.081763E-04 6.414213E-05 2.288562E-04 1.026691E-04 3.171022E-05 5.628336E-06 1.547865E-04 1.682412E-05 3.352392E-05 4.672856E-07 1.879649E-04 1.217273E-04 1.012568E-05 4.093960E-05 3.459315E-06 0.000000E+00 1.241635E-04 4.718770E-05 9.847476E-05 3.889816E-06 3.084449E-05 2.368526E-05 5.076505E-05 2.376386E-05 4.239337E-05 9.967536E-06 2.227212E-05 1.872465E-05 9.940588E-06 4.963732E-05 8.743103E-05 1.185870E-04 4.791519E-04 6.650622E-05 5.334198E-08 5.102184E-05 9.962774E-07 6.950019E-06 6.327656E-06 8.275756E-05 1.370656E-04 7.912615E-04 4.634114E-04 0.000000E+00 2.696833E-04 4.048909E-05 0.000000E+00 8.246527E-05 1.355068E-04 0.000000E+00 1.634110E-04 0.000000E+00 7.445936E-05 3.176553E-05 0.000000E+00 1.134916E-04 5.699516E-05 9.936295E-06 5.035054E-07 1.153981E-06 8.788765E-05 1.879864E-06 0.000000E+00 3.270017E-05 8.605638E-05 4.581009E-07 0.000000E+00 3.569227E-04 0.000000E+00 0.000000E+00 5.376173E-05 2.387735E-05 0.000000E+00 4.831772E-06 0.000000E+00 6.462203E-05 1.690886E-05 4.702988E-05 2.809094E-05 3.458561E-07 0.000000E+00 5.278677E-06 1.765527E-06 1.218009E-05 1.892425E-04 1.200307E-04 0.000000E+00 9.994346E-04 3.044147E-04 2.183688E-05 1.336882E-05 6.404844E-06 0.000000E+00 1.103778E-05 2.272457E-05 9.078240E-05 2.553392E-04 9.133363E-05 0.000000E+00 8.881062E-05 6.054930E-07 9.663491E-05 6.108166E-04 3.017795E-05 3.129319E-04 7.026958E-05 0.000000E+00 2.197697E-05 3.291261E-05 4.938978E-05 3.925823E-07 6.664959E-06 3.648343E-05 7.366957E-05 0.000000E+00 4.742621E-04 2.498073E-05 1.106926E-04 5.137331E-08 3.413963E-04 2.124056E-04 7.663816E-09 0.000000E+00 1.060663E-06 1.500302E-04 2.702362E-05 1.033133E-04 1.230284E-06 1.092414E-07 0.000000E+00 3.818428E-06 2.618771E-05 1.489773E-05 3.601696E-05 5.498461E-06 0.000000E+00 2.856288E-05 4.765756E-06 8.854067E-06 1.847358E-05 2.963712E-05 4.249029E-05 0.000000E+00 1.170978E-04 1.046074E-04 1.686347E-04 0.000000E+00 1.272332E-04 0.000000E+00 2.206308E-05 0.000000E+00 2.200927E-06 5.004305E-05 9.511372E-05 1.814117E-05 5.706710E-05 8.122179E-08 0.000000E+00 1.536230E-04 3.056697E-05 6.049506E-05 0.000000E+00 1.959360E-05 1.696665E-04 4.694809E-05 0.000000E+00 5.825944E-07 6.402212E-05 2.581268E-05 4.163962E-06 2.291821E-06 1.001359E-04 2.770399E-06 0.000000E+00 1.075494E-04 0.000000E+00 1.901470E-06 8.080379E-05 0.000000E+00 7.215996E-05 2.828570E-05 5.574029E-05 6.980892E-05 
79 177 184 187 22 164 51 185 7 189 39 12 95 151 113 40 125 49 58 122 16 192 137 
178 123 138 190 50 130 19 15 166 52 24 173 171 195 147 114 167 150 69 108 107 180 112 179 110 36 131 117 34 45 43 133 53 128 
159 141 140 182 153 162 74 86 146 14 41 120 181 92 20 63 175 183 4 116 136 139 103 89 66 57 30 76 97 17 3 21 35 55 
188 149 25 152 91 32 124 33 194 71 144 77 160 90 165 104 102 145 26 118 143 83 42 157 193 134 11 29 13 60 23 154 158 126 31 98 
5 176 94 129 84 38 169 46 101 48 168 109 172 132 1 68 18 73 100 156 37 27 47 96 106 72 6 80 65 88 61 70 78 115 121 10 8 54 44 

============Find Best @ Round 2475================
==========Cluster 0, RcvInterf=1.76867e-14============
Node 78, SINR:0.00000e+00, BpsHz:0.00000e+00
Node 176, SINR:2.77295e-01, BpsHz:1.60496e-02
Node 183, SINR:2.77295e-01, BpsHz:1.60496e-02
Node 186, SINR:2.77295e-01, BpsHz:1.60496e-02
Node 21, SINR:2.77295e-01, BpsHz:1.60496e-02
Node 163, SINR:2.77295e-01, BpsHz:1.60496e-02
Node 50, SINR:2.77295e-01, BpsHz:1.60496e-02
Node 184, SINR:2.77295e-01, BpsHz:1.60496e-02
Node 6, SINR:2.77295e-01, BpsHz:1.60496e-02
Node 188, SINR:2.77295e-01, BpsHz:1.60496e-02
Node 38, SINR:2.77295e-01, BpsHz:1.60496e-02
Node 11, SINR:2.77295e-01, BpsHz:1.60496e-02
Node 94, SINR:2.77295e-01, BpsHz:1.60496e-02
Node 150, SINR:2.77295e-01, BpsHz:1.60496e-02
Node 112, SINR:2.77295e-01, BpsHz:1.60496e-02
Node 39, SINR:2.77295e-01, BpsHz:1.60496e-02
Node 124, SINR:2.77295e-01, BpsHz:1.60496e-02
Node 48, SINR:2.77295e-01, BpsHz:1.60496e-02
Node 57, SINR:2.77295e-01, BpsHz:1.60496e-02
Node 121, SINR:2.77295e-01, BpsHz:1.60496e-02
Node 15, SINR:2.77295e-01, BpsHz:1.60496e-02
Node 191, SINR:2.77295e-01, BpsHz:1.60496e-02
Node 136, SINR:2.77295e-01, BpsHz:1.60496e-02
---------------
==========Cluster 1, RcvInterf=6.35041e-15============
Node 177, SINR:0.00000e+00, BpsHz:0.00000e+00
Node 122, SINR:4.43566e-01, BpsHz:1.60496e-02
Node 137, SINR:4.43566e-01, BpsHz:1.60496e-02
Node 189, SINR:4.43566e-01, BpsHz:1.60496e-02
Node 49, SINR:4.43566e-01, BpsHz:1.60496e-02
Node 129, SINR:4.43566e-01, BpsHz:1.60496e-02
Node 18, SINR:4.43566e-01, BpsHz:1.60496e-02
Node 14, SINR:4.43566e-01, BpsHz:1.60496e-02
Node 165, SINR:4.43566e-01, BpsHz:1.60496e-02
Node 51, SINR:4.43566e-01, BpsHz:1.60496e-02
Node 23, SINR:4.43566e-01, BpsHz:1.60496e-02
Node 172, SINR:4.43566e-01, BpsHz:1.60496e-02
Node 170, SINR:4.43566e-01, BpsHz:1.60496e-02
Node 194, SINR:4.43566e-01, BpsHz:1.60496e-02
Node 146, SINR:4.43566e-01, BpsHz:1.60496e-02
Node 113, SINR:4.43566e-01, BpsHz:1.60496e-02
Node 166, SINR:4.43566e-01, BpsHz:1.60496e-02
Node 149, SINR:4.43566e-01, BpsHz:1.60496e-02
Node 68, SINR:4.43566e-01, BpsHz:1.60496e-02
Node 107, SINR:4.43566e-01, BpsHz:1.60496e-02
Node 106, SINR:4.43566e-01, BpsHz:1.60496e-02
Node 179, SINR:4.43566e-01, BpsHz:1.60496e-02
Node 111, SINR:4.43566e-01, BpsHz:1.60496e-02
Node 178, SINR:4.43566e-01, BpsHz:1.60496e-02
Node 109, SINR:4.43566e-01, BpsHz:1.60496e-02
Node 35, SINR:4.43566e-01, BpsHz:1.60496e-02
Node 130, SINR:4.43566e-01, BpsHz:1.60496e-02
Node 116, SINR:4.43566e-01, BpsHz:1.60496e-02
Node 33, SINR:4.43566e-01, BpsHz:1.60496e-02
Node 44, SINR:4.43566e-01, BpsHz:1.60496e-02
Node 42, SINR:4.43566e-01, BpsHz:1.60496e-02
Node 132, SINR:4.43566e-01, BpsHz:1.60496e-02
Node 52, SINR:4.43566e-01, BpsHz:1.60496e-02
Node 127, SINR:4.43566e-01, BpsHz:1.60496e-02
---------------
==========Cluster 2, RcvInterf=1.12846e-14============
Node 158, SINR:0.00000e+00, BpsHz:0.00000e+00
Node 140, SINR:4.43566e-01, BpsHz:1.60496e-02
Node 139, SINR:4.43566e-01, BpsHz:1.60496e-02
Node 181, SINR:4.43566e-01, BpsHz:1.60496e-02
Node 152, SINR:4.43566e-01, BpsHz:1.60496e-02
Node 161, SINR:4.43566e-01, BpsHz:1.60496e-02
Node 73, SINR:4.43566e-01, BpsHz:1.60496e-02
Node 85, SINR:4.43566e-01, BpsHz:1.60496e-02
Node 145, SINR:4.43566e-01, BpsHz:1.60496e-02
Node 13, SINR:4.43566e-01, BpsHz:1.60496e-02
Node 40, SINR:4.43566e-01, BpsHz:1.60496e-02
Node 119, SINR:4.43566e-01, BpsHz:1.60496e-02
Node 180, SINR:4.43566e-01, BpsHz:1.60496e-02
Node 91, SINR:4.43566e-01, BpsHz:1.60496e-02
Node 19, SINR:4.43566e-01, BpsHz:1.60496e-02
Node 62, SINR:4.43566e-01, BpsHz:1.60496e-02
Node 174, SINR:4.43566e-01, BpsHz:1.60496e-02
Node 182, SINR:4.43566e-01, BpsHz:1.60496e-02
Node 3, SINR:4.43566e-01, BpsHz:1.60496e-02
Node 115, SINR:4.43566e-01, BpsHz:1.60496e-02
Node 135, SINR:4.43566e-01, BpsHz:1.60496e-02
Node 138, SINR:4.43566e-01, BpsHz:1.60496e-02
Node 102, SINR:4.43566e-01, BpsHz:1.60496e-02
Node 88, SINR:4.43566e-01, BpsHz:1.60496e-02
Node 65, SINR:4.43566e-01, BpsHz:1.60496e-02
Node 56, SINR:4.43566e-01, BpsHz:1.60496e-02
Node 29, SINR:4.43566e-01, BpsHz:1.60496e-02
Node 75, SINR:4.43566e-01, BpsHz:1.60496e-02
Node 96, SINR:4.43566e-01, BpsHz:1.60496e-02
Node 16, SINR:4.43566e-01, BpsHz:1.60496e-02
Node 2, SINR:4.43566e-01, BpsHz:1.60496e-02
Node 20, SINR:4.43566e-01, BpsHz:1.60496e-02
Node 34, SINR:4.43566e-01, BpsHz:1.60496e-02
Node 54, SINR:4.43566e-01, BpsHz:1.60496e-02
---------------
==========Cluster 3, RcvInterf=1.12214e-14============
Node 187, SINR:0.00000e+00, BpsHz:0.00000e+00
Node 148, SINR:4.76045e-01, BpsHz:1.60496e-02
Node 24, SINR:4.76045e-01, BpsHz:1.60496e-02
Node 151, SINR:4.76045e-01, BpsHz:1.60496e-02
Node 90, SINR:4.76045e-01, BpsHz:1.60496e-02
Node 31, SINR:4.76045e-01, BpsHz:1.60496e-02
Node 123, SINR:4.76045e-01, BpsHz:1.60496e-02
Node 32, SINR:4.76045e-01, BpsHz:1.60496e-02
Node 193, SINR:4.76045e-01, BpsHz:1.60496e-02
Node 70, SINR:4.76045e-01, BpsHz:1.60496e-02
Node 143, SINR:4.76045e-01, BpsHz:1.60496e-02
Node 76, SINR:4.76045e-01, BpsHz:1.60496e-02
Node 159, SINR:4.76045e-01, BpsHz:1.60496e-02
Node 89, SINR:4.76045e-01, BpsHz:1.60496e-02
Node 164, SINR:4.76045e-01, BpsHz:1.60496e-02
Node 103, SINR:4.76045e-01, BpsHz:1.60496e-02
Node 101, SINR:4.76045e-01, BpsHz:1.60496e-02
Node 144, SINR:4.76045e-01, BpsHz:1.60496e-02
Node 25, SINR:4.76045e-01, BpsHz:1.60496e-02
Node 117, SINR:4.76045e-01, BpsHz:1.60496e-02
Node 142, SINR:4.76045e-01, BpsHz:1.60496e-02
Node 82, SINR:4.76045e-01, BpsHz:1.60496e-02
Node 41, SINR:4.76045e-01, BpsHz:1.60496e-02
Node 156, SINR:4.76045e-01, BpsHz:1.60496e-02
Node 192, SINR:4.76045e-01, BpsHz:1.60496e-02
Node 133, SINR:4.76045e-01, BpsHz:1.60496e-02
Node 10, SINR:4.76045e-01, BpsHz:1.60496e-02
Node 28, SINR:4.76045e-01, BpsHz:1.60496e-02
Node 12, SINR:4.76045e-01, BpsHz:1.60496e-02
Node 59, SINR:4.76045e-01, BpsHz:1.60496e-02
Node 22, SINR:4.76045e-01, BpsHz:1.60496e-02
Node 153, SINR:4.76045e-01, BpsHz:1.60496e-02
Node 157, SINR:4.76045e-01, BpsHz:1.60496e-02
Node 125, SINR:4.76045e-01, BpsHz:1.60496e-02
Node 30, SINR:4.76045e-01, BpsHz:1.60496e-02
Node 97, SINR:4.76045e-01, BpsHz:1.60496e-02
---------------
==========Cluster 4, RcvInterf=1.21447e-14============
Node 4, SINR:0.00000e+00, BpsHz:0.00000e+00
Node 175, SINR:5.26138e-01, BpsHz:1.60496e-02
Node 93, SINR:5.26138e-01, BpsHz:1.60496e-02
Node 128, SINR:5.26138e-01, BpsHz:1.60496e-02
Node 83, SINR:5.26138e-01, BpsHz:1.60496e-02
Node 37, SINR:5.26138e-01, BpsHz:1.60496e-02
Node 168, SINR:5.26138e-01, BpsHz:1.60496e-02
Node 45, SINR:5.26138e-01, BpsHz:1.60496e-02
Node 100, SINR:5.26138e-01, BpsHz:1.60496e-02
Node 47, SINR:5.26138e-01, BpsHz:1.60496e-02
Node 167, SINR:5.26138e-01, BpsHz:1.60496e-02
Node 108, SINR:5.26138e-01, BpsHz:1.60496e-02
Node 171, SINR:5.26138e-01, BpsHz:1.60496e-02
Node 131, SINR:5.26138e-01, BpsHz:1.60496e-02
Node 0, SINR:5.26138e-01, BpsHz:1.60496e-02
Node 67, SINR:5.26138e-01, BpsHz:1.60496e-02
Node 17, SINR:5.26138e-01, BpsHz:1.60496e-02
Node 72, SINR:5.26138e-01, BpsHz:1.60496e-02
Node 99, SINR:5.26138e-01, BpsHz:1.60496e-02
Node 155, SINR:5.26138e-01, BpsHz:1.60496e-02
Node 36, SINR:5.26138e-01, BpsHz:1.60496e-02
Node 26, SINR:5.26138e-01, BpsHz:1.60496e-02
Node 46, SINR:5.26138e-01, BpsHz:1.60496e-02
Node 95, SINR:5.26138e-01, BpsHz:1.60496e-02
Node 105, SINR:5.26138e-01, BpsHz:1.60496e-02
Node 71, SINR:5.26138e-01, BpsHz:1.60496e-02
Node 5, SINR:5.26138e-01, BpsHz:1.60496e-02
Node 79, SINR:5.26138e-01, BpsHz:1.60496e-02
Node 64, SINR:5.26138e-01, BpsHz:1.60496e-02
Node 87, SINR:5.26138e-01, BpsHz:1.60496e-02
Node 60, SINR:5.26138e-01, BpsHz:1.60496e-02
Node 69, SINR:5.26138e-01, BpsHz:1.60496e-02
Node 77, SINR:5.26138e-01, BpsHz:1.60496e-02
Node 114, SINR:5.26138e-01, BpsHz:1.60496e-02
Node 120, SINR:5.26138e-01, BpsHz:1.60496e-02
Node 9, SINR:5.26138e-01, BpsHz:1.60496e-02
Node 7, SINR:5.26138e-01, BpsHz:1.60496e-02
Node 53, SINR:5.26138e-01, BpsHz:1.60496e-02
Node 43, SINR:5.26138e-01, BpsHz:1.60496e-02
---------------
195
5
1.000000e-03
1.211843e-296
181
3000
9.256903e+00
5.300293e+00
9.256904e-06
2.586001e-06
0 0 0 0 0 0 1 0 1 0 0 1 0 0 0 0 0 0 0 0 0 1 1 0 0 0 0 0 1 0 1 0 1 0 0 0 0 0 1 1 0 0 0 0 0 0 0 0 1 0 1 0 1 0 0 1 0 1 0 0 0 0 0 1 0 0 1 0 0 0 0 0 0 0 0 0 0 0 1 0 0 0 0 0 1 0 0 0 0 0 0 0 1 0 1 0 0 1 0 0 0 0 0 0 0 0 0 0 0 0 0 0 1 0 0 0 0 0 1 0 0 1 0 0 1 0 0 0 0 0 0 0 0 0 0 0 0 0 0 0 0 0 0 0 0 0 0 1 0 0 1 0 0 1 0 0 0 0 0 0 0 0 0 1 0 0 0 0 0 0 0 0 0 0 0 0 1 0 0 0 0 0 0 1 1 0 1 0 1 0 0 1 0 0 0 
0 0 0 0 0 0 0 0 0 0 0 0 0 0 1 1 0 0 1 0 0 0 0 0 0 0 0 0 0 0 0 0 0 1 0 1 0 0 0 0 0 0 0 0 0 0 0 0 0 1 0 1 0 0 0 0 0 0 1 0 0 0 0 0 0 0 0 0 1 0 0 0 0 0 0 0 0 0 0 0 0 0 0 0 0 0 1 0 0 0 0 0 0 0 0 0 0 0 0 0 0 0 0 0 0 0 1 0 0 1 0 0 0 1 0 0 0 0 0 0 0 0 1 0 0 0 0 0 0 1 1 0 1 0 1 0 1 1 0 0 0 0 0 0 0 0 1 0 0 1 0 0 0 0 0 0 0 0 0 0 0 0 0 0 0 1 1 0 0 0 1 0 1 0 0 0 0 1 1 1 0 0 0 0 0 0 0 0 0 1 0 0 0 0 1 
0 0 0 0 0 0 0 0 0 0 0 0 1 0 0 0 0 0 0 0 0 0 0 0 1 1 0 0 0 0 0 1 0 0 0 0 0 0 0 0 0 1 0 1 0 0 0 0 0 0 0 0 0 1 0 0 0 0 0 1 0 0 0 0 0 0 0 0 0 0 1 0 0 0 0 0 1 0 0 0 0 0 1 0 0 0 0 0 0 1 1 0 0 0 0 0 0 0 0 1 0 1 0 1 0 0 0 0 0 0 1 0 0 0 1 0 0 1 0 0 0 0 0 1 0 1 0 0 0 0 0 0 0 1 0 0 0 0 0 0 0 0 1 1 1 0 0 0 1 0 0 1 0 0 0 0 1 1 0 1 0 0 1 0 1 0 0 1 0 0 0 0 0 0 0 0 0 0 0 0 0 0 0 0 0 0 0 1 0 0 0 0 1 1 0 
0 0 1 1 0 0 0 0 0 0 0 0 0 0 0 0 0 0 0 0 0 0 0 1 0 0 0 1 0 1 0 0 0 0 0 0 0 0 0 0 0 0 1 0 1 0 0 0 0 0 0 0 0 0 0 0 1 0 0 0 0 1 1 0 0 1 0 0 0 0 0 0 0 1 0 0 0 0 0 0 0 0 0 0 0 0 0 0 0 0 0 1 0 0 0 0 1 0 0 0 0 0 0 0 0 0 0 1 0 0 0 0 0 0 0 1 0 0 0 1 0 0 0 0 0 0 0 1 0 0 0 0 0 0 0 1 0 0 1 1 1 0 0 0 0 1 0 0 0 0 0 0 1 0 0 0 0 0 1 0 0 1 0 0 0 0 0 0 0 1 0 0 0 1 1 0 0 0 0 0 1 1 1 0 0 0 0 0 0 0 1 0 0 0 0 
0 0 0 0 1 1 0 1 0 1 0 0 0 1 0 0 1 1 0 1 1 0 0 0 0 0 1 0 0 0 0 0 0 0 1 0 1 1 0 0 1 0 0 0 0 1 1 1 0 0 0 0 0 0 1 0 0 0 0 0 0 0 0 0 1 0 0 1 0 1 0 1 1 0 0 1 0 1 0 1 1 1 0 1 0 1 0 1 1 0 0 0 0 1 0 1 0 0 0 0 1 0 1 0 1 1 0 0 1 0 0 0 0 0 0 0 0 0 0 0 1 0 0 0 0 0 0 0 1 0 0 1 0 0 0 0 0 0 0 0 0 1 0 0 0 0 0 0 0 0 0 0 0 0 1 1 0 0 0 0 1 0 0 0 0 0 0 0 1 0 0 1 0 0 0 1 0 0 0 0 0 0 0 0 0 1 0 0 0 0 0 0 0 0 0 
164 150 32 146 18 
0.000000E+00 0.000000E+00 4.614369E-06 1.368852E-08 5.257129E-06 1.532693E-05 2.918669E-04 9.357566E-08 2.588817E-05 4.169567E-05 0.000000E+00 2.227048E-05 5.764281E-04 3.653517E-04 3.701243E-04 1.100211E-04 4.872171E-05 0.000000E+00 1.174091E-05 3.061403E-04 2.711553E-05 2.315483E-05 4.204288E-04 1.602281E-04 5.328530E-05 1.087159E-04 1.383312E-05 2.955640E-05 8.015404E-05 3.639939E-05 1.723585E-05 0.000000E+00 1.513507E-04 1.425702E-06 5.711230E-05 5.862057E-05 7.943124E-05 8.232355E-05 5.258778E-05 1.544028E-04 7.092960E-05 1.259177E-06 5.089778E-05 3.785515E-05 5.807054E-04 3.527046E-04 5.902224E-06 5.835221E-05 3.580318E-07 4.473531E-06 3.385577E-06 1.933563E-05 2.952515E-04 3.660810E-04 4.313307E-04 9.927188E-06 8.889497E-05 1.249487E-05 4.682886E-05 2.269389E-05 0.000000E+00 2.468237E-05 6.489440E-05 2.205177E-04 3.152918E-04 3.910607E-04 6.074075E-06 1.983167E-04 8.714867E-06 2.343048E-07 2.033561E-05 3.507330E-07 2.984988E-04 6.926341E-06 0.000000E+00 3.941654E-05 2.036722E-04 2.133520E-05 2.468999E-06 1.262388E-04 1.613488E-04 1.046140E-05 1.466582E-04 1.640183E-05 7.429513E-05 2.228529E-04 6.112841E-05 2.066167E-06 3.881494E-05 7.354221E-05 9.620992E-07 3.079010E-05 2.618644E-04 4.996871E-05 2.473666E-06 3.027208E-06 2.590141E-05 1.353206E-05 0.000000E+00 5.109331E-04 8.735852E-05 2.333966E-05 2.799153E-04 6.780947E-05 1.280910E-05 2.588915E-06 2.247653E-05 2.501654E-04 6.336251E-04 2.505349E-05 2.286661E-05 0.000000E+00 1.248532E-05 2.277299E-04 6.208417E-04 9.826176E-06 0.000000E+00 5.815821E-06 3.538058E-04 2.317083E-07 7.299181E-05 2.232336E-05 9.801287E-06 7.961890E-06 2.099974E-04 7.029292E-06 0.000000E+00 1.320387E-04 2.828420E-06 5.564712E-06 6.292124E-07 9.999116E-04 1.993912E-05 1.314553E-06 3.012772E-05 2.589613E-06 1.214152E-04 1.348461E-04 2.279203E-05 3.259128E-06 3.434809E-05 2.753367E-04 1.743964E-07 3.930419E-05 3.472648E-06 0.000000E+00 6.997402E-06 8.880441E-05 6.924744E-06 0.000000E+00 4.714604E-06 9.728217E-05 2.559425E-06 4.799752E-05 1.238089E-04 1.466481E-04 1.065919E-04 1.393348E-05 2.818335E-05 1.479565E-04 8.265743E-05 2.601921E-04 3.096997E-05 0.000000E+00 2.117581E-04 4.381621E-05 9.961699E-05 8.343461E-05 1.781515E-05 2.436859E-05 2.989017E-04 1.144311E-04 1.083007E-04 2.025031E-05 1.859334E-06 1.292542E-04 1.021920E-04 3.699768E-06 3.948979E-07 2.263026E-06 7.666313E-07 1.132674E-06 1.660199E-04 2.366601E-04 1.917801E-05 4.254300E-04 1.878488E-04 2.899433E-06 3.940854E-05 2.955869E-05 2.507743E-05 1.073353E-05 3.475010E-05 1.149558E-04 2.926476E-06 
164 51 151 95 58 12 22 189 177 98 113 56 31 125 184 9 148 192 67 187 29 40 185 64 7 93 119 49 154 85 122 79 39 33 23 53 
150 50 166 107 137 173 167 34 110 195 69 179 130 19 16 36 178 147 131 180 135 59 190 15 52 123 133 87 114 171 138 
32 42 143 91 124 157 134 71 102 158 188 144 145 118 160 126 163 25 193 54 111 168 90 149 194 115 100 60 77 83 104 44 13 152 165 26 
146 136 120 97 170 159 139 140 62 4 175 174 28 141 45 24 74 92 63 116 30 128 43 191 181 162 153 57 182 3 66 183 108 
18 88 47 96 21 6 80 169 106 70 10 89 5 27 105 72 101 37 8 78 109 65 35 55 14 156 94 17 82 73 38 161 121 48 172 41 46 81 76 84 20 132 176 155 129 103 68 142 86 186 

============Find Best @ Round 2788================
==========Cluster 0, RcvInterf=2.01369e-14============
Node 163, SINR:0.00000e+00, BpsHz:0.00000e+00
Node 50, SINR:2.91084e-01, BpsHz:1.05309e-02
Node 150, SINR:2.91084e-01, BpsHz:1.05309e-02
Node 94, SINR:2.91084e-01, BpsHz:1.05309e-02
Node 57, SINR:2.91084e-01, BpsHz:1.05309e-02
Node 11, SINR:2.91084e-01, BpsHz:1.05309e-02
Node 21, SINR:2.91084e-01, BpsHz:1.05309e-02
Node 188, SINR:2.91084e-01, BpsHz:1.05309e-02
Node 176, SINR:2.91084e-01, BpsHz:1.05309e-02
Node 97, SINR:2.91084e-01, BpsHz:1.05309e-02
Node 112, SINR:2.91084e-01, BpsHz:1.05309e-02
Node 55, SINR:2.91084e-01, BpsHz:1.05309e-02
Node 30, SINR:2.91084e-01, BpsHz:1.05309e-02
Node 124, SINR:2.91084e-01, BpsHz:1.05309e-02
Node 183, SINR:2.91084e-01, BpsHz:1.05309e-02
Node 8, SINR:2.91084e-01, BpsHz:1.05309e-02
Node 147, SINR:2.91084e-01, BpsHz:1.05309e-02
Node 191, SINR:2.91084e-01, BpsHz:1.05309e-02
Node 66, SINR:2.91084e-01, BpsHz:1.05309e-02
Node 186, SINR:2.91084e-01, BpsHz:1.05309e-02
Node 28, SINR:2.91084e-01, BpsHz:1.05309e-02
Node 39, SINR:2.91084e-01, BpsHz:1.05309e-02
Node 184, SINR:2.91084e-01, BpsHz:1.05309e-02
Node 63, SINR:2.91084e-01, BpsHz:1.05309e-02
Node 6, SINR:2.91084e-01, BpsHz:1.05309e-02
Node 92, SINR:2.91084e-01, BpsHz:1.05309e-02
Node 118, SINR:2.91084e-01, BpsHz:1.05309e-02
Node 48, SINR:2.91084e-01, BpsHz:1.05309e-02
Node 153, SINR:2.91084e-01, BpsHz:1.05309e-02
Node 84, SINR:2.91084e-01, BpsHz:1.05309e-02
Node 121, SINR:2.91084e-01, BpsHz:1.05309e-02
Node 78, SINR:2.91084e-01, BpsHz:1.05309e-02
Node 38, SINR:2.91084e-01, BpsHz:1.05309e-02
Node 32, SINR:2.91084e-01, BpsHz:1.05309e-02
Node 22, SINR:2.91084e-01, BpsHz:1.05309e-02
Node 52, SINR:2.91084e-01, BpsHz:1.05309e-02
---------------
==========Cluster 1, RcvInterf=1.62511e-14============
Node 149, SINR:0.00000e+00, BpsHz:0.00000e+00
Node 49, SINR:2.44812e-01, BpsHz:1.05309e-02
Node 165, SINR:2.44812e-01, BpsHz:1.05309e-02
Node 106, SINR:2.44812e-01, BpsHz:1.05309e-02
Node 136, SINR:2.44812e-01, BpsHz:1.05309e-02
Node 172, SINR:2.44812e-01, BpsHz:1.05309e-02
Node 166, SINR:2.44812e-01, BpsHz:1.05309e-02
Node 33, SINR:2.44812e-01, BpsHz:1.05309e-02
Node 109, SINR:2.44812e-01, BpsHz:1.05309e-02
Node 194, SINR:2.44812e-01, BpsHz:1.05309e-02
Node 68, SINR:2.44812e-01, BpsHz:1.05309e-02
Node 178, SINR:2.44812e-01, BpsHz:1.05309e-02
Node 129, SINR:2.44812e-01, BpsHz:1.05309e-02
Node 18, SINR:2.44812e-01, BpsHz:1.05309e-02
Node 15, SINR:2.44812e-01, BpsHz:1.05309e-02
Node 35, SINR:2.44812e-01, BpsHz:1.05309e-02
Node 177, SINR:2.44812e-01, BpsHz:1.05309e-02
Node 146, SINR:2.44812e-01, BpsHz:1.05309e-02
Node 130, SINR:2.44812e-01, BpsHz:1.05309e-02
Node 179, SINR:2.44812e-01, BpsHz:1.05309e-02
Node 134, SINR:2.44812e-01, BpsHz:1.05309e-02
Node 58, SINR:2.44812e-01, BpsHz:1.05309e-02
Node 189, SINR:2.44812e-01, BpsHz:1.05309e-02
Node 14, SINR:2.44812e-01, BpsHz:1.05309e-02
Node 51, SINR:2.44812e-01, BpsHz:1.05309e-02
Node 122, SINR:2.44812e-01, BpsHz:1.05309e-02
Node 132, SINR:2.44812e-01, BpsHz:1.05309e-02
Node 86, SINR:2.44812e-01, BpsHz:1.05309e-02
Node 113, SINR:2.44812e-01, BpsHz:1.05309e-02
Node 170, SINR:2.44812e-01, BpsHz:1.05309e-02
Node 137, SINR:2.44812e-01, BpsHz:1.05309e-02
---------------
==========Cluster 2, RcvInterf=1.76217e-14============
Node 31, SINR:0.00000e+00, BpsHz:0.00000e+00
Node 41, SINR:2.91084e-01, BpsHz:1.05309e-02
Node 142, SINR:2.91084e-01, BpsHz:1.05309e-02
Node 90, SINR:2.91084e-01, BpsHz:1.05309e-02
Node 123, SINR:2.91084e-01, BpsHz:1.05309e-02
Node 156, SINR:2.91084e-01, BpsHz:1.05309e-02
Node 133, SINR:2.91084e-01, BpsHz:1.05309e-02
Node 70, SINR:2.91084e-01, BpsHz:1.05309e-02
Node 101, SINR:2.91084e-01, BpsHz:1.05309e-02
Node 157, SINR:2.91084e-01, BpsHz:1.05309e-02
Node 187, SINR:2.91084e-01, BpsHz:1.05309e-02
Node 143, SINR:2.91084e-01, BpsHz:1.05309e-02
Node 144, SINR:2.91084e-01, BpsHz:1.05309e-02
Node 117, SINR:2.91084e-01, BpsHz:1.05309e-02
Node 159, SINR:2.91084e-01, BpsHz:1.05309e-02
Node 125, SINR:2.91084e-01, BpsHz:1.05309e-02
Node 162, SINR:2.91084e-01, BpsHz:1.05309e-02
Node 24, SINR:2.91084e-01, BpsHz:1.05309e-02
Node 192, SINR:2.91084e-01, BpsHz:1.05309e-02
Node 53, SINR:2.91084e-01, BpsHz:1.05309e-02
Node 110, SINR:2.91084e-01, BpsHz:1.05309e-02
Node 167, SINR:2.91084e-01, BpsHz:1.05309e-02
Node 89, SINR:2.91084e-01, BpsHz:1.05309e-02
Node 148, SINR:2.91084e-01, BpsHz:1.05309e-02
Node 193, SINR:2.91084e-01, BpsHz:1.05309e-02
Node 114, SINR:2.91084e-01, BpsHz:1.05309e-02
Node 99, SINR:2.91084e-01, BpsHz:1.05309e-02
Node 59, SINR:2.91084e-01, BpsHz:1.05309e-02
Node 76, SINR:2.91084e-01, BpsHz:1.05309e-02
Node 82, SINR:2.91084e-01, BpsHz:1.05309e-02
Node 103, SINR:2.91084e-01, BpsHz:1.05309e-02
Node 43, SINR:2.91084e-01, BpsHz:1.05309e-02
Node 12, SINR:2.91084e-01, BpsHz:1.05309e-02
Node 151, SINR:2.91084e-01, BpsHz:1.05309e-02
Node 164, SINR:2.91084e-01, BpsHz:1.05309e-02
Node 25, SINR:2.91084e-01, BpsHz:1.05309e-02
---------------
==========Cluster 3, RcvInterf=2.06306e-14============
Node 145, SINR:0.00000e+00, BpsHz:0.00000e+00
Node 135, SINR:2.63119e-01, BpsHz:1.05309e-02
Node 119, SINR:2.63119e-01, BpsHz:1.05309e-02
Node 96, SINR:2.63119e-01, BpsHz:1.05309e-02
Node 169, SINR:2.63119e-01, BpsHz:1.05309e-02
Node 158, SINR:2.63119e-01, BpsHz:1.05309e-02
Node 138, SINR:2.63119e-01, BpsHz:1.05309e-02
Node 139, SINR:2.63119e-01, BpsHz:1.05309e-02
Node 61, SINR:2.63119e-01, BpsHz:1.05309e-02
Node 3, SINR:2.63119e-01, BpsHz:1.05309e-02
Node 174, SINR:2.63119e-01, BpsHz:1.05309e-02
Node 173, SINR:2.63119e-01, BpsHz:1.05309e-02
Node 27, SINR:2.63119e-01, BpsHz:1.05309e-02
Node 140, SINR:2.63119e-01, BpsHz:1.05309e-02
Node 44, SINR:2.63119e-01, BpsHz:1.05309e-02
Node 23, SINR:2.63119e-01, BpsHz:1.05309e-02
Node 73, SINR:2.63119e-01, BpsHz:1.05309e-02
Node 91, SINR:2.63119e-01, BpsHz:1.05309e-02
Node 62, SINR:2.63119e-01, BpsHz:1.05309e-02
Node 115, SINR:2.63119e-01, BpsHz:1.05309e-02
Node 29, SINR:2.63119e-01, BpsHz:1.05309e-02
Node 127, SINR:2.63119e-01, BpsHz:1.05309e-02
Node 42, SINR:2.63119e-01, BpsHz:1.05309e-02
Node 190, SINR:2.63119e-01, BpsHz:1.05309e-02
Node 180, SINR:2.63119e-01, BpsHz:1.05309e-02
Node 161, SINR:2.63119e-01, BpsHz:1.05309e-02
Node 152, SINR:2.63119e-01, BpsHz:1.05309e-02
Node 56, SINR:2.63119e-01, BpsHz:1.05309e-02
Node 181, SINR:2.63119e-01, BpsHz:1.05309e-02
Node 2, SINR:2.63119e-01, BpsHz:1.05309e-02
Node 65, SINR:2.63119e-01, BpsHz:1.05309e-02
Node 182, SINR:2.63119e-01, BpsHz:1.05309e-02
Node 107, SINR:2.63119e-01, BpsHz:1.05309e-02
---------------
==========Cluster 4, RcvInterf=1.64516e-14============
Node 17, SINR:0.00000e+00, BpsHz:0.00000e+00
Node 87, SINR:4.30001e-01, BpsHz:1.05309e-02
Node 46, SINR:4.30001e-01, BpsHz:1.05309e-02
Node 95, SINR:4.30001e-01, BpsHz:1.05309e-02
Node 20, SINR:4.30001e-01, BpsHz:1.05309e-02
Node 5, SINR:4.30001e-01, BpsHz:1.05309e-02
Node 79, SINR:4.30001e-01, BpsHz:1.05309e-02
Node 168, SINR:4.30001e-01, BpsHz:1.05309e-02
Node 105, SINR:4.30001e-01, BpsHz:1.05309e-02
Node 69, SINR:4.30001e-01, BpsHz:1.05309e-02
Node 9, SINR:4.30001e-01, BpsHz:1.05309e-02
Node 88, SINR:4.30001e-01, BpsHz:1.05309e-02
Node 4, SINR:4.30001e-01, BpsHz:1.05309e-02
Node 26, SINR:4.30001e-01, BpsHz:1.05309e-02
Node 104, SINR:4.30001e-01, BpsHz:1.05309e-02
Node 71, SINR:4.30001e-01, BpsHz:1.05309e-02
Node 100, SINR:4.30001e-01, BpsHz:1.05309e-02
Node 36, SINR:4.30001e-01, BpsHz:1.05309e-02
Node 7, SINR:4.30001e-01, BpsHz:1.05309e-02
Node 77, SINR:4.30001e-01, BpsHz:1.05309e-02
Node 108, SINR:4.30001e-01, BpsHz:1.05309e-02
Node 64, SINR:4.30001e-01, BpsHz:1.05309e-02
Node 34, SINR:4.30001e-01, BpsHz:1.05309e-02
Node 54, SINR:4.30001e-01, BpsHz:1.05309e-02
Node 13, SINR:4.30001e-01, BpsHz:1.05309e-02
Node 155, SINR:4.30001e-01, BpsHz:1.05309e-02
Node 93, SINR:4.30001e-01, BpsHz:1.05309e-02
Node 16, SINR:4.30001e-01, BpsHz:1.05309e-02
Node 81, SINR:4.30001e-01, BpsHz:1.05309e-02
Node 72, SINR:4.30001e-01, BpsHz:1.05309e-02
Node 37, SINR:4.30001e-01, BpsHz:1.05309e-02
Node 160, SINR:4.30001e-01, BpsHz:1.05309e-02
Node 120, SINR:4.30001e-01, BpsHz:1.05309e-02
Node 47, SINR:4.30001e-01, BpsHz:1.05309e-02
Node 171, SINR:4.30001e-01, BpsHz:1.05309e-02
Node 40, SINR:4.30001e-01, BpsHz:1.05309e-02
Node 45, SINR:4.30001e-01, BpsHz:1.05309e-02
Node 80, SINR:4.30001e-01, BpsHz:1.05309e-02
Node 75, SINR:4.30001e-01, BpsHz:1.05309e-02
Node 83, SINR:4.30001e-01, BpsHz:1.05309e-02
Node 19, SINR:4.30001e-01, BpsHz:1.05309e-02
Node 131, SINR:4.30001e-01, BpsHz:1.05309e-02
Node 175, SINR:4.30001e-01, BpsHz:1.05309e-02
Node 154, SINR:4.30001e-01, BpsHz:1.05309e-02
Node 128, SINR:4.30001e-01, BpsHz:1.05309e-02
Node 102, SINR:4.30001e-01, BpsHz:1.05309e-02
Node 67, SINR:4.30001e-01, BpsHz:1.05309e-02
Node 141, SINR:4.30001e-01, BpsHz:1.05309e-02
Node 85, SINR:4.30001e-01, BpsHz:1.05309e-02
Node 185, SINR:4.30001e-01, BpsHz:1.05309e-02
---------------
195
5
1.000000e-03
6.193324e-297
161
3000
9.698082e+00
2.980957e+00
9.698083e-06
1.823258e-06
0 0 0 0 0 0 0 0 0 0 0 0 1 0 0 0 0 0 0 0 0 0 1 0 1 1 0 0 1 0 1 1 1 0 0 0 0 0 0 0 0 1 0 0 0 0 0 0 0 0 0 0 0 0 0 0 0 0 0 1 0 0 0 0 0 0 0 0 0 0 1 0 0 0 0 0 1 0 0 0 0 0 1 0 0 0 0 0 0 1 1 0 0 0 0 0 0 1 0 0 0 1 0 1 0 0 0 0 0 0 0 0 0 0 0 0 0 1 0 0 0 0 0 1 0 1 0 0 0 0 0 0 0 1 0 0 0 0 0 0 0 0 1 1 1 0 0 0 1 0 0 1 0 1 0 0 1 1 0 1 0 0 0 0 1 0 0 0 0 0 0 0 0 0 0 0 0 0 0 0 0 0 0 0 0 0 0 1 0 0 0 0 1 1 0 
0 0 0 0 0 0 0 0 0 0 0 0 0 0 1 0 0 0 0 0 0 0 0 1 0 0 0 0 0 0 0 0 0 1 0 1 0 0 0 0 0 0 0 0 1 0 0 0 0 0 0 1 0 0 0 0 0 0 0 0 0 0 0 0 0 0 0 0 1 0 0 0 0 0 0 0 0 0 0 0 0 0 0 0 0 0 0 0 0 0 0 0 0 0 0 0 0 0 0 0 0 0 0 0 0 0 1 0 0 1 0 0 0 1 0 0 1 0 0 0 0 0 0 0 0 0 0 0 0 1 1 0 0 0 0 0 0 1 0 0 0 0 0 0 0 0 0 0 0 1 0 0 0 0 0 0 0 0 0 0 0 0 0 0 0 1 1 0 0 0 1 0 1 0 0 0 0 1 1 1 0 0 0 0 0 0 0 0 0 1 0 0 0 0 0 
1 0 0 0 1 1 0 1 0 1 0 0 0 0 0 0 0 1 0 0 0 0 0 0 0 0 1 0 0 0 0 0 0 0 0 0 1 1 0 0 0 0 0 0 0 1 1 1 0 0 0 0 0 0 0 0 0 0 0 0 1 0 0 0 1 0 0 1 0 1 0 1 1 0 0 0 0 1 0 1 0 0 0 1 0 0 0 1 0 0 0 0 0 1 0 1 0 0 0 0 1 0 0 0 1 1 0 0 1 0 0 0 0 0 1 0 0 0 0 0 1 0 0 0 0 0 0 0 1 0 0 1 0 0 0 0 0 0 0 0 0 1 0 0 0 0 0 0 0 0 0 0 0 0 0 1 0 0 0 0 1 0 0 0 0 0 0 1 1 0 0 1 0 0 0 0 0 0 0 0 0 0 0 0 0 0 0 0 0 0 0 0 0 0 0 
0 1 0 0 0 0 1 0 0 0 0 1 0 0 0 1 0 0 0 0 0 1 0 0 0 0 0 0 0 0 0 0 0 0 0 0 0 0 1 1 0 0 0 0 0 0 0 0 1 0 1 0 0 0 0 1 0 1 1 0 0 0 0 0 0 0 0 0 0 0 0 0 0 0 0 0 0 0 1 0 0 0 0 0 0 0 1 0 0 0 0 0 0 0 1 0 0 0 0 0 0 0 0 0 0 0 0 0 0 0 0 0 1 0 0 0 0 0 1 0 0 1 0 0 1 0 0 0 0 0 0 0 0 0 1 0 1 0 0 0 0 0 0 0 0 0 0 0 0 0 1 0 0 0 0 0 0 0 0 0 0 0 0 1 0 0 0 0 0 0 0 0 0 0 0 0 1 0 0 0 0 0 0 1 1 0 1 0 1 0 0 1 0 0 0 
0 0 1 1 0 0 0 0 0 0 0 0 0 1 0 0 1 0 0 1 1 0 0 0 0 0 0 1 0 1 0 0 0 0 1 0 0 0 0 0 1 0 1 0 0 0 0 0 0 0 0 0 0 0 0 0 1 0 0 0 0 0 1 0 0 1 0 0 0 0 0 0 0 1 1 1 0 0 0 0 1 0 0 0 0 1 0 0 1 0 0 1 0 0 0 0 1 0 0 0 0 0 1 0 0 0 0 1 0 0 0 0 0 0 0 1 0 0 0 1 0 0 0 0 0 0 0 0 0 0 0 0 0 0 0 1 0 0 1 1 1 0 0 0 0 1 0 0 0 0 0 0 1 0 0 0 0 0 1 0 0 1 0 0 0 0 0 0 0 1 0 0 0 1 1 0 0 0 0 0 1 1 1 0 0 0 0 0 0 0 1 0 0 0 0 
188 107 5 79 140 
4.824973E-05 1.619013E-05 1.521241E-05 3.199564E-06 0.000000E+00 6.638067E-06 4.894673E-04 1.632633E-06 0.000000E+00 9.370772E-06 0.000000E+00 6.160816E-05 5.994161E-04 4.233448E-04 2.866084E-05 2.472127E-04 4.926245E-05 9.211813E-06 0.000000E+00 1.696842E-04 6.866087E-05 1.125158E-06 3.655998E-04 5.580170E-05 1.969489E-05 7.962930E-05 5.661809E-06 4.122994E-04 2.415034E-04 1.925675E-05 1.915377E-04 7.565861E-06 5.999387E-05 6.973914E-06 6.525478E-05 7.765307E-07 6.938461E-05 1.631372E-05 5.362814E-05 4.508632E-05 2.028614E-05 9.654673E-05 2.710905E-04 0.000000E+00 9.373905E-05 1.088497E-04 8.730403E-08 8.350668E-05 2.398896E-06 0.000000E+00 1.523611E-05 4.122053E-06 0.000000E+00 0.000000E+00 0.000000E+00 1.835440E-04 3.823474E-04 9.749203E-05 1.545413E-04 1.603985E-04 2.217820E-04 0.000000E+00 2.477517E-04 0.000000E+00 1.218665E-04 2.473395E-04 0.000000E+00 1.857500E-04 5.280361E-06 1.626259E-05 9.793398E-07 1.888704E-06 1.438444E-04 3.311597E-06 9.879059E-04 5.621937E-05 1.673834E-04 7.497670E-07 0.000000E+00 5.841701E-04 2.539429E-04 0.000000E+00 1.045689E-04 3.907971E-05 0.000000E+00 7.722535E-05 2.543139E-04 1.057659E-04 1.198492E-04 9.147514E-05 5.463810E-05 8.187628E-06 0.000000E+00 8.639532E-06 4.251140E-06 1.993498E-05 1.956171E-04 2.334648E-04 0.000000E+00 0.000000E+00 4.982310E-04 4.247368E-05 1.460821E-04 1.245770E-05 2.083351E-04 1.806537E-05 0.000000E+00 6.727703E-04 4.179099E-04 3.449591E-06 0.000000E+00 0.000000E+00 1.457942E-06 1.830999E-05 9.997145E-04 3.663336E-05 4.850522E-05 1.366774E-04 8.946717E-04 1.703449E-06 5.386757E-05 1.189237E-04 0.000000E+00 1.296363E-05 8.784697E-05 1.432905E-04 0.000000E+00 0.000000E+00 4.088560E-05 1.157135E-04 2.522223E-05 5.587583E-04 0.000000E+00 1.490645E-08 2.337416E-04 1.229294E-07 3.612517E-04 2.808950E-05 1.233198E-04 0.000000E+00 6.909258E-06 5.072373E-04 7.427009E-06 5.093624E-05 2.897672E-05 6.624695E-06 0.000000E+00 0.000000E+00 5.555604E-05 3.176373E-05 2.131935E-05 3.593192E-05 2.131631E-05 8.264545E-05 0.000000E+00 1.916522E-04 2.034659E-04 3.280018E-04 1.956841E-06 2.474741E-04 6.096078E-04 1.737080E-04 0.000000E+00 5.299522E-06 9.733590E-05 1.060491E-06 1.769245E-05 9.340088E-05 1.329345E-07 3.897866E-04 2.357093E-05 5.002851E-05 1.749665E-06 1.278248E-04 1.533813E-06 0.000000E+00 1.130444E-04 2.493105E-05 5.452845E-05 5.355132E-05 1.259555E-05 1.868158E-08 5.143857E-05 2.411132E-04 6.670731E-06 0.000000E+00 2.589638E-04 0.000000E+00 4.578471E-06 1.313913E-06 9.601923E-05 1.737510E-04 5.501691E-05 1.084173E-04 0.000000E+00 
188 194 158 144 157 71 124 118 102 165 193 149 160 154 104 143 134 90 91 145 32 42 26 83 33 152 25 77 13 126 23 60 29 98 31 
107 178 34 110 150 190 69 36 173 167 52 15 166 117 131 171 114 180 45 138 130 179 24 
5 48 80 72 109 84 61 129 73 6 94 1 37 105 70 18 47 115 169 132 156 65 10 96 8 168 38 88 46 121 101 68 78 27 172 106 161 142 
79 113 40 51 2 22 164 177 39 187 125 189 16 151 185 87 49 58 12 137 95 59 184 7 122 135 56 192 119 
140 153 116 3 30 136 86 120 41 146 57 103 191 141 183 66 92 175 182 74 63 162 97 139 14 17 20 159 21 181 174 4 89 76 35 28 43 81 170 108 75 

============Find Best @ Round 1804================
==========Cluster 0, RcvInterf=3.07777e-14============
Node 187, SINR:0.00000e+00, BpsHz:0.00000e+00
Node 193, SINR:5.54698e-01, BpsHz:1.87245e-02
Node 157, SINR:5.54698e-01, BpsHz:1.87245e-02
Node 143, SINR:5.54698e-01, BpsHz:1.87246e-02
Node 156, SINR:5.54698e-01, BpsHz:1.87245e-02
Node 70, SINR:5.54698e-01, BpsHz:1.87245e-02
Node 123, SINR:5.54698e-01, BpsHz:1.87245e-02
Node 117, SINR:5.54698e-01, BpsHz:1.87245e-02
Node 101, SINR:5.54698e-01, BpsHz:1.87245e-02
Node 164, SINR:5.54698e-01, BpsHz:1.87245e-02
Node 192, SINR:5.54698e-01, BpsHz:1.87245e-02
Node 148, SINR:5.54698e-01, BpsHz:1.87245e-02
Node 159, SINR:5.54698e-01, BpsHz:1.87245e-02
Node 153, SINR:5.54698e-01, BpsHz:1.87245e-02
Node 103, SINR:5.54698e-01, BpsHz:1.87245e-02
Node 142, SINR:5.54698e-01, BpsHz:1.87245e-02
Node 133, SINR:5.54698e-01, BpsHz:1.87246e-02
Node 89, SINR:5.54698e-01, BpsHz:1.87245e-02
Node 90, SINR:5.54698e-01, BpsHz:1.87245e-02
Node 144, SINR:5.54698e-01, BpsHz:1.87246e-02
Node 31, SINR:5.54698e-01, BpsHz:1.87245e-02
Node 41, SINR:5.54698e-01, BpsHz:1.87246e-02
Node 25, SINR:5.54698e-01, BpsHz:1.87245e-02
Node 82, SINR:5.54698e-01, BpsHz:1.87245e-02
Node 32, SINR:5.54698e-01, BpsHz:1.87245e-02
Node 151, SINR:5.54698e-01, BpsHz:1.87245e-02
Node 24, SINR:5.54698e-01, BpsHz:1.87245e-02
Node 76, SINR:5.54698e-01, BpsHz:1.87246e-02
Node 12, SINR:5.54698e-01, BpsHz:1.87245e-02
Node 125, SINR:5.54698e-01, BpsHz:1.87246e-02
Node 22, SINR:5.54698e-01, BpsHz:1.87245e-02
Node 59, SINR:5.54698e-01, BpsHz:1.87245e-02
Node 28, SINR:5.54698e-01, BpsHz:1.87245e-02
Node 97, SINR:5.54698e-01, BpsHz:1.87245e-02
Node 30, SINR:5.54698e-01, BpsHz:1.87245e-02
---------------
==========Cluster 1, RcvInterf=1.78569e-14============
Node 106, SINR:0.00000e+00, BpsHz:0.00000e+00
Node 177, SINR:3.30474e-01, BpsHz:1.87245e-02
Node 33, SINR:3.30474e-01, BpsHz:1.87245e-02
Node 109, SINR:3.30474e-01, BpsHz:1.87245e-02
Node 149, SINR:3.30474e-01, BpsHz:1.87245e-02
Node 189, SINR:3.30474e-01, BpsHz:1.87245e-02
Node 68, SINR:3.30474e-01, BpsHz:1.87245e-02
Node 35, SINR:3.30474e-01, BpsHz:1.87245e-02
Node 172, SINR:3.30474e-01, BpsHz:1.87245e-02
Node 166, SINR:3.30474e-01, BpsHz:1.87245e-02
Node 51, SINR:3.30474e-01, BpsHz:1.87245e-02
Node 14, SINR:3.30474e-01, BpsHz:1.87245e-02
Node 165, SINR:3.30474e-01, BpsHz:1.87245e-02
Node 116, SINR:3.30474e-01, BpsHz:1.87245e-02
Node 130, SINR:3.30474e-01, BpsHz:1.87245e-02
Node 170, SINR:3.30474e-01, BpsHz:1.87245e-02
Node 113, SINR:3.30474e-01, BpsHz:1.87245e-02
Node 179, SINR:3.30474e-01, BpsHz:1.87245e-02
Node 44, SINR:3.30474e-01, BpsHz:1.87245e-02
Node 137, SINR:3.30474e-01, BpsHz:1.87245e-02
Node 129, SINR:3.30474e-01, BpsHz:1.87245e-02
Node 178, SINR:3.30474e-01, BpsHz:1.87245e-02
Node 23, SINR:3.30474e-01, BpsHz:1.87245e-02
---------------
==========Cluster 2, RcvInterf=2.41109e-14============
Node 4, SINR:0.00000e+00, BpsHz:0.00000e+00
Node 47, SINR:6.16427e-01, BpsHz:1.87245e-02
Node 79, SINR:6.16427e-01, BpsHz:1.87245e-02
Node 71, SINR:6.16427e-01, BpsHz:1.87245e-02
Node 108, SINR:6.16427e-01, BpsHz:1.87245e-02
Node 83, SINR:6.16427e-01, BpsHz:1.87245e-02
Node 60, SINR:6.16427e-01, BpsHz:1.87245e-02
Node 128, SINR:6.16427e-01, BpsHz:1.87245e-02
Node 72, SINR:6.16427e-01, BpsHz:1.87245e-02
Node 5, SINR:6.16427e-01, BpsHz:1.87245e-02
Node 93, SINR:6.16427e-01, BpsHz:1.87245e-02
Node 0, SINR:6.16427e-01, BpsHz:1.87245e-02
Node 36, SINR:6.16427e-01, BpsHz:1.87245e-02
Node 104, SINR:6.16427e-01, BpsHz:1.87245e-02
Node 69, SINR:6.16427e-01, BpsHz:1.87245e-02
Node 17, SINR:6.16427e-01, BpsHz:1.87245e-02
Node 46, SINR:6.16427e-01, BpsHz:1.87245e-02
Node 114, SINR:6.16427e-01, BpsHz:1.87245e-02
Node 168, SINR:6.16427e-01, BpsHz:1.87245e-02
Node 131, SINR:6.16427e-01, BpsHz:1.87245e-02
Node 155, SINR:6.16427e-01, BpsHz:1.87245e-02
Node 64, SINR:6.16427e-01, BpsHz:1.87245e-02
Node 9, SINR:6.16427e-01, BpsHz:1.87245e-02
Node 95, SINR:6.16427e-01, BpsHz:1.87245e-02
Node 7, SINR:6.16427e-01, BpsHz:1.87245e-02
Node 167, SINR:6.16427e-01, BpsHz:1.87245e-02
Node 37, SINR:6.16427e-01, BpsHz:1.87245e-02
Node 87, SINR:6.16427e-01, BpsHz:1.87245e-02
Node 45, SINR:6.16427e-01, BpsHz:1.87245e-02
Node 120, SINR:6.16427e-01, BpsHz:1.87245e-02
Node 100, SINR:6.16427e-01, BpsHz:1.87245e-02
Node 67, SINR:6.16427e-01, BpsHz:1.87245e-02
Node 77, SINR:6.16427e-01, BpsHz:1.87245e-02
Node 26, SINR:6.16427e-01, BpsHz:1.87245e-02
Node 171, SINR:6.16427e-01, BpsHz:1.87245e-02
Node 105, SINR:6.16427e-01, BpsHz:1.87245e-02
Node 160, SINR:6.16427e-01, BpsHz:1.87245e-02
Node 141, SINR:6.16427e-01, BpsHz:1.87245e-02
---------------
==========Cluster 3, RcvInterf=3.63731e-14============
Node 78, SINR:0.00000e+00, BpsHz:0.00000e+00
Node 112, SINR:4.38223e-01, BpsHz:1.87245e-02
Node 39, SINR:4.38223e-01, BpsHz:1.87245e-02
Node 50, SINR:4.38223e-01, BpsHz:1.87245e-02
Node 1, SINR:4.38223e-01, BpsHz:1.87245e-02
Node 21, SINR:4.38223e-01, BpsHz:1.87245e-02
Node 163, SINR:4.38223e-01, BpsHz:1.87245e-02
Node 176, SINR:4.38223e-01, BpsHz:1.87246e-02
Node 38, SINR:4.38223e-01, BpsHz:1.87245e-02
Node 186, SINR:4.38223e-01, BpsHz:1.87245e-02
Node 124, SINR:4.38223e-01, BpsHz:1.87245e-02
Node 188, SINR:4.38223e-01, BpsHz:1.87245e-02
Node 15, SINR:4.38223e-01, BpsHz:1.87245e-02
Node 150, SINR:4.38223e-01, BpsHz:1.87245e-02
Node 184, SINR:4.38223e-01, BpsHz:1.87245e-02
Node 86, SINR:4.38223e-01, BpsHz:1.87246e-02
Node 48, SINR:4.38223e-01, BpsHz:1.87245e-02
Node 57, SINR:4.38223e-01, BpsHz:1.87245e-02
Node 11, SINR:4.38223e-01, BpsHz:1.87246e-02
Node 136, SINR:4.38223e-01, BpsHz:1.87246e-02
Node 94, SINR:4.38223e-01, BpsHz:1.87246e-02
Node 58, SINR:4.38223e-01, BpsHz:1.87245e-02
Node 183, SINR:4.38223e-01, BpsHz:1.87245e-02
Node 6, SINR:4.38223e-01, BpsHz:1.87245e-02
Node 121, SINR:4.38223e-01, BpsHz:1.87245e-02
Node 134, SINR:4.38223e-01, BpsHz:1.87245e-02
Node 55, SINR:4.38223e-01, BpsHz:1.87245e-02
Node 191, SINR:4.38223e-01, BpsHz:1.87245e-02
Node 118, SINR:4.38223e-01, BpsHz:1.87246e-02
---------------
==========Cluster 4, RcvInterf=1.23565e-14============
Node 139, SINR:0.00000e+00, BpsHz:0.00000e+00
Node 152, SINR:6.80606e-01, BpsHz:1.87245e-02
Node 115, SINR:6.80606e-01, BpsHz:1.87245e-02
Node 2, SINR:6.80606e-01, BpsHz:1.87245e-02
Node 29, SINR:6.80606e-01, BpsHz:1.87245e-02
Node 135, SINR:6.80607e-01, BpsHz:1.87245e-02
Node 85, SINR:6.80606e-01, BpsHz:1.87245e-02
Node 119, SINR:6.80606e-01, BpsHz:1.87245e-02
Node 40, SINR:6.80606e-01, BpsHz:1.87245e-02
Node 145, SINR:6.80606e-01, BpsHz:1.87245e-02
Node 56, SINR:6.80606e-01, BpsHz:1.87245e-02
Node 102, SINR:6.80606e-01, BpsHz:1.87245e-02
Node 190, SINR:6.80606e-01, BpsHz:1.87245e-02
Node 140, SINR:6.80606e-01, BpsHz:1.87245e-02
Node 182, SINR:6.80606e-01, BpsHz:1.87245e-02
Node 65, SINR:6.80606e-01, BpsHz:1.87245e-02
Node 91, SINR:6.80606e-01, BpsHz:1.87245e-02
Node 174, SINR:6.80606e-01, BpsHz:1.87245e-02
Node 181, SINR:6.80607e-01, BpsHz:1.87245e-02
Node 73, SINR:6.80606e-01, BpsHz:1.87245e-02
Node 62, SINR:6.80606e-01, BpsHz:1.87245e-02
Node 161, SINR:6.80607e-01, BpsHz:1.87245e-02
Node 96, SINR:6.80607e-01, BpsHz:1.87245e-02
Node 138, SINR:6.80606e-01, BpsHz:1.87245e-02
Node 13, SINR:6.80607e-01, BpsHz:1.87245e-02
Node 16, SINR:6.80607e-01, BpsHz:1.87245e-02
Node 19, SINR:6.80607e-01, BpsHz:1.87245e-02
Node 158, SINR:6.80606e-01, BpsHz:1.87245e-02
Node 20, SINR:6.80607e-01, BpsHz:1.87245e-02
Node 180, SINR:6.80606e-01, BpsHz:1.87245e-02
Node 173, SINR:6.80607e-01, BpsHz:1.87245e-02
Node 3, SINR:6.80606e-01, BpsHz:1.87245e-02
Node 88, SINR:6.80606e-01, BpsHz:1.87245e-02
Node 75, SINR:6.80606e-01, BpsHz:1.87245e-02
Node 34, SINR:6.80607e-01, BpsHz:1.87245e-02
Node 27, SINR:6.80606e-01, BpsHz:1.87245e-02
Node 42, SINR:6.80606e-01, BpsHz:1.87245e-02
Node 80, SINR:6.80606e-01, BpsHz:1.87245e-02
Node 169, SINR:6.80606e-01, BpsHz:1.87245e-02
Node 107, SINR:6.80607e-01, BpsHz:1.87245e-02
Node 74, SINR:6.80606e-01, BpsHz:1.87245e-02
---------------
195
5
1.000000e-03
1.211843e-296
181
3000
7.522414e+00
4.158936e+00
7.522414e-06
3.110231e-06
0 0 0 1 0 0 0 0 0 0 0 0 0 1 0 0 1 0 0 1 1 0 0 0 0 0 0 1 0 1 0 0 0 0 1 0 0 0 0 0 1 0 0 0 0 0 0 0 0 0 0 0 0 0 1 0 1 0 0 0 0 0 1 0 0 1 0 0 0 0 0 0 0 1 0 1 0 0 0 0 0 1 0 0 0 1 0 0 1 0 0 1 0 0 0 0 1 0 0 0 0 0 1 0 0 0 0 0 0 0 0 0 0 0 0 1 0 0 0 1 0 0 0 0 0 0 0 0 0 0 0 0 0 0 0 1 0 0 1 1 1 0 0 0 0 1 0 0 0 0 0 0 1 0 0 0 0 0 1 0 1 1 0 0 0 0 0 0 0 0 0 0 0 0 1 0 0 0 0 0 1 1 1 0 0 0 0 0 0 0 0 0 0 0 0 
0 0 0 0 0 0 0 0 0 0 1 0 1 0 0 0 0 0 0 0 0 0 1 0 1 1 0 0 0 0 0 1 1 0 0 0 0 0 0 0 0 1 0 0 0 0 0 0 0 0 0 0 0 0 0 0 0 0 0 0 0 0 0 0 0 0 0 0 0 0 1 0 0 0 0 0 1 0 0 0 0 0 1 0 0 0 0 0 0 1 1 0 0 0 0 0 0 0 0 0 0 1 0 1 0 0 0 0 0 0 0 0 0 0 0 0 0 1 0 0 0 0 0 1 0 1 0 0 0 0 0 0 0 1 0 0 0 0 0 0 0 0 1 1 1 0 0 0 1 0 0 1 0 1 0 0 1 1 0 1 0 0 0 0 1 0 0 0 0 0 0 0 0 0 0 0 0 0 0 0 0 0 0 0 0 0 0 1 0 0 0 0 1 1 0 
0 1 0 0 0 0 1 0 1 0 0 1 0 0 0 1 0 0 0 0 0 1 0 0 0 0 0 0 1 0 1 0 0 0 0 0 0 0 1 1 0 0 0 0 0 0 0 0 1 0 1 0 0 0 0 1 0 1 1 0 0 0 0 1 0 0 1 0 0 0 0 0 0 0 0 0 0 0 1 0 0 0 0 0 1 0 1 0 0 0 0 0 1 0 1 0 0 1 0 0 0 0 0 0 0 0 0 0 0 0 0 0 1 0 0 0 0 0 1 0 0 1 0 0 1 0 1 0 0 0 0 0 0 0 0 0 1 0 0 0 0 0 0 0 0 0 0 1 0 0 1 0 0 0 0 0 0 0 0 0 0 0 0 1 0 0 0 0 0 0 0 0 0 0 0 0 1 0 0 0 0 0 0 1 1 0 1 0 1 0 0 1 0 0 0 
1 0 0 0 1 1 0 1 0 1 0 0 0 0 0 0 0 1 0 0 0 0 0 0 0 0 1 0 0 0 0 0 0 0 0 0 1 1 0 0 0 0 0 1 0 1 1 1 0 0 0 0 0 1 0 0 0 0 0 0 1 0 0 0 1 0 0 1 0 1 0 1 1 0 0 0 0 1 0 1 0 0 0 1 0 0 0 1 0 0 0 0 0 1 0 1 0 0 0 1 1 0 0 0 0 1 0 0 1 0 1 0 0 0 1 0 0 0 0 0 1 0 0 0 0 0 0 0 1 0 0 1 0 0 0 0 0 0 0 0 0 1 0 0 0 0 0 0 0 0 0 0 0 0 1 1 0 0 0 0 0 0 1 0 0 0 0 1 1 0 0 1 0 0 0 1 0 0 0 0 0 0 0 0 0 0 0 0 0 0 0 0 0 0 0 
0 0 0 0 0 0 0 0 0 0 0 0 0 0 1 0 0 0 1 0 0 0 0 1 0 0 0 0 0 0 0 0 0 1 0 1 0 0 0 0 0 0 1 0 1 0 0 0 0 1 0 1 1 0 0 0 0 0 0 0 0 1 0 0 0 0 0 0 1 0 0 0 0 0 0 0 0 0 0 0 0 0 0 0 0 0 0 0 0 0 0 0 0 0 0 0 0 0 0 0 0 0 0 0 0 0 1 1 0 1 0 1 0 1 0 0 1 0 0 0 0 0 1 0 0 0 0 1 0 1 1 0 1 0 0 0 0 1 0 0 0 0 0 0 0 0 1 0 0 1 0 0 0 0 0 0 0 0 0 0 0 0 0 0 0 1 1 0 0 1 1 0 1 1 0 0 0 1 1 1 0 0 0 0 0 0 0 0 0 1 0 0 0 0 1 
159 188 164 169 178 
1.241453E-05 1.207055E-04 0.000000E+00 3.243741E-05 1.139067E-07 1.649600E-05 4.412717E-04 8.833659E-06 3.914015E-05 1.404142E-05 2.276826E-04 3.367060E-05 3.464121E-04 1.080344E-04 3.851289E-04 4.592267E-04 5.340944E-05 2.674838E-05 2.604813E-04 2.833681E-05 5.646423E-05 3.500764E-05 2.112860E-04 2.048479E-04 1.138199E-05 4.601904E-05 1.480055E-05 9.457282E-04 1.211844E-04 7.947811E-05 2.605877E-05 4.372431E-06 3.467141E-05 3.985855E-05 8.550344E-05 3.999083E-05 1.027904E-04 1.573432E-05 7.950712E-05 2.334406E-04 1.674290E-05 5.579589E-05 1.471327E-04 7.110537E-05 8.063372E-04 6.771978E-05 1.093062E-06 5.813058E-05 5.413060E-07 1.169579E-05 5.118632E-06 1.392679E-04 2.306598E-04 7.583789E-04 7.805225E-04 1.500885E-05 4.542267E-04 1.889091E-05 1.526275E-04 0.000000E+00 1.197538E-04 1.924133E-04 2.752326E-04 3.333992E-04 9.647777E-05 5.350259E-05 9.183355E-06 1.027565E-04 9.591387E-05 3.160486E-05 5.659761E-07 1.013224E-05 1.319105E-04 3.166249E-06 0.000000E+00 5.507679E-05 9.673352E-05 2.958869E-08 3.732864E-06 8.591720E-04 0.000000E+00 1.019493E-04 6.043203E-05 8.147652E-05 1.123263E-04 8.138139E-06 3.980374E-04 1.952936E-04 2.847954E-05 5.286494E-05 3.157623E-05 5.825244E-07 3.959111E-04 1.695137E-06 3.739920E-06 5.253684E-05 3.187406E-04 2.045903E-05 0.000000E+00 9.994055E-04 7.550157E-04 2.454621E-05 2.251707E-05 7.199502E-06 0.000000E+00 2.497417E-05 3.824187E-05 1.527725E-04 3.789917E-04 1.537001E-04 1.409606E-04 1.494543E-04 1.887648E-05 1.626213E-04 6.099517E-04 5.082864E-05 5.266150E-04 7.898802E-05 5.349166E-04 3.701574E-05 2.771988E-05 3.375054E-05 6.606542E-07 7.491890E-06 3.174937E-04 8.280986E-05 6.711832E-04 7.981085E-04 9.398486E-05 1.862781E-04 8.645318E-08 4.202429E-04 3.574452E-04 8.614677E-09 0.000000E+00 1.786472E-06 6.512383E-04 4.547650E-05 1.740103E-04 2.072164E-06 1.839950E-07 3.731863E-04 4.292187E-06 2.943686E-05 1.674611E-05 6.066326E-05 9.253044E-06 1.342628E-04 3.210672E-05 8.020017E-06 7.127979E-06 2.076563E-05 4.991772E-05 4.776212E-05 3.039377E-04 1.237477E-04 1.175862E-04 1.895574E-04 0.000000E+00 1.430192E-04 5.460138E-04 3.716077E-05 2.482562E-04 0.000000E+00 5.625196E-05 1.600614E-04 3.052874E-05 2.843845E-05 0.000000E+00 7.250998E-04 2.585233E-04 1.842926E-05 1.018037E-04 2.945958E-04 3.300144E-05 2.172048E-04 1.545035E-04 0.000000E+00 9.804146E-07 1.077391E-04 4.347623E-05 7.013350E-06 3.860107E-06 3.578048E-04 2.899510E-05 0.000000E+00 2.840074E-04 0.000000E+00 5.958151E-05 1.359801E-04 0.000000E+00 1.622796E-05 3.179515E-05 6.265606E-05 1.174774E-04 
159 141 116 103 66 183 86 63 175 41 89 146 139 162 136 140 182 57 153 181 4 21 97 120 76 28 92 30 14 74 82 20 55 35 17 161 
188 25 71 32 145 83 118 124 143 134 144 157 102 149 194 104 165 193 158 152 160 42 90 33 91 77 26 13 23 126 154 11 
164 189 67 56 185 51 9 79 184 58 49 122 192 40 31 95 113 177 12 119 151 85 98 148 125 187 7 22 2 39 16 59 137 29 87 93 64 127 
169 84 129 78 65 176 38 96 72 46 109 10 54 168 5 115 156 47 73 8 94 18 61 6 1 163 68 37 100 172 70 132 44 111 48 80 27 121 106 155 142 101 88 
178 107 69 123 34 166 50 180 173 190 150 138 114 130 167 52 131 147 195 45 62 43 128 19 24 108 179 110 133 36 117 112 171 15 53 170 174 

============Find Best @ Round 2322================
==========Cluster 0, RcvInterf=3.88485e-14============
Node 158, SINR:0.00000e+00, BpsHz:0.00000e+00
Node 140, SINR:3.84855e-01, BpsHz:1.34210e-02
Node 115, SINR:3.84855e-01, BpsHz:1.34210e-02
Node 102, SINR:3.84855e-01, BpsHz:1.34210e-02
Node 65, SINR:3.84855e-01, BpsHz:1.34210e-02
Node 182, SINR:3.84855e-01, BpsHz:1.34210e-02
Node 85, SINR:3.84855e-01, BpsHz:1.34210e-02
Node 62, SINR:3.84855e-01, BpsHz:1.34210e-02
Node 174, SINR:3.84855e-01, BpsHz:1.34210e-02
Node 40, SINR:3.84855e-01, BpsHz:1.34210e-02
Node 88, SINR:3.84855e-01, BpsHz:1.34210e-02
Node 145, SINR:3.84855e-01, BpsHz:1.34210e-02
Node 138, SINR:3.84855e-01, BpsHz:1.34210e-02
Node 161, SINR:3.84855e-01, BpsHz:1.34210e-02
Node 135, SINR:3.84855e-01, BpsHz:1.34210e-02
Node 139, SINR:3.84855e-01, BpsHz:1.34210e-02
Node 181, SINR:3.84855e-01, BpsHz:1.34210e-02
Node 56, SINR:3.84855e-01, BpsHz:1.34210e-02
Node 152, SINR:3.84855e-01, BpsHz:1.34210e-02
Node 180, SINR:3.84855e-01, BpsHz:1.34210e-02
Node 3, SINR:3.84855e-01, BpsHz:1.34210e-02
Node 20, SINR:3.84855e-01, BpsHz:1.34210e-02
Node 96, SINR:3.84855e-01, BpsHz:1.34210e-02
Node 119, SINR:3.84855e-01, BpsHz:1.34210e-02
Node 75, SINR:3.84855e-01, BpsHz:1.34210e-02
Node 27, SINR:3.84855e-01, BpsHz:1.34210e-02
Node 91, SINR:3.84855e-01, BpsHz:1.34210e-02
Node 29, SINR:3.84855e-01, BpsHz:1.34210e-02
Node 13, SINR:3.84855e-01, BpsHz:1.34210e-02
Node 73, SINR:3.84855e-01, BpsHz:1.34210e-02
Node 81, SINR:3.84855e-01, BpsHz:1.34210e-02
Node 19, SINR:3.84855e-01, BpsHz:1.34210e-02
Node 54, SINR:3.84855e-01, BpsHz:1.34210e-02
Node 34, SINR:3.84855e-01, BpsHz:1.34210e-02
Node 16, SINR:3.84855e-01, BpsHz:1.34210e-02
Node 160, SINR:3.84855e-01, BpsHz:1.34210e-02
---------------
==========Cluster 1, RcvInterf=2.87784e-14============
Node 187, SINR:0.00000e+00, BpsHz:0.00000e+00
Node 24, SINR:3.34270e-01, BpsHz:1.34210e-02
Node 70, SINR:3.34270e-01, BpsHz:1.34210e-02
Node 31, SINR:3.34270e-01, BpsHz:1.34210e-02
Node 144, SINR:3.34270e-01, BpsHz:1.34210e-02
Node 82, SINR:3.34270e-01, BpsHz:1.34210e-02
Node 117, SINR:3.34270e-01, BpsHz:1.34210e-02
Node 123, SINR:3.34270e-01, BpsHz:1.34210e-02
Node 142, SINR:3.34270e-01, BpsHz:1.34210e-02
Node 133, SINR:3.34270e-01, BpsHz:1.34210e-02
Node 143, SINR:3.34270e-01, BpsHz:1.34210e-02
Node 156, SINR:3.34270e-01, BpsHz:1.34210e-02
Node 101, SINR:3.34270e-01, BpsHz:1.34210e-02
Node 148, SINR:3.34270e-01, BpsHz:1.34210e-02
Node 193, SINR:3.34270e-01, BpsHz:1.34210e-02
Node 103, SINR:3.34270e-01, BpsHz:1.34210e-02
Node 164, SINR:3.34270e-01, BpsHz:1.34210e-02
Node 192, SINR:3.34270e-01, BpsHz:1.34210e-02
Node 157, SINR:3.34270e-01, BpsHz:1.34210e-02
Node 151, SINR:3.34270e-01, BpsHz:1.34210e-02
Node 159, SINR:3.34270e-01, BpsHz:1.34210e-02
Node 41, SINR:3.34270e-01, BpsHz:1.34210e-02
Node 89, SINR:3.34270e-01, BpsHz:1.34210e-02
Node 32, SINR:3.34270e-01, BpsHz:1.34210e-02
Node 90, SINR:3.34270e-01, BpsHz:1.34210e-02
Node 76, SINR:3.34270e-01, BpsHz:1.34210e-02
Node 25, SINR:3.34270e-01, BpsHz:1.34210e-02
Node 12, SINR:3.34270e-01, BpsHz:1.34210e-02
Node 22, SINR:3.34270e-01, BpsHz:1.34210e-02
Node 125, SINR:3.34270e-01, BpsHz:1.34210e-02
Node 153, SINR:3.34270e-01, BpsHz:1.34210e-02
Node 10, SINR:3.34270e-01, BpsHz:1.34210e-02
---------------
==========Cluster 2, RcvInterf=2.28497e-14============
Node 163, SINR:0.00000e+00, BpsHz:0.00000e+00
Node 188, SINR:4.10862e-01, BpsHz:1.34210e-02
Node 66, SINR:4.10862e-01, BpsHz:1.34210e-02
Node 55, SINR:4.10862e-01, BpsHz:1.34210e-02
Node 184, SINR:4.10862e-01, BpsHz:1.34210e-02
Node 50, SINR:4.10862e-01, BpsHz:1.34210e-02
Node 8, SINR:4.10862e-01, BpsHz:1.34210e-02
Node 78, SINR:4.10862e-01, BpsHz:1.34210e-02
Node 183, SINR:4.10862e-01, BpsHz:1.34210e-02
Node 57, SINR:4.10862e-01, BpsHz:1.34210e-02
Node 48, SINR:4.10862e-01, BpsHz:1.34210e-02
Node 121, SINR:4.10862e-01, BpsHz:1.34210e-02
Node 191, SINR:4.10862e-01, BpsHz:1.34210e-02
Node 39, SINR:4.10862e-01, BpsHz:1.34210e-02
Node 30, SINR:4.10862e-01, BpsHz:1.34210e-02
Node 94, SINR:4.10862e-01, BpsHz:1.34210e-02
Node 112, SINR:4.10862e-01, BpsHz:1.34210e-02
Node 176, SINR:4.10862e-01, BpsHz:1.34210e-02
Node 11, SINR:4.10862e-01, BpsHz:1.34210e-02
Node 118, SINR:4.10862e-01, BpsHz:1.34210e-02
Node 150, SINR:4.10862e-01, BpsHz:1.34210e-02
Node 84, SINR:4.10862e-01, BpsHz:1.34210e-02
Node 97, SINR:4.10862e-01, BpsHz:1.34210e-02
Node 147, SINR:4.10862e-01, BpsHz:1.34210e-02
Node 124, SINR:4.10862e-01, BpsHz:1.34210e-02
Node 186, SINR:4.10862e-01, BpsHz:1.34210e-02
Node 6, SINR:4.10862e-01, BpsHz:1.34210e-02
Node 21, SINR:4.10862e-01, BpsHz:1.34210e-02
Node 1, SINR:4.10862e-01, BpsHz:1.34210e-02
Node 38, SINR:4.10862e-01, BpsHz:1.34210e-02
Node 15, SINR:4.10862e-01, BpsHz:1.34210e-02
Node 58, SINR:4.10862e-01, BpsHz:1.34210e-02
Node 136, SINR:4.10862e-01, BpsHz:1.34210e-02
Node 28, SINR:4.10862e-01, BpsHz:1.34210e-02
Node 86, SINR:4.10862e-01, BpsHz:1.34210e-02
Node 92, SINR:4.10862e-01, BpsHz:1.34210e-02
Node 63, SINR:4.10862e-01, BpsHz:1.34210e-02
Node 126, SINR:4.10862e-01, BpsHz:1.34210e-02
---------------
==========Cluster 3, RcvInterf=2.85293e-14============
Node 168, SINR:0.00000e+00, BpsHz:0.00000e+00
Node 83, SINR:4.78037e-01, BpsHz:1.34210e-02
Node 128, SINR:4.78037e-01, BpsHz:1.34210e-02
Node 77, SINR:4.78037e-01, BpsHz:1.34210e-02
Node 64, SINR:4.78037e-01, BpsHz:1.34210e-02
Node 175, SINR:4.78037e-01, BpsHz:1.34210e-02
Node 37, SINR:4.78037e-01, BpsHz:1.34210e-02
Node 95, SINR:4.78037e-01, BpsHz:1.34210e-02
Node 71, SINR:4.78037e-01, BpsHz:1.34210e-02
Node 45, SINR:4.78037e-01, BpsHz:1.34210e-02
Node 108, SINR:4.78037e-01, BpsHz:1.34210e-02
Node 9, SINR:4.78037e-01, BpsHz:1.34210e-02
Node 53, SINR:4.78037e-01, BpsHz:1.34210e-02
Node 167, SINR:4.78037e-01, BpsHz:1.34210e-02
Node 4, SINR:4.78037e-01, BpsHz:1.34210e-02
Node 114, SINR:4.78037e-01, BpsHz:1.34210e-02
Node 155, SINR:4.78037e-01, BpsHz:1.34210e-02
Node 46, SINR:4.78037e-01, BpsHz:1.34210e-02
Node 72, SINR:4.78037e-01, BpsHz:1.34210e-02
Node 7, SINR:4.78037e-01, BpsHz:1.34210e-02
Node 93, SINR:4.78037e-01, BpsHz:1.34210e-02
Node 17, SINR:4.78037e-01, BpsHz:1.34210e-02
Node 60, SINR:4.78037e-01, BpsHz:1.34210e-02
Node 5, SINR:4.78037e-01, BpsHz:1.34210e-02
Node 0, SINR:4.78037e-01, BpsHz:1.34210e-02
Node 162, SINR:4.78037e-01, BpsHz:1.34210e-02
Node 67, SINR:4.78037e-01, BpsHz:1.34210e-02
Node 36, SINR:4.78037e-01, BpsHz:1.34210e-02
Node 99, SINR:4.78037e-01, BpsHz:1.34210e-02
Node 171, SINR:4.78037e-01, BpsHz:1.34210e-02
Node 69, SINR:4.78037e-01, BpsHz:1.34210e-02
Node 131, SINR:4.78037e-01, BpsHz:1.34210e-02
Node 43, SINR:4.78037e-01, BpsHz:1.34210e-02
Node 110, SINR:4.78037e-01, BpsHz:1.34210e-02
Node 47, SINR:4.78037e-01, BpsHz:1.34210e-02
Node 79, SINR:4.78037e-01, BpsHz:1.34210e-02
Node 26, SINR:4.78037e-01, BpsHz:1.34210e-02
Node 120, SINR:4.78037e-01, BpsHz:1.34210e-02
Node 105, SINR:4.78037e-01, BpsHz:1.34210e-02
Node 154, SINR:4.78037e-01, BpsHz:1.34210e-02
Node 141, SINR:4.78037e-01, BpsHz:1.34210e-02
Node 100, SINR:4.78037e-01, BpsHz:1.34210e-02
Node 87, SINR:4.78037e-01, BpsHz:1.34210e-02
---------------
==========Cluster 4, RcvInterf=2.76926e-14============
Node 177, SINR:0.00000e+00, BpsHz:0.00000e+00
Node 106, SINR:3.97798e-01, BpsHz:1.34210e-02
Node 68, SINR:3.97798e-01, BpsHz:1.34210e-02
Node 122, SINR:3.97798e-01, BpsHz:1.34210e-02
Node 33, SINR:3.97798e-01, BpsHz:1.34210e-02
Node 165, SINR:3.97798e-01, BpsHz:1.34210e-02
Node 49, SINR:3.97798e-01, BpsHz:1.34210e-02
Node 179, SINR:3.97798e-01, BpsHz:1.34210e-02
Node 172, SINR:3.97798e-01, BpsHz:1.34210e-02
Node 189, SINR:3.97798e-01, BpsHz:1.34210e-02
Node 149, SINR:3.97798e-01, BpsHz:1.34210e-02
Node 137, SINR:3.97798e-01, BpsHz:1.34210e-02
Node 113, SINR:3.97798e-01, BpsHz:1.34210e-02
Node 129, SINR:3.97798e-01, BpsHz:1.34210e-02
Node 166, SINR:3.97798e-01, BpsHz:1.34210e-02
Node 51, SINR:3.97798e-01, BpsHz:1.34210e-02
Node 130, SINR:3.97798e-01, BpsHz:1.34210e-02
Node 146, SINR:3.97798e-01, BpsHz:1.34210e-02
Node 194, SINR:3.97798e-01, BpsHz:1.34210e-02
Node 44, SINR:3.97798e-01, BpsHz:1.34210e-02
Node 61, SINR:3.97798e-01, BpsHz:1.34210e-02
Node 42, SINR:3.97798e-01, BpsHz:1.34210e-02
Node 127, SINR:3.97798e-01, BpsHz:1.34210e-02
Node 18, SINR:3.97798e-01, BpsHz:1.34210e-02
Node 23, SINR:3.97798e-01, BpsHz:1.34210e-02
Node 107, SINR:3.97798e-01, BpsHz:1.34210e-02
Node 178, SINR:3.97798e-01, BpsHz:1.34210e-02
Node 109, SINR:3.97798e-01, BpsHz:1.34210e-02
Node 132, SINR:3.97798e-01, BpsHz:1.34210e-02
Node 35, SINR:3.97798e-01, BpsHz:1.34210e-02
Node 116, SINR:3.97798e-01, BpsHz:1.34210e-02
Node 111, SINR:3.97798e-01, BpsHz:1.34210e-02
Node 170, SINR:3.97798e-01, BpsHz:1.34210e-02
Node 14, SINR:3.97798e-01, BpsHz:1.34210e-02
Node 52, SINR:3.97798e-01, BpsHz:1.34210e-02
Node 169, SINR:3.97798e-01, BpsHz:1.34210e-02
Node 173, SINR:3.97798e-01, BpsHz:1.34210e-02
---------------
195
5
1.000000e-03
6.193324e-297
161
3000
7.901067e+00
3.552246e+00
7.901067e-06
1.557740e-06
0 0 0 1 0 0 0 0 0 0 0 0 0 1 0 0 1 0 0 1 1 0 0 0 0 0 0 0 0 1 0 0 0 0 0 0 0 0 0 0 1 0 0 0 0 0 0 0 0 0 0 0 0 0 0 0 1 0 0 0 0 0 1 0 0 1 0 0 0 0 0 0 0 1 0 1 0 0 0 0 0 1 0 0 0 1 0 0 1 0 0 1 0 0 0 0 1 0 0 0 0 0 1 0 0 0 0 0 0 0 0 0 0 0 0 1 0 0 0 1 0 0 0 0 0 0 0 0 0 0 0 0 0 0 0 1 0 0 1 1 1 0 0 0 0 1 0 0 0 0 0 0 1 0 0 0 0 0 1 0 1 1 0 0 0 0 0 0 0 0 0 0 0 0 1 0 0 0 0 0 1 1 1 0 0 0 0 0 0 0 0 0 0 0 0 
0 0 0 0 0 0 1 0 0 0 0 1 1 0 0 0 0 0 0 0 0 0 1 0 1 1 0 0 1 0 1 1 1 0 0 0 0 0 0 0 0 0 0 0 0 0 0 0 0 0 1 0 0 0 0 0 0 0 0 0 0 0 0 0 0 0 1 0 0 0 1 0 0 0 0 0 1 0 0 0 0 0 1 0 0 0 0 0 0 0 0 0 0 0 0 0 0 1 0 0 0 0 0 1 0 0 0 0 0 0 0 0 0 0 0 0 0 0 1 0 0 1 0 1 0 0 0 0 0 0 0 0 0 1 0 0 0 0 0 0 0 0 1 1 0 0 0 1 0 0 1 1 0 1 0 0 1 0 0 1 0 0 0 0 1 0 0 0 0 0 0 0 0 0 0 0 1 0 0 0 0 0 0 1 0 0 1 1 0 0 0 0 0 0 0 
0 1 0 0 0 0 0 0 1 0 0 0 0 0 0 1 0 0 0 0 0 1 0 0 0 0 0 0 0 0 0 0 0 0 0 0 0 0 1 1 0 0 0 0 0 0 0 0 1 1 0 0 1 0 0 1 0 1 1 0 0 0 0 1 0 0 0 0 0 0 0 0 0 0 0 0 0 0 1 0 0 0 0 0 1 0 1 0 0 0 0 0 1 0 1 0 0 0 0 0 0 0 0 0 0 0 0 1 0 0 0 1 1 0 0 0 0 0 0 0 0 0 0 0 0 0 1 0 0 0 0 0 1 0 1 0 1 0 0 0 0 0 0 0 0 0 1 0 0 0 0 0 0 0 0 0 0 0 0 0 0 0 0 1 0 0 0 0 0 0 0 0 0 0 0 0 0 0 0 0 0 0 0 0 1 0 0 0 1 0 0 1 0 0 0 
1 0 0 0 1 1 0 1 0 1 0 0 0 0 0 0 0 1 0 0 0 0 0 0 0 0 1 0 0 0 0 0 0 0 0 0 1 1 0 0 0 0 0 1 0 1 1 1 0 0 0 0 0 1 0 0 0 0 0 1 1 0 0 0 1 0 0 1 0 1 0 1 1 0 0 0 0 1 0 0 0 0 0 1 0 0 0 0 0 0 1 0 0 1 0 1 0 0 1 1 0 0 0 0 0 1 0 0 1 0 1 0 0 0 1 0 0 0 0 0 1 0 0 0 0 1 0 0 1 0 0 1 0 0 0 0 0 0 0 0 0 1 0 0 1 0 0 0 1 0 0 0 0 0 1 1 0 0 0 0 0 0 1 0 0 0 0 1 1 0 0 1 0 0 0 1 0 0 0 0 0 0 0 0 0 0 0 0 0 0 0 0 0 0 0 
0 0 0 0 0 0 0 0 0 0 0 0 0 0 1 0 0 0 0 0 0 0 0 1 0 0 0 0 0 0 0 0 0 1 0 1 0 0 0 0 0 0 0 0 1 0 0 0 0 0 0 1 0 0 0 0 0 0 0 0 0 0 0 0 0 0 0 0 1 0 0 0 0 0 0 0 0 0 0 0 0 0 0 0 0 0 0 0 0 0 0 0 0 0 0 0 0 0 0 0 0 0 0 0 0 0 1 0 0 1 0 0 0 1 0 0 1 0 0 0 0 0 0 0 0 0 0 1 0 0 1 0 0 0 0 0 0 1 0 0 0 0 0 0 0 0 0 0 0 0 0 0 0 0 0 0 0 0 0 0 0 0 0 0 0 1 1 0 0 1 1 0 1 0 0 0 0 1 1 1 0 0 0 0 0 0 0 0 0 1 0 0 0 0 0 
159 33 58 78 36 
9.309473E-06 4.250136E-04 0.000000E+00 1.804519E-05 5.623922E-07 3.295736E-05 2.457250E-04 1.216708E-05 1.671186E-06 3.035600E-05 0.000000E+00 6.100881E-05 5.981974E-05 6.010041E-05 4.141712E-06 2.107461E-04 2.971210E-05 2.804182E-05 0.000000E+00 1.576400E-05 3.141151E-05 1.322292E-04 8.720673E-06 5.179906E-06 6.145511E-06 1.187892E-04 3.001841E-05 0.000000E+00 5.977803E-07 4.421431E-05 9.159374E-06 2.539786E-04 0.000000E+00 2.827835E-05 0.000000E+00 0.000000E+00 1.605796E-04 3.253077E-05 1.826057E-05 4.029156E-04 9.314213E-06 0.000000E+00 0.000000E+00 4.268005E-05 2.095396E-05 9.737083E-05 3.714165E-06 2.511540E-05 5.427523E-06 5.261781E-05 8.487268E-05 2.393972E-05 3.674633E-05 7.500332E-04 0.000000E+00 3.360494E-06 2.526900E-04 0.000000E+00 1.779199E-05 8.765827E-05 1.439200E-04 0.000000E+00 1.531141E-04 5.409666E-05 1.444232E-04 2.976393E-05 2.189714E-05 4.542395E-05 2.762103E-05 2.455523E-05 4.741428E-06 1.578670E-05 1.965819E-04 1.761410E-06 0.000000E+00 3.063967E-05 2.141293E-05 0.000000E+00 5.376062E-05 0.000000E+00 0.000000E+00 5.671523E-05 1.434626E-05 1.209352E-04 2.057125E-06 4.527312E-06 1.342307E-04 0.000000E+00 1.584340E-05 0.000000E+00 3.546616E-04 3.240630E-07 5.883151E-05 2.036276E-07 4.376979E-06 7.491693E-05 1.773180E-04 8.495562E-06 2.847929E-04 9.997321E-04 0.000000E+00 0.000000E+00 1.252643E-05 3.536253E-06 0.000000E+00 1.474931E-05 5.005458E-07 2.664435E-04 5.041769E-04 2.110102E-05 9.740830E-05 1.195887E-04 3.908230E-05 9.343888E-07 6.450537E-04 2.827638E-05 8.632333E-06 0.000000E+00 6.839458E-05 2.059216E-05 9.452498E-06 1.492538E-05 0.000000E+00 8.517335E-05 0.000000E+00 1.616702E-04 1.329221E-04 4.119732E-05 1.198751E-04 0.000000E+00 2.537290E-05 5.235083E-04 5.908682E-04 5.793629E-05 3.657167E-05 9.938288E-07 3.192470E-04 2.048923E-06 9.680334E-05 1.152762E-06 1.023579E-07 2.060573E-04 1.891809E-04 7.453548E-05 3.179722E-04 3.374746E-05 4.539816E-05 2.559372E-05 2.154071E-04 0.000000E+00 7.142538E-05 2.428292E-05 2.776963E-05 1.044118E-05 1.758224E-04 5.779608E-05 1.865854E-04 0.000000E+00 0.000000E+00 1.639463E-04 3.037519E-04 2.067284E-05 1.966510E-04 1.478913E-05 1.730784E-07 8.866036E-06 1.039534E-06 1.739144E-05 2.590163E-08 7.419924E-05 2.031266E-06 5.698180E-06 4.224921E-08 0.000000E+00 1.835897E-05 1.162458E-04 3.009836E-04 1.680533E-05 5.576312E-05 1.171099E-04 2.418618E-05 3.901583E-06 2.147409E-06 5.948754E-04 2.691457E-05 0.000000E+00 2.903667E-04 3.400321E-05 1.351566E-04 1.164327E-05 0.000000E+00 1.388650E-06 0.000000E+00 0.000000E+00 0.000000E+00 
159 66 141 146 183 63 182 162 116 14 181 4 41 30 86 103 120 136 20 175 89 140 139 92 74 153 97 57 17 21 76 82 161 
33 144 13 23 148 165 122 177 31 12 29 154 98 134 124 25 7 151 77 152 119 104 32 160 83 188 157 67 184 187 51 143 71 26 
58 113 189 164 87 39 135 9 49 185 79 192 50 59 53 40 85 56 16 95 93 137 147 112 64 127 22 2 133 108 
78 61 115 5 132 73 168 106 70 169 84 156 111 72 47 37 1 94 172 54 68 8 65 48 44 121 38 129 60 96 46 100 18 10 6 109 27 142 149 126 163 176 155 91 145 99 
36 114 117 167 173 52 171 128 166 178 110 15 107 131 190 180 45 34 69 24 138 170 179 

============Find Best @ Round 1262================
==========Cluster 0, RcvInterf=1.11887e-14============
Node 158, SINR:0.00000e+00, BpsHz:0.00000e+00
Node 65, SINR:4.16982e-01, BpsHz:1.57132e-02
Node 140, SINR:4.16982e-01, BpsHz:1.57132e-02
Node 145, SINR:4.16982e-01, BpsHz:1.57132e-02
Node 182, SINR:4.16982e-01, BpsHz:1.57132e-02
Node 62, SINR:4.16982e-01, BpsHz:1.57132e-02
Node 181, SINR:4.16982e-01, BpsHz:1.57132e-02
Node 161, SINR:4.16982e-01, BpsHz:1.57132e-02
Node 115, SINR:4.16982e-01, BpsHz:1.57132e-02
Node 13, SINR:4.16982e-01, BpsHz:1.57132e-02
Node 180, SINR:4.16982e-01, BpsHz:1.57132e-02
Node 3, SINR:4.16982e-01, BpsHz:1.57132e-02
Node 40, SINR:4.16982e-01, BpsHz:1.57132e-02
Node 29, SINR:4.16982e-01, BpsHz:1.57132e-02
Node 85, SINR:4.16982e-01, BpsHz:1.57132e-02
Node 102, SINR:4.16982e-01, BpsHz:1.57132e-02
Node 119, SINR:4.16982e-01, BpsHz:1.57132e-02
Node 135, SINR:4.16982e-01, BpsHz:1.57132e-02
Node 19, SINR:4.16982e-01, BpsHz:1.57132e-02
Node 174, SINR:4.16982e-01, BpsHz:1.57132e-02
Node 88, SINR:4.16982e-01, BpsHz:1.57132e-02
Node 139, SINR:4.16982e-01, BpsHz:1.57132e-02
Node 138, SINR:4.16982e-01, BpsHz:1.57132e-02
Node 91, SINR:4.16982e-01, BpsHz:1.57132e-02
Node 73, SINR:4.16982e-01, BpsHz:1.57132e-02
Node 152, SINR:4.16982e-01, BpsHz:1.57132e-02
Node 96, SINR:4.16982e-01, BpsHz:1.57132e-02
Node 56, SINR:4.16982e-01, BpsHz:1.57132e-02
Node 16, SINR:4.16982e-01, BpsHz:1.57132e-02
Node 20, SINR:4.16982e-01, BpsHz:1.57132e-02
Node 75, SINR:4.16982e-01, BpsHz:1.57132e-02
Node 81, SINR:4.16982e-01, BpsHz:1.57132e-02
Node 160, SINR:4.16982e-01, BpsHz:1.57132e-02
---------------
==========Cluster 1, RcvInterf=1.74573e-14============
Node 32, SINR:0.00000e+00, BpsHz:0.00000e+00
Node 143, SINR:4.32500e-01, BpsHz:1.57132e-02
Node 12, SINR:4.32500e-01, BpsHz:1.57132e-02
Node 22, SINR:4.32500e-01, BpsHz:1.57132e-02
Node 147, SINR:4.32500e-01, BpsHz:1.57132e-02
Node 164, SINR:4.32500e-01, BpsHz:1.57132e-02
Node 121, SINR:4.32500e-01, BpsHz:1.57132e-02
Node 176, SINR:4.32500e-01, BpsHz:1.57132e-02
Node 30, SINR:4.32500e-01, BpsHz:1.57132e-02
Node 11, SINR:4.32500e-01, BpsHz:1.57132e-02
Node 28, SINR:4.32500e-01, BpsHz:1.57132e-02
Node 153, SINR:4.32500e-01, BpsHz:1.57132e-02
Node 97, SINR:4.32500e-01, BpsHz:1.57132e-02
Node 133, SINR:4.32500e-01, BpsHz:1.57132e-02
Node 123, SINR:4.32500e-01, BpsHz:1.57132e-02
Node 24, SINR:4.32500e-01, BpsHz:1.57132e-02
Node 6, SINR:4.32500e-01, BpsHz:1.57132e-02
Node 150, SINR:4.32500e-01, BpsHz:1.57132e-02
Node 76, SINR:4.32500e-01, BpsHz:1.57132e-02
Node 151, SINR:4.32500e-01, BpsHz:1.57132e-02
Node 118, SINR:4.32500e-01, BpsHz:1.57132e-02
Node 103, SINR:4.32500e-01, BpsHz:1.57132e-02
Node 31, SINR:4.32500e-01, BpsHz:1.57132e-02
Node 159, SINR:4.32500e-01, BpsHz:1.57132e-02
Node 82, SINR:4.32500e-01, BpsHz:1.57132e-02
Node 187, SINR:4.32500e-01, BpsHz:1.57132e-02
Node 156, SINR:4.32500e-01, BpsHz:1.57132e-02
Node 66, SINR:4.32500e-01, BpsHz:1.57132e-02
Node 183, SINR:4.32500e-01, BpsHz:1.57132e-02
Node 186, SINR:4.32500e-01, BpsHz:1.57132e-02
Node 50, SINR:4.32500e-01, BpsHz:1.57132e-02
Node 142, SINR:4.32500e-01, BpsHz:1.57132e-02
Node 70, SINR:4.32500e-01, BpsHz:1.57132e-02
Node 25, SINR:4.32500e-01, BpsHz:1.57132e-02
---------------
==========Cluster 2, RcvInterf=1.73750e-14============
Node 57, SINR:0.00000e+00, BpsHz:0.00000e+00
Node 112, SINR:3.71431e-01, BpsHz:1.57132e-02
Node 188, SINR:3.71431e-01, BpsHz:1.57132e-02
Node 163, SINR:3.71431e-01, BpsHz:1.57132e-02
Node 86, SINR:3.71431e-01, BpsHz:1.57132e-02
Node 38, SINR:3.71431e-01, BpsHz:1.57132e-02
Node 134, SINR:3.71431e-01, BpsHz:1.57132e-02
Node 8, SINR:3.71431e-01, BpsHz:1.57132e-02
Node 48, SINR:3.71431e-01, BpsHz:1.57132e-02
Node 184, SINR:3.71431e-01, BpsHz:1.57132e-02
Node 78, SINR:3.71431e-01, BpsHz:1.57132e-02
Node 191, SINR:3.71431e-01, BpsHz:1.57132e-02
Node 49, SINR:3.71431e-01, BpsHz:1.57132e-02
Node 58, SINR:3.71431e-01, BpsHz:1.57132e-02
Node 52, SINR:3.71431e-01, BpsHz:1.57132e-02
Node 39, SINR:3.71431e-01, BpsHz:1.57132e-02
Node 84, SINR:3.71431e-01, BpsHz:1.57132e-02
Node 55, SINR:3.71431e-01, BpsHz:1.57132e-02
Node 15, SINR:3.71431e-01, BpsHz:1.57132e-02
Node 94, SINR:3.71431e-01, BpsHz:1.57132e-02
Node 92, SINR:3.71431e-01, BpsHz:1.57132e-02
Node 136, SINR:3.71431e-01, BpsHz:1.57132e-02
Node 146, SINR:3.71431e-01, BpsHz:1.57132e-02
Node 111, SINR:3.71431e-01, BpsHz:1.57132e-02
Node 63, SINR:3.71431e-01, BpsHz:1.57132e-02
Node 126, SINR:3.71431e-01, BpsHz:1.57132e-02
Node 21, SINR:3.71431e-01, BpsHz:1.57132e-02
Node 1, SINR:3.71431e-01, BpsHz:1.57132e-02
Node 132, SINR:3.71431e-01, BpsHz:1.57132e-02
Node 107, SINR:3.71431e-01, BpsHz:1.57132e-02
---------------
==========Cluster 3, RcvInterf=1.27837e-14============
Node 77, SINR:0.00000e+00, BpsHz:0.00000e+00
Node 60, SINR:6.32511e-01, BpsHz:1.57132e-02
Node 114, SINR:6.32511e-01, BpsHz:1.57132e-02
Node 4, SINR:6.32511e-01, BpsHz:1.57132e-02
Node 131, SINR:6.32511e-01, BpsHz:1.57132e-02
Node 72, SINR:6.32511e-01, BpsHz:1.57132e-02
Node 167, SINR:6.32511e-01, BpsHz:1.57132e-02
Node 105, SINR:6.32511e-01, BpsHz:1.57132e-02
Node 69, SINR:6.32511e-01, BpsHz:1.57132e-02
Node 168, SINR:6.32511e-01, BpsHz:1.57132e-02
Node 83, SINR:6.32511e-01, BpsHz:1.57132e-02
Node 155, SINR:6.32511e-01, BpsHz:1.57132e-02
Node 110, SINR:6.32511e-01, BpsHz:1.57132e-02
Node 71, SINR:6.32511e-01, BpsHz:1.57132e-02
Node 46, SINR:6.32511e-01, BpsHz:1.57132e-02
Node 36, SINR:6.32511e-01, BpsHz:1.57132e-02
Node 0, SINR:6.32511e-01, BpsHz:1.57132e-02
Node 93, SINR:6.32511e-01, BpsHz:1.57132e-02
Node 171, SINR:6.32511e-01, BpsHz:1.57132e-02
Node 53, SINR:6.32511e-01, BpsHz:1.57132e-02
Node 67, SINR:6.32511e-01, BpsHz:1.57132e-02
Node 7, SINR:6.32511e-01, BpsHz:1.57132e-02
Node 64, SINR:6.32511e-01, BpsHz:1.57132e-02
Node 47, SINR:6.32511e-01, BpsHz:1.57132e-02
Node 43, SINR:6.32511e-01, BpsHz:1.57132e-02
Node 120, SINR:6.32511e-01, BpsHz:1.57132e-02
Node 37, SINR:6.32511e-01, BpsHz:1.57132e-02
Node 128, SINR:6.32511e-01, BpsHz:1.57132e-02
Node 59, SINR:6.32511e-01, BpsHz:1.57132e-02
Node 95, SINR:6.32511e-01, BpsHz:1.57132e-02
Node 45, SINR:6.32511e-01, BpsHz:1.57132e-02
Node 99, SINR:6.32511e-01, BpsHz:1.57132e-02
Node 17, SINR:6.32511e-01, BpsHz:1.57132e-02
Node 9, SINR:6.32511e-01, BpsHz:1.57132e-02
Node 5, SINR:6.32511e-01, BpsHz:1.57132e-02
Node 108, SINR:6.32511e-01, BpsHz:1.57132e-02
Node 26, SINR:6.32511e-01, BpsHz:1.57132e-02
Node 141, SINR:6.32511e-01, BpsHz:1.57132e-02
Node 148, SINR:6.32511e-01, BpsHz:1.57132e-02
Node 125, SINR:6.32511e-01, BpsHz:1.57132e-02
Node 162, SINR:6.32511e-01, BpsHz:1.57132e-02
Node 175, SINR:6.32511e-01, BpsHz:1.57132e-02
Node 154, SINR:6.32511e-01, BpsHz:1.57132e-02
Node 90, SINR:6.32511e-01, BpsHz:1.57132e-02
Node 144, SINR:6.32511e-01, BpsHz:1.57132e-02
Node 98, SINR:6.32511e-01, BpsHz:1.57132e-02
---------------
==========Cluster 4, RcvInterf=1.02106e-14============
Node 35, SINR:0.00000e+00, BpsHz:0.00000e+00
Node 113, SINR:2.70759e-01, BpsHz:1.57132e-02
Node 116, SINR:2.70759e-01, BpsHz:1.57132e-02
Node 166, SINR:2.70759e-01, BpsHz:1.57132e-02
Node 172, SINR:2.70759e-01, BpsHz:1.57132e-02
Node 51, SINR:2.70759e-01, BpsHz:1.57132e-02
Node 170, SINR:2.70759e-01, BpsHz:1.57132e-02
Node 127, SINR:2.70759e-01, BpsHz:1.57132e-02
Node 165, SINR:2.70759e-01, BpsHz:1.57132e-02
Node 177, SINR:2.70759e-01, BpsHz:1.57132e-02
Node 109, SINR:2.70759e-01, BpsHz:1.57132e-02
Node 14, SINR:2.70759e-01, BpsHz:1.57132e-02
Node 106, SINR:2.70758e-01, BpsHz:1.57132e-02
Node 130, SINR:2.70759e-01, BpsHz:1.57132e-02
Node 189, SINR:2.70759e-01, BpsHz:1.57132e-02
Node 179, SINR:2.70759e-01, BpsHz:1.57132e-02
Node 44, SINR:2.70759e-01, BpsHz:1.57132e-02
Node 33, SINR:2.70759e-01, BpsHz:1.57132e-02
Node 68, SINR:2.70759e-01, BpsHz:1.57132e-02
Node 23, SINR:2.70759e-01, BpsHz:1.57132e-02
Node 137, SINR:2.70759e-01, BpsHz:1.57132e-02
Node 169, SINR:2.70759e-01, BpsHz:1.57132e-02
Node 178, SINR:2.70759e-01, BpsHz:1.57132e-02
---------------
