2013-09-16_10-30  188 29 6.46e-01    188.4 1.10e-06 1.5e-07 1.0e-03 1.10 
2013-09-16_10-30  5 37 5.56e-01    206.5 1.31e-06 3.1e-07 1.0e-03 1.31 
2013-09-16_10-30  79 15 6.93e-01    104.4 1.29e-06 2.4e-08 1.0e-03 1.29 
2013-09-16_10-30  178 37 6.20e-01    230.4 1.70e-06 4.3e-07 1.0e-03 1.70 
2013-09-16_10-30  159 29 5.21e-01    151.9 1.49e-06 2.0e-07 1.0e-03 1.49 

2013-09-16_10-30  27 20 5.82e-01    117.0 1.63e-06 6.0e-08 1.0e-03 1.63 
2013-09-16_10-30  122 32 6.60e-01    212.1 2.52e-06 2.9e-07 1.0e-03 2.52 
2013-09-16_10-30  136 28 5.29e-01    148.9 1.41e-06 1.2e-07 1.0e-03 1.41 
2013-09-16_10-30  131 38 6.20e-01    236.7 2.13e-06 5.4e-07 1.0e-03 2.13 
2013-09-16_10-30  60 29 6.35e-01    185.0 5.22e-07 2.4e-07 1.0e-03 0.52 

2013-09-16_10-31  82 28 5.53e-01    155.5 1.54e-06 1.4e-07 1.0e-03 1.54 
2013-09-16_10-31  170 23 6.77e-01    156.4 2.52e-06 1.6e-07 1.0e-03 2.52 
2013-09-16_10-31  168 34 6.61e-01    225.8 1.22e-06 4.0e-07 1.0e-03 1.22 
2013-09-16_10-31  50 32 6.69e-01    215.1 1.36e-06 3.4e-07 1.0e-03 1.36 
2013-09-16_10-31  29 30 6.55e-01    197.4 2.20e-06 2.5e-07 1.0e-03 2.20 

2013-09-16_10-31  169 36 5.65e-01    204.2 1.17e-06 3.3e-07 1.0e-03 1.17 
2013-09-16_10-31  159 34 4.84e-01    165.4 1.62e-06 1.7e-07 1.0e-03 1.62 
2013-09-16_10-31  36 21 5.69e-01    120.0 2.33e-06 7.7e-08 1.0e-03 2.33 
2013-09-16_10-31  71 27 6.75e-01    183.2 1.29e-06 1.8e-07 1.0e-03 1.29 
2013-09-16_10-31  95 29 6.84e-01    199.3 1.40e-06 3.1e-07 1.0e-03 1.40 

2013-09-16_10-31  188 25 6.80e-01    170.7 9.97e-07 1.3e-07 1.0e-03 1.00 
2013-09-16_10-31  178 26 5.81e-01    151.8 1.12e-06 2.8e-07 1.0e-03 1.12 
2013-09-16_10-31  49 31 6.57e-01    204.6 1.32e-06 3.2e-07 1.0e-03 1.32 
2013-09-16_10-31  159 31 4.86e-01    151.3 1.48e-06 2.2e-07 1.0e-03 1.48 
2013-09-16_10-31  169 34 5.58e-01    190.5 1.09e-06 2.2e-07 1.0e-03 1.09 

2013-09-16_10-32  146 16 6.37e-01    102.3 8.76e-07 2.1e-08 1.0e-03 0.88 
2013-09-16_10-32  168 32 6.68e-01    214.8 1.16e-06 2.4e-07 1.0e-03 1.16 
2013-09-16_10-32  150 27 6.27e-01    170.0 2.53e-06 1.5e-07 1.0e-03 2.53 
2013-09-16_10-32  98 43 6.57e-01    283.9 1.29e-06 6.0e-07 1.0e-03 1.29 
2013-09-16_10-32  82 29 5.53e-01    161.0 1.59e-06 9.6e-08 1.0e-03 1.59 

