2013-09-16_10-33  5 36 5.75e-01    207.9 1.32e-06 5.1e-07 1.0e-03 1.32 
2013-09-16_10-33  134 29 6.20e-01    180.5 9.64e-07 2.0e-07 1.0e-03 0.96 
2013-09-16_10-33  140 38 5.06e-01    193.4 1.29e-06 5.5e-07 1.0e-03 1.29 
2013-09-16_10-33  164 39 6.44e-01    252.2 1.48e-06 7.0e-07 1.0e-03 1.48 
2013-09-16_10-33  107 24 5.88e-01    141.7 3.53e-06 1.6e-07 1.0e-03 3.53 

2013-09-16_10-34  79 23 7.07e-01    163.4 2.01e-06 1.6e-07 1.0e-03 2.01 
2013-09-16_10-34  178 34 6.12e-01    208.9 1.54e-06 3.7e-07 1.0e-03 1.54 
2013-09-16_10-34  159 34 4.88e-01    166.7 1.64e-06 1.9e-07 1.0e-03 1.64 
2013-09-16_10-34  188 36 6.03e-01    218.1 1.27e-06 2.3e-07 1.0e-03 1.27 
2013-09-16_10-34  5 39 5.58e-01    218.7 1.39e-06 4.5e-07 1.0e-03 1.39 

2013-09-16_10-34  188 35 6.04e-01    212.3 1.24e-06 3.6e-07 1.0e-03 1.24 
2013-09-16_10-34  107 23 5.68e-01    131.3 3.27e-06 8.7e-08 1.0e-03 3.27 
2013-09-16_10-34  5 38 5.56e-01    212.1 1.35e-06 4.9e-07 1.0e-03 1.35 
2013-09-16_10-34  79 29 6.65e-01    193.8 2.39e-06 4.4e-07 1.0e-03 2.39 
2013-09-16_10-34  140 41 5.29e-01    217.9 1.45e-06 4.4e-07 1.0e-03 1.45 

2013-09-16_10-34  159 33 5.01e-01    166.2 1.63e-06 1.7e-07 1.0e-03 1.63 
2013-09-16_10-34  33 34 6.41e-01    218.8 1.93e-06 3.4e-07 1.0e-03 1.93 
2013-09-16_10-34  58 30 6.70e-01    202.0 5.96e-07 4.1e-07 1.0e-03 0.60 
2013-09-16_10-34  78 46 5.31e-01    245.6 1.10e-06 5.6e-07 1.0e-03 1.10 
2013-09-16_10-34  36 23 5.90e-01    136.3 2.64e-06 8.0e-08 1.0e-03 2.64 

2013-09-16_10-35  188 31 6.33e-01    197.1 1.15e-06 2.1e-07 1.0e-03 1.15 
2013-09-16_10-35  5 40 5.57e-01    224.0 1.42e-06 4.3e-07 1.0e-03 1.42 
2013-09-16_10-35  79 29 6.80e-01    198.1 2.44e-06 2.8e-07 1.0e-03 2.44 
2013-09-16_10-35  178 35 6.15e-01    216.4 1.60e-06 4.0e-07 1.0e-03 1.60 
2013-09-16_10-35  159 31 5.07e-01    158.1 1.55e-06 1.7e-07 1.0e-03 1.55 

2013-09-16_10-35  131 38 6.33e-01    241.7 2.17e-06 5.5e-07 1.0e-03 2.17 
2013-09-16_10-35  32 31 6.22e-01    193.9 1.50e-06 3.5e-07 1.0e-03 1.50 
2013-09-16_10-35  8 39 5.40e-01    211.6 1.49e-06 4.0e-07 1.0e-03 1.49 
2013-09-16_10-35  51 29 6.70e-01    195.2 2.21e-06 1.9e-07 1.0e-03 2.21 
2013-09-16_10-35  136 29 5.34e-01    155.5 1.47e-06 2.3e-07 1.0e-03 1.47 

