195
23
1.000000e-03
1.931016e-312
127
3000
1.456643e+01
3.647232e-01
1.456643e-05
2.793190e-07
0 0 0 0 0 0 0 0 0 0 0 0 0 0 0 0 0 0 0 0 0 0 0 0 0 0 0 0 0 0 0 0 0 0 0 0 0 0 0 0 0 0 0 0 0 0 0 0 0 0 0 0 0 0 0 0 0 0 0 0 0 0 0 0 0 0 0 0 0 0 0 0 0 0 0 0 0 0 0 0 0 0 0 0 0 0 0 0 0 0 0 0 0 0 0 0 0 0 0 0 0 0 0 0 0 0 0 0 0 0 0 0 0 0 0 0 0 0 0 0 0 0 0 0 0 0 0 0 0 0 0 0 0 1 0 0 0 0 0 0 0 0 0 0 0 0 0 0 0 0 0 0 0 0 0 0 0 0 0 0 0 0 0 0 0 0 0 0 0 0 0 0 0 0 0 0 0 0 0 0 0 0 0 0 0 0 0 0 0 0 0 0 0 0 0 
0 0 0 0 0 0 0 0 0 0 1 0 0 0 0 0 0 0 0 0 0 0 0 0 0 0 0 0 0 0 0 0 0 0 0 0 0 0 0 0 0 0 0 0 0 0 0 0 0 0 0 0 0 0 0 0 0 0 0 0 0 0 0 0 0 0 0 0 0 0 0 0 0 0 0 0 0 0 0 0 0 0 0 0 0 0 0 0 0 1 0 0 0 0 0 0 0 0 1 0 0 0 0 0 0 0 0 0 0 0 0 0 0 0 0 0 0 0 0 0 0 0 0 0 0 0 0 0 0 0 0 0 0 0 0 0 0 0 0 0 0 0 0 0 0 0 0 0 0 0 0 0 0 0 0 0 0 0 0 0 0 0 0 0 0 0 0 0 0 0 0 0 0 0 0 0 0 0 0 0 0 0 0 0 0 0 0 0 0 0 0 0 1 1 0 
0 0 0 0 0 0 0 0 0 0 0 0 0 0 0 0 0 0 0 0 0 0 0 0 0 0 0 0 0 0 0 0 0 0 0 0 0 0 0 0 0 0 1 0 0 0 0 0 0 0 0 0 0 0 0 0 0 0 0 0 0 1 0 0 0 0 0 0 0 0 0 0 0 0 0 0 0 0 0 0 0 0 0 0 0 0 0 0 0 0 0 0 0 0 0 0 0 0 0 0 0 0 0 0 0 0 0 0 0 0 0 0 0 0 0 0 0 0 0 0 0 0 0 0 0 0 0 0 0 0 0 0 0 0 0 0 0 0 0 0 0 0 0 0 0 0 0 0 0 0 0 0 0 0 0 0 0 0 0 0 0 0 0 0 0 0 0 0 0 0 0 0 0 1 0 0 0 0 0 0 0 0 0 0 0 0 0 0 0 0 1 0 0 0 0 
0 0 0 0 0 0 0 0 0 0 0 0 0 0 0 0 0 0 0 0 0 0 0 0 0 0 0 0 0 0 0 0 0 0 0 0 0 0 0 0 0 0 0 0 0 0 0 0 0 1 0 0 0 0 0 0 0 0 0 0 0 0 0 0 0 0 0 0 0 0 0 0 0 0 0 0 0 0 0 0 0 0 0 0 0 0 0 0 0 0 0 0 0 0 0 0 0 0 0 0 0 0 0 0 0 0 0 0 0 0 0 0 0 0 0 0 0 0 0 0 0 0 1 0 0 0 0 0 0 0 1 0 0 0 0 0 0 0 0 0 0 0 0 0 0 0 1 0 0 0 0 0 0 0 0 0 0 0 0 0 0 0 0 0 0 0 0 0 0 0 0 0 0 0 0 0 0 1 1 0 0 0 0 0 0 0 0 0 0 0 0 0 0 0 0 
0 0 0 0 0 0 1 0 0 0 0 0 0 0 0 0 0 0 0 0 0 0 0 0 0 0 0 0 0 0 0 0 0 0 0 0 0 0 0 0 0 0 0 0 0 0 0 0 0 0 0 0 0 0 0 0 0 0 0 0 0 0 0 0 0 0 0 0 0 0 0 0 0 0 0 0 0 0 0 0 0 0 0 0 0 0 0 0 0 0 0 0 0 0 0 0 0 0 0 0 0 0 0 0 0 0 0 0 0 0 0 0 0 0 0 0 0 0 1 0 0 0 0 0 1 0 0 0 0 0 0 0 0 0 0 0 0 0 0 0 0 0 0 0 0 0 0 0 0 0 0 0 0 0 0 0 0 0 0 0 0 0 0 0 0 0 0 0 0 0 0 0 0 0 0 0 1 0 0 0 0 0 0 1 0 0 1 0 0 0 0 0 0 0 0 
0 0 0 0 0 0 0 0 0 0 0 0 0 0 0 0 0 0 0 0 0 0 0 0 0 0 0 0 0 0 0 0 0 0 0 0 0 0 0 0 0 0 0 1 0 0 0 0 0 0 0 0 0 0 0 0 0 0 0 1 0 0 0 0 0 0 0 0 0 0 0 0 0 0 0 0 0 0 0 0 0 0 0 0 0 0 0 0 0 0 1 0 0 0 0 0 0 0 0 0 0 0 0 0 0 0 0 0 0 0 1 0 0 0 0 0 0 0 0 0 0 0 0 0 0 1 0 0 0 0 0 0 0 0 0 0 0 0 0 0 0 0 0 0 0 0 0 0 1 0 0 0 0 0 0 0 0 0 0 0 0 0 1 0 0 0 0 1 0 0 0 0 0 0 0 0 0 0 0 0 0 0 0 0 0 0 0 0 0 0 0 0 0 0 0 
0 0 0 0 0 0 0 0 0 0 0 0 0 0 0 0 0 0 1 0 0 0 0 0 0 0 0 0 0 0 0 0 0 1 0 0 0 0 0 0 0 0 0 0 0 0 0 0 0 0 0 1 0 0 0 0 0 0 0 0 0 0 0 0 0 0 0 0 1 0 0 0 0 0 0 0 0 0 0 0 0 0 0 0 0 0 0 0 0 0 0 0 0 0 0 0 0 0 0 0 0 0 0 0 0 0 1 0 0 1 0 0 0 0 0 0 0 0 0 0 0 0 0 0 0 0 0 0 0 1 0 0 1 0 0 0 0 0 0 0 0 0 0 0 0 0 0 0 0 0 0 0 0 0 0 0 0 0 0 0 0 0 0 0 0 1 0 0 0 0 0 0 0 0 0 0 0 0 0 1 0 0 0 0 0 0 0 0 0 1 0 0 0 0 0 
0 0 0 0 0 0 0 0 0 0 0 1 0 0 0 0 0 0 0 0 0 0 0 0 0 0 0 0 0 0 0 0 0 0 0 0 0 0 0 0 0 0 0 0 0 0 0 0 0 0 1 0 0 0 0 0 0 0 0 0 0 0 0 0 0 0 0 0 0 0 0 0 0 0 0 0 0 0 0 0 0 0 0 0 0 0 0 0 0 0 0 0 0 0 0 0 0 0 0 0 0 0 0 0 0 0 0 0 0 0 0 0 0 0 0 0 0 0 0 0 0 0 0 0 0 0 0 0 0 0 0 0 0 0 0 0 0 0 0 0 0 0 0 0 0 0 0 0 0 0 0 0 0 0 0 0 0 0 0 0 0 0 0 0 0 0 0 0 0 0 0 0 0 0 0 0 0 0 0 0 0 0 0 0 0 0 0 0 0 0 0 0 0 0 0 
0 0 0 0 0 0 0 0 1 0 0 0 0 0 0 0 0 0 0 0 0 0 0 0 0 0 0 0 0 0 0 0 0 0 0 0 0 0 0 0 0 0 0 0 0 0 0 0 0 0 0 0 1 0 0 0 0 0 0 0 0 0 0 0 0 0 0 0 0 0 0 0 0 0 1 0 0 0 0 0 0 0 0 0 1 0 0 0 0 0 0 0 1 0 0 0 0 0 0 0 0 0 0 0 0 0 0 1 0 0 0 1 0 0 0 0 0 0 0 0 0 0 0 0 0 0 1 0 0 0 0 0 0 0 0 0 0 0 0 0 0 0 0 0 0 0 0 0 0 0 0 0 0 0 0 0 0 0 0 0 0 0 0 0 0 0 0 0 0 0 0 0 0 0 0 0 0 0 0 0 0 0 0 0 0 0 0 0 0 0 0 0 0 0 0 
0 0 0 0 0 0 0 0 0 0 0 0 0 0 0 0 0 0 0 0 0 0 0 0 0 0 0 0 0 0 0 0 0 0 0 0 0 0 0 0 0 0 0 0 0 0 0 0 0 0 0 0 0 0 0 0 0 0 0 0 0 0 1 0 0 0 0 0 0 0 0 0 0 0 0 0 0 0 0 0 0 0 0 0 0 0 0 0 0 0 0 0 0 0 0 0 1 0 0 0 0 0 0 0 0 0 0 0 0 0 0 0 0 0 0 0 0 0 0 0 0 0 0 0 0 0 0 0 0 0 0 0 0 0 0 0 0 0 1 0 0 0 0 0 0 0 0 0 0 0 0 0 0 0 0 0 0 0 0 0 0 0 0 0 0 0 0 0 0 0 0 0 0 0 0 0 0 0 0 0 0 0 0 0 0 0 0 0 0 0 0 0 0 0 0 
0 0 0 0 0 0 0 0 0 0 0 0 0 0 0 0 0 0 0 0 0 0 0 0 0 0 0 0 0 0 0 0 0 0 0 0 0 0 0 0 0 0 0 0 0 0 0 0 0 0 0 0 0 0 0 0 0 0 0 0 0 0 0 0 0 0 1 0 0 0 0 0 0 0 0 0 0 0 0 0 0 0 0 0 0 0 0 0 0 0 0 0 0 0 0 0 0 1 0 0 0 0 0 1 0 0 0 0 0 0 0 0 0 0 0 0 0 0 0 0 0 0 0 0 0 0 0 0 0 0 0 0 0 0 0 0 0 0 0 0 0 0 0 0 0 0 0 0 0 0 0 1 0 1 0 0 0 0 0 0 0 0 0 0 0 0 0 0 0 0 0 0 0 0 0 0 0 0 0 0 0 0 0 0 0 0 0 0 0 0 0 0 0 0 0 
0 0 0 0 0 0 0 0 0 0 0 0 0 0 0 0 1 0 0 0 0 0 0 0 0 0 0 0 0 1 0 0 0 0 1 0 0 0 0 0 0 0 0 0 0 0 0 0 0 0 0 0 0 0 0 0 0 0 0 0 0 0 0 0 0 0 0 0 0 0 0 0 0 0 0 0 0 0 0 0 1 0 0 0 0 0 0 0 0 0 0 0 0 0 0 0 0 0 0 0 0 0 0 0 0 0 0 0 0 0 0 0 0 0 0 0 0 0 0 0 0 0 0 0 0 0 0 0 0 0 0 0 0 0 0 0 0 0 0 0 0 0 0 0 0 0 0 0 0 0 0 0 0 0 1 0 0 0 0 0 0 0 0 0 0 0 0 0 0 0 0 0 0 0 0 0 0 0 0 0 0 0 0 0 0 1 0 0 0 0 0 0 0 0 0 
0 0 0 0 0 0 0 0 0 0 0 0 0 0 0 0 0 0 0 0 0 0 0 0 0 0 0 0 0 0 0 0 0 0 0 0 0 0 0 0 0 0 0 0 0 0 0 1 0 0 0 0 0 0 0 0 0 0 0 0 0 0 0 0 0 0 0 1 0 0 0 0 0 0 0 0 0 1 0 0 0 0 0 0 0 0 0 0 0 0 0 0 0 0 0 0 0 0 0 0 0 0 0 0 0 1 0 0 0 0 0 0 0 0 0 0 0 0 0 0 1 0 0 0 0 0 0 0 0 0 0 0 0 0 0 0 0 0 0 0 0 0 0 0 0 0 0 0 0 0 0 0 0 0 0 1 0 0 0 0 0 0 0 0 0 0 0 0 0 0 0 1 0 0 0 0 0 0 0 0 0 0 0 0 0 0 0 0 0 0 0 0 0 0 0 
0 0 0 0 0 0 0 0 0 0 0 0 0 0 0 0 0 0 0 0 0 0 0 0 0 0 0 0 0 0 0 0 0 0 0 0 0 0 0 0 0 0 0 0 0 0 0 0 0 0 0 0 0 0 0 0 0 0 0 0 0 0 0 0 0 0 0 0 0 0 0 0 0 0 0 0 0 0 0 0 0 0 0 0 0 0 0 0 0 0 0 0 0 0 0 0 0 0 0 0 0 0 0 0 0 0 0 0 0 0 0 0 0 0 0 0 0 0 0 0 0 0 0 1 0 0 0 0 0 0 0 0 0 0 0 0 0 0 0 0 0 0 1 0 0 0 0 0 0 0 0 0 0 0 0 0 0 0 0 0 0 0 0 0 0 0 0 0 0 0 0 0 0 0 0 0 0 0 0 0 0 0 0 0 0 0 0 0 0 0 0 0 0 0 0 
0 0 0 0 0 0 0 0 0 0 0 0 0 0 0 0 0 0 0 0 0 0 0 0 0 0 0 0 0 0 0 0 0 0 0 0 0 0 0 0 0 1 0 0 0 0 0 0 0 0 0 0 0 0 0 0 0 0 0 0 0 0 0 0 0 0 0 0 0 0 0 0 0 0 0 0 0 0 0 0 0 0 0 0 0 0 0 0 0 0 0 0 0 0 0 0 0 0 0 0 0 0 0 0 0 0 0 0 0 0 0 0 0 0 0 0 0 1 0 0 0 0 0 0 0 0 0 0 0 0 0 0 0 0 0 0 0 0 0 0 0 0 0 0 0 0 0 0 0 0 0 0 0 0 0 0 0 1 0 0 0 0 0 0 0 0 0 0 0 0 0 0 0 0 0 0 0 0 0 0 0 0 0 0 0 0 0 0 0 0 0 0 0 0 0 
0 0 0 1 0 0 0 0 0 0 0 0 0 0 0 0 0 0 0 0 0 0 0 0 0 0 0 0 0 0 0 0 0 0 0 0 0 0 0 0 0 0 0 0 0 0 0 0 0 0 0 0 0 0 0 0 0 0 0 0 0 0 0 0 0 0 0 0 0 0 0 0 0 1 0 0 0 0 0 0 0 0 0 0 0 0 0 0 0 0 0 1 0 0 0 0 0 0 0 0 0 0 0 0 0 0 0 0 0 0 0 0 0 0 0 0 0 0 0 1 0 0 0 0 0 0 0 0 0 0 0 0 0 0 0 1 0 0 0 1 0 0 0 0 0 0 0 0 0 0 0 0 0 0 0 0 0 0 1 0 0 0 0 0 0 0 0 0 0 0 0 0 0 0 0 0 0 0 0 0 0 1 0 0 0 0 0 0 0 0 0 0 0 0 0 
0 0 0 0 0 0 0 0 0 0 0 0 0 0 0 0 0 0 0 0 0 0 0 0 0 0 0 0 0 0 0 0 0 0 0 0 0 0 0 0 0 0 0 0 0 0 0 0 0 0 0 0 0 0 0 0 0 0 0 0 0 0 0 0 0 0 0 0 0 0 0 0 0 0 0 0 0 0 0 0 0 0 0 0 0 0 0 0 0 0 0 0 0 0 0 0 0 0 0 0 0 0 0 0 0 0 0 0 0 0 0 0 0 0 0 0 0 0 0 0 0 0 0 0 0 0 0 0 0 0 0 0 0 0 0 0 0 0 0 0 0 0 0 0 0 0 0 0 0 0 0 0 0 0 0 0 1 0 0 0 0 0 0 0 0 0 0 0 0 0 0 0 0 0 0 0 0 0 0 0 0 0 0 0 0 0 0 0 0 0 0 0 0 0 0 
0 0 0 0 0 1 0 1 0 0 0 0 0 0 0 0 0 1 0 0 0 0 0 0 0 0 1 0 0 0 0 0 0 0 0 0 1 0 0 0 0 0 0 0 0 0 1 0 0 0 0 0 0 0 0 0 0 0 0 0 0 0 0 0 0 0 0 0 0 0 0 1 0 0 0 0 0 0 0 1 0 0 0 1 0 0 0 1 0 0 0 0 0 0 0 1 0 0 0 0 1 0 0 0 1 0 0 0 0 0 0 0 0 0 0 0 0 0 0 0 0 0 0 0 0 0 0 0 1 0 0 0 0 0 0 0 0 0 0 0 0 0 0 0 0 0 0 0 0 0 0 0 0 0 0 0 0 0 0 0 0 0 0 0 0 0 0 0 0 0 0 0 0 0 0 0 0 0 0 0 0 0 0 0 0 0 0 0 0 0 0 0 0 0 0 
0 0 0 0 0 0 0 0 0 0 0 0 0 1 0 0 0 0 0 1 0 0 0 0 0 0 0 0 0 0 0 0 0 0 0 0 0 0 0 0 0 0 0 0 0 0 0 0 0 0 0 0 0 0 0 0 0 0 0 0 0 0 0 0 0 1 0 0 0 0 0 0 0 0 0 0 0 0 0 0 0 0 0 0 0 1 0 0 1 0 0 0 0 0 0 0 0 0 0 0 0 0 1 0 0 0 0 0 0 0 0 0 0 0 0 0 0 0 0 0 0 0 0 0 0 0 0 0 0 0 0 0 0 0 0 0 0 0 0 0 0 0 0 0 0 0 0 0 0 0 0 0 0 0 0 0 0 0 0 0 0 1 0 0 0 0 0 0 0 0 0 0 0 0 0 0 0 0 0 0 0 0 1 0 0 0 0 0 0 0 0 0 0 0 0 
0 0 0 0 0 0 0 0 0 0 0 0 0 0 0 0 0 0 0 0 0 0 0 0 0 0 0 0 0 0 0 0 0 0 0 0 0 1 0 0 0 0 0 0 0 1 0 0 0 0 0 0 0 1 0 0 0 0 0 0 1 0 0 0 1 0 0 0 0 0 0 0 1 0 0 0 0 0 0 0 0 0 0 0 0 0 0 0 0 0 0 0 0 0 0 0 0 0 0 1 0 0 0 0 0 0 0 0 1 0 0 0 0 0 1 0 0 0 0 0 0 0 0 0 0 0 0 0 0 0 0 1 0 0 0 0 0 0 0 0 0 0 0 0 0 0 0 0 0 0 0 0 0 0 0 0 0 0 0 0 0 0 0 0 0 0 0 0 0 0 0 0 0 0 0 0 0 0 0 0 0 0 0 0 0 0 0 0 0 0 0 0 0 0 0 
0 1 0 0 0 0 0 0 0 0 0 0 0 0 0 1 0 0 0 0 0 1 0 0 0 0 0 0 0 0 0 0 0 0 0 0 0 0 1 1 0 0 0 0 0 0 0 0 1 0 0 0 0 0 0 0 0 0 1 0 0 0 0 0 0 0 0 0 0 0 0 0 0 0 0 0 0 0 1 0 0 0 0 0 0 0 1 0 0 0 0 0 0 0 1 0 0 0 0 0 0 0 0 0 0 0 0 0 0 0 0 0 1 0 0 0 0 0 0 0 0 0 0 0 0 0 0 0 0 0 0 0 0 0 1 0 1 0 0 0 0 0 0 0 0 0 0 0 0 0 0 0 0 0 0 0 0 0 0 0 0 0 0 0 0 0 0 0 0 0 0 0 0 0 0 0 0 0 0 0 0 0 0 0 1 0 0 0 1 0 0 0 0 0 0 
0 0 0 0 0 0 0 0 0 0 0 0 0 0 0 0 0 0 0 0 0 0 1 0 0 0 0 0 1 0 0 0 1 0 0 0 0 0 0 0 0 0 0 0 0 0 0 0 0 0 0 0 0 0 0 0 0 0 0 0 0 0 0 0 0 0 0 0 0 0 0 0 0 0 0 0 0 0 0 0 0 0 1 0 0 0 0 0 0 0 0 0 0 0 0 0 0 0 0 0 0 0 0 0 0 0 0 0 0 0 0 0 0 0 0 0 0 0 0 0 0 0 0 0 0 0 0 0 0 0 0 0 0 0 0 0 0 0 0 0 0 0 0 0 0 0 0 0 0 0 0 0 0 0 0 0 0 0 0 0 0 0 0 0 1 0 0 0 0 0 0 0 0 0 0 0 0 0 0 0 0 0 0 0 0 0 0 0 0 0 0 0 0 0 0 
0 0 0 0 0 0 0 0 0 0 0 0 0 0 1 0 0 0 0 0 0 0 0 1 0 0 0 0 0 0 0 0 0 0 0 1 0 0 0 0 0 0 0 0 1 0 0 0 0 0 0 0 0 0 0 0 0 0 0 0 0 0 0 0 0 0 0 0 0 0 0 0 0 0 0 0 0 0 0 0 0 0 0 0 0 0 0 0 0 0 0 0 0 0 0 0 0 0 0 0 0 0 0 0 0 0 0 0 0 0 0 0 0 1 0 0 1 0 0 0 0 0 0 0 0 0 0 1 0 0 0 0 0 0 0 0 0 1 0 0 0 0 0 0 0 0 0 0 0 0 0 0 0 0 0 0 0 0 0 0 0 0 0 0 0 0 1 0 0 1 1 0 1 0 0 0 0 0 0 0 0 0 0 0 0 0 0 0 0 0 0 0 0 0 0 
134 90 174 179 187 126 34 51 53 139 154 81 121 124 42 136 157 96 20 46 185 165 114 
0.000000E+00 9.997340E-04 0.000000E+00 4.050191E-06 0.000000E+00 1.115035E-05 9.272845E-07 1.070214E-05 4.591646E-05 0.000000E+00 2.460788E-06 8.834225E-07 0.000000E+00 9.444781E-07 5.236931E-06 4.475787E-04 2.798370E-05 2.447446E-05 4.259509E-05 0.000000E+00 0.000000E+00 8.627992E-05 3.004753E-06 2.527940E-06 0.000000E+00 0.000000E+00 1.052230E-05 0.000000E+00 2.635782E-06 2.500718E-05 0.000000E+00 0.000000E+00 4.355122E-07 0.000000E+00 1.093133E-05 1.704723E-05 6.702604E-05 1.327333E-05 1.866808E-05 4.847378E-04 0.000000E+00 0.000000E+00 2.884123E-07 1.621241E-06 4.978678E-05 0.000000E+00 3.592363E-05 5.880714E-07 9.230185E-05 9.117633E-06 0.000000E+00 8.882391E-06 0.000000E+00 2.757334E-04 0.000000E+00 0.000000E+00 0.000000E+00 0.000000E+00 1.983309E-04 4.209055E-06 2.533487E-06 1.933671E-06 1.241108E-07 0.000000E+00 1.181321E-06 1.603279E-06 2.093089E-06 1.061339E-06 1.168329E-06 0.000000E+00 0.000000E+00 3.803279E-06 1.174594E-05 6.798869E-07 4.660692E-06 0.000000E+00 0.000000E+00 2.435772E-05 1.056696E-04 2.055384E-04 0.000000E+00 0.000000E+00 8.647155E-06 1.257886E-06 7.365719E-06 3.376444E-07 3.941584E-04 5.790121E-05 2.313972E-05 0.000000E+00 5.169327E-07 6.572160E-06 3.822431E-06 0.000000E+00 2.132534E-05 0.000000E+00 8.079896E-08 1.027464E-06 1.834744E-05 3.453171E-04 1.545727E-04 0.000000E+00 4.966620E-10 1.149572E-06 5.568891E-05 2.973184E-05 6.147394E-05 2.276557E-05 5.564014E-05 1.593447E-05 5.271904E-07 2.027074E-06 9.626142E-07 0.000000E+00 1.041866E-04 0.000000E+00 1.359757E-05 1.428896E-06 9.008538E-05 1.122110E-05 0.000000E+00 0.000000E+00 1.423740E-05 0.000000E+00 5.684113E-04 0.000000E+00 1.309598E-05 7.843174E-05 2.475213E-07 4.550379E-05 6.467900E-07 1.897393E-05 5.105797E-04 0.000000E+00 3.614428E-04 0.000000E+00 8.873431E-04 2.105693E-05 0.000000E+00 3.285872E-07 0.000000E+00 0.000000E+00 3.831031E-07 0.000000E+00 0.000000E+00 0.000000E+00 1.209733E-05 0.000000E+00 4.067282E-06 0.000000E+00 0.000000E+00 4.818565E-07 0.000000E+00 0.000000E+00 1.523841E-07 1.750478E-06 0.000000E+00 6.281422E-07 4.509438E-06 0.000000E+00 0.000000E+00 8.880947E-06 8.514815E-06 0.000000E+00 0.000000E+00 5.994813E-05 2.219098E-05 1.246427E-05 0.000000E+00 2.692659E-04 2.287099E-07 6.245911E-07 7.481841E-06 0.000000E+00 0.000000E+00 0.000000E+00 8.716105E-07 9.154291E-06 0.000000E+00 7.606694E-06 0.000000E+00 8.580194E-07 1.111645E-06 2.177507E-06 0.000000E+00 5.598815E-06 0.000000E+00 0.000000E+00 4.285294E-05 2.696085E-05 2.961898E-07 0.000000E+00 9.538578E-08 1.027448E-07 0.000000E+00 
134 
90 194 193 11 99 
174 43 191 62 
50 131 179 178 147 123 
7 177 184 187 119 125 
44 111 126 60 91 168 149 163 
19 34 52 69 110 130 180 190 166 107 133 
51 12 
53 85 93 112 75 127 108 9 
139 97 63 
154 98 152 104 67 
35 81 155 186 17 30 
121 172 156 48 68 106 78 
124 143 
42 158 118 
136 140 182 4 74 159 92 120 
157 
6 8 18 27 47 72 80 84 88 96 105 129 101 37 
14 20 66 86 103 183 162 89 
46 61 65 73 109 132 38 115 100 54 
16 22 39 40 49 59 87 95 113 137 185 189 79 2 135 
23 33 165 29 83 
15 24 114 117 171 173 167 128 36 138 45 170 

============Find Best @ Round 2109================
==========Cluster 0, RcvInterf=1.78603e-14============
Node 133, SINR:0.00000e+00, BpsHz:-nan
---------------
==========Cluster 1, RcvInterf=1.80304e-14============
Node 89, SINR:0.00000e+00, BpsHz:0.00000e+00
Node 193, SINR:5.28544e-01, BpsHz:1.53040e-01
Node 192, SINR:5.28544e-01, BpsHz:1.53040e-01
Node 10, SINR:5.28544e-01, BpsHz:1.53040e-01
Node 98, SINR:5.28544e-01, BpsHz:1.53040e-01
---------------
==========Cluster 2, RcvInterf=1.16612e-13============
Node 173, SINR:0.00000e+00, BpsHz:0.00000e+00
Node 42, SINR:3.74702e-01, BpsHz:1.53040e-01
Node 190, SINR:3.74702e-01, BpsHz:1.53040e-01
Node 61, SINR:3.74702e-01, BpsHz:1.53040e-01
---------------
==========Cluster 3, RcvInterf=2.24589e-13============
Node 49, SINR:6.99603e-01, BpsHz:1.53040e-01
Node 130, SINR:6.99603e-01, BpsHz:1.53040e-01
Node 178, SINR:0.00000e+00, BpsHz:0.00000e+00
Node 177, SINR:6.99603e-01, BpsHz:1.53040e-01
Node 146, SINR:6.99603e-01, BpsHz:1.53040e-01
Node 122, SINR:6.99603e-01, BpsHz:1.53040e-01
---------------
==========Cluster 4, RcvInterf=1.51359e-13============
Node 6, SINR:6.99603e-01, BpsHz:1.53040e-01
Node 176, SINR:6.99603e-01, BpsHz:1.53040e-01
Node 183, SINR:6.99603e-01, BpsHz:1.53040e-01
Node 186, SINR:0.00000e+00, BpsHz:0.00000e+00
Node 118, SINR:6.99603e-01, BpsHz:1.53040e-01
Node 124, SINR:6.99603e-01, BpsHz:1.53040e-01
---------------
==========Cluster 5, RcvInterf=2.87903e-14============
Node 43, SINR:1.10129e+00, BpsHz:1.53040e-01
Node 110, SINR:1.10129e+00, BpsHz:1.53040e-01
Node 125, SINR:0.00000e+00, BpsHz:0.00000e+00
Node 59, SINR:1.10129e+00, BpsHz:1.53040e-01
Node 90, SINR:1.10129e+00, BpsHz:1.53040e-01
Node 167, SINR:1.10129e+00, BpsHz:1.53040e-01
Node 148, SINR:1.10129e+00, BpsHz:1.53040e-01
Node 162, SINR:1.10129e+00, BpsHz:1.53040e-01
---------------
==========Cluster 6, RcvInterf=3.73060e-14============
Node 18, SINR:1.88865e+00, BpsHz:1.53040e-01
Node 33, SINR:0.00000e+00, BpsHz:0.00000e+00
Node 51, SINR:1.88865e+00, BpsHz:1.53040e-01
Node 68, SINR:1.88865e+00, BpsHz:1.53040e-01
Node 109, SINR:1.88865e+00, BpsHz:1.53040e-01
Node 129, SINR:1.88865e+00, BpsHz:1.53040e-01
Node 179, SINR:1.88865e+00, BpsHz:1.53040e-01
Node 189, SINR:1.88865e+00, BpsHz:1.53040e-01
Node 165, SINR:1.88865e+00, BpsHz:1.53040e-01
Node 106, SINR:1.88865e+00, BpsHz:1.53040e-01
Node 132, SINR:1.88865e+00, BpsHz:1.53040e-01
---------------
==========Cluster 7, RcvInterf=2.93653e-13============
Node 50, SINR:0.00000e+00, BpsHz:0.00000e+00
Node 11, SINR:1.11910e-01, BpsHz:1.53040e-01
---------------
==========Cluster 8, RcvInterf=3.12029e-14============
Node 52, SINR:0.00000e+00, BpsHz:0.00000e+00
Node 84, SINR:1.10129e+00, BpsHz:1.53040e-01
Node 92, SINR:1.10129e+00, BpsHz:1.53040e-01
Node 111, SINR:1.10129e+00, BpsHz:1.53040e-01
Node 74, SINR:1.10129e+00, BpsHz:1.53040e-01
Node 126, SINR:1.10129e+00, BpsHz:1.53040e-01
Node 107, SINR:1.10129e+00, BpsHz:1.53040e-01
Node 8, SINR:1.10129e+00, BpsHz:1.53040e-01
---------------
==========Cluster 9, RcvInterf=3.37633e-14============
Node 138, SINR:0.00000e+00, BpsHz:0.00000e+00
Node 96, SINR:2.36343e-01, BpsHz:1.53040e-01
Node 62, SINR:2.36343e-01, BpsHz:1.53040e-01
---------------
==========Cluster 10, RcvInterf=2.97840e-14============
Node 153, SINR:0.00000e+00, BpsHz:0.00000e+00
Node 97, SINR:5.28544e-01, BpsHz:1.53040e-01
Node 151, SINR:5.28544e-01, BpsHz:1.53040e-01
Node 103, SINR:5.28544e-01, BpsHz:1.53040e-01
Node 66, SINR:5.28544e-01, BpsHz:1.53040e-01
---------------
==========Cluster 11, RcvInterf=4.45068e-14============
Node 34, SINR:6.99603e-01, BpsHz:1.53040e-01
Node 80, SINR:0.00000e+00, BpsHz:0.00000e+00
Node 154, SINR:6.99603e-01, BpsHz:1.53040e-01
Node 185, SINR:6.99603e-01, BpsHz:1.53040e-01
Node 16, SINR:6.99603e-01, BpsHz:1.53040e-01
Node 29, SINR:6.99603e-01, BpsHz:1.53040e-01
---------------
==========Cluster 12, RcvInterf=3.83876e-14============
Node 120, SINR:0.00000e+00, BpsHz:0.00000e+00
Node 171, SINR:8.89805e-01, BpsHz:1.53040e-01
Node 155, SINR:8.89805e-01, BpsHz:1.53040e-01
Node 47, SINR:8.89805e-01, BpsHz:1.53040e-01
Node 67, SINR:8.89805e-01, BpsHz:1.53040e-01
Node 105, SINR:8.89805e-01, BpsHz:1.53040e-01
Node 77, SINR:8.89805e-01, BpsHz:1.53040e-01
---------------
==========Cluster 13, RcvInterf=1.69588e-14============
Node 123, SINR:0.00000e+00, BpsHz:0.00000e+00
Node 142, SINR:1.11910e-01, BpsHz:1.53040e-01
---------------
==========Cluster 14, RcvInterf=4.70301e-14============
Node 41, SINR:0.00000e+00, BpsHz:0.00000e+00
Node 157, SINR:2.36343e-01, BpsHz:1.53040e-01
Node 117, SINR:2.36343e-01, BpsHz:1.53040e-01
---------------
==========Cluster 15, RcvInterf=3.21464e-14============
Node 135, SINR:0.00000e+00, BpsHz:0.00000e+00
Node 139, SINR:1.10129e+00, BpsHz:1.53040e-01
Node 181, SINR:1.10129e+00, BpsHz:1.53040e-01
Node 3, SINR:1.10129e+00, BpsHz:1.53040e-01
Node 73, SINR:1.10129e+00, BpsHz:1.53040e-01
Node 158, SINR:1.10129e+00, BpsHz:1.53040e-01
Node 91, SINR:1.10129e+00, BpsHz:1.53040e-01
Node 119, SINR:1.10129e+00, BpsHz:1.53040e-01
---------------
==========Cluster 16, RcvInterf=2.08097e-14============
Node 156, SINR:0.00000e+00, BpsHz:-nan
---------------
==========Cluster 17, RcvInterf=2.23128e-14============
Node 5, SINR:2.97103e+00, BpsHz:1.53040e-01
Node 7, SINR:2.97103e+00, BpsHz:1.53040e-01
Node 17, SINR:2.97103e+00, BpsHz:1.53040e-01
Node 26, SINR:2.97103e+00, BpsHz:1.53040e-01
Node 46, SINR:2.97103e+00, BpsHz:1.53040e-01
Node 71, SINR:2.97103e+00, BpsHz:1.53040e-01
Node 79, SINR:2.97103e+00, BpsHz:1.53040e-01
Node 83, SINR:2.97103e+00, BpsHz:1.53040e-01
Node 87, SINR:2.97103e+00, BpsHz:1.53040e-01
Node 95, SINR:0.00000e+00, BpsHz:0.00000e+00
Node 104, SINR:2.97103e+00, BpsHz:1.53040e-01
Node 128, SINR:2.97103e+00, BpsHz:1.53040e-01
Node 100, SINR:2.97103e+00, BpsHz:1.53040e-01
Node 36, SINR:2.97103e+00, BpsHz:1.53040e-01
---------------
==========Cluster 18, RcvInterf=2.90362e-14============
Node 13, SINR:1.10129e+00, BpsHz:1.53040e-01
Node 19, SINR:0.00000e+00, BpsHz:0.00000e+00
Node 65, SINR:1.10129e+00, BpsHz:1.53040e-01
Node 85, SINR:1.10129e+00, BpsHz:1.53040e-01
Node 102, SINR:1.10129e+00, BpsHz:1.53040e-01
Node 182, SINR:1.10129e+00, BpsHz:1.53040e-01
Node 161, SINR:1.10129e+00, BpsHz:1.53040e-01
Node 88, SINR:1.10129e+00, BpsHz:1.53040e-01
---------------
==========Cluster 19, RcvInterf=3.18442e-14============
Node 45, SINR:0.00000e+00, BpsHz:0.00000e+00
Node 60, SINR:1.59792e+00, BpsHz:1.53040e-01
Node 64, SINR:1.59792e+00, BpsHz:1.53040e-01
Node 72, SINR:1.59792e+00, BpsHz:1.53040e-01
Node 108, SINR:1.59792e+00, BpsHz:1.53040e-01
Node 131, SINR:1.59792e+00, BpsHz:1.53040e-01
Node 37, SINR:1.59792e+00, BpsHz:1.53040e-01
Node 114, SINR:1.59792e+00, BpsHz:1.53040e-01
Node 99, SINR:1.59792e+00, BpsHz:1.53040e-01
Node 53, SINR:1.59792e+00, BpsHz:1.53040e-01
---------------
==========Cluster 20, RcvInterf=9.25123e-14============
Node 15, SINR:3.41543e+00, BpsHz:1.53040e-01
Node 21, SINR:3.41543e+00, BpsHz:1.53040e-01
Node 38, SINR:3.41543e+00, BpsHz:1.53040e-01
Node 39, SINR:3.41543e+00, BpsHz:1.53040e-01
Node 48, SINR:3.41543e+00, BpsHz:1.53040e-01
Node 58, SINR:3.41543e+00, BpsHz:1.53040e-01
Node 86, SINR:3.41543e+00, BpsHz:1.53040e-01
Node 94, SINR:3.41543e+00, BpsHz:1.53040e-01
Node 112, SINR:3.41543e+00, BpsHz:1.53040e-01
Node 136, SINR:3.41543e+00, BpsHz:1.53040e-01
Node 184, SINR:0.00000e+00, BpsHz:0.00000e+00
Node 188, SINR:3.41543e+00, BpsHz:1.53040e-01
Node 78, SINR:3.41543e+00, BpsHz:1.53040e-01
Node 1, SINR:3.41543e+00, BpsHz:1.53040e-01
Node 134, SINR:3.41543e+00, BpsHz:1.53040e-01
---------------
==========Cluster 21, RcvInterf=5.50075e-14============
Node 22, SINR:5.28544e-01, BpsHz:1.53040e-01
Node 32, SINR:5.28544e-01, BpsHz:1.53040e-01
Node 164, SINR:0.00000e+00, BpsHz:0.00000e+00
Node 28, SINR:5.28544e-01, BpsHz:1.53040e-01
Node 82, SINR:5.28544e-01, BpsHz:1.53040e-01
---------------
==========Cluster 22, RcvInterf=4.50017e-14============
Node 14, SINR:2.21192e+00, BpsHz:1.53040e-01
Node 23, SINR:2.21192e+00, BpsHz:1.53040e-01
Node 113, SINR:0.00000e+00, BpsHz:0.00000e+00
Node 116, SINR:2.21192e+00, BpsHz:1.53040e-01
Node 170, SINR:2.21192e+00, BpsHz:1.53040e-01
Node 172, SINR:2.21192e+00, BpsHz:1.53040e-01
Node 166, SINR:2.21192e+00, BpsHz:1.53040e-01
Node 127, SINR:2.21192e+00, BpsHz:1.53040e-01
Node 35, SINR:2.21192e+00, BpsHz:1.53040e-01
Node 137, SINR:2.21192e+00, BpsHz:1.53040e-01
Node 44, SINR:2.21192e+00, BpsHz:1.53040e-01
Node 169, SINR:2.21192e+00, BpsHz:1.53040e-01
---------------
