195
11
1.000000e-03
1.931016e-312
135
3000
1.187864e+01
7.751465e-01
1.187864e-05
1.022103e-06
0 0 0 0 0 0 0 0 0 0 1 0 0 0 0 0 0 0 0 0 0 0 0 0 0 1 0 0 0 0 0 0 0 0 0 0 0 0 0 0 0 0 0 1 0 0 0 0 0 0 0 0 0 0 0 0 0 0 0 1 0 0 0 0 0 0 0 1 0 0 0 0 0 0 0 0 0 0 0 0 0 0 0 0 0 0 0 0 0 1 1 0 1 0 0 0 0 0 1 0 0 1 0 1 0 0 0 0 0 0 0 0 0 0 0 0 0 0 0 0 0 0 0 0 0 1 1 0 0 0 0 0 0 0 0 0 0 0 0 0 0 0 0 0 0 0 0 0 1 0 0 1 0 1 0 0 0 0 0 0 0 0 0 0 0 0 0 0 0 0 0 0 0 0 0 0 0 0 0 0 0 0 0 0 0 0 0 0 0 0 0 0 1 1 0 
0 0 0 0 0 0 1 0 0 0 0 1 0 0 0 0 0 0 0 0 0 0 0 0 0 0 0 0 1 0 0 0 0 0 0 0 0 0 0 0 0 0 0 0 0 0 0 0 0 0 1 0 0 0 0 0 0 0 0 0 0 0 0 0 0 0 0 0 0 0 0 0 0 0 0 0 0 0 0 0 0 0 0 0 0 0 0 0 0 0 0 0 0 0 0 0 0 0 0 0 0 0 0 0 0 0 0 0 0 0 0 0 0 0 0 0 0 0 1 0 0 1 0 0 0 0 0 0 0 0 0 0 0 0 0 0 0 0 0 0 0 0 0 0 0 0 0 1 0 0 1 0 0 0 0 0 0 0 0 0 0 0 0 0 0 0 0 0 0 0 0 0 0 0 0 0 1 0 0 0 0 0 0 1 0 0 1 0 0 0 0 0 0 0 0 
0 0 0 0 0 0 0 0 0 0 0 0 0 0 0 0 0 0 0 0 0 0 0 0 1 0 0 0 0 0 0 1 0 0 0 0 0 0 0 0 0 1 0 0 0 0 0 0 0 0 0 0 0 0 0 0 0 0 0 0 0 0 0 0 0 0 0 0 0 0 1 0 0 0 0 0 1 0 0 0 0 0 1 0 0 0 0 0 0 0 0 0 0 0 0 0 0 0 0 0 0 0 0 0 0 0 0 0 0 0 0 0 0 0 0 0 0 1 0 0 0 0 0 1 0 0 0 0 0 0 0 0 0 0 0 0 0 0 0 0 0 0 1 1 0 0 0 0 0 0 0 0 0 0 0 0 1 0 0 1 0 0 0 0 0 0 0 0 0 0 0 0 0 0 0 0 0 0 0 0 0 0 0 0 0 0 0 1 0 0 0 0 0 0 0 
0 0 0 0 0 0 0 0 0 0 0 0 0 0 0 0 0 0 0 0 0 0 0 0 0 0 0 0 0 0 0 0 0 0 0 0 0 0 0 0 0 0 0 0 0 0 0 0 0 0 0 0 0 0 1 0 0 0 0 0 0 0 0 0 0 0 0 0 0 0 0 0 0 0 0 0 0 0 0 1 0 1 0 0 0 0 0 1 1 0 0 0 0 0 0 0 0 0 0 0 1 0 0 0 1 0 0 0 0 0 0 0 0 0 0 0 0 0 0 0 0 0 0 0 0 0 0 0 1 0 0 0 0 0 0 0 0 0 0 0 0 0 0 0 0 0 0 0 0 0 0 0 0 0 0 0 0 0 0 0 1 0 0 0 0 0 0 0 0 0 0 0 0 0 0 0 0 0 0 0 0 0 0 0 0 0 0 0 0 0 0 0 0 0 0 
0 0 0 0 0 0 0 0 0 0 0 0 0 0 1 0 0 0 0 0 0 0 0 1 0 0 0 1 0 0 0 0 0 0 0 1 0 0 0 0 0 0 0 0 1 0 0 0 0 0 0 0 0 0 0 0 0 0 0 0 0 0 0 0 0 0 0 0 0 0 0 0 0 0 0 0 0 0 0 0 0 0 0 0 0 0 0 0 0 0 0 0 0 0 0 0 0 0 0 0 0 0 0 0 0 0 0 0 0 0 0 0 0 1 0 0 0 0 0 0 0 0 0 0 0 0 0 1 0 0 0 0 0 0 0 0 0 1 0 0 0 0 0 0 0 0 0 0 0 0 0 0 0 0 0 0 0 0 0 0 0 0 0 0 0 0 0 0 0 1 1 0 1 0 0 0 0 0 0 0 0 0 0 0 0 0 0 0 0 0 0 0 0 0 0 
0 0 0 0 0 0 0 0 1 0 0 0 0 0 0 1 0 0 0 0 0 1 0 0 0 0 0 0 0 0 0 0 0 0 0 0 0 0 1 1 0 0 0 0 0 0 0 0 1 0 0 0 0 0 0 1 0 1 1 0 0 0 0 0 0 0 0 0 0 0 0 0 0 0 0 0 0 0 1 0 0 0 0 0 1 0 1 0 0 0 0 0 0 0 1 0 0 0 0 0 0 0 0 0 0 0 0 0 0 0 0 0 1 0 0 0 0 0 0 0 0 0 0 0 0 0 0 0 0 0 0 0 0 0 0 0 1 0 0 0 0 0 0 0 0 0 0 0 0 0 0 0 0 0 0 0 0 0 0 0 0 0 0 1 0 0 0 0 0 0 0 0 0 0 0 0 0 0 0 0 0 0 0 0 1 0 0 0 1 0 0 1 0 0 0 
0 0 1 0 0 0 0 0 0 0 0 0 0 0 0 0 0 0 0 0 0 0 0 0 0 0 0 0 0 1 0 0 0 0 0 0 0 0 0 0 0 0 1 0 0 0 0 0 0 0 0 0 0 0 0 0 0 0 0 0 0 1 0 0 0 0 0 0 0 0 0 0 0 0 0 0 0 0 0 0 0 0 0 0 0 0 0 0 0 0 0 0 0 0 0 0 0 0 0 0 0 0 0 0 0 0 0 1 0 0 0 1 0 0 0 0 0 0 0 0 0 0 0 0 0 0 0 0 0 0 0 0 0 0 0 0 0 0 0 0 0 0 0 0 0 0 0 0 0 0 0 0 0 0 0 0 0 0 0 0 0 0 0 0 0 0 0 0 0 0 0 0 0 1 0 0 0 0 0 0 0 0 0 0 0 0 0 0 0 0 1 0 0 0 0 
1 0 0 0 0 0 0 0 0 1 0 0 0 0 0 0 0 0 0 0 0 0 0 0 0 0 0 0 0 0 0 0 0 0 0 0 1 1 0 0 0 0 0 0 0 1 0 0 0 0 0 0 0 1 0 0 0 0 0 0 1 0 0 0 1 0 0 0 0 0 0 0 1 0 0 0 0 0 0 0 0 0 0 0 0 0 0 0 0 0 0 0 0 0 0 0 0 0 0 1 0 0 0 0 0 0 0 0 1 0 0 0 0 0 1 0 0 0 0 0 0 0 0 0 0 0 0 0 0 0 0 1 0 0 0 0 0 0 0 0 0 0 0 0 0 0 0 0 0 0 0 0 0 0 0 0 0 0 0 0 0 0 0 0 0 0 0 0 0 0 0 0 0 0 0 0 0 0 0 0 0 0 0 0 0 0 0 0 0 0 0 0 0 0 0 
0 0 0 0 0 0 0 0 0 0 0 0 0 0 0 0 0 0 1 0 0 0 0 0 0 0 0 0 0 0 0 0 0 1 0 0 0 0 0 0 0 0 0 0 0 0 0 0 0 1 0 0 0 0 0 0 0 0 0 0 0 0 0 0 0 0 0 0 1 0 0 0 0 0 0 0 0 0 0 0 0 0 0 0 0 0 0 0 0 0 0 0 0 0 0 0 0 0 0 0 0 0 0 0 0 0 0 0 0 1 0 0 0 0 0 0 0 0 0 0 0 0 1 0 0 0 0 0 0 1 1 0 1 0 0 0 0 0 0 0 0 0 0 0 0 0 1 0 0 1 0 0 0 0 0 0 0 0 0 0 0 0 0 0 0 0 0 0 0 0 0 0 0 0 0 0 0 1 1 1 0 0 0 0 0 0 0 0 0 0 0 0 0 0 1 
0 0 0 1 0 0 0 0 0 0 0 0 0 0 0 0 0 0 0 0 0 0 0 0 0 0 0 0 0 0 0 0 0 0 0 0 0 0 0 0 0 0 0 0 0 0 0 0 0 0 0 0 0 0 0 0 1 0 0 0 0 0 1 0 0 1 0 0 0 0 0 0 0 1 0 0 0 0 0 0 0 0 0 0 0 0 0 0 0 0 0 1 0 0 0 0 1 0 0 0 0 0 0 0 0 0 0 0 0 0 0 0 0 0 0 1 0 0 0 0 0 0 0 0 0 0 0 0 0 0 0 0 0 0 0 1 0 0 1 1 1 0 0 0 0 1 0 0 0 0 0 0 1 0 0 0 0 0 1 0 0 0 0 0 0 0 0 0 0 0 0 0 0 0 0 0 0 0 0 0 1 0 0 0 0 0 0 0 0 0 0 0 0 0 0 
0 0 0 0 0 0 0 1 0 0 0 0 0 0 0 0 0 1 0 0 0 0 0 0 0 0 0 0 0 0 0 0 0 0 1 0 0 0 0 0 1 0 0 0 0 0 1 1 0 0 0 0 0 0 0 0 0 0 0 0 0 0 0 0 0 0 0 0 0 1 0 0 0 0 0 0 0 1 0 0 0 0 0 0 0 0 0 0 0 0 0 0 0 1 0 0 0 0 0 0 0 0 0 0 0 1 0 0 0 0 0 0 0 0 0 0 0 0 0 0 1 0 0 0 0 0 0 0 0 0 0 0 0 0 0 0 0 0 0 0 0 0 0 0 0 0 0 0 0 0 0 0 0 0 1 0 0 0 0 0 0 0 0 0 0 0 0 0 0 0 0 0 0 0 0 1 0 0 0 0 0 0 0 0 0 0 0 0 0 0 0 0 0 0 0 
90 12 124 105 24 95 191 46 150 74 106 
3.136585E-04 0.000000E+00 3.772334E-06 2.818829E-05 0.000000E+00 0.000000E+00 5.917013E-05 4.806156E-05 2.622733E-04 1.175271E-04 1.626214E-05 0.000000E+00 0.000000E+00 0.000000E+00 1.189839E-05 4.971459E-04 0.000000E+00 2.286501E-05 1.330718E-04 0.000000E+00 0.000000E+00 7.008803E-05 0.000000E+00 0.000000E+00 3.595501E-05 3.869459E-06 0.000000E+00 1.310535E-04 4.286300E-05 5.354557E-05 0.000000E+00 9.280808E-05 0.000000E+00 1.615895E-05 1.388159E-04 2.709446E-05 4.632000E-04 2.694707E-05 2.417832E-05 4.819212E-04 3.863639E-04 3.649375E-04 2.994656E-06 9.996663E-04 3.038527E-05 0.000000E+00 2.019273E-04 3.451782E-05 2.677146E-07 5.070312E-05 1.498759E-06 0.000000E+00 0.000000E+00 5.597848E-04 2.419647E-04 2.036494E-04 5.663933E-04 2.974982E-05 8.736338E-05 1.770599E-04 5.143401E-06 2.252400E-05 2.802913E-04 0.000000E+00 2.398279E-06 6.303624E-04 0.000000E+00 2.061383E-04 9.877454E-05 9.930712E-07 7.445203E-05 0.000000E+00 2.384621E-05 0.000000E+00 0.000000E+00 0.000000E+00 2.164371E-04 9.910965E-05 1.593347E-05 5.588605E-05 0.000000E+00 6.916945E-06 1.310323E-04 0.000000E+00 3.995149E-04 0.000000E+00 3.778654E-04 3.084686E-06 5.092722E-05 0.000000E+00 6.884426E-04 3.145628E-06 7.495386E-04 1.325911E-04 0.000000E+00 0.000000E+00 3.166953E-04 0.000000E+00 1.212493E-04 7.010513E-04 1.971512E-05 2.938976E-06 0.000000E+00 3.107919E-04 0.000000E+00 0.000000E+00 0.000000E+00 4.183661E-05 1.129588E-04 2.839569E-04 0.000000E+00 1.750491E-04 6.248973E-06 7.247681E-07 2.115161E-04 1.299373E-05 0.000000E+00 1.498216E-04 9.112006E-05 0.000000E+00 7.753113E-05 1.180435E-06 1.110880E-04 0.000000E+00 0.000000E+00 7.584475E-04 6.306936E-04 6.867312E-06 1.108413E-05 6.307059E-05 7.131511E-06 3.852024E-05 2.259905E-04 0.000000E+00 0.000000E+00 1.568377E-06 8.313560E-04 3.092018E-06 1.235604E-04 2.041956E-05 6.426643E-06 0.000000E+00 1.183570E-05 3.186396E-06 0.000000E+00 8.681150E-05 7.930875E-05 3.814536E-06 1.125819E-04 0.000000E+00 7.472618E-07 7.650595E-05 1.382122E-05 3.426689E-04 1.368534E-04 0.000000E+00 5.012603E-05 0.000000E+00 1.843679E-05 8.988849E-05 7.233364E-06 0.000000E+00 0.000000E+00 1.990041E-05 0.000000E+00 0.000000E+00 0.000000E+00 0.000000E+00 0.000000E+00 1.504478E-05 2.564113E-06 0.000000E+00 2.312788E-05 4.130744E-07 0.000000E+00 1.307536E-04 1.420838E-05 4.193326E-05 4.475783E-06 2.564919E-05 1.438789E-05 0.000000E+00 0.000000E+00 9.352645E-05 5.045737E-06 0.000000E+00 3.083909E-05 5.790966E-05 7.742758E-05 0.000000E+00 0.000000E+00 1.565029E-04 6.303580E-07 6.789900E-07 3.316876E-05 
11 26 90 102 152 193 194 149 60 99 154 127 91 104 93 68 126 44 
7 12 51 122 148 151 177 184 187 119 29 
25 71 77 83 118 124 143 144 157 160 32 188 42 
80 82 88 101 105 129 161 55 89 
15 24 114 128 171 138 45 170 173 36 28 
22 39 40 49 58 59 79 95 113 164 185 189 192 9 56 16 85 87 137 
191 43 174 3 62 112 30 108 
10 38 46 54 61 65 73 100 109 115 132 1 37 
19 34 50 69 130 131 150 178 179 180 195 133 110 147 123 
4 74 92 116 136 139 140 141 153 159 181 63 57 97 146 66 
18 48 70 106 121 155 176 78 94 8 47 41 35 

============Find Best @ Round 2277================
==========Cluster 0, RcvInterf=7.61874e-14============
Node 10, SINR:1.33617e+00, BpsHz:7.20084e-02
Node 25, SINR:1.33617e+00, BpsHz:7.20084e-02
Node 89, SINR:0.00000e+00, BpsHz:0.00000e+00
Node 101, SINR:1.33617e+00, BpsHz:7.20084e-02
Node 151, SINR:1.33617e+00, BpsHz:7.20084e-02
Node 192, SINR:1.33617e+00, BpsHz:7.20084e-02
Node 193, SINR:1.33617e+00, BpsHz:7.20084e-02
Node 148, SINR:1.33617e+00, BpsHz:7.20084e-02
Node 59, SINR:1.33617e+00, BpsHz:7.20084e-02
Node 98, SINR:1.33617e+00, BpsHz:7.20084e-02
Node 153, SINR:1.33617e+00, BpsHz:7.20084e-02
Node 126, SINR:1.33617e+00, BpsHz:7.20084e-02
Node 90, SINR:1.33617e+00, BpsHz:7.20084e-02
Node 103, SINR:1.33617e+00, BpsHz:7.20084e-02
Node 92, SINR:1.33617e+00, BpsHz:7.20084e-02
Node 67, SINR:1.33617e+00, BpsHz:7.20084e-02
Node 125, SINR:1.33617e+00, BpsHz:7.20084e-02
Node 43, SINR:1.33617e+00, BpsHz:7.20084e-02
---------------
==========Cluster 1, RcvInterf=7.34137e-14============
Node 6, SINR:6.47278e-01, BpsHz:7.20084e-02
Node 11, SINR:0.00000e+00, BpsHz:0.00000e+00
Node 50, SINR:6.47278e-01, BpsHz:7.20084e-02
Node 121, SINR:6.47278e-01, BpsHz:7.20084e-02
Node 147, SINR:6.47278e-01, BpsHz:7.20084e-02
Node 150, SINR:6.47278e-01, BpsHz:7.20084e-02
Node 176, SINR:6.47278e-01, BpsHz:7.20084e-02
Node 183, SINR:6.47278e-01, BpsHz:7.20084e-02
Node 186, SINR:6.47278e-01, BpsHz:7.20084e-02
Node 118, SINR:6.47278e-01, BpsHz:7.20084e-02
Node 28, SINR:6.47278e-01, BpsHz:7.20084e-02
---------------
==========Cluster 2, RcvInterf=1.29360e-13============
Node 24, SINR:8.20205e-01, BpsHz:7.20084e-02
Node 70, SINR:8.20205e-01, BpsHz:7.20084e-02
Node 76, SINR:8.20205e-01, BpsHz:7.20084e-02
Node 82, SINR:8.20205e-01, BpsHz:7.20084e-02
Node 117, SINR:8.20205e-01, BpsHz:7.20084e-02
Node 123, SINR:0.00000e+00, BpsHz:0.00000e+00
Node 142, SINR:8.20205e-01, BpsHz:7.20084e-02
Node 143, SINR:8.20205e-01, BpsHz:7.20084e-02
Node 156, SINR:8.20205e-01, BpsHz:7.20084e-02
Node 159, SINR:8.20205e-01, BpsHz:7.20084e-02
Node 31, SINR:8.20205e-01, BpsHz:7.20084e-02
Node 187, SINR:8.20205e-01, BpsHz:7.20084e-02
Node 41, SINR:8.20205e-01, BpsHz:7.20084e-02
---------------
==========Cluster 3, RcvInterf=1.80673e-13============
Node 79, SINR:4.90780e-01, BpsHz:7.20084e-02
Node 81, SINR:4.90780e-01, BpsHz:7.20084e-02
Node 87, SINR:4.90780e-01, BpsHz:7.20084e-02
Node 100, SINR:4.90780e-01, BpsHz:7.20084e-02
Node 104, SINR:0.00000e+00, BpsHz:0.00000e+00
Node 128, SINR:4.90780e-01, BpsHz:7.20084e-02
Node 160, SINR:4.90780e-01, BpsHz:7.20084e-02
Node 54, SINR:4.90780e-01, BpsHz:7.20084e-02
Node 88, SINR:4.90780e-01, BpsHz:7.20084e-02
---------------
==========Cluster 4, RcvInterf=4.37252e-14============
Node 14, SINR:6.47278e-01, BpsHz:7.20084e-02
Node 23, SINR:0.00000e+00, BpsHz:0.00000e+00
Node 113, SINR:6.47278e-01, BpsHz:7.20084e-02
Node 127, SINR:6.47278e-01, BpsHz:7.20084e-02
Node 170, SINR:6.47278e-01, BpsHz:7.20084e-02
Node 137, SINR:6.47278e-01, BpsHz:7.20084e-02
Node 44, SINR:6.47278e-01, BpsHz:7.20084e-02
Node 169, SINR:6.47278e-01, BpsHz:7.20084e-02
Node 172, SINR:6.47278e-01, BpsHz:7.20084e-02
Node 35, SINR:6.47278e-01, BpsHz:7.20084e-02
Node 27, SINR:6.47278e-01, BpsHz:7.20084e-02
---------------
==========Cluster 5, RcvInterf=4.33485e-14============
Node 21, SINR:1.45573e+00, BpsHz:7.20084e-02
Node 38, SINR:1.45573e+00, BpsHz:7.20084e-02
Node 39, SINR:1.45573e+00, BpsHz:7.20084e-02
Node 48, SINR:1.45573e+00, BpsHz:7.20084e-02
Node 57, SINR:1.45573e+00, BpsHz:7.20084e-02
Node 58, SINR:1.45573e+00, BpsHz:7.20084e-02
Node 78, SINR:1.45573e+00, BpsHz:7.20084e-02
Node 94, SINR:0.00000e+00, BpsHz:0.00000e+00
Node 112, SINR:1.45573e+00, BpsHz:7.20084e-02
Node 163, SINR:1.45573e+00, BpsHz:7.20084e-02
Node 184, SINR:1.45573e+00, BpsHz:7.20084e-02
Node 188, SINR:1.45573e+00, BpsHz:7.20084e-02
Node 191, SINR:1.45573e+00, BpsHz:7.20084e-02
Node 8, SINR:1.45573e+00, BpsHz:7.20084e-02
Node 55, SINR:1.45573e+00, BpsHz:7.20084e-02
Node 15, SINR:1.45573e+00, BpsHz:7.20084e-02
Node 84, SINR:1.45573e+00, BpsHz:7.20084e-02
Node 86, SINR:1.45573e+00, BpsHz:7.20084e-02
Node 136, SINR:1.45573e+00, BpsHz:7.20084e-02
---------------
==========Cluster 6, RcvInterf=1.50208e-13============
Node 190, SINR:0.00000e+00, BpsHz:0.00000e+00
Node 42, SINR:4.18198e-01, BpsHz:7.20084e-02
Node 173, SINR:4.18198e-01, BpsHz:7.20084e-02
Node 2, SINR:4.18198e-01, BpsHz:7.20084e-02
Node 61, SINR:4.18198e-01, BpsHz:7.20084e-02
Node 111, SINR:4.18198e-01, BpsHz:7.20084e-02
Node 29, SINR:4.18198e-01, BpsHz:7.20084e-02
Node 107, SINR:4.18198e-01, BpsHz:7.20084e-02
---------------
==========Cluster 7, RcvInterf=1.79142e-13============
Node 9, SINR:8.20205e-01, BpsHz:7.20084e-02
Node 37, SINR:8.20205e-01, BpsHz:7.20084e-02
Node 45, SINR:0.00000e+00, BpsHz:0.00000e+00
Node 53, SINR:8.20205e-01, BpsHz:7.20084e-02
Node 60, SINR:8.20205e-01, BpsHz:7.20084e-02
Node 64, SINR:8.20205e-01, BpsHz:7.20084e-02
Node 72, SINR:8.20205e-01, BpsHz:7.20084e-02
Node 99, SINR:8.20205e-01, BpsHz:7.20084e-02
Node 108, SINR:8.20205e-01, BpsHz:7.20084e-02
Node 114, SINR:8.20205e-01, BpsHz:7.20084e-02
Node 131, SINR:8.20205e-01, BpsHz:7.20084e-02
Node 0, SINR:8.20205e-01, BpsHz:7.20084e-02
Node 36, SINR:8.20205e-01, BpsHz:7.20084e-02
---------------
==========Cluster 8, RcvInterf=7.59762e-14============
Node 18, SINR:1.01129e+00, BpsHz:7.20084e-02
Node 33, SINR:1.01129e+00, BpsHz:7.20084e-02
Node 49, SINR:1.01129e+00, BpsHz:7.20084e-02
Node 68, SINR:1.01129e+00, BpsHz:7.20084e-02
Node 129, SINR:1.01129e+00, BpsHz:7.20084e-02
Node 130, SINR:1.01129e+00, BpsHz:7.20084e-02
Node 149, SINR:0.00000e+00, BpsHz:0.00000e+00
Node 177, SINR:1.01129e+00, BpsHz:7.20084e-02
Node 178, SINR:1.01129e+00, BpsHz:7.20084e-02
Node 179, SINR:1.01129e+00, BpsHz:7.20084e-02
Node 194, SINR:1.01129e+00, BpsHz:7.20084e-02
Node 132, SINR:1.01129e+00, BpsHz:7.20084e-02
Node 109, SINR:1.01129e+00, BpsHz:7.20084e-02
Node 146, SINR:1.01129e+00, BpsHz:7.20084e-02
Node 122, SINR:1.01129e+00, BpsHz:7.20084e-02
---------------
==========Cluster 9, RcvInterf=9.63366e-14============
Node 3, SINR:1.11422e+00, BpsHz:7.20084e-02
Node 73, SINR:0.00000e+00, BpsHz:0.00000e+00
Node 91, SINR:1.11422e+00, BpsHz:7.20084e-02
Node 115, SINR:1.11422e+00, BpsHz:7.20084e-02
Node 135, SINR:1.11422e+00, BpsHz:7.20084e-02
Node 138, SINR:1.11422e+00, BpsHz:7.20084e-02
Node 139, SINR:1.11422e+00, BpsHz:7.20084e-02
Node 140, SINR:1.11422e+00, BpsHz:7.20084e-02
Node 152, SINR:1.11422e+00, BpsHz:7.20084e-02
Node 158, SINR:1.11422e+00, BpsHz:7.20084e-02
Node 180, SINR:1.11422e+00, BpsHz:7.20084e-02
Node 62, SINR:1.11422e+00, BpsHz:7.20084e-02
Node 56, SINR:1.11422e+00, BpsHz:7.20084e-02
Node 96, SINR:1.11422e+00, BpsHz:7.20084e-02
Node 145, SINR:1.11422e+00, BpsHz:7.20084e-02
Node 65, SINR:1.11422e+00, BpsHz:7.20084e-02
---------------
==========Cluster 10, RcvInterf=1.41518e-13============
Node 17, SINR:8.20205e-01, BpsHz:7.20084e-02
Node 47, SINR:8.20205e-01, BpsHz:7.20084e-02
Node 69, SINR:8.20205e-01, BpsHz:7.20084e-02
Node 105, SINR:0.00000e+00, BpsHz:0.00000e+00
Node 120, SINR:8.20205e-01, BpsHz:7.20084e-02
Node 154, SINR:8.20205e-01, BpsHz:7.20084e-02
Node 175, SINR:8.20205e-01, BpsHz:7.20084e-02
Node 77, SINR:8.20205e-01, BpsHz:7.20084e-02
Node 93, SINR:8.20205e-01, BpsHz:7.20084e-02
Node 7, SINR:8.20205e-01, BpsHz:7.20084e-02
Node 46, SINR:8.20205e-01, BpsHz:7.20084e-02
Node 40, SINR:8.20205e-01, BpsHz:7.20084e-02
Node 34, SINR:8.20205e-01, BpsHz:7.20084e-02
---------------
