195
11
1.000000e-03
1.931016e-312
145
3000
1.288029e+01
8.985901e-01
1.288029e-05
1.139481e-06
0 0 0 0 0 0 0 0 0 0 0 0 0 0 0 0 0 0 0 0 0 0 0 0 0 0 0 0 0 0 0 0 0 0 1 0 0 0 0 0 0 0 0 0 0 0 0 1 0 0 0 0 1 0 0 0 0 0 0 0 0 0 0 1 0 0 0 0 0 0 0 0 0 0 1 0 0 0 0 0 1 0 0 0 0 0 0 0 0 0 0 0 1 0 0 0 0 0 1 0 0 0 0 0 0 0 0 1 0 0 0 1 0 0 0 0 0 0 0 0 0 0 0 0 0 0 1 0 0 0 0 0 0 0 0 0 0 0 0 0 0 1 0 0 0 0 0 0 0 0 0 0 0 0 1 1 0 0 0 0 0 0 0 0 0 0 0 0 0 0 0 0 0 0 0 1 0 0 0 0 0 0 0 0 0 1 0 0 0 0 0 0 0 0 0 
0 0 0 0 0 0 0 0 1 0 0 0 0 0 0 0 0 0 0 0 0 0 0 0 0 1 0 0 0 0 0 0 0 0 0 0 0 0 0 0 0 0 0 0 0 0 0 0 0 0 0 0 0 0 0 0 0 0 0 0 0 0 0 0 0 0 1 0 0 0 0 0 0 0 0 0 0 0 0 0 0 0 0 0 0 0 0 0 0 1 0 0 0 0 0 0 0 1 0 0 0 0 0 1 0 0 0 0 0 0 0 0 0 0 0 0 0 0 0 0 0 0 0 0 0 0 0 0 0 0 0 0 0 0 0 0 0 0 0 0 0 0 0 0 0 0 0 0 0 0 0 1 0 1 0 0 0 0 0 0 0 0 0 0 0 0 0 0 0 0 0 0 0 0 0 0 0 0 0 0 0 0 0 0 0 0 0 1 0 0 0 0 1 1 0 
0 0 0 0 0 0 0 0 0 0 0 0 0 0 0 0 0 0 0 0 0 0 0 0 0 0 0 0 0 0 0 1 0 0 0 0 0 0 0 0 0 1 0 1 0 0 0 0 0 0 0 0 0 0 0 0 0 0 0 1 0 0 0 0 0 0 0 0 0 0 0 0 0 0 0 0 0 0 0 0 0 0 0 0 0 0 0 0 0 0 1 0 0 0 0 0 0 0 0 0 0 0 0 0 0 0 0 0 0 0 1 0 0 0 0 0 0 1 0 0 0 0 0 0 0 1 0 0 0 0 0 0 0 0 0 0 0 0 0 0 0 0 0 0 1 0 0 0 1 0 0 0 0 0 0 0 0 1 0 0 0 0 1 0 0 0 0 0 0 0 0 0 0 0 0 0 0 0 0 0 0 0 0 0 0 0 0 0 0 0 0 0 0 0 0 
0 0 1 1 0 0 0 0 0 0 0 0 0 0 0 0 0 0 0 0 0 0 0 0 0 0 0 1 0 0 0 0 0 0 0 0 0 0 0 0 0 0 1 0 0 0 0 0 0 0 0 0 0 0 0 0 1 0 0 0 0 1 0 0 0 0 0 0 0 0 0 0 0 0 0 0 0 0 0 0 0 0 0 0 0 0 0 0 0 0 0 0 0 0 0 0 1 0 0 0 0 0 0 0 0 0 0 0 0 0 0 0 0 0 0 1 0 0 0 1 0 0 0 0 0 0 0 0 0 0 0 0 0 0 0 1 0 0 1 1 0 0 0 0 0 1 0 0 0 0 0 0 1 0 0 0 0 0 0 0 0 0 0 0 0 0 0 0 0 1 0 0 0 1 1 0 0 0 0 0 1 1 0 0 0 0 0 0 0 0 1 0 0 0 0 
0 0 0 0 0 0 0 0 0 0 0 0 1 0 0 0 0 0 0 0 0 0 0 0 1 0 0 0 0 0 0 0 0 0 0 0 0 0 0 0 0 0 0 0 0 0 0 0 0 0 0 0 0 0 0 0 0 0 0 0 0 0 0 0 0 0 0 0 0 0 0 0 0 0 0 0 1 0 0 0 0 0 1 0 0 0 0 0 0 0 0 0 0 0 0 0 0 0 0 0 0 0 0 0 0 0 0 0 0 0 0 0 0 0 0 0 0 0 0 0 0 0 0 0 0 0 0 0 0 0 0 0 0 0 0 0 0 0 0 0 0 0 0 1 0 0 0 0 0 0 0 0 0 0 0 0 1 0 0 1 0 0 0 0 0 0 0 0 0 0 0 0 0 0 0 0 0 0 0 0 0 0 0 0 0 0 0 0 0 0 0 0 0 0 0 
0 0 0 0 0 1 0 1 0 0 0 0 0 0 0 0 0 1 0 0 0 0 0 0 0 0 1 0 0 0 0 0 0 0 0 0 1 0 0 0 0 0 0 0 0 0 1 0 0 0 0 0 0 0 0 0 0 0 0 0 0 0 0 0 0 0 0 0 0 0 0 1 0 0 0 0 0 1 0 1 0 0 0 1 0 0 0 0 0 0 0 0 0 0 0 1 0 0 0 0 1 0 0 0 1 1 0 0 0 0 0 0 0 0 0 0 0 0 0 0 0 0 0 0 0 0 0 0 1 0 0 0 0 0 0 0 0 0 0 0 0 0 0 0 0 0 0 0 0 0 0 0 0 0 0 0 0 0 0 0 1 0 0 0 0 0 0 0 1 0 0 0 0 0 0 0 0 0 0 0 0 0 0 0 0 0 0 0 0 0 0 0 0 0 0 
0 0 0 0 0 0 0 0 0 0 0 0 0 1 0 0 0 0 0 1 0 0 0 0 0 0 0 0 0 0 0 0 0 0 0 0 0 0 0 0 1 0 0 0 0 0 0 0 0 0 0 0 0 0 1 0 0 0 0 0 0 0 0 0 0 1 0 0 0 0 0 0 0 0 0 0 0 0 0 0 0 0 0 0 0 1 0 0 1 0 0 1 0 0 0 0 0 0 0 0 0 0 1 0 0 0 0 0 0 0 0 0 0 0 0 0 0 0 0 0 0 0 0 0 0 0 0 0 0 0 0 0 0 0 0 0 0 0 0 0 0 0 0 0 0 0 0 0 0 0 0 0 0 0 0 0 0 0 0 0 0 1 0 0 0 0 0 0 0 0 0 0 0 0 0 0 0 0 0 0 0 0 1 0 0 0 0 0 0 0 0 0 0 0 0 
0 0 0 0 0 0 0 0 0 0 0 0 0 0 0 0 0 0 0 0 0 0 0 0 0 0 0 0 0 0 0 0 0 0 0 0 0 1 0 0 0 0 0 0 0 1 0 0 0 0 0 0 0 1 0 0 0 0 0 0 1 0 0 0 1 0 0 0 0 0 0 0 1 0 0 0 0 0 0 0 0 0 0 0 0 0 0 0 0 0 0 0 0 0 0 0 0 0 0 1 0 0 0 0 0 0 0 0 1 0 0 0 0 0 1 0 0 0 0 0 0 0 0 0 0 0 0 0 0 0 0 1 0 0 0 0 0 0 0 0 0 0 0 0 0 0 0 0 0 0 0 0 0 0 0 0 0 0 0 0 0 0 0 0 0 0 0 0 0 0 0 0 0 0 0 0 0 0 0 0 0 0 0 0 0 0 0 0 0 0 0 0 0 0 0 
0 0 0 0 0 0 0 0 0 0 0 0 0 0 0 1 0 0 0 0 0 1 0 0 0 0 0 0 0 0 0 0 0 0 0 0 0 0 1 1 0 0 0 0 0 0 0 0 1 1 0 0 0 0 0 0 0 1 1 0 0 0 0 0 0 0 0 0 0 0 0 0 0 0 0 0 0 0 1 0 0 0 0 0 0 0 1 0 0 0 0 0 0 0 1 0 0 0 0 0 0 0 0 0 0 0 0 0 0 0 0 0 1 0 0 0 0 0 0 0 0 0 0 0 0 0 0 0 0 0 0 0 1 0 1 0 1 0 0 0 0 0 0 0 0 0 1 0 0 0 0 0 0 0 0 0 0 0 0 0 0 0 0 0 0 0 0 0 0 0 0 0 0 0 0 0 0 0 0 0 0 0 0 0 1 0 0 0 1 0 0 0 0 0 1 
0 0 0 0 0 0 1 0 0 0 0 1 0 0 0 0 0 0 0 0 0 0 0 0 0 0 0 0 1 0 0 0 0 0 0 0 0 0 0 0 0 0 0 0 0 0 0 0 0 0 1 0 0 0 0 0 0 0 0 0 0 0 0 0 0 0 0 0 0 0 0 0 0 0 0 0 0 0 0 0 0 0 0 0 0 0 0 0 0 0 0 0 0 0 0 0 0 0 0 0 0 0 0 0 0 0 0 0 0 0 0 0 0 0 0 0 0 0 1 0 0 1 0 0 1 0 0 0 0 0 0 0 0 0 0 0 0 0 0 0 0 0 0 0 0 0 0 1 0 0 1 0 0 0 0 0 0 0 0 0 0 0 0 0 0 0 0 0 0 0 0 0 0 0 0 0 1 0 0 0 0 0 0 1 0 0 1 0 0 0 0 0 0 0 0 
0 0 0 0 0 0 0 0 0 0 0 0 0 0 1 0 0 0 1 0 0 0 0 0 0 0 0 0 0 0 0 0 0 1 0 1 0 0 0 0 0 0 0 0 1 0 0 0 0 0 0 1 0 0 0 0 0 0 0 0 0 0 0 0 0 0 0 0 1 0 0 0 0 0 0 0 0 0 0 0 0 0 0 0 0 0 0 0 0 0 0 0 0 0 0 0 0 0 0 0 0 0 0 0 0 0 1 0 0 1 0 0 0 1 0 0 1 0 0 0 0 0 0 0 0 0 0 0 0 0 1 0 0 0 0 0 0 1 0 0 0 0 0 0 0 0 0 0 0 1 0 0 0 0 0 0 0 0 0 0 0 0 0 0 0 1 1 0 0 0 1 0 1 0 0 0 0 1 0 1 0 0 0 0 0 0 0 0 0 1 0 0 0 0 0 
186 152 91 146 83 96 183 46 39 12 107 
0.000000E+00 0.000000E+00 4.437213E-05 1.316299E-07 0.000000E+00 7.090431E-06 1.021413E-04 6.805420E-06 2.787447E-04 0.000000E+00 0.000000E+00 0.000000E+00 4.810687E-06 2.365584E-05 2.775430E-04 7.179089E-05 0.000000E+00 1.556314E-05 9.991903E-04 1.354312E-06 0.000000E+00 3.186621E-04 0.000000E+00 0.000000E+00 6.786294E-07 2.188302E-06 6.691059E-06 2.842166E-04 7.399142E-05 0.000000E+00 0.000000E+00 4.253276E-06 0.000000E+00 6.753331E-05 3.858193E-04 7.519691E-06 4.262140E-05 6.765516E-06 0.000000E+00 6.551639E-04 1.292063E-04 5.828018E-06 4.894370E-04 1.617356E-05 9.077410E-04 0.000000E+00 2.284359E-05 1.087236E-04 1.456889E-04 4.060613E-04 2.587204E-06 3.991674E-05 4.884928E-04 1.405434E-04 5.299429E-04 0.000000E+00 8.548209E-04 2.090077E-04 2.157834E-06 1.256741E-05 1.291337E-06 2.373476E-04 0.000000E+00 1.765636E-04 6.021283E-07 1.417436E-05 3.019356E-05 0.000000E+00 5.113344E-05 0.000000E+00 0.000000E+00 2.418479E-06 5.986993E-06 0.000000E+00 9.097657E-05 0.000000E+00 8.501554E-09 2.930390E-04 3.384822E-04 1.307004E-04 1.416143E-05 0.000000E+00 0.000000E+00 7.998813E-07 0.000000E+00 1.161436E-08 3.023124E-05 0.000000E+00 1.347849E-05 2.431368E-05 0.000000E+00 1.791013E-05 1.529598E-04 0.000000E+00 4.071592E-05 0.000000E+00 2.490700E-04 2.183053E-05 8.331175E-06 1.760107E-04 9.829170E-05 0.000000E+00 6.783885E-07 1.281217E-06 3.541219E-05 2.548129E-04 0.000000E+00 4.751630E-04 2.836019E-05 3.340481E-05 7.014829E-06 4.470346E-04 4.181770E-05 1.773085E-04 5.310468E-05 9.448929E-05 4.697101E-04 8.366866E-05 1.572942E-04 2.228125E-06 0.000000E+00 2.037704E-06 0.000000E+00 0.000000E+00 9.683772E-04 4.598461E-07 3.842473E-05 0.000000E+00 1.573971E-07 0.000000E+00 2.442446E-04 9.671153E-06 9.335377E-04 0.000000E+00 7.760854E-06 2.490192E-05 1.763460E-04 2.720104E-04 2.191699E-04 3.134003E-05 0.000000E+00 1.050668E-06 0.000000E+00 4.936788E-06 2.955189E-06 0.000000E+00 5.279021E-04 6.584768E-06 3.836015E-06 3.075905E-04 1.289946E-06 0.000000E+00 2.461163E-05 7.630680E-07 1.000035E-05 4.426965E-05 1.296403E-05 5.162224E-05 0.000000E+00 7.873396E-06 1.658885E-04 2.029719E-05 2.060646E-05 0.000000E+00 0.000000E+00 1.026948E-05 1.713284E-04 0.000000E+00 1.798915E-04 2.343302E-04 2.282539E-04 0.000000E+00 1.694323E-05 1.947286E-04 1.787951E-05 9.292800E-06 2.452694E-05 2.414248E-04 0.000000E+00 5.185750E-04 7.371987E-06 1.089188E-05 0.000000E+00 1.614482E-04 7.438172E-06 0.000000E+00 5.323538E-05 5.311422E-05 1.810375E-04 1.272354E-05 2.411466E-04 0.000000E+00 4.190743E-05 8.531149E-06 7.224356E-04 
81 99 127 142 155 176 186 156 48 75 64 93 53 112 108 35 
26 104 152 154 194 67 98 90 9 193 188 
32 42 91 126 145 149 111 60 44 163 158 118 
3 4 28 97 116 120 136 139 140 146 153 170 175 181 182 62 174 57 191 43 
13 25 77 83 160 144 157 
6 8 18 27 47 72 84 96 129 105 101 37 80 161 106 78 169 
14 20 66 86 103 162 183 89 92 41 55 
46 61 65 73 109 132 115 38 100 54 
16 39 40 49 58 59 87 95 113 133 135 137 185 189 50 195 147 79 22 
12 51 122 148 151 177 187 184 119 7 125 29 
15 34 36 45 52 69 107 110 114 117 131 138 166 167 171 173 178 190 180 150 19 

============Find Best @ Round 2989================
==========Cluster 0, RcvInterf=1.03872e-13============
Node 80, SINR:9.07581e-01, BpsHz:6.21163e-02
Node 98, SINR:9.07581e-01, BpsHz:6.21163e-02
Node 126, SINR:9.07581e-01, BpsHz:6.21163e-02
Node 141, SINR:9.07581e-01, BpsHz:6.21163e-02
Node 154, SINR:9.07581e-01, BpsHz:6.21163e-02
Node 175, SINR:9.07581e-01, BpsHz:6.21163e-02
Node 185, SINR:0.00000e+00, BpsHz:0.00000e+00
Node 155, SINR:9.07581e-01, BpsHz:6.21163e-02
Node 47, SINR:9.07581e-01, BpsHz:6.21163e-02
Node 74, SINR:9.07581e-01, BpsHz:6.21163e-02
Node 63, SINR:9.07581e-01, BpsHz:6.21163e-02
Node 92, SINR:9.07581e-01, BpsHz:6.21163e-02
Node 52, SINR:9.07581e-01, BpsHz:6.21163e-02
Node 111, SINR:9.07581e-01, BpsHz:6.21163e-02
Node 107, SINR:9.07581e-01, BpsHz:6.21163e-02
Node 34, SINR:9.07581e-01, BpsHz:6.21163e-02
---------------
==========Cluster 1, RcvInterf=5.63249e-14============
Node 25, SINR:5.38114e-01, BpsHz:6.21163e-02
Node 103, SINR:5.38114e-01, BpsHz:6.21163e-02
Node 151, SINR:0.00000e+00, BpsHz:0.00000e+00
Node 153, SINR:5.38114e-01, BpsHz:6.21163e-02
Node 193, SINR:5.38114e-01, BpsHz:6.21163e-02
Node 66, SINR:5.38114e-01, BpsHz:6.21163e-02
Node 97, SINR:5.38114e-01, BpsHz:6.21163e-02
Node 89, SINR:5.38114e-01, BpsHz:6.21163e-02
Node 8, SINR:5.38114e-01, BpsHz:6.21163e-02
Node 192, SINR:5.38114e-01, BpsHz:6.21163e-02
Node 187, SINR:5.38114e-01, BpsHz:6.21163e-02
---------------
==========Cluster 2, RcvInterf=5.76690e-14============
Node 31, SINR:6.05785e-01, BpsHz:6.21163e-02
Node 41, SINR:6.05786e-01, BpsHz:6.21163e-02
Node 90, SINR:0.00000e+00, BpsHz:0.00000e+00
Node 125, SINR:6.05785e-01, BpsHz:6.21163e-02
Node 144, SINR:6.05785e-01, BpsHz:6.21163e-02
Node 148, SINR:6.05786e-01, BpsHz:6.21163e-02
Node 110, SINR:6.05785e-01, BpsHz:6.21163e-02
Node 59, SINR:6.05785e-01, BpsHz:6.21163e-02
Node 43, SINR:6.05785e-01, BpsHz:6.21163e-02
Node 162, SINR:6.05786e-01, BpsHz:6.21163e-02
Node 157, SINR:6.05785e-01, BpsHz:6.21163e-02
Node 117, SINR:6.05785e-01, BpsHz:6.21163e-02
---------------
==========Cluster 3, RcvInterf=5.91995e-14============
Node 2, SINR:1.26610e+00, BpsHz:6.21163e-02
Node 3, SINR:1.26610e+00, BpsHz:6.21163e-02
Node 27, SINR:1.26610e+00, BpsHz:6.21163e-02
Node 96, SINR:1.26610e+00, BpsHz:6.21163e-02
Node 115, SINR:1.26610e+00, BpsHz:6.21163e-02
Node 119, SINR:1.26610e+00, BpsHz:6.21163e-02
Node 135, SINR:1.26610e+00, BpsHz:6.21163e-02
Node 138, SINR:1.26610e+00, BpsHz:6.21163e-02
Node 139, SINR:1.26610e+00, BpsHz:6.21163e-02
Node 145, SINR:0.00000e+00, BpsHz:0.00000e+00
Node 152, SINR:1.26610e+00, BpsHz:6.21163e-02
Node 169, SINR:1.26610e+00, BpsHz:6.21163e-02
Node 174, SINR:1.26610e+00, BpsHz:6.21163e-02
Node 180, SINR:1.26610e+00, BpsHz:6.21163e-02
Node 181, SINR:1.26610e+00, BpsHz:6.21163e-02
Node 61, SINR:1.26610e+00, BpsHz:6.21163e-02
Node 173, SINR:1.26610e+00, BpsHz:6.21163e-02
Node 56, SINR:1.26610e+00, BpsHz:6.21163e-02
Node 190, SINR:1.26610e+00, BpsHz:6.21163e-02
Node 42, SINR:1.26610e+00, BpsHz:6.21163e-02
---------------
==========Cluster 4, RcvInterf=5.37647e-14============
Node 12, SINR:2.94772e-01, BpsHz:6.21163e-02
Node 24, SINR:2.94772e-01, BpsHz:6.21163e-02
Node 76, SINR:2.94772e-01, BpsHz:6.21163e-02
Node 82, SINR:0.00000e+00, BpsHz:0.00000e+00
Node 159, SINR:2.94772e-01, BpsHz:6.21163e-02
Node 143, SINR:2.94772e-01, BpsHz:6.21163e-02
Node 156, SINR:2.94772e-01, BpsHz:6.21163e-02
---------------
==========Cluster 5, RcvInterf=5.88136e-14============
Node 5, SINR:9.91507e-01, BpsHz:6.21163e-02
Node 7, SINR:9.91507e-01, BpsHz:6.21163e-02
Node 17, SINR:9.91507e-01, BpsHz:6.21163e-02
Node 26, SINR:9.91507e-01, BpsHz:6.21163e-02
Node 46, SINR:9.91507e-01, BpsHz:6.21163e-02
Node 71, SINR:9.91507e-01, BpsHz:6.21163e-02
Node 83, SINR:9.91507e-01, BpsHz:6.21163e-02
Node 95, SINR:0.00000e+00, BpsHz:0.00000e+00
Node 128, SINR:9.91507e-01, BpsHz:6.21163e-02
Node 104, SINR:9.91507e-01, BpsHz:6.21163e-02
Node 100, SINR:9.91507e-01, BpsHz:6.21163e-02
Node 36, SINR:9.91507e-01, BpsHz:6.21163e-02
Node 79, SINR:9.91507e-01, BpsHz:6.21163e-02
Node 160, SINR:9.91507e-01, BpsHz:6.21163e-02
Node 105, SINR:9.91507e-01, BpsHz:6.21163e-02
Node 77, SINR:9.91507e-01, BpsHz:6.21163e-02
Node 168, SINR:9.91507e-01, BpsHz:6.21163e-02
---------------
==========Cluster 6, RcvInterf=9.92772e-14============
Node 13, SINR:5.38114e-01, BpsHz:6.21163e-02
Node 19, SINR:5.38114e-01, BpsHz:6.21163e-02
Node 65, SINR:5.38114e-01, BpsHz:6.21163e-02
Node 85, SINR:5.38114e-01, BpsHz:6.21163e-02
Node 102, SINR:5.38114e-01, BpsHz:6.21163e-02
Node 161, SINR:5.38114e-01, BpsHz:6.21163e-02
Node 182, SINR:0.00000e+00, BpsHz:0.00000e+00
Node 88, SINR:5.38114e-01, BpsHz:6.21163e-02
Node 91, SINR:5.38114e-01, BpsHz:6.21163e-02
Node 40, SINR:5.38114e-01, BpsHz:6.21163e-02
Node 54, SINR:5.38114e-01, BpsHz:6.21163e-02
---------------
==========Cluster 7, RcvInterf=6.77744e-14============
Node 45, SINR:0.00000e+00, BpsHz:0.00000e+00
Node 60, SINR:4.73295e-01, BpsHz:6.21163e-02
Node 64, SINR:4.73295e-01, BpsHz:6.21163e-02
Node 72, SINR:4.73295e-01, BpsHz:6.21163e-02
Node 108, SINR:4.73295e-01, BpsHz:6.21163e-02
Node 131, SINR:4.73295e-01, BpsHz:6.21163e-02
Node 114, SINR:4.73295e-01, BpsHz:6.21163e-02
Node 37, SINR:4.73295e-01, BpsHz:6.21163e-02
Node 99, SINR:4.73295e-01, BpsHz:6.21163e-02
Node 53, SINR:4.73295e-01, BpsHz:6.21163e-02
---------------
==========Cluster 8, RcvInterf=1.10474e-13============
Node 15, SINR:1.17060e+00, BpsHz:6.21163e-02
Node 38, SINR:0.00000e+00, BpsHz:0.00000e+00
Node 39, SINR:1.17060e+00, BpsHz:6.21163e-02
Node 48, SINR:1.17060e+00, BpsHz:6.21163e-02
Node 57, SINR:1.17060e+00, BpsHz:6.21163e-02
Node 58, SINR:1.17060e+00, BpsHz:6.21163e-02
Node 86, SINR:1.17060e+00, BpsHz:6.21163e-02
Node 94, SINR:1.17060e+00, BpsHz:6.21163e-02
Node 112, SINR:1.17060e+00, BpsHz:6.21163e-02
Node 132, SINR:1.17060e+00, BpsHz:6.21163e-02
Node 134, SINR:1.17060e+00, BpsHz:6.21163e-02
Node 136, SINR:1.17060e+00, BpsHz:6.21163e-02
Node 184, SINR:1.17060e+00, BpsHz:6.21163e-02
Node 188, SINR:1.17060e+00, BpsHz:6.21163e-02
Node 49, SINR:1.17060e+00, BpsHz:6.21163e-02
Node 194, SINR:1.17060e+00, BpsHz:6.21163e-02
Node 146, SINR:1.17060e+00, BpsHz:6.21163e-02
Node 78, SINR:1.17060e+00, BpsHz:6.21163e-02
Node 21, SINR:1.17060e+00, BpsHz:6.21163e-02
---------------
==========Cluster 9, RcvInterf=1.50610e-13============
Node 11, SINR:0.00000e+00, BpsHz:0.00000e+00
Node 50, SINR:6.05785e-01, BpsHz:6.21163e-02
Node 121, SINR:6.05785e-01, BpsHz:6.21163e-02
Node 147, SINR:6.05785e-01, BpsHz:6.21163e-02
Node 150, SINR:6.05785e-01, BpsHz:6.21163e-02
Node 176, SINR:6.05785e-01, BpsHz:6.21163e-02
Node 186, SINR:6.05785e-01, BpsHz:6.21163e-02
Node 183, SINR:6.05786e-01, BpsHz:6.21163e-02
Node 118, SINR:6.05785e-01, BpsHz:6.21163e-02
Node 6, SINR:6.05786e-01, BpsHz:6.21163e-02
Node 124, SINR:6.05785e-01, BpsHz:6.21163e-02
Node 28, SINR:6.05786e-01, BpsHz:6.21163e-02
---------------
==========Cluster 10, RcvInterf=6.60166e-14============
Node 14, SINR:1.36580e+00, BpsHz:6.21163e-02
Node 33, SINR:1.36580e+00, BpsHz:6.21163e-02
Node 35, SINR:1.36580e+00, BpsHz:6.21163e-02
Node 44, SINR:1.36580e+00, BpsHz:6.21163e-02
Node 51, SINR:1.36580e+00, BpsHz:6.21163e-02
Node 68, SINR:1.36580e+00, BpsHz:6.21163e-02
Node 106, SINR:0.00000e+00, BpsHz:0.00000e+00
Node 109, SINR:1.36580e+00, BpsHz:6.21163e-02
Node 113, SINR:1.36580e+00, BpsHz:6.21163e-02
Node 116, SINR:1.36580e+00, BpsHz:6.21163e-02
Node 130, SINR:1.36580e+00, BpsHz:6.21163e-02
Node 137, SINR:1.36580e+00, BpsHz:6.21163e-02
Node 165, SINR:1.36580e+00, BpsHz:6.21163e-02
Node 166, SINR:1.36580e+00, BpsHz:6.21163e-02
Node 170, SINR:1.36580e+00, BpsHz:6.21163e-02
Node 172, SINR:1.36580e+00, BpsHz:6.21163e-02
Node 177, SINR:1.36580e+00, BpsHz:6.21163e-02
Node 189, SINR:1.36580e+00, BpsHz:6.21163e-02
Node 179, SINR:1.36580e+00, BpsHz:6.21163e-02
Node 149, SINR:1.36580e+00, BpsHz:6.21163e-02
Node 18, SINR:1.36580e+00, BpsHz:6.21163e-02
---------------
