195
19
1.000000e-03
1.931016e-312
132
3000
1.429963e+01
4.309082e-01
1.429964e-05
2.736217e-07
0 0 0 0 1 1 0 1 0 1 0 0 0 0 0 0 0 1 0 0 0 0 0 0 0 0 1 0 0 0 0 0 0 0 0 0 1 0 0 0 0 0 0 0 0 0 1 0 0 0 0 0 0 0 0 0 0 0 0 0 0 0 0 0 0 0 0 0 0 1 0 1 0 0 0 0 0 1 0 1 0 0 0 1 0 0 0 1 0 0 0 0 0 0 0 1 0 0 0 0 0 0 0 0 1 0 0 0 0 0 0 0 0 0 0 0 0 0 0 0 0 0 0 0 0 0 0 0 1 0 0 0 0 0 0 0 0 0 0 0 0 0 0 0 0 0 0 0 0 0 0 0 0 0 0 0 0 0 0 0 0 0 0 0 0 0 0 0 1 0 0 0 0 0 0 0 0 0 0 0 0 0 0 0 0 0 0 0 0 0 0 0 0 0 0 
0 0 0 0 0 0 0 0 0 0 0 0 0 0 0 0 0 0 1 0 0 0 0 0 0 0 0 0 0 0 0 0 0 0 0 0 0 0 0 0 0 0 0 0 0 0 0 0 0 0 0 0 0 0 0 0 0 0 0 0 0 0 0 0 0 0 0 0 0 0 0 0 0 0 0 0 0 0 0 0 0 0 0 0 0 0 0 0 0 0 0 0 0 0 0 0 0 0 0 0 0 0 0 0 0 0 0 0 0 0 0 0 0 0 0 0 0 0 0 0 0 0 0 0 0 0 0 0 0 1 0 0 0 0 0 0 0 0 0 0 0 0 0 0 0 0 0 0 0 0 0 0 0 0 0 0 0 0 0 0 0 0 0 0 0 0 0 0 0 0 0 0 0 0 0 0 0 0 0 0 0 0 0 0 0 0 0 0 0 0 0 0 0 0 0 
0 0 0 0 0 0 0 0 0 0 0 0 0 1 0 0 0 0 0 1 0 0 0 0 0 0 0 0 0 0 0 0 0 0 0 0 0 0 0 0 0 0 0 0 0 0 0 0 0 0 0 0 0 0 1 0 0 0 0 0 0 0 0 0 0 1 0 0 0 0 0 0 0 0 0 0 0 0 0 0 0 0 0 0 0 1 0 0 1 0 0 0 0 0 0 0 0 0 0 0 0 0 1 0 0 0 0 0 0 0 0 0 0 0 0 0 0 0 0 0 0 0 0 0 0 0 0 0 0 0 0 0 0 0 0 0 0 0 0 0 0 0 0 0 0 0 0 0 0 0 0 0 0 0 0 0 0 0 0 0 0 1 0 0 0 0 0 0 0 0 0 0 0 0 0 0 0 0 0 0 0 0 1 0 0 0 0 0 0 0 0 0 0 0 0 
0 0 0 0 0 0 0 0 0 0 0 0 0 0 0 0 1 0 0 0 1 0 0 0 0 0 0 0 0 0 0 0 0 0 0 0 0 0 0 0 1 0 0 0 0 0 0 0 0 0 0 0 0 0 0 0 0 0 0 0 0 0 0 0 0 0 0 0 0 0 0 0 0 0 0 0 0 0 0 0 0 0 0 0 0 0 0 0 0 0 0 0 0 0 0 0 0 0 0 0 0 0 0 0 0 0 0 0 0 0 0 0 0 0 0 0 0 0 0 0 0 0 0 0 0 0 0 0 0 0 0 0 0 0 0 0 0 0 0 0 0 0 0 0 0 0 0 0 0 0 0 0 0 0 0 0 0 0 0 0 0 0 0 0 0 0 0 0 0 0 0 0 0 0 0 0 0 0 0 0 0 0 0 0 0 0 0 0 0 0 0 0 0 0 0 
0 0 0 0 0 0 0 0 0 0 0 0 0 0 0 1 0 0 0 0 0 1 0 0 0 0 0 0 0 0 0 0 0 0 0 0 0 0 1 1 0 0 0 0 0 0 0 0 1 0 0 0 0 0 0 0 0 0 1 0 0 0 0 0 0 0 0 0 0 0 0 0 0 0 0 0 0 0 1 0 0 0 0 0 0 0 1 0 0 0 0 0 0 0 1 0 0 0 0 0 0 0 0 0 0 0 0 0 0 0 0 0 1 0 0 0 0 0 0 0 0 0 0 0 0 0 0 0 0 0 0 0 0 0 0 0 1 0 0 0 0 0 0 0 0 0 0 0 0 0 0 0 0 0 0 0 0 0 0 0 0 0 0 0 0 0 0 0 0 0 0 0 0 0 0 0 0 0 0 0 0 0 0 0 1 0 0 0 1 0 0 0 0 0 0 
0 0 0 0 0 0 0 0 0 0 0 0 1 0 0 0 0 0 0 0 0 0 1 0 0 0 0 0 1 0 0 0 0 0 0 0 0 0 0 0 0 0 0 0 0 0 0 0 0 0 0 0 0 0 0 0 0 0 0 0 0 0 0 0 0 0 0 0 0 0 0 0 0 0 0 0 0 0 0 0 0 0 0 0 0 0 0 0 0 0 0 0 0 0 0 0 0 0 0 0 0 0 0 0 0 0 0 0 0 0 0 0 0 0 0 0 0 0 1 0 0 0 0 0 0 0 0 0 0 0 0 0 0 0 0 0 0 0 0 0 0 0 0 0 0 0 0 0 0 0 0 0 0 0 0 0 0 0 0 0 0 0 0 0 1 0 0 0 0 0 0 0 0 0 0 0 0 0 0 0 0 0 0 0 0 0 0 0 0 0 0 0 0 0 0 
0 0 0 0 0 0 0 0 0 0 0 0 0 0 1 0 0 0 0 0 0 0 0 1 0 0 0 0 0 0 0 0 0 0 0 1 0 0 0 0 0 0 0 0 1 0 0 0 0 0 0 0 0 0 0 0 0 0 0 0 0 0 0 0 0 0 0 0 0 0 0 0 0 0 0 0 0 0 0 0 0 0 0 0 0 0 0 0 0 0 0 0 0 0 0 0 0 0 0 0 0 0 0 0 0 0 0 0 0 0 0 0 0 1 0 0 1 0 0 0 0 0 0 0 0 0 0 1 0 0 0 0 0 0 0 0 0 1 0 0 0 0 0 0 0 0 0 0 0 0 0 0 0 0 0 0 0 0 0 0 0 0 0 0 0 0 1 0 0 1 1 0 1 0 0 0 0 0 0 0 0 0 0 0 0 0 0 0 0 0 0 0 0 0 0 
0 0 0 0 0 0 0 0 0 0 0 0 0 0 0 0 0 0 0 0 0 0 0 0 1 0 0 0 0 0 0 0 0 0 0 0 0 0 0 0 0 0 0 0 0 0 0 0 0 0 0 0 0 0 0 0 0 0 0 0 0 0 0 0 0 0 0 0 0 0 0 0 0 0 0 0 0 0 0 0 0 0 0 0 0 0 0 0 0 0 0 0 0 0 0 0 0 0 0 0 0 0 0 0 0 0 0 0 0 0 0 0 0 0 0 0 0 0 0 0 0 0 0 1 0 0 0 0 0 0 0 0 0 0 0 0 0 0 0 0 0 0 1 1 0 0 0 0 0 0 0 0 0 0 0 0 1 0 0 1 0 0 0 0 0 0 0 0 0 0 0 0 0 0 0 0 0 0 0 0 0 0 0 0 0 0 0 0 0 0 0 0 0 0 0 
0 0 0 0 0 0 0 0 0 0 1 0 0 0 0 0 0 0 0 0 0 0 0 0 0 1 0 0 0 0 0 0 0 0 0 0 0 0 0 0 0 0 0 0 0 0 0 0 0 0 0 0 0 0 0 0 0 0 0 0 0 0 0 1 0 0 0 0 0 0 0 0 0 0 0 0 0 0 0 0 0 0 0 0 0 0 0 0 0 1 0 0 1 0 0 0 0 0 0 0 0 1 0 0 0 0 0 0 0 0 0 0 0 0 0 0 0 0 0 0 0 0 0 0 0 0 1 0 0 0 0 0 0 0 0 0 0 0 0 0 0 0 0 0 0 0 0 0 0 0 0 0 0 0 0 0 0 0 0 0 0 0 0 0 0 0 0 0 0 0 0 0 0 0 0 0 0 0 0 0 0 0 0 0 0 0 0 0 0 0 0 0 0 0 0 
0 0 0 0 0 0 0 0 0 0 0 0 0 0 0 0 0 0 0 0 0 0 0 0 0 0 0 0 0 0 0 0 0 0 0 0 0 0 0 0 0 0 0 0 0 1 0 0 0 0 0 0 0 1 0 0 0 0 0 0 1 0 0 0 1 0 0 0 0 0 0 0 1 0 0 0 0 0 0 0 0 0 0 0 0 0 0 0 0 0 0 0 0 0 0 0 0 0 0 1 0 0 0 0 0 0 0 0 1 0 0 0 0 0 1 0 0 0 0 0 0 0 0 0 0 0 0 0 0 0 0 1 0 0 0 0 0 0 0 0 0 0 0 0 0 0 0 0 0 0 0 0 0 0 0 0 0 0 0 0 0 0 0 0 0 0 0 0 0 0 0 0 0 0 0 0 0 0 0 0 0 0 0 0 0 0 0 0 0 0 0 0 0 0 0 
0 0 0 1 0 0 0 0 0 0 0 0 0 0 0 0 0 0 0 0 0 0 0 0 0 0 0 0 0 0 0 0 0 0 0 0 0 0 0 0 0 0 0 0 0 0 0 0 0 0 0 0 0 0 0 0 1 0 0 0 0 0 1 0 0 0 0 0 0 0 0 0 0 1 0 0 0 0 0 0 0 0 0 0 0 0 0 0 0 0 0 0 0 0 0 0 1 0 0 0 0 0 0 0 0 0 0 0 0 0 0 0 0 0 0 1 0 0 0 0 0 0 0 0 0 0 0 0 0 0 0 0 0 0 0 1 0 0 1 0 0 0 0 0 0 1 0 0 0 0 0 0 1 0 0 0 0 0 0 0 0 0 0 0 0 0 0 0 0 0 0 0 0 0 0 0 0 0 0 0 1 0 0 0 0 0 0 0 0 0 0 0 0 0 0 
0 0 0 0 0 0 1 0 0 0 0 1 0 0 0 0 0 0 0 0 0 0 0 0 0 0 0 0 0 0 0 0 0 0 0 0 0 0 0 0 0 0 0 0 0 0 0 0 0 0 0 0 0 0 0 0 0 0 0 0 0 0 0 0 0 0 0 0 0 0 0 0 0 0 0 0 0 0 0 0 0 0 0 0 0 0 0 0 0 0 0 0 0 0 0 0 0 0 0 0 0 0 0 0 0 0 0 0 0 0 0 0 0 0 0 0 0 0 0 0 0 0 0 0 1 0 0 0 0 0 0 0 0 0 0 0 0 0 0 0 0 0 0 0 0 0 0 0 0 0 0 0 0 0 0 0 0 0 0 0 0 0 0 0 0 0 0 0 0 0 0 0 0 0 0 0 1 0 0 0 0 0 0 1 0 0 1 0 0 0 0 0 0 0 0 
0 0 1 0 0 0 0 0 0 0 0 0 0 0 0 0 0 0 0 0 0 0 0 0 0 0 0 0 0 1 0 0 0 0 0 0 0 0 0 0 0 0 1 0 0 0 0 0 0 0 0 0 0 0 0 0 0 0 0 0 0 1 0 0 0 0 0 0 0 0 0 0 0 0 0 0 0 0 0 0 0 0 0 0 0 0 0 0 0 0 0 0 0 0 0 0 0 0 0 0 0 0 0 0 0 0 0 1 0 0 0 1 0 0 0 0 0 0 0 0 0 0 0 0 0 0 0 0 0 0 0 0 0 0 0 0 0 0 0 0 0 0 0 0 0 0 0 0 0 0 0 0 0 0 0 0 0 0 0 0 0 0 0 0 0 0 0 0 0 0 0 0 0 1 1 0 0 0 0 0 0 0 0 0 0 0 0 0 0 0 1 0 0 0 0 
0 0 0 0 0 0 0 0 1 0 0 0 0 0 0 0 0 0 0 0 0 0 0 0 0 0 0 0 0 0 0 0 0 0 0 0 0 0 0 0 0 0 0 0 0 0 0 0 0 0 0 0 0 0 0 1 0 1 0 0 0 0 0 0 0 0 0 0 0 0 0 0 0 0 0 0 0 0 0 0 0 0 0 0 1 0 0 0 0 0 0 0 0 0 0 0 0 0 0 0 0 0 0 0 0 0 0 0 0 0 0 0 0 0 0 0 0 0 0 0 0 0 0 0 0 0 0 0 0 0 0 0 0 0 0 0 0 0 0 0 0 0 0 0 0 0 0 0 0 0 0 0 0 0 0 0 0 0 0 0 0 0 0 1 0 0 0 0 0 0 0 0 0 0 0 0 0 0 0 0 0 0 0 0 0 0 0 0 0 0 0 1 0 0 0 
0 0 0 0 0 0 0 0 0 0 0 0 0 0 0 0 0 0 0 0 0 0 0 0 0 0 0 0 0 0 0 0 0 0 0 0 0 0 0 0 0 1 0 1 0 0 0 0 0 0 0 0 0 0 0 0 0 0 0 1 0 0 0 0 0 0 0 0 0 0 0 0 0 0 0 0 0 0 0 0 0 0 0 0 0 0 0 0 0 0 1 0 0 0 0 0 0 0 0 0 0 0 0 0 0 0 0 0 0 0 1 0 0 0 0 0 0 0 0 0 0 0 0 0 0 1 0 0 0 0 0 0 0 0 0 0 0 0 0 0 0 0 0 0 0 0 0 0 1 0 0 0 0 0 0 0 0 1 0 0 0 0 1 0 0 0 0 1 0 0 0 0 0 0 0 0 0 0 0 0 0 0 0 0 0 0 0 0 0 0 0 0 0 0 0 
0 0 0 0 0 0 0 0 0 0 0 0 0 0 0 0 0 0 0 0 0 0 0 0 0 0 0 0 0 0 1 0 1 0 0 0 0 0 0 0 0 0 0 0 0 0 0 0 0 0 0 0 0 0 0 0 0 0 0 0 0 0 0 0 0 0 1 0 0 0 1 0 0 0 0 0 0 0 0 0 0 0 0 0 0 0 0 0 0 0 0 0 0 0 0 0 0 0 0 0 0 0 0 1 0 0 0 0 0 0 0 0 0 0 0 0 0 0 0 0 0 0 0 0 0 0 0 0 0 0 0 0 0 1 0 0 0 0 0 0 0 0 0 0 0 0 0 0 0 0 0 1 0 1 0 0 0 0 0 0 0 0 0 0 0 0 0 0 0 0 0 0 0 0 0 0 0 0 0 0 0 0 0 0 0 0 0 0 0 0 0 0 0 0 0 
0 0 0 0 0 0 0 0 0 0 0 0 0 0 0 0 0 0 0 0 0 0 0 0 0 0 0 0 0 0 0 0 0 0 0 0 0 0 0 0 0 0 0 0 0 0 0 0 0 0 0 0 0 0 0 0 0 0 0 0 0 0 0 0 0 0 0 0 0 0 0 0 0 0 0 0 0 0 0 0 0 0 0 0 0 0 0 0 0 0 0 0 0 0 0 0 0 0 0 0 0 0 0 0 0 0 0 0 0 0 0 0 0 0 0 0 0 0 0 0 0 0 1 0 0 0 0 0 0 0 1 0 0 0 0 0 0 0 0 0 0 0 0 0 0 0 1 0 0 0 0 0 0 0 0 0 0 0 0 0 0 0 0 0 0 0 0 0 0 0 0 0 0 0 0 0 0 1 1 0 0 0 0 0 0 0 0 0 0 0 0 0 0 0 0 
0 0 0 0 0 0 0 0 0 0 0 0 0 0 0 0 0 0 0 0 0 0 0 0 0 0 0 0 0 0 0 0 0 0 0 0 0 0 0 0 0 0 0 0 0 0 0 1 0 0 0 0 0 0 0 0 0 0 0 0 0 0 0 0 0 0 0 1 0 0 0 0 0 0 0 0 0 0 0 0 0 0 0 0 0 0 0 0 0 0 0 0 0 0 0 0 0 0 0 0 0 0 0 0 0 0 0 0 0 0 0 0 0 0 0 0 0 0 0 0 1 0 0 0 0 0 0 0 0 0 0 0 0 0 0 0 0 0 0 0 0 0 0 0 0 0 0 0 0 0 0 0 0 0 1 1 0 0 0 0 0 0 0 0 0 0 0 0 0 0 0 1 0 0 0 1 0 0 0 0 0 0 0 0 0 1 0 0 0 0 0 0 0 0 0 
0 0 0 0 0 0 0 0 0 0 0 0 0 0 0 0 0 0 0 0 0 0 0 0 0 0 0 0 0 0 0 0 0 1 0 0 0 0 0 0 0 0 0 0 0 0 0 0 0 0 0 1 0 0 0 0 0 0 0 0 0 0 0 0 0 0 0 0 0 0 0 0 0 0 0 0 0 0 0 0 0 0 0 0 0 0 0 0 0 0 0 0 0 0 0 0 0 0 0 0 0 0 0 0 0 0 0 0 0 1 0 0 0 0 0 0 0 0 0 0 0 0 0 0 0 0 0 0 0 0 0 0 0 0 0 0 0 0 0 0 0 0 0 0 0 0 0 0 0 0 0 0 0 0 0 0 0 0 0 0 0 0 0 0 0 1 0 0 0 0 0 0 0 0 0 0 0 0 0 0 0 0 0 0 0 0 0 0 0 0 0 0 0 0 0 
72 130 103 21 185 23 114 144 11 46 153 177 191 192 126 104 179 156 52 
0.000000E+00 0.000000E+00 2.476912E-06 6.055655E-06 1.068636E-05 1.599999E-05 3.333538E-06 4.244983E-08 1.414340E-07 7.732037E-05 0.000000E+00 5.836872E-06 2.529919E-06 3.398146E-06 1.510504E-06 1.506261E-04 3.078214E-08 3.477274E-06 2.498596E-08 9.941429E-10 0.000000E+00 2.903625E-05 0.000000E+00 7.291413E-07 4.928763E-06 6.331141E-06 1.334437E-05 0.000000E+00 8.140362E-06 3.515799E-05 1.554099E-05 0.000000E+00 1.234467E-05 6.651151E-07 0.000000E+00 4.916985E-06 2.144383E-04 0.000000E+00 6.282468E-06 1.631314E-04 3.282688E-07 8.121839E-05 1.966289E-06 5.318414E-06 1.436015E-05 0.000000E+00 4.696026E-06 6.913089E-07 3.106284E-05 0.000000E+00 0.000000E+00 0.000000E+00 0.000000E+00 4.975256E-04 3.385710E-04 1.821705E-08 6.814040E-05 6.912302E-06 6.674538E-05 1.380764E-05 4.571354E-06 1.478924E-05 3.298444E-05 1.725219E-05 2.131543E-06 5.019905E-06 5.057100E-05 4.952271E-07 0.000000E+00 3.921403E-05 6.657084E-06 0.000000E+00 2.119404E-05 7.415197E-06 0.000000E+00 0.000000E+00 0.000000E+00 1.190815E-04 3.556155E-05 9.998237E-04 0.000000E+00 0.000000E+00 0.000000E+00 3.454805E-05 1.264727E-05 2.413174E-07 1.326483E-04 9.467608E-05 3.476125E-05 5.911509E-06 1.695777E-06 0.000000E+00 2.918379E-05 0.000000E+00 7.176733E-06 4.663905E-06 1.395921E-05 0.000000E+00 0.000000E+00 6.230805E-04 0.000000E+00 5.076519E-05 0.000000E+00 0.000000E+00 2.140743E-04 0.000000E+00 0.000000E+00 2.746989E-05 1.003955E-04 3.417385E-10 1.729427E-06 1.149371E-04 3.239538E-07 0.000000E+00 1.879913E-04 2.907227E-07 3.921988E-06 0.000000E+00 7.196448E-06 0.000000E+00 2.653947E-06 0.000000E+00 1.823074E-06 8.652078E-07 5.475142E-05 0.000000E+00 2.371455E-05 2.262231E-05 1.426559E-05 0.000000E+00 8.282031E-08 3.423603E-05 0.000000E+00 4.043165E-05 0.000000E+00 1.958893E-05 2.986224E-04 6.073515E-06 4.533687E-06 0.000000E+00 0.000000E+00 0.000000E+00 3.339281E-05 0.000000E+00 0.000000E+00 1.721044E-05 1.549041E-06 0.000000E+00 1.334255E-05 0.000000E+00 0.000000E+00 1.714910E-06 0.000000E+00 2.436690E-06 1.505715E-05 0.000000E+00 1.072581E-06 3.150723E-04 0.000000E+00 2.117263E-06 0.000000E+00 2.100754E-05 2.793251E-05 6.323880E-05 1.751218E-06 1.990422E-07 6.400611E-06 4.088852E-05 6.690518E-05 7.766519E-05 6.596748E-08 2.152836E-05 2.158010E-06 2.712244E-07 2.803498E-05 1.871485E-06 0.000000E+00 1.172191E-06 0.000000E+00 0.000000E+00 4.395186E-08 0.000000E+00 1.114586E-06 4.895094E-07 0.000000E+00 3.044601E-05 1.788133E-07 0.000000E+00 1.442153E-05 0.000000E+00 0.000000E+00 0.000000E+00 0.000000E+00 0.000000E+00 0.000000E+00 
5 6 8 18 27 47 70 72 84 96 129 169 37 78 88 105 10 80 
130 19 
14 20 66 86 103 162 183 55 89 
21 17 41 
22 39 40 79 95 113 185 189 49 59 16 87 137 
13 23 165 119 29 
15 24 114 117 171 173 45 138 167 36 128 170 
124 144 157 160 25 143 
11 90 26 127 93 64 102 
46 61 65 73 109 132 115 100 54 
4 57 63 74 97 116 139 153 181 136 146 
7 12 177 184 187 125 
3 43 174 191 62 108 175 112 30 
192 56 9 58 85 164 
44 91 111 126 163 149 60 42 168 158 
104 152 154 71 31 33 134 67 
179 131 178 147 123 
48 68 121 156 176 186 172 155 
52 110 166 34 

============Find Best @ Round 2371================
==========Cluster 0, RcvInterf=2.27822e-14============
Node 4, SINR:3.60139e+00, BpsHz:1.29534e-01
Node 5, SINR:3.60139e+00, BpsHz:1.29534e-01
Node 7, SINR:3.60139e+00, BpsHz:1.29534e-01
Node 17, SINR:3.60139e+00, BpsHz:1.29534e-01
Node 26, SINR:3.60139e+00, BpsHz:1.29534e-01
Node 46, SINR:3.60139e+00, BpsHz:1.29534e-01
Node 69, SINR:3.60139e+00, BpsHz:1.29534e-01
Node 71, SINR:0.00000e+00, BpsHz:0.00000e+00
Node 83, SINR:3.60139e+00, BpsHz:1.29534e-01
Node 95, SINR:3.60139e+00, BpsHz:1.29534e-01
Node 128, SINR:3.60139e+00, BpsHz:1.29534e-01
Node 168, SINR:3.60139e+00, BpsHz:1.29534e-01
Node 36, SINR:3.60139e+00, BpsHz:1.29534e-01
Node 77, SINR:3.60139e+00, BpsHz:1.29534e-01
Node 87, SINR:3.60139e+00, BpsHz:1.29534e-01
Node 104, SINR:3.60139e+00, BpsHz:1.29534e-01
Node 9, SINR:3.60139e+00, BpsHz:1.29534e-01
Node 79, SINR:3.60139e+00, BpsHz:1.29534e-01
---------------
==========Cluster 1, RcvInterf=4.49559e-14============
Node 129, SINR:0.00000e+00, BpsHz:0.00000e+00
Node 18, SINR:9.39400e-02, BpsHz:1.29534e-01
---------------
==========Cluster 2, RcvInterf=8.06632e-14============
Node 13, SINR:1.05092e+00, BpsHz:1.29534e-01
Node 19, SINR:1.05092e+00, BpsHz:1.29534e-01
Node 65, SINR:1.05092e+00, BpsHz:1.29534e-01
Node 85, SINR:1.05092e+00, BpsHz:1.29534e-01
Node 102, SINR:0.00000e+00, BpsHz:0.00000e+00
Node 161, SINR:1.05092e+00, BpsHz:1.29534e-01
Node 182, SINR:1.05092e+00, BpsHz:1.29534e-01
Node 54, SINR:1.05092e+00, BpsHz:1.29534e-01
Node 88, SINR:1.05092e+00, BpsHz:1.29534e-01
---------------
==========Cluster 3, RcvInterf=1.65022e-13============
Node 20, SINR:0.00000e+00, BpsHz:0.00000e+00
Node 16, SINR:1.96705e-01, BpsHz:1.29534e-01
Node 40, SINR:1.96705e-01, BpsHz:1.29534e-01
---------------
==========Cluster 4, RcvInterf=4.75737e-14============
Node 21, SINR:1.93712e+00, BpsHz:1.29534e-01
Node 38, SINR:1.93712e+00, BpsHz:1.29534e-01
Node 39, SINR:1.93712e+00, BpsHz:1.29534e-01
Node 78, SINR:1.93712e+00, BpsHz:1.29534e-01
Node 94, SINR:1.93712e+00, BpsHz:1.29534e-01
Node 112, SINR:1.93712e+00, BpsHz:1.29534e-01
Node 184, SINR:0.00000e+00, BpsHz:0.00000e+00
Node 188, SINR:1.93712e+00, BpsHz:1.29534e-01
Node 48, SINR:1.93712e+00, BpsHz:1.29534e-01
Node 58, SINR:1.93712e+00, BpsHz:1.29534e-01
Node 15, SINR:1.93712e+00, BpsHz:1.29534e-01
Node 86, SINR:1.93712e+00, BpsHz:1.29534e-01
Node 136, SINR:1.93712e+00, BpsHz:1.29534e-01
---------------
==========Cluster 5, RcvInterf=3.40468e-14============
Node 12, SINR:4.32102e-01, BpsHz:1.29534e-01
Node 22, SINR:0.00000e+00, BpsHz:0.00000e+00
Node 164, SINR:4.32102e-01, BpsHz:1.29534e-01
Node 118, SINR:4.32102e-01, BpsHz:1.29534e-01
Node 28, SINR:4.32102e-01, BpsHz:1.29534e-01
---------------
==========Cluster 6, RcvInterf=5.85567e-15============
Node 14, SINR:1.68490e+00, BpsHz:1.29534e-01
Node 23, SINR:1.68490e+00, BpsHz:1.29534e-01
Node 113, SINR:0.00000e+00, BpsHz:0.00000e+00
Node 116, SINR:1.68490e+00, BpsHz:1.29534e-01
Node 170, SINR:1.68490e+00, BpsHz:1.29534e-01
Node 172, SINR:1.68490e+00, BpsHz:1.29534e-01
Node 44, SINR:1.68490e+00, BpsHz:1.29534e-01
Node 137, SINR:1.68490e+00, BpsHz:1.29534e-01
Node 166, SINR:1.68490e+00, BpsHz:1.29534e-01
Node 35, SINR:1.68490e+00, BpsHz:1.29534e-01
Node 127, SINR:1.68490e+00, BpsHz:1.29534e-01
Node 169, SINR:1.68490e+00, BpsHz:1.29534e-01
---------------
==========Cluster 7, RcvInterf=3.99190e-14============
Node 123, SINR:5.66634e-01, BpsHz:1.29534e-01
Node 143, SINR:0.00000e+00, BpsHz:0.00000e+00
Node 156, SINR:5.66634e-01, BpsHz:1.29534e-01
Node 159, SINR:5.66634e-01, BpsHz:1.29534e-01
Node 24, SINR:5.66634e-01, BpsHz:1.29534e-01
Node 142, SINR:5.66634e-01, BpsHz:1.29534e-01
---------------
==========Cluster 8, RcvInterf=4.60908e-14============
Node 10, SINR:0.00000e+00, BpsHz:0.00000e+00
Node 89, SINR:7.13803e-01, BpsHz:1.29534e-01
Node 25, SINR:7.13803e-01, BpsHz:1.29534e-01
Node 126, SINR:7.13803e-01, BpsHz:1.29534e-01
Node 92, SINR:7.13803e-01, BpsHz:1.29534e-01
Node 63, SINR:7.13803e-01, BpsHz:1.29534e-01
Node 101, SINR:7.13803e-01, BpsHz:1.29534e-01
---------------
==========Cluster 9, RcvInterf=1.18750e-13============
Node 45, SINR:0.00000e+00, BpsHz:0.00000e+00
Node 60, SINR:1.05092e+00, BpsHz:1.29534e-01
Node 64, SINR:1.05092e+00, BpsHz:1.29534e-01
Node 72, SINR:1.05092e+00, BpsHz:1.29534e-01
Node 108, SINR:1.05092e+00, BpsHz:1.29534e-01
Node 131, SINR:1.05092e+00, BpsHz:1.29534e-01
Node 114, SINR:1.05092e+00, BpsHz:1.29534e-01
Node 99, SINR:1.05092e+00, BpsHz:1.29534e-01
Node 53, SINR:1.05092e+00, BpsHz:1.29534e-01
---------------
==========Cluster 10, RcvInterf=2.89966e-14============
Node 3, SINR:1.45434e+00, BpsHz:1.29534e-01
Node 56, SINR:1.45434e+00, BpsHz:1.29534e-01
Node 62, SINR:1.45434e+00, BpsHz:1.29534e-01
Node 73, SINR:1.45434e+00, BpsHz:1.29534e-01
Node 96, SINR:1.45434e+00, BpsHz:1.29534e-01
Node 115, SINR:1.45434e+00, BpsHz:1.29534e-01
Node 138, SINR:1.45434e+00, BpsHz:1.29534e-01
Node 152, SINR:0.00000e+00, BpsHz:0.00000e+00
Node 180, SINR:1.45434e+00, BpsHz:1.29534e-01
Node 135, SINR:1.45434e+00, BpsHz:1.29534e-01
Node 145, SINR:1.45434e+00, BpsHz:1.29534e-01
---------------
==========Cluster 11, RcvInterf=2.48979e-14============
Node 6, SINR:5.66634e-01, BpsHz:1.29534e-01
Node 11, SINR:5.66634e-01, BpsHz:1.29534e-01
Node 176, SINR:0.00000e+00, BpsHz:0.00000e+00
Node 183, SINR:5.66634e-01, BpsHz:1.29534e-01
Node 186, SINR:5.66634e-01, BpsHz:1.29534e-01
Node 124, SINR:5.66634e-01, BpsHz:1.29534e-01
---------------
==========Cluster 12, RcvInterf=2.59502e-14============
Node 2, SINR:1.05092e+00, BpsHz:1.29534e-01
Node 42, SINR:1.05092e+00, BpsHz:1.29534e-01
Node 173, SINR:1.05092e+00, BpsHz:1.29534e-01
Node 190, SINR:0.00000e+00, BpsHz:0.00000e+00
Node 61, SINR:1.05092e+00, BpsHz:1.29534e-01
Node 107, SINR:1.05092e+00, BpsHz:1.29534e-01
Node 174, SINR:1.05092e+00, BpsHz:1.29534e-01
Node 111, SINR:1.05092e+00, BpsHz:1.29534e-01
Node 29, SINR:1.05092e+00, BpsHz:1.29534e-01
---------------
==========Cluster 13, RcvInterf=9.74256e-14============
Node 191, SINR:0.00000e+00, BpsHz:0.00000e+00
Node 55, SINR:5.66634e-01, BpsHz:1.29534e-01
Node 8, SINR:5.66634e-01, BpsHz:1.29534e-01
Node 57, SINR:5.66634e-01, BpsHz:1.29534e-01
Node 84, SINR:5.66634e-01, BpsHz:1.29534e-01
Node 163, SINR:5.66634e-01, BpsHz:1.29534e-01
---------------
==========Cluster 14, RcvInterf=1.17931e-13============
Node 43, SINR:1.24358e+00, BpsHz:1.29534e-01
Node 90, SINR:1.24358e+00, BpsHz:1.29534e-01
Node 110, SINR:1.24358e+00, BpsHz:1.29534e-01
Node 125, SINR:0.00000e+00, BpsHz:0.00000e+00
Node 162, SINR:1.24358e+00, BpsHz:1.29534e-01
Node 148, SINR:1.24358e+00, BpsHz:1.29534e-01
Node 59, SINR:1.24358e+00, BpsHz:1.29534e-01
Node 41, SINR:1.24358e+00, BpsHz:1.29534e-01
Node 167, SINR:1.24358e+00, BpsHz:1.29534e-01
Node 157, SINR:1.24358e+00, BpsHz:1.29534e-01
---------------
==========Cluster 15, RcvInterf=4.31956e-14============
Node 103, SINR:0.00000e+00, BpsHz:0.00000e+00
Node 151, SINR:8.74798e-01, BpsHz:1.29534e-01
Node 153, SINR:8.74798e-01, BpsHz:1.29534e-01
Node 70, SINR:8.74798e-01, BpsHz:1.29534e-01
Node 30, SINR:8.74798e-01, BpsHz:1.29534e-01
Node 32, SINR:8.74798e-01, BpsHz:1.29534e-01
Node 133, SINR:8.74798e-01, BpsHz:1.29534e-01
Node 66, SINR:8.74798e-01, BpsHz:1.29534e-01
---------------
==========Cluster 16, RcvInterf=3.22933e-14============
Node 178, SINR:0.00000e+00, BpsHz:0.00000e+00
Node 130, SINR:4.32102e-01, BpsHz:1.29534e-01
Node 177, SINR:4.32102e-01, BpsHz:1.29534e-01
Node 146, SINR:4.32102e-01, BpsHz:1.29534e-01
Node 122, SINR:4.32102e-01, BpsHz:1.29534e-01
---------------
==========Cluster 17, RcvInterf=6.89574e-14============
Node 47, SINR:8.74798e-01, BpsHz:1.29534e-01
Node 67, SINR:8.74798e-01, BpsHz:1.29534e-01
Node 120, SINR:8.74798e-01, BpsHz:1.29534e-01
Node 155, SINR:0.00000e+00, BpsHz:0.00000e+00
Node 175, SINR:8.74798e-01, BpsHz:1.29534e-01
Node 185, SINR:8.74798e-01, BpsHz:1.29534e-01
Node 171, SINR:8.74798e-01, BpsHz:1.29534e-01
Node 154, SINR:8.74798e-01, BpsHz:1.29534e-01
---------------
==========Cluster 18, RcvInterf=7.30228e-15============
Node 51, SINR:0.00000e+00, BpsHz:0.00000e+00
Node 109, SINR:3.09123e-01, BpsHz:1.29534e-01
Node 165, SINR:3.09123e-01, BpsHz:1.29534e-01
Node 33, SINR:3.09123e-01, BpsHz:1.29534e-01
---------------
