195
21
1.000000e-03
1.931016e-312
133
3000
1.585770e+01
6.004333e-01
1.585770e-05
3.135813e-07
0 0 0 0 0 0 0 0 0 0 0 0 0 0 0 0 0 0 0 0 0 0 0 0 0 0 0 0 0 0 0 0 0 0 0 0 0 0 0 0 0 0 0 0 0 0 0 1 0 0 0 0 0 0 0 0 0 0 0 0 0 0 0 0 0 0 0 1 0 1 0 0 0 0 0 0 0 0 0 0 0 0 0 0 0 0 0 0 0 0 0 0 0 1 0 0 0 0 0 0 0 0 0 0 0 1 0 0 0 0 0 0 0 0 0 0 0 0 0 0 1 0 0 0 0 0 0 0 0 0 0 0 0 0 0 0 0 0 0 0 0 0 0 0 0 0 0 0 0 0 0 0 0 0 1 1 0 0 0 0 0 0 0 0 0 0 0 0 0 0 0 1 0 0 0 1 0 0 0 0 0 0 0 0 0 0 0 0 0 0 0 0 0 0 0 
0 0 0 0 0 0 0 0 0 0 0 1 0 0 0 0 0 0 0 0 0 0 0 0 0 0 0 0 1 0 0 0 0 0 0 0 0 0 0 0 0 0 0 0 0 0 0 0 0 0 1 0 0 0 0 0 0 0 0 0 0 0 0 0 0 0 1 0 0 0 0 0 0 0 0 0 0 0 0 0 0 0 0 0 0 0 0 0 0 0 0 0 0 0 0 0 0 1 0 0 0 0 0 0 0 0 0 0 0 0 0 0 0 0 0 0 0 0 0 0 0 1 0 0 0 0 0 0 0 0 0 0 0 0 0 0 0 0 0 0 0 0 0 0 0 0 0 1 0 0 1 0 0 0 0 0 0 0 0 0 0 0 0 0 0 0 0 0 0 0 0 0 0 0 0 0 0 0 0 0 0 0 0 0 0 0 0 0 0 0 0 0 0 0 0 
0 0 0 0 0 0 0 0 0 0 0 0 0 0 0 0 0 0 0 0 0 0 0 1 0 0 0 0 0 0 0 0 0 0 0 0 0 0 0 0 0 0 0 0 0 0 0 0 0 0 0 0 0 0 0 0 0 0 0 0 0 0 0 0 0 0 0 0 0 0 0 0 0 0 0 0 0 0 0 0 0 0 0 0 0 0 0 0 0 0 0 0 0 0 0 0 0 0 0 0 0 0 0 0 0 0 0 0 0 0 0 0 0 0 0 0 0 0 0 0 0 0 0 0 0 0 0 1 0 0 0 0 0 0 0 0 0 1 0 0 0 0 0 0 0 0 0 0 0 0 0 0 0 0 0 0 0 0 0 0 0 0 0 0 0 0 1 0 0 1 0 0 0 0 0 0 0 0 0 0 0 0 0 0 0 0 0 0 0 0 0 0 0 0 0 
0 0 0 0 0 0 0 0 0 0 0 0 0 0 0 0 0 0 0 0 0 0 0 0 0 0 0 0 0 0 0 0 0 0 0 0 0 0 0 0 0 0 0 0 0 0 0 0 0 0 0 0 0 0 0 0 0 0 0 0 0 0 0 0 0 0 0 0 0 0 0 0 0 0 0 0 0 0 0 0 0 0 0 0 0 0 0 0 0 0 0 0 0 0 0 0 0 0 0 0 0 0 0 0 0 0 0 0 0 0 0 0 0 0 0 0 0 0 0 0 0 0 1 0 0 0 0 0 0 0 1 0 0 0 0 0 0 0 0 0 0 0 0 0 0 0 1 0 0 1 0 0 0 0 0 0 0 0 0 0 0 0 0 0 0 0 0 0 0 0 0 0 0 0 0 0 0 1 1 0 0 0 0 0 0 0 0 0 0 0 0 0 0 0 0 
0 0 0 0 0 0 0 0 0 0 0 0 0 0 0 0 0 0 1 0 0 0 0 0 0 0 0 0 0 0 0 0 0 1 0 0 0 0 0 0 0 0 0 0 0 0 0 0 0 0 0 1 0 0 0 0 0 0 0 0 0 0 0 0 0 0 0 0 1 0 0 0 0 0 0 0 0 0 0 0 0 0 0 0 0 0 0 0 0 0 0 0 0 0 0 0 0 0 0 0 0 0 0 0 0 0 0 0 0 1 0 0 0 0 0 0 0 0 0 0 0 0 0 0 0 0 0 0 0 0 0 0 0 0 0 0 0 0 0 0 0 0 0 0 0 0 0 0 0 0 0 0 0 0 0 0 0 0 0 0 0 0 0 0 0 1 0 0 0 0 0 0 0 0 0 0 0 0 0 1 0 0 0 0 0 0 0 0 0 1 0 0 0 0 0 
0 0 0 0 0 0 0 0 0 0 0 0 0 0 0 0 0 0 0 0 0 0 0 0 0 0 0 0 0 0 0 0 0 0 0 0 0 0 0 0 0 0 0 0 0 0 0 0 0 0 0 0 0 0 0 0 0 0 0 0 0 0 0 0 0 0 0 0 0 0 0 0 0 0 0 0 0 0 0 0 0 0 0 0 0 0 0 0 0 0 0 0 0 0 0 0 1 0 0 0 0 0 0 0 0 0 0 0 0 0 0 0 0 0 0 0 0 0 0 0 0 0 0 0 0 0 0 0 0 0 0 0 0 0 0 0 0 0 1 0 0 0 0 0 0 0 0 0 0 0 0 0 0 0 0 0 0 0 0 0 0 0 0 0 0 0 0 0 0 0 0 0 0 0 0 0 0 0 0 0 0 0 0 0 0 0 0 0 0 0 0 0 0 0 0 
0 0 0 1 0 0 0 0 0 0 0 0 0 0 0 0 1 0 0 0 0 0 0 0 0 0 0 0 0 1 0 0 0 0 0 0 0 0 0 0 1 0 0 0 0 0 0 0 0 0 0 0 0 0 0 0 0 0 0 0 0 0 0 0 0 0 0 0 0 0 0 0 0 1 0 1 0 0 0 0 0 0 0 0 0 0 0 0 0 0 0 1 0 0 0 0 0 0 0 0 0 0 0 0 0 0 0 0 0 0 0 0 0 0 0 0 0 0 0 1 0 0 0 0 0 0 0 0 0 0 0 0 0 0 0 1 0 0 0 1 1 0 0 0 0 1 0 0 0 0 0 0 0 0 0 0 0 0 1 0 0 0 0 0 0 0 0 0 0 0 0 0 0 0 1 0 0 0 0 0 0 1 0 0 0 0 0 0 0 0 0 0 0 0 0 
0 0 0 0 0 0 0 0 0 0 0 0 0 1 0 0 0 0 0 1 0 0 0 0 0 0 0 0 0 0 0 0 0 0 0 0 0 0 0 0 0 0 0 0 0 0 0 0 0 0 0 0 0 0 1 0 0 0 0 0 0 0 0 0 0 1 0 0 0 0 0 0 0 0 0 0 0 0 0 0 0 1 0 0 0 1 0 0 1 0 0 0 0 0 0 0 0 0 0 0 1 0 1 0 1 0 0 0 0 0 0 0 0 0 0 0 0 0 0 0 0 0 0 0 0 0 0 0 0 0 0 0 0 0 0 0 0 0 0 0 0 0 0 0 0 0 0 0 0 0 0 0 0 0 0 0 0 0 0 0 1 1 0 0 0 0 0 0 0 0 0 0 0 0 0 0 0 0 0 0 0 0 1 0 0 0 0 0 0 0 0 0 0 0 0 
0 0 0 0 0 0 1 0 0 0 0 0 0 0 0 0 0 0 0 0 0 0 0 0 0 0 0 0 0 0 0 0 0 0 0 0 0 0 0 0 0 0 0 0 0 0 0 0 0 0 0 0 0 0 0 0 0 0 0 0 0 0 0 0 0 0 0 0 0 0 0 0 0 0 0 0 0 0 0 0 0 0 0 0 0 0 0 0 0 0 0 0 0 0 0 0 0 0 0 0 0 0 0 0 0 0 0 0 0 0 0 0 0 0 0 0 0 0 0 0 0 0 0 0 0 0 0 0 0 0 0 0 0 0 0 0 0 0 0 0 0 0 0 0 0 0 0 0 0 0 0 0 0 0 0 0 0 0 0 0 0 0 0 0 0 0 0 0 0 0 0 0 0 0 0 0 1 0 0 0 0 0 0 1 0 0 1 0 0 0 0 0 0 0 0 
0 0 0 0 0 0 0 0 0 0 0 0 0 0 0 0 0 0 0 0 0 0 0 0 0 0 0 0 0 0 0 0 0 0 0 0 0 0 0 0 0 0 0 0 0 0 0 0 0 0 0 0 0 0 0 0 0 0 0 0 0 0 0 0 0 0 0 0 0 0 0 0 0 0 0 0 0 0 0 0 0 0 0 0 0 0 0 0 0 0 0 0 0 0 1 0 0 0 0 0 0 0 0 0 0 0 0 0 0 0 0 0 1 0 0 0 0 0 0 0 0 0 0 0 0 0 0 0 0 0 0 0 0 0 0 0 0 0 0 0 0 0 0 0 0 0 0 0 0 0 0 0 0 0 0 0 0 0 0 0 0 0 0 0 0 0 0 0 0 0 0 0 0 0 0 0 0 0 0 0 0 0 0 0 1 0 0 0 0 0 0 0 0 0 0 
0 0 0 0 0 0 0 0 0 0 0 0 0 0 0 0 0 0 0 0 0 0 0 0 0 0 0 0 0 0 0 0 0 0 0 0 0 0 0 0 0 0 0 0 0 0 0 0 0 0 0 0 1 0 0 0 0 0 0 0 0 0 0 1 0 0 0 0 0 0 0 0 0 0 1 0 0 0 0 0 0 0 0 0 0 0 0 0 0 0 0 0 1 0 0 0 0 0 1 0 0 0 0 0 0 0 0 0 0 0 0 1 0 0 0 0 0 0 0 0 0 0 0 0 0 0 1 0 0 0 0 0 0 0 0 0 0 0 0 0 0 0 0 0 0 0 0 0 0 0 0 0 0 0 0 0 0 0 0 0 0 0 0 0 0 0 0 0 0 0 0 0 0 0 0 0 0 0 0 0 0 0 0 0 0 1 0 0 0 0 0 0 0 0 0 
0 0 0 0 0 0 0 0 0 0 0 0 1 0 0 0 0 0 0 0 0 0 1 0 0 0 0 0 0 0 0 0 0 0 0 0 0 0 0 0 0 0 0 0 0 0 0 0 0 0 0 0 0 0 0 0 0 0 0 0 0 0 0 0 0 0 0 0 0 0 0 0 0 0 0 0 1 0 0 0 0 0 0 0 0 0 0 0 0 0 0 0 0 0 0 0 0 0 0 0 0 0 0 0 0 0 0 0 0 0 0 0 0 0 0 0 0 0 0 0 0 0 0 0 0 0 0 0 0 0 0 0 0 0 0 0 0 0 0 0 0 0 0 0 0 0 0 0 0 0 0 0 0 0 0 0 0 0 0 0 0 0 0 0 1 0 0 0 0 0 0 0 0 0 0 0 0 0 0 0 0 0 0 0 0 0 0 0 0 0 0 0 0 0 0 
0 0 0 0 0 0 0 0 0 0 0 0 0 0 0 0 0 0 0 0 0 0 0 0 1 0 0 0 0 0 0 0 0 0 0 0 0 0 0 0 0 0 0 0 0 0 0 0 0 0 0 0 0 0 0 0 0 0 0 0 0 0 0 0 0 0 0 0 0 0 0 0 0 0 0 0 0 0 0 0 0 0 0 0 0 0 0 0 0 0 0 0 0 0 0 0 0 0 0 0 0 0 0 0 0 0 0 0 0 0 0 0 0 0 0 0 0 1 0 0 0 0 0 1 0 0 0 0 0 0 0 0 0 0 0 0 0 0 0 0 0 0 1 1 0 0 0 0 0 0 0 0 0 0 0 0 1 0 0 1 0 0 0 0 0 0 0 0 0 0 0 0 0 0 0 0 0 0 0 0 0 0 0 0 0 0 0 1 0 0 0 0 0 0 0 
0 1 0 0 0 0 0 0 0 0 0 0 0 0 0 0 0 0 0 0 0 1 0 0 0 0 0 0 0 0 0 0 0 0 0 0 0 0 0 0 0 0 0 0 0 0 0 0 0 0 0 0 0 0 0 0 0 0 0 0 0 0 0 0 0 0 0 0 0 0 0 0 0 0 0 0 0 0 1 0 0 0 0 0 0 0 0 0 0 0 0 0 0 0 0 0 0 0 0 0 0 0 0 0 0 0 0 0 0 0 0 0 0 0 0 0 0 0 0 0 0 0 0 0 1 0 0 0 0 0 0 0 0 0 0 0 0 0 0 0 0 0 0 0 0 0 0 0 0 0 0 0 0 0 0 0 0 0 0 0 0 0 0 0 0 0 0 0 0 0 0 0 0 0 0 0 0 0 0 0 0 0 0 0 0 0 0 0 1 0 0 0 0 0 0 
0 0 0 0 0 0 0 0 0 0 0 0 0 0 1 0 0 0 0 0 0 0 0 0 0 0 0 0 0 0 0 0 0 0 0 0 0 0 0 0 0 0 0 0 1 0 0 0 0 0 0 0 0 0 0 0 0 0 0 0 0 0 0 0 0 0 0 0 0 0 0 0 0 0 0 0 0 0 0 0 0 0 0 0 0 0 0 0 0 0 0 0 0 0 0 0 0 0 0 0 0 0 0 0 0 0 0 0 0 0 0 0 0 1 0 0 1 0 0 0 0 0 0 0 0 0 0 0 0 0 0 0 0 0 0 0 0 0 0 0 0 0 0 0 0 0 0 0 0 0 0 0 0 0 0 0 0 0 0 0 0 0 0 0 0 0 0 0 0 0 1 0 0 0 0 0 0 0 0 0 0 0 0 0 0 0 0 0 0 0 0 0 0 0 0 
0 0 0 0 0 0 0 0 0 0 0 0 0 0 0 0 0 0 0 0 0 0 0 0 0 0 0 0 0 0 0 0 0 0 0 0 0 0 0 0 0 0 1 0 0 0 0 0 0 0 0 0 0 0 0 0 0 0 0 0 0 0 0 0 0 0 0 0 0 0 0 0 0 0 0 0 0 0 0 0 0 0 0 0 0 0 0 0 0 0 0 0 0 0 0 0 0 0 0 0 0 0 0 0 0 0 0 1 0 0 0 0 0 0 0 0 0 0 0 0 0 0 0 0 0 0 0 0 0 0 0 0 0 0 0 0 0 0 0 0 0 0 0 0 0 0 0 0 0 0 0 0 0 0 0 0 0 0 0 0 0 0 0 0 0 0 0 0 0 0 0 0 0 1 0 0 0 0 0 0 0 0 0 0 0 0 0 0 0 0 1 0 0 0 0 
0 0 0 0 0 0 0 0 1 0 0 0 0 0 0 0 0 0 0 0 0 0 0 0 0 0 0 0 0 0 0 0 0 0 0 0 0 0 0 0 0 0 0 0 0 0 0 0 0 0 0 0 0 0 0 1 0 1 0 0 0 0 0 0 0 0 0 0 0 0 0 0 0 0 0 0 0 0 0 0 0 0 0 0 1 0 0 0 0 0 0 0 0 0 0 0 0 0 0 0 0 0 0 0 0 0 0 0 0 0 0 0 0 0 0 0 0 0 0 0 0 0 0 0 0 0 0 0 0 0 0 0 0 0 0 0 0 0 0 0 0 0 0 0 0 0 0 0 0 0 0 0 0 0 0 0 0 0 0 0 0 0 0 0 0 0 0 0 0 0 0 0 0 0 0 0 0 0 0 0 0 0 0 0 0 0 0 0 0 0 0 1 0 0 0 
1 0 0 0 0 0 0 0 0 0 0 0 0 0 0 0 0 0 0 0 0 0 0 0 0 0 0 0 0 0 0 0 0 0 0 0 0 0 0 0 0 1 0 1 0 0 0 0 0 0 0 0 0 1 0 0 0 0 0 1 1 0 0 0 0 0 0 0 0 0 0 0 0 0 0 0 0 0 0 0 0 0 0 0 0 0 0 0 0 0 1 0 0 0 0 0 0 0 0 1 0 0 0 0 0 0 0 0 0 0 1 0 0 0 1 0 0 0 0 0 0 0 0 0 0 1 0 0 0 0 0 0 0 0 0 0 0 0 0 0 0 0 0 0 1 0 0 0 0 0 0 0 0 0 0 0 0 1 0 0 0 0 1 0 0 0 0 1 0 0 0 0 0 0 0 0 0 0 0 0 0 0 0 0 0 0 0 0 0 0 0 0 0 0 0 
0 0 0 0 0 0 0 0 0 0 0 0 0 0 0 0 0 0 0 0 0 0 0 0 0 1 0 0 0 0 0 0 0 0 0 0 0 0 0 0 0 0 0 0 0 0 0 0 0 0 0 0 0 0 0 0 0 0 0 0 0 0 0 0 0 0 0 0 0 0 0 0 0 0 0 0 0 0 0 0 0 0 0 0 0 0 0 0 0 0 0 0 0 0 0 0 0 0 0 0 0 0 0 1 0 0 0 0 0 0 0 0 0 0 0 0 0 0 0 0 0 0 0 0 0 0 0 0 0 0 0 0 0 0 0 0 0 0 0 0 0 0 0 0 0 0 0 0 0 0 0 1 0 1 0 0 0 0 0 0 0 0 0 0 0 0 0 0 0 0 0 0 0 0 0 0 0 0 0 0 0 0 0 0 0 0 0 0 0 0 0 0 1 1 0 
0 0 0 0 0 0 0 0 0 0 0 0 0 0 0 1 0 0 0 0 0 0 0 0 0 0 0 0 0 0 0 0 0 0 0 0 0 0 0 0 0 0 0 0 0 0 0 0 0 0 0 0 0 0 0 0 0 0 0 0 0 0 0 0 0 0 0 0 0 0 0 0 0 0 0 0 0 0 0 0 0 0 0 0 0 0 1 0 0 0 0 0 0 0 0 0 0 0 0 0 0 0 0 0 0 0 0 0 0 0 0 0 0 0 0 0 0 0 0 0 0 0 0 0 0 0 0 0 0 0 0 0 1 0 1 0 1 0 0 0 0 0 0 0 0 0 0 0 0 0 0 0 0 0 0 0 0 0 0 0 0 0 0 0 0 0 0 0 0 0 0 0 0 0 0 0 0 0 0 0 0 0 0 0 0 0 0 0 0 0 0 0 0 0 0 
0 0 0 0 1 1 0 0 0 1 0 0 0 0 0 0 0 0 0 0 0 0 0 0 0 0 1 0 0 0 0 0 0 0 0 0 1 1 0 0 0 0 0 0 0 1 1 0 0 0 0 0 0 0 0 0 0 0 0 0 0 0 0 0 1 0 0 0 0 0 0 1 1 0 0 0 0 0 0 0 0 0 0 1 0 0 0 0 0 0 0 0 0 0 0 1 0 0 0 0 0 0 0 0 0 0 0 0 1 0 0 0 0 0 0 0 0 0 0 0 0 0 0 0 0 0 0 0 0 0 0 1 0 0 0 0 0 0 0 0 0 0 0 0 0 0 0 0 0 0 0 0 0 0 0 0 0 0 0 0 0 0 0 0 0 0 0 0 0 0 0 0 0 0 0 0 0 0 0 0 0 0 0 0 0 0 0 0 0 0 0 0 0 0 0 
48 122 24 179 69 139 140 14 187 185 127 23 124 22 171 174 192 163 26 87 10 
7.788621E-05 5.203831E-07 0.000000E+00 7.921653E-06 8.154786E-05 1.977990E-06 3.973703E-08 0.000000E+00 3.069752E-08 0.000000E+00 0.000000E+00 4.085133E-07 1.124344E-06 0.000000E+00 1.620164E-08 2.553491E-08 1.219666E-04 0.000000E+00 6.205930E-06 7.669838E-07 0.000000E+00 0.000000E+00 0.000000E+00 0.000000E+00 1.278424E-05 0.000000E+00 2.230923E-06 0.000000E+00 1.692509E-06 4.767690E-05 0.000000E+00 0.000000E+00 0.000000E+00 1.255279E-07 0.000000E+00 0.000000E+00 2.038242E-05 8.694989E-07 0.000000E+00 0.000000E+00 5.022554E-05 7.018991E-05 6.026151E-08 3.092665E-05 6.067293E-07 1.641913E-04 1.834728E-05 0.000000E+00 0.000000E+00 0.000000E+00 1.695518E-06 1.844955E-08 6.838393E-06 2.536266E-04 2.812023E-05 3.953917E-09 0.000000E+00 1.500280E-06 0.000000E+00 2.345740E-04 3.194417E-04 0.000000E+00 0.000000E+00 3.566964E-07 7.970144E-05 2.757163E-06 1.436824E-05 8.157519E-06 0.000000E+00 1.551689E-04 0.000000E+00 1.189228E-04 6.663272E-05 8.199032E-06 1.970451E-06 1.391910E-04 2.053332E-06 0.000000E+00 2.927414E-07 0.000000E+00 0.000000E+00 9.959572E-05 0.000000E+00 7.800897E-05 2.745026E-06 8.250079E-06 0.000000E+00 0.000000E+00 5.030166E-05 0.000000E+00 5.818715E-05 2.027137E-05 1.638733E-07 7.034869E-05 1.818338E-07 1.460562E-04 1.305510E-08 9.381623E-06 1.671553E-05 5.078389E-04 1.922563E-04 0.000000E+00 1.378633E-06 4.614852E-05 1.214853E-04 3.317856E-05 0.000000E+00 1.027919E-05 4.239886E-04 8.031864E-08 3.012663E-06 1.789395E-05 8.207876E-09 1.069257E-08 5.289390E-04 0.000000E+00 8.155567E-08 5.327089E-05 0.000000E+00 4.217490E-06 1.474004E-06 0.000000E+00 7.531869E-07 0.000000E+00 7.361294E-06 2.138836E-05 0.000000E+00 1.091639E-06 0.000000E+00 0.000000E+00 3.421648E-08 9.990232E-04 3.789568E-06 0.000000E+00 4.955326E-07 3.043553E-07 1.657252E-07 4.915123E-07 0.000000E+00 0.000000E+00 1.710631E-05 0.000000E+00 4.208328E-06 1.132962E-06 3.542523E-04 1.640178E-05 6.399727E-07 9.955394E-07 0.000000E+00 4.228366E-07 9.413138E-07 3.552718E-06 0.000000E+00 3.159439E-05 2.120006E-05 1.142892E-06 1.782292E-05 7.401531E-05 4.844852E-06 3.196094E-05 5.736955E-05 1.952426E-05 0.000000E+00 0.000000E+00 7.782744E-07 1.356783E-06 9.284948E-07 4.536452E-05 0.000000E+00 2.391542E-06 0.000000E+00 2.925760E-05 0.000000E+00 0.000000E+00 3.797497E-06 4.660169E-06 3.735122E-08 4.842802E-07 0.000000E+00 2.859923E-06 0.000000E+00 4.625285E-08 1.576812E-05 9.331297E-08 0.000000E+00 9.829487E-06 0.000000E+00 2.059048E-05 1.789471E-08 3.618076E-07 6.188655E-08 0.000000E+00 1.112786E-05 5.681806E-08 0.000000E+00 
48 68 106 121 155 156 176 172 94 70 
12 51 122 148 151 29 67 98 
24 138 170 128 167 
131 178 179 147 150 123 
34 52 69 110 166 180 190 19 
97 139 
4 74 92 120 136 140 141 159 175 182 41 146 17 76 30 
14 20 55 66 82 86 89 103 105 161 162 183 101 
187 7 184 177 
185 113 95 
64 93 127 75 53 99 186 112 
13 23 77 165 
124 143 144 157 160 188 25 118 
22 189 2 79 125 
15 114 117 171 45 
43 174 191 108 
56 192 9 85 58 
1 42 44 54 91 100 111 126 158 163 168 115 60 145 61 
26 193 152 194 104 154 
16 87 133 135 137 
6 10 27 37 38 46 47 65 72 73 84 96 109 5 132 

============Find Best @ Round 1003================
==========Cluster 0, RcvInterf=1.42022e-13============
Node 47, SINR:0.00000e+00, BpsHz:0.00000e+00
Node 67, SINR:7.85901e-01, BpsHz:9.29613e-02
Node 105, SINR:7.85901e-01, BpsHz:9.29613e-02
Node 120, SINR:7.85901e-01, BpsHz:9.29613e-02
Node 154, SINR:7.85901e-01, BpsHz:9.29613e-02
Node 155, SINR:7.85901e-01, BpsHz:9.29613e-02
Node 175, SINR:7.85901e-01, BpsHz:9.29613e-02
Node 171, SINR:7.85901e-01, BpsHz:9.29613e-02
Node 93, SINR:7.85901e-01, BpsHz:9.29613e-02
Node 69, SINR:7.85901e-01, BpsHz:9.29613e-02
---------------
==========Cluster 1, RcvInterf=1.79270e-14============
Node 11, SINR:5.69962e-01, BpsHz:9.29613e-02
Node 50, SINR:5.69962e-01, BpsHz:9.29613e-02
Node 121, SINR:0.00000e+00, BpsHz:0.00000e+00
Node 147, SINR:5.69962e-01, BpsHz:9.29613e-02
Node 150, SINR:5.69962e-01, BpsHz:9.29613e-02
Node 28, SINR:5.69962e-01, BpsHz:9.29613e-02
Node 66, SINR:5.69962e-01, BpsHz:9.29613e-02
Node 97, SINR:5.69962e-01, BpsHz:9.29613e-02
---------------
==========Cluster 2, RcvInterf=3.60171e-15============
Node 23, SINR:0.00000e+00, BpsHz:0.00000e+00
Node 137, SINR:2.94007e-01, BpsHz:9.29613e-02
Node 169, SINR:2.94007e-01, BpsHz:9.29613e-02
Node 127, SINR:2.94007e-01, BpsHz:9.29613e-02
Node 166, SINR:2.94007e-01, BpsHz:9.29613e-02
---------------
==========Cluster 3, RcvInterf=5.61894e-15============
Node 130, SINR:3.80132e-01, BpsHz:9.29613e-02
Node 177, SINR:3.80132e-01, BpsHz:9.29613e-02
Node 178, SINR:0.00000e+00, BpsHz:0.00000e+00
Node 146, SINR:3.80132e-01, BpsHz:9.29613e-02
Node 149, SINR:3.80132e-01, BpsHz:9.29613e-02
Node 122, SINR:3.80132e-01, BpsHz:9.29613e-02
---------------
==========Cluster 4, RcvInterf=1.69035e-15============
Node 33, SINR:5.69962e-01, BpsHz:9.29613e-02
Node 51, SINR:5.69962e-01, BpsHz:9.29613e-02
Node 68, SINR:0.00000e+00, BpsHz:0.00000e+00
Node 109, SINR:5.69962e-01, BpsHz:9.29613e-02
Node 165, SINR:5.69962e-01, BpsHz:9.29613e-02
Node 179, SINR:5.69962e-01, BpsHz:9.29613e-02
Node 189, SINR:5.69962e-01, BpsHz:9.29613e-02
Node 18, SINR:5.69962e-01, BpsHz:9.29613e-02
---------------
==========Cluster 5, RcvInterf=1.16992e-14============
Node 96, SINR:6.65572e-02, BpsHz:9.29613e-02
Node 138, SINR:0.00000e+00, BpsHz:0.00000e+00
---------------
==========Cluster 6, RcvInterf=1.69221e-14============
Node 3, SINR:1.46478e+00, BpsHz:9.29613e-02
Node 73, SINR:1.46478e+00, BpsHz:9.29613e-02
Node 91, SINR:1.46478e+00, BpsHz:9.29613e-02
Node 119, SINR:1.46478e+00, BpsHz:9.29613e-02
Node 135, SINR:1.46478e+00, BpsHz:9.29613e-02
Node 139, SINR:0.00000e+00, BpsHz:0.00000e+00
Node 140, SINR:1.46478e+00, BpsHz:9.29613e-02
Node 158, SINR:1.46478e+00, BpsHz:9.29613e-02
Node 174, SINR:1.46478e+00, BpsHz:9.29613e-02
Node 181, SINR:1.46478e+00, BpsHz:9.29613e-02
Node 40, SINR:1.46478e+00, BpsHz:9.29613e-02
Node 145, SINR:1.46478e+00, BpsHz:9.29613e-02
Node 16, SINR:1.46478e+00, BpsHz:9.29613e-02
Node 75, SINR:1.46478e+00, BpsHz:9.29613e-02
Node 29, SINR:1.46478e+00, BpsHz:9.29613e-02
---------------
==========Cluster 7, RcvInterf=1.80537e-14============
Node 13, SINR:0.00000e+00, BpsHz:0.00000e+00
Node 19, SINR:1.16675e+00, BpsHz:9.29613e-02
Node 54, SINR:1.16675e+00, BpsHz:9.29613e-02
Node 65, SINR:1.16675e+00, BpsHz:9.29613e-02
Node 81, SINR:1.16675e+00, BpsHz:9.29613e-02
Node 85, SINR:1.16675e+00, BpsHz:9.29613e-02
Node 88, SINR:1.16675e+00, BpsHz:9.29613e-02
Node 102, SINR:1.16676e+00, BpsHz:9.29613e-02
Node 104, SINR:1.16675e+00, BpsHz:9.29613e-02
Node 160, SINR:1.16675e+00, BpsHz:9.29613e-02
Node 161, SINR:1.16675e+00, BpsHz:9.29613e-02
Node 182, SINR:1.16676e+00, BpsHz:9.29613e-02
Node 100, SINR:1.16675e+00, BpsHz:9.29613e-02
---------------
==========Cluster 8, RcvInterf=5.80903e-15============
Node 186, SINR:0.00000e+00, BpsHz:0.00000e+00
Node 6, SINR:2.13256e-01, BpsHz:9.29613e-02
Node 183, SINR:2.13256e-01, BpsHz:9.29613e-02
Node 176, SINR:2.13256e-01, BpsHz:9.29613e-02
---------------
==========Cluster 9, RcvInterf=5.39871e-15============
Node 184, SINR:0.00000e+00, BpsHz:0.00000e+00
Node 112, SINR:1.37544e-01, BpsHz:9.29613e-02
Node 94, SINR:1.37544e-01, BpsHz:9.29613e-02
---------------
==========Cluster 10, RcvInterf=3.16437e-14============
Node 63, SINR:5.69962e-01, BpsHz:9.29613e-02
Node 92, SINR:5.69962e-01, BpsHz:9.29613e-02
Node 126, SINR:0.00000e+00, BpsHz:0.00000e+00
Node 74, SINR:5.69962e-01, BpsHz:9.29613e-02
Node 52, SINR:5.69962e-01, BpsHz:9.29613e-02
Node 98, SINR:5.69962e-01, BpsHz:9.29613e-02
Node 185, SINR:5.69962e-01, BpsHz:9.29613e-02
Node 111, SINR:5.69962e-01, BpsHz:9.29613e-02
---------------
==========Cluster 11, RcvInterf=2.88675e-14============
Node 12, SINR:2.13256e-01, BpsHz:9.29613e-02
Node 22, SINR:0.00000e+00, BpsHz:0.00000e+00
Node 76, SINR:2.13256e-01, BpsHz:9.29613e-02
Node 164, SINR:2.13256e-01, BpsHz:9.29613e-02
---------------
==========Cluster 12, RcvInterf=5.74002e-14============
Node 123, SINR:0.00000e+00, BpsHz:0.00000e+00
Node 142, SINR:5.69962e-01, BpsHz:9.29613e-02
Node 143, SINR:5.69962e-01, BpsHz:9.29613e-02
Node 156, SINR:5.69962e-01, BpsHz:9.29613e-02
Node 159, SINR:5.69962e-01, BpsHz:9.29613e-02
Node 187, SINR:5.69962e-01, BpsHz:9.29613e-02
Node 24, SINR:5.69962e-01, BpsHz:9.29613e-02
Node 117, SINR:5.69962e-01, BpsHz:9.29613e-02
---------------
==========Cluster 13, RcvInterf=3.08592e-15============
Node 21, SINR:0.00000e+00, BpsHz:0.00000e+00
Node 188, SINR:2.94007e-01, BpsHz:9.29613e-02
Node 1, SINR:2.94007e-01, BpsHz:9.29613e-02
Node 78, SINR:2.94007e-01, BpsHz:9.29613e-02
Node 124, SINR:2.94007e-01, BpsHz:9.29613e-02
---------------
==========Cluster 14, RcvInterf=4.15955e-15============
Node 14, SINR:2.94007e-01, BpsHz:9.29613e-02
Node 113, SINR:2.94007e-01, BpsHz:9.29613e-02
Node 116, SINR:2.94007e-01, BpsHz:9.29613e-02
Node 170, SINR:0.00000e+00, BpsHz:0.00000e+00
Node 44, SINR:2.94007e-01, BpsHz:9.29613e-02
---------------
==========Cluster 15, RcvInterf=3.14192e-14============
Node 42, SINR:2.13256e-01, BpsHz:9.29613e-02
Node 173, SINR:0.00000e+00, BpsHz:0.00000e+00
Node 190, SINR:2.13256e-01, BpsHz:9.29613e-02
Node 107, SINR:2.13256e-01, BpsHz:9.29613e-02
---------------
==========Cluster 16, RcvInterf=3.02833e-14============
Node 55, SINR:2.94007e-01, BpsHz:9.29613e-02
Node 191, SINR:0.00000e+00, BpsHz:0.00000e+00
Node 8, SINR:2.94007e-01, BpsHz:9.29613e-02
Node 84, SINR:2.94007e-01, BpsHz:9.29613e-02
Node 57, SINR:2.94007e-01, BpsHz:9.29613e-02
---------------
==========Cluster 17, RcvInterf=7.03666e-14============
Node 0, SINR:1.46478e+00, BpsHz:9.29613e-02
Node 41, SINR:1.46478e+00, BpsHz:9.29613e-02
Node 43, SINR:1.46478e+00, BpsHz:9.29613e-02
Node 53, SINR:1.46478e+00, BpsHz:9.29613e-02
Node 90, SINR:1.46478e+00, BpsHz:9.29613e-02
Node 99, SINR:1.46478e+00, BpsHz:9.29613e-02
Node 110, SINR:1.46478e+00, BpsHz:9.29613e-02
Node 125, SINR:1.46478e+00, BpsHz:9.29613e-02
Node 157, SINR:1.46478e+00, BpsHz:9.29613e-02
Node 162, SINR:0.00000e+00, BpsHz:0.00000e+00
Node 167, SINR:1.46478e+00, BpsHz:9.29613e-02
Node 114, SINR:1.46478e+00, BpsHz:9.29613e-02
Node 59, SINR:1.46478e+00, BpsHz:9.29613e-02
Node 144, SINR:1.46478e+00, BpsHz:9.29613e-02
Node 60, SINR:1.46478e+00, BpsHz:9.29613e-02
---------------
==========Cluster 18, RcvInterf=1.52816e-13============
Node 25, SINR:0.00000e+00, BpsHz:0.00000e+00
Node 192, SINR:3.80132e-01, BpsHz:9.29613e-02
Node 151, SINR:3.80132e-01, BpsHz:9.29613e-02
Node 193, SINR:3.80132e-01, BpsHz:9.29613e-02
Node 103, SINR:3.80132e-01, BpsHz:9.29613e-02
Node 153, SINR:3.80132e-01, BpsHz:9.29613e-02
---------------
==========Cluster 19, RcvInterf=2.34689e-15============
Node 15, SINR:2.94007e-01, BpsHz:9.29613e-02
Node 86, SINR:0.00000e+00, BpsHz:0.00000e+00
Node 132, SINR:2.94007e-01, BpsHz:9.29613e-02
Node 134, SINR:2.94007e-01, BpsHz:9.29613e-02
Node 136, SINR:2.94007e-01, BpsHz:9.29613e-02
---------------
==========Cluster 20, RcvInterf=1.36220e-13============
Node 5, SINR:1.46478e+00, BpsHz:9.29613e-02
Node 9, SINR:0.00000e+00, BpsHz:0.00000e+00
Node 26, SINR:1.46478e+00, BpsHz:9.29613e-02
Node 36, SINR:1.46478e+00, BpsHz:9.29613e-02
Node 37, SINR:1.46478e+00, BpsHz:9.29613e-02
Node 45, SINR:1.46478e+00, BpsHz:9.29613e-02
Node 46, SINR:1.46478e+00, BpsHz:9.29613e-02
Node 64, SINR:1.46478e+00, BpsHz:9.29613e-02
Node 71, SINR:1.46478e+00, BpsHz:9.29613e-02
Node 72, SINR:1.46478e+00, BpsHz:9.29613e-02
Node 83, SINR:1.46478e+00, BpsHz:9.29613e-02
Node 95, SINR:1.46478e+00, BpsHz:9.29613e-02
Node 108, SINR:1.46478e+00, BpsHz:9.29613e-02
Node 4, SINR:1.46478e+00, BpsHz:9.29613e-02
Node 131, SINR:1.46478e+00, BpsHz:9.29613e-02
---------------
