195
23
1.000000e-03
1.931016e-312
128
3000
1.467346e+01
5.155182e-01
1.467346e-05
2.116137e-07
0 0 0 0 0 0 0 0 0 0 0 0 0 0 0 1 0 0 0 0 0 0 0 0 0 0 0 0 0 0 0 0 0 0 0 0 0 0 0 0 0 0 0 0 0 0 0 0 0 0 0 0 0 0 0 0 0 0 0 0 0 0 0 0 0 0 0 0 0 0 0 0 0 0 0 0 0 0 0 0 0 0 0 0 0 0 1 0 0 0 0 0 0 0 0 0 0 0 0 0 0 0 0 0 0 0 0 0 0 0 0 0 0 0 0 0 0 0 0 0 0 0 0 0 0 0 0 0 0 0 0 0 1 0 0 0 1 0 0 0 0 0 0 0 0 0 0 0 0 0 0 0 0 0 0 0 0 0 0 0 0 0 0 0 0 0 0 0 0 0 0 0 0 0 0 0 0 0 0 0 0 0 0 0 0 0 0 0 0 0 0 0 0 0 0 
0 1 0 0 0 0 0 0 0 0 0 0 0 0 0 0 0 0 0 0 0 0 0 0 0 0 0 0 0 0 0 0 0 0 0 0 0 0 0 1 0 0 0 0 0 0 0 0 0 0 0 0 0 0 0 0 0 0 0 0 0 0 0 0 0 0 0 0 0 0 0 0 0 0 0 0 0 0 0 0 0 0 0 0 0 0 0 0 0 0 0 0 0 0 0 0 0 0 0 0 0 0 0 0 0 0 0 0 0 0 0 0 0 0 0 0 0 0 0 0 0 0 0 0 1 0 0 0 0 0 0 0 0 0 0 0 0 0 0 0 0 0 0 0 0 0 0 0 0 0 0 0 0 0 0 0 0 0 0 0 0 0 0 0 0 0 0 0 0 0 0 0 0 0 0 0 0 0 0 0 0 0 0 0 0 0 0 0 0 0 0 0 0 0 0 
0 0 0 0 0 0 0 0 0 0 0 0 0 0 0 0 1 0 0 0 1 0 0 0 0 0 0 0 0 1 0 0 0 0 0 0 0 0 0 0 1 0 0 0 0 0 0 0 0 0 0 0 0 0 0 0 0 0 0 0 0 0 0 0 0 0 0 0 0 0 0 0 0 0 0 1 0 0 0 0 0 1 0 0 0 0 0 0 1 0 0 0 0 0 0 0 0 0 0 0 0 0 0 0 0 0 0 0 0 0 0 0 0 0 0 0 0 0 0 0 0 0 0 0 0 0 0 0 0 0 0 0 0 0 0 0 0 0 0 1 0 0 0 0 0 0 0 0 0 0 0 0 0 0 0 0 0 0 1 0 0 0 0 0 0 0 0 0 0 0 0 0 0 0 0 0 0 0 0 0 0 0 0 0 0 0 0 0 0 0 0 0 0 0 0 
0 0 0 0 0 0 0 0 0 0 0 0 1 0 0 0 0 0 0 0 0 0 0 0 1 0 0 0 0 0 0 0 0 0 0 0 0 0 0 0 0 0 0 0 0 0 0 0 0 0 0 0 0 0 0 0 0 0 0 0 0 0 0 0 0 0 0 0 0 0 1 0 0 0 0 0 1 0 0 0 0 0 1 0 0 0 0 0 0 0 0 0 0 0 0 0 0 0 0 0 0 0 0 0 0 0 0 0 0 0 0 0 0 0 0 0 0 0 0 0 0 0 0 1 0 0 0 0 0 0 0 0 0 0 0 0 0 0 0 0 0 0 0 1 0 0 0 0 0 0 0 0 0 0 0 0 1 0 0 1 0 0 0 0 1 0 0 0 0 0 0 0 0 0 0 0 0 0 0 0 0 0 0 0 0 0 0 1 0 0 0 0 0 0 0 
0 0 1 0 0 0 0 0 0 0 0 0 0 0 0 0 0 0 0 0 0 0 0 0 0 0 0 0 0 0 0 0 0 0 0 0 0 0 0 0 0 0 1 0 0 0 0 0 0 0 0 0 0 0 0 0 0 0 0 0 0 1 0 0 0 0 0 0 0 0 0 0 0 0 0 0 0 0 0 0 0 0 0 0 0 0 0 0 0 0 0 0 0 0 0 0 0 0 0 0 0 0 0 0 0 0 0 0 0 0 0 0 0 0 0 0 0 0 0 0 0 0 0 0 0 0 0 0 0 0 0 0 0 0 0 0 0 0 0 0 0 0 0 0 0 0 0 0 0 0 0 0 0 0 0 0 0 0 0 0 0 0 0 0 0 0 0 0 0 0 0 0 0 1 0 0 0 0 0 0 0 0 0 0 0 0 0 0 0 0 1 0 0 0 0 
0 0 0 0 0 0 0 0 0 0 0 0 0 0 0 0 0 0 0 0 0 0 0 0 0 0 0 0 0 0 0 1 0 0 0 0 0 0 0 0 0 1 0 0 0 0 0 0 0 0 0 0 0 0 0 0 0 0 0 0 0 0 0 0 0 0 0 0 0 0 0 0 0 0 0 0 0 0 0 0 0 0 0 0 0 0 0 0 0 0 1 0 0 0 0 0 0 0 0 0 0 0 0 0 0 0 0 0 0 0 0 0 0 0 0 0 0 1 0 0 0 0 0 0 0 1 0 0 0 0 0 0 0 0 0 0 0 0 0 0 0 0 1 0 1 0 0 0 1 0 0 0 0 0 0 0 0 1 0 0 0 0 1 0 0 0 0 0 0 0 0 0 0 0 0 0 0 0 0 0 0 0 0 0 0 0 0 0 0 0 0 0 0 0 0 
0 0 0 0 0 0 0 0 0 0 0 0 0 0 1 0 0 0 0 0 0 0 0 1 0 0 0 0 0 0 0 0 0 0 0 1 0 0 0 0 0 0 0 0 1 0 0 0 0 0 0 0 0 0 0 0 0 0 0 0 0 0 0 0 0 0 0 0 0 0 0 0 0 0 0 0 0 0 0 0 0 0 0 0 0 0 0 0 0 0 0 0 0 0 0 0 0 0 0 0 0 0 0 0 0 0 0 0 0 0 0 0 0 1 0 0 1 0 0 0 0 0 0 0 0 0 0 0 0 0 0 0 0 0 0 0 0 0 0 0 0 0 0 0 0 0 0 0 0 0 0 0 0 0 0 0 0 0 0 0 0 0 0 0 0 0 1 0 0 1 1 0 1 0 0 0 0 0 0 0 0 0 0 0 0 0 0 0 0 0 0 0 0 0 0 
0 0 0 0 0 0 0 0 0 0 0 0 0 0 0 0 0 0 0 0 0 0 0 0 0 0 0 0 0 0 0 0 0 0 0 0 0 1 0 0 0 0 0 0 0 1 0 0 0 0 0 0 0 0 0 0 0 0 0 0 1 0 0 0 1 0 0 0 0 0 0 0 1 0 0 0 0 0 0 0 0 0 0 0 0 0 0 0 0 0 0 0 0 0 0 0 0 0 0 0 0 0 0 0 0 0 0 0 1 0 0 0 0 0 0 0 0 0 0 0 0 0 0 0 0 0 0 0 0 0 0 1 0 0 0 0 0 0 0 0 0 0 0 0 0 0 0 0 0 0 0 0 0 0 0 0 0 0 0 0 0 0 0 0 0 0 0 0 0 0 0 0 0 0 0 0 0 0 0 0 0 0 0 0 0 0 0 0 0 0 0 0 0 0 0 
0 0 0 0 1 1 0 1 0 0 0 0 0 0 0 0 0 1 0 0 0 0 0 0 0 0 1 0 0 0 0 0 0 0 0 0 0 0 0 0 0 0 0 0 0 0 1 0 0 0 0 0 0 0 0 0 0 0 0 0 0 0 0 0 0 0 0 0 0 1 0 1 0 0 0 0 0 0 0 1 0 0 0 1 0 0 0 1 0 0 0 0 0 0 0 1 0 0 0 0 0 0 0 0 0 0 0 0 0 0 0 0 0 0 0 0 0 0 0 0 0 0 0 0 0 0 0 0 1 0 0 0 0 0 0 0 0 0 0 0 0 0 0 0 0 0 0 0 0 0 0 0 0 0 0 0 0 0 0 0 0 0 0 0 0 0 0 0 0 0 0 0 0 0 0 0 0 0 0 0 0 0 0 0 0 0 0 0 0 0 0 0 0 0 0 
0 0 0 0 0 0 0 0 0 0 0 0 0 0 0 0 0 0 0 0 0 0 0 0 0 0 0 0 0 0 0 0 0 0 0 0 0 0 0 0 0 0 0 0 0 0 0 1 0 0 0 0 0 0 0 0 0 0 0 0 0 0 0 0 0 0 0 1 0 0 0 0 0 0 0 0 0 0 0 0 1 0 0 0 0 0 0 0 0 0 0 0 0 0 0 0 0 0 1 0 0 0 0 0 0 0 0 0 0 0 0 0 0 0 0 0 0 0 0 0 1 0 0 0 0 0 0 0 0 0 0 0 0 0 0 0 0 0 0 0 0 1 0 0 0 0 0 0 0 0 0 0 0 0 0 1 0 0 0 0 0 0 0 0 0 0 0 0 0 0 0 1 0 0 0 1 0 0 0 0 0 0 0 0 0 1 0 0 0 0 0 0 0 0 0 
0 0 0 0 0 0 0 0 0 0 0 0 0 0 0 0 0 0 0 0 0 0 0 0 0 0 0 0 0 0 0 0 0 0 0 0 0 0 0 0 0 0 0 0 0 0 0 0 1 0 0 0 0 0 0 0 0 0 0 0 0 0 0 0 0 0 0 0 0 0 0 0 0 0 0 0 0 0 1 0 0 0 0 0 0 0 0 0 0 0 0 0 0 0 1 0 0 0 0 0 0 0 0 0 0 0 0 0 0 0 0 0 1 0 0 0 0 0 0 0 0 0 0 0 0 0 0 0 0 0 0 0 0 0 0 0 0 0 0 0 0 0 0 0 0 0 0 0 0 0 0 0 0 0 0 0 0 0 0 0 0 0 0 1 0 0 0 0 0 0 0 0 0 0 0 0 0 0 0 0 0 0 0 0 0 0 0 0 0 0 0 0 0 0 0 
0 0 0 0 0 0 0 0 0 0 0 0 0 0 0 0 0 0 0 0 0 0 0 0 0 0 0 0 0 0 0 0 0 0 0 0 0 0 0 0 0 0 0 0 0 0 0 0 0 0 0 0 0 0 0 0 0 0 0 0 0 0 0 0 0 0 0 0 0 0 0 0 0 0 0 0 0 0 0 0 0 0 0 0 0 0 0 0 0 0 0 0 0 0 0 0 0 0 0 0 0 0 0 0 0 0 0 0 0 0 0 0 0 0 0 0 0 0 0 0 0 0 1 0 0 0 0 0 0 0 1 0 0 0 0 0 0 0 0 0 0 0 0 0 0 0 1 0 0 1 0 0 0 0 0 0 0 0 0 0 0 0 0 0 0 0 0 0 0 0 0 0 0 0 0 0 0 1 1 0 0 0 0 0 0 0 0 0 0 0 0 0 0 0 0 
0 0 0 0 0 0 1 0 0 0 0 1 0 0 0 0 0 0 0 0 0 0 1 0 0 0 0 0 1 0 0 0 0 0 0 0 0 0 0 0 0 0 0 0 0 0 0 0 0 0 0 0 0 0 0 0 0 0 0 0 0 0 0 0 0 0 0 0 0 0 0 0 0 0 0 0 0 0 0 0 0 0 0 0 0 0 0 0 0 0 0 0 0 0 0 0 0 0 0 0 0 0 0 0 0 0 0 0 0 0 0 0 0 0 0 0 0 0 1 0 0 1 0 0 0 0 0 0 0 0 0 0 0 0 0 0 0 0 0 0 0 0 0 0 0 0 0 1 0 0 1 0 0 0 0 0 0 0 0 0 0 0 0 0 0 0 0 0 0 0 0 0 0 0 0 0 1 0 0 0 0 0 0 1 0 0 1 0 0 0 0 0 0 0 0 
0 0 0 0 0 0 0 0 0 0 0 0 0 0 0 0 0 0 0 0 0 0 0 0 0 0 0 0 0 0 0 0 0 1 0 0 0 0 0 0 0 0 0 0 0 0 0 0 0 0 0 1 0 0 0 0 0 0 0 0 0 0 0 0 0 0 0 0 1 0 0 0 0 0 0 0 0 0 0 0 0 0 0 0 0 0 0 0 0 0 0 0 0 0 0 0 0 0 0 0 0 0 0 0 0 0 0 0 0 1 0 0 0 0 0 0 0 0 0 0 0 0 0 0 0 0 0 0 0 0 0 0 0 0 0 0 0 0 0 0 0 0 0 0 0 0 0 0 0 0 0 0 0 0 0 0 0 0 0 0 0 0 0 0 0 1 0 0 0 0 0 0 0 0 0 0 0 0 0 1 0 0 0 0 0 0 0 0 0 1 0 0 0 0 0 
0 0 0 0 0 0 0 0 0 0 0 0 0 0 0 0 0 0 0 0 0 0 0 0 0 0 0 0 0 0 0 0 0 0 0 0 0 0 0 0 0 0 0 0 0 0 0 0 0 0 0 0 0 0 0 0 0 0 0 0 0 0 0 0 0 0 0 0 0 0 0 0 0 0 1 0 0 0 0 0 0 0 0 0 0 0 0 0 0 0 0 0 0 0 0 0 0 0 0 0 0 0 0 0 0 0 0 1 0 0 0 1 0 0 0 0 0 0 0 0 0 0 0 0 0 0 1 0 0 0 0 0 0 0 0 0 0 0 0 0 0 0 0 0 0 0 0 0 0 0 0 0 0 0 0 0 0 0 0 0 0 0 0 0 0 0 0 0 0 0 0 0 0 0 0 0 0 0 0 0 0 0 0 0 0 0 0 0 0 0 0 0 0 0 0 
0 0 0 0 0 0 0 0 0 0 0 0 0 0 0 0 0 0 0 0 0 0 0 0 0 0 0 0 0 0 0 0 0 0 0 0 0 0 0 0 0 0 0 0 0 0 0 0 0 0 0 0 0 0 0 0 0 0 0 0 0 0 0 0 0 0 0 0 0 0 0 0 0 0 0 0 0 0 0 0 0 0 0 0 0 0 0 0 0 0 0 0 0 0 0 0 0 0 0 1 0 0 0 0 0 0 0 0 0 0 0 0 0 0 0 0 0 0 0 0 0 0 0 0 0 0 0 0 0 0 0 0 0 0 0 0 0 0 0 0 0 0 0 0 0 0 0 0 0 0 0 0 0 0 0 0 0 0 0 0 0 0 0 0 0 0 0 0 0 0 0 0 0 0 0 0 0 0 0 0 0 0 0 0 0 0 0 0 0 0 0 0 0 0 0 
0 0 0 0 0 0 0 0 0 0 0 0 0 1 0 0 0 0 0 1 0 0 0 0 0 0 0 0 0 0 0 0 0 0 0 0 0 0 0 0 0 0 0 0 0 0 0 0 0 0 0 0 0 0 1 0 0 0 0 0 0 0 0 0 0 1 0 0 0 0 0 0 0 0 0 0 0 0 0 0 0 0 0 0 0 0 0 0 0 0 0 0 0 0 0 0 0 0 0 0 0 0 1 0 0 0 0 0 0 0 0 0 0 0 0 0 0 0 0 0 0 0 0 0 0 0 0 0 0 0 0 0 0 0 0 0 0 0 0 0 0 0 0 0 0 0 0 0 0 0 0 0 0 0 0 0 0 0 0 0 0 1 0 0 0 0 0 0 0 0 0 0 0 0 0 0 0 0 0 0 0 0 1 0 0 0 0 0 0 0 0 0 0 0 0 
0 0 0 0 0 0 0 0 0 0 0 0 0 0 0 0 0 0 0 0 0 0 0 0 0 0 0 0 0 0 1 0 0 0 0 0 0 0 0 0 0 0 0 0 0 0 0 0 0 0 0 0 0 0 0 0 0 0 0 0 0 0 0 0 0 0 0 0 0 0 0 0 0 0 0 0 0 0 0 0 0 0 0 0 0 0 0 0 0 0 0 0 0 0 0 0 0 1 0 0 0 0 0 1 0 0 0 0 0 0 0 0 0 0 0 0 0 0 0 0 0 0 0 0 0 0 0 0 0 0 0 0 0 0 0 0 0 0 0 0 0 0 0 0 0 0 0 0 0 0 0 1 0 1 0 0 0 0 0 0 0 0 0 0 0 0 0 0 0 0 0 0 0 0 0 0 0 0 0 0 0 0 0 0 0 0 0 0 0 0 0 0 0 0 0 
0 0 0 1 0 0 0 0 0 0 0 0 0 0 0 0 0 0 0 0 0 0 0 0 0 0 0 0 0 0 0 0 0 0 0 0 0 0 0 0 0 0 0 0 0 0 0 0 0 0 0 0 0 0 0 0 1 0 0 0 0 0 1 0 0 0 0 0 0 0 0 0 0 1 0 0 0 0 0 0 0 0 0 0 0 0 0 0 0 0 0 1 0 0 0 0 1 0 0 0 0 0 0 0 0 0 0 0 0 0 0 0 0 0 0 1 0 0 0 0 0 0 0 0 0 0 0 0 0 0 0 0 0 0 0 1 0 0 1 0 0 0 0 0 0 1 0 0 0 0 0 0 1 0 0 0 0 0 0 0 0 0 0 0 0 0 0 0 0 0 0 0 0 0 0 0 0 0 0 0 1 0 0 0 0 0 0 0 0 0 0 0 0 0 0 
0 0 0 0 0 0 0 0 1 0 0 0 0 0 0 0 0 0 0 0 0 0 0 0 0 0 0 0 0 0 0 0 0 0 0 0 0 0 0 0 0 0 0 0 0 0 0 0 0 0 0 0 0 0 0 1 0 1 0 0 0 0 0 0 0 0 0 0 0 0 0 0 0 0 0 0 0 0 0 0 0 0 0 0 1 0 0 0 0 0 0 0 0 0 0 0 0 0 0 0 0 0 0 0 0 0 0 0 0 0 0 0 0 0 0 0 0 0 0 0 0 0 0 0 0 0 0 0 0 0 0 0 0 0 0 0 0 0 0 0 0 0 0 0 0 0 0 0 0 0 0 0 0 0 0 0 0 0 0 0 0 0 0 0 0 0 0 0 0 0 0 0 0 0 0 0 0 0 0 0 0 0 0 0 0 0 0 0 0 0 0 0 0 0 0 
0 0 0 0 0 0 0 0 0 0 0 0 0 0 0 0 0 0 0 0 0 0 0 0 0 0 0 0 0 0 0 0 0 0 0 0 0 0 1 0 0 0 0 0 0 0 0 0 0 0 0 0 0 0 0 0 0 0 1 0 0 0 0 0 0 0 0 0 0 0 0 0 0 0 0 0 0 0 0 0 0 0 0 0 0 0 0 0 0 0 0 0 0 0 0 0 0 0 0 0 0 0 0 0 0 0 0 0 0 0 0 0 0 0 0 0 0 0 0 0 0 0 0 0 0 0 0 0 0 0 0 0 0 0 1 0 0 0 0 0 0 0 0 0 0 0 0 0 0 0 0 0 0 0 0 0 0 0 0 0 0 0 0 0 0 0 0 0 0 0 0 0 0 0 0 0 0 0 0 0 0 0 0 0 0 0 0 0 0 0 0 0 0 0 0 
0 0 0 0 0 0 0 0 0 0 0 0 0 0 0 0 0 0 0 0 0 0 0 0 0 0 0 0 0 0 0 0 0 0 0 0 0 0 0 0 0 0 0 0 0 0 0 0 0 0 0 0 0 0 0 0 0 0 0 0 0 0 0 0 0 0 0 0 0 0 0 0 0 0 0 0 0 0 0 0 0 0 0 0 0 0 0 0 0 1 0 0 0 0 0 0 0 0 0 0 0 0 0 0 0 0 0 0 0 0 0 0 0 0 0 0 0 0 0 0 0 0 0 0 0 0 0 0 0 0 0 0 0 0 0 0 0 0 0 0 0 0 0 0 0 0 0 0 0 0 0 0 0 0 0 0 0 0 0 0 0 0 0 0 0 0 0 0 0 0 0 0 0 0 0 0 0 0 0 0 0 0 0 0 0 0 0 0 0 0 0 0 0 1 0 
1 0 0 0 0 0 0 0 0 0 0 0 0 0 0 0 0 0 0 0 0 0 0 0 0 0 0 0 0 0 0 0 0 0 0 0 0 0 0 0 0 0 0 0 0 0 0 0 0 0 0 0 0 0 0 0 0 0 0 0 0 0 0 0 0 0 0 0 0 0 0 0 0 0 0 0 0 0 0 0 0 0 0 0 0 0 0 0 0 0 0 0 0 0 0 0 0 0 0 0 0 0 0 0 0 0 0 0 0 0 0 0 0 0 0 0 0 0 0 0 0 0 0 0 0 0 0 0 0 0 0 0 0 0 0 0 0 0 0 0 0 0 0 0 0 0 0 0 0 0 0 0 0 0 0 0 0 0 0 0 0 0 0 0 0 0 0 1 0 0 0 0 0 0 0 0 0 0 0 0 0 0 0 0 0 0 0 0 0 0 0 0 0 0 0 
87 2 41 25 174 91 114 65 72 156 95 179 148 69 75 100 14 31 153 9 135 90 1 
0.000000E+00 0.000000E+00 4.273839E-06 1.758024E-05 1.068007E-05 1.599058E-05 2.430931E-05 4.242488E-08 0.000000E+00 0.000000E+00 0.000000E+00 3.652601E-06 1.563179E-04 0.000000E+00 8.028907E-07 2.346910E-08 6.919701E-07 3.475230E-06 0.000000E+00 2.879652E-06 1.128751E-06 0.000000E+00 4.071340E-05 3.875666E-07 0.000000E+00 0.000000E+00 1.333652E-05 0.000000E+00 1.043241E-05 6.056804E-05 0.000000E+00 4.991836E-06 0.000000E+00 1.296244E-07 0.000000E+00 2.613566E-06 0.000000E+00 2.171368E-06 1.956623E-07 1.781292E-06 0.000000E+00 6.840025E-06 1.741716E-07 0.000000E+00 7.632972E-06 3.938037E-07 4.693266E-06 3.274390E-07 3.093309E-08 0.000000E+00 0.000000E+00 1.905163E-08 0.000000E+00 0.000000E+00 1.055778E-04 6.145977E-08 1.978192E-04 8.229580E-07 4.498276E-09 0.000000E+00 1.014945E-05 1.167740E-06 9.575751E-05 0.000000E+00 0.000000E+00 1.035181E-05 0.000000E+00 2.345647E-07 0.000000E+00 3.919098E-05 8.973753E-06 0.000000E+00 9.418083E-08 2.152714E-05 0.000000E+00 7.536253E-07 1.060427E-05 0.000000E+00 1.841033E-06 9.992359E-04 2.828440E-05 1.766545E-04 2.871348E-06 3.452775E-05 2.671239E-07 0.000000E+00 0.000000E+00 9.462042E-05 8.302220E-05 0.000000E+00 0.000000E+00 1.941280E-04 0.000000E+00 0.000000E+00 0.000000E+00 4.661164E-06 4.052515E-05 1.874385E-09 4.273146E-06 0.000000E+00 0.000000E+00 0.000000E+00 5.176095E-06 4.929299E-06 0.000000E+00 0.000000E+00 0.000000E+00 1.182488E-06 2.776260E-06 8.293976E-08 0.000000E+00 3.633153E-07 7.220377E-07 0.000000E+00 0.000000E+00 8.440005E-07 2.084687E-06 9.819731E-05 7.640843E-06 0.000000E+00 1.257044E-06 2.754578E-06 8.399909E-07 2.662601E-05 4.469611E-07 5.396962E-07 8.735305E-07 0.000000E+00 1.425720E-05 0.000000E+00 3.815990E-08 3.841009E-06 3.482987E-06 0.000000E+00 0.000000E+00 5.686883E-05 1.523178E-07 0.000000E+00 1.316180E-05 1.215451E-04 0.000000E+00 1.460916E-06 4.145393E-05 1.344200E-05 3.468343E-06 4.996382E-05 7.137290E-07 0.000000E+00 4.502120E-06 4.715682E-07 2.673216E-05 5.074878E-06 0.000000E+00 2.132976E-07 0.000000E+00 0.000000E+00 9.473375E-05 6.058619E-05 9.473274E-05 8.710545E-05 0.000000E+00 7.330412E-05 2.418467E-05 2.299393E-06 1.740157E-05 1.401060E-06 3.402170E-06 3.887470E-08 0.000000E+00 4.128203E-05 3.506424E-08 1.019692E-05 1.147065E-06 0.000000E+00 0.000000E+00 8.864302E-07 3.870710E-05 5.400930E-07 0.000000E+00 2.953255E-06 1.275971E-07 0.000000E+00 5.920161E-05 1.391707E-04 0.000000E+00 1.442078E-05 3.042099E-05 6.515152E-05 0.000000E+00 3.736149E-07 1.788684E-07 0.000000E+00 0.000000E+00 2.466285E-08 0.000000E+00 
16 87 133 137 
2 125 40 
17 21 41 76 30 159 140 82 89 
25 71 77 83 124 144 157 160 165 13 188 
174 3 43 62 191 
32 42 91 118 126 145 149 158 163 143 
15 24 114 117 171 173 45 167 36 170 
46 65 73 132 109 38 61 
5 6 8 18 27 47 70 72 84 96 129 88 80 
48 68 121 142 156 176 186 99 172 81 
95 49 164 79 113 
131 178 179 123 150 147 
7 12 119 122 148 151 177 187 29 23 184 
34 52 69 110 166 190 180 
75 127 112 108 
100 
14 20 66 103 55 162 183 
31 98 154 152 104 
63 74 97 116 139 153 181 4 146 57 136 92 
9 56 85 58 
135 59 39 
90 194 
1 168 

============Find Best @ Round 1309================
==========Cluster 0, RcvInterf=3.77411e-15============
Node 15, SINR:2.52509e-01, BpsHz:1.08274e-01
Node 86, SINR:0.00000e+00, BpsHz:0.00000e+00
Node 132, SINR:2.52509e-01, BpsHz:1.08274e-01
Node 136, SINR:2.52509e-01, BpsHz:1.08274e-01
---------------
==========Cluster 1, RcvInterf=4.44676e-14============
Node 1, SINR:0.00000e+00, BpsHz:0.00000e+00
Node 124, SINR:1.61950e-01, BpsHz:1.08274e-01
Node 39, SINR:1.61950e-01, BpsHz:1.08274e-01
---------------
==========Cluster 2, RcvInterf=1.32442e-13============
Node 16, SINR:8.22842e-01, BpsHz:1.08274e-01
Node 20, SINR:8.22843e-01, BpsHz:1.08274e-01
Node 40, SINR:0.00000e+00, BpsHz:0.00000e+00
Node 75, SINR:8.22842e-01, BpsHz:1.08274e-01
Node 29, SINR:8.22842e-01, BpsHz:1.08274e-01
Node 158, SINR:8.22842e-01, BpsHz:1.08274e-01
Node 139, SINR:8.22842e-01, BpsHz:1.08274e-01
Node 81, SINR:8.22842e-01, BpsHz:1.08274e-01
Node 88, SINR:8.22842e-01, BpsHz:1.08274e-01
---------------
==========Cluster 3, RcvInterf=6.20549e-14============
Node 24, SINR:0.00000e+00, BpsHz:0.00000e+00
Node 70, SINR:1.11805e+00, BpsHz:1.08274e-01
Node 76, SINR:1.11805e+00, BpsHz:1.08274e-01
Node 82, SINR:1.11805e+00, BpsHz:1.08274e-01
Node 123, SINR:1.11805e+00, BpsHz:1.08274e-01
Node 143, SINR:1.11805e+00, BpsHz:1.08274e-01
Node 156, SINR:1.11805e+00, BpsHz:1.08274e-01
Node 159, SINR:1.11805e+00, BpsHz:1.08274e-01
Node 164, SINR:1.11805e+00, BpsHz:1.08274e-01
Node 12, SINR:1.11805e+00, BpsHz:1.08274e-01
Node 187, SINR:1.11805e+00, BpsHz:1.08274e-01
---------------
==========Cluster 4, RcvInterf=6.89979e-14============
Node 173, SINR:0.00000e+00, BpsHz:0.00000e+00
Node 2, SINR:3.50127e-01, BpsHz:1.08274e-01
Node 42, SINR:3.50127e-01, BpsHz:1.08274e-01
Node 61, SINR:3.50127e-01, BpsHz:1.08274e-01
Node 190, SINR:3.50127e-01, BpsHz:1.08274e-01
---------------
==========Cluster 5, RcvInterf=3.77554e-14============
Node 31, SINR:9.64911e-01, BpsHz:1.08274e-01
Node 41, SINR:9.64910e-01, BpsHz:1.08274e-01
Node 90, SINR:0.00000e+00, BpsHz:0.00000e+00
Node 117, SINR:9.64910e-01, BpsHz:1.08274e-01
Node 125, SINR:9.64911e-01, BpsHz:1.08274e-01
Node 144, SINR:9.64911e-01, BpsHz:1.08274e-01
Node 148, SINR:9.64910e-01, BpsHz:1.08274e-01
Node 157, SINR:9.64911e-01, BpsHz:1.08274e-01
Node 162, SINR:9.64911e-01, BpsHz:1.08274e-01
Node 142, SINR:9.64910e-01, BpsHz:1.08274e-01
---------------
==========Cluster 6, RcvInterf=4.14184e-15============
Node 14, SINR:9.64911e-01, BpsHz:1.08274e-01
Node 23, SINR:9.64911e-01, BpsHz:1.08274e-01
Node 113, SINR:0.00000e+00, BpsHz:0.00000e+00
Node 116, SINR:9.64910e-01, BpsHz:1.08274e-01
Node 170, SINR:9.64911e-01, BpsHz:1.08274e-01
Node 172, SINR:9.64911e-01, BpsHz:1.08274e-01
Node 44, SINR:9.64911e-01, BpsHz:1.08274e-01
Node 166, SINR:9.64910e-01, BpsHz:1.08274e-01
Node 35, SINR:9.64910e-01, BpsHz:1.08274e-01
Node 169, SINR:9.64910e-01, BpsHz:1.08274e-01
---------------
==========Cluster 7, RcvInterf=2.86807e-14============
Node 45, SINR:5.68779e-01, BpsHz:1.08274e-01
Node 64, SINR:0.00000e+00, BpsHz:0.00000e+00
Node 72, SINR:5.68779e-01, BpsHz:1.08274e-01
Node 131, SINR:5.68779e-01, BpsHz:1.08274e-01
Node 108, SINR:5.68779e-01, BpsHz:1.08274e-01
Node 37, SINR:5.68779e-01, BpsHz:1.08274e-01
Node 60, SINR:5.68779e-01, BpsHz:1.08274e-01
---------------
==========Cluster 8, RcvInterf=8.24652e-14============
Node 4, SINR:1.46107e+00, BpsHz:1.08274e-01
Node 5, SINR:1.46107e+00, BpsHz:1.08274e-01
Node 7, SINR:1.46107e+00, BpsHz:1.08274e-01
Node 17, SINR:1.46107e+00, BpsHz:1.08274e-01
Node 26, SINR:1.46107e+00, BpsHz:1.08274e-01
Node 46, SINR:1.46107e+00, BpsHz:1.08274e-01
Node 69, SINR:1.46107e+00, BpsHz:1.08274e-01
Node 71, SINR:0.00000e+00, BpsHz:0.00000e+00
Node 83, SINR:1.46107e+00, BpsHz:1.08274e-01
Node 95, SINR:1.46107e+00, BpsHz:1.08274e-01
Node 128, SINR:1.46107e+00, BpsHz:1.08274e-01
Node 87, SINR:1.46107e+00, BpsHz:1.08274e-01
Node 79, SINR:1.46107e+00, BpsHz:1.08274e-01
---------------
==========Cluster 9, RcvInterf=1.93410e-14============
Node 47, SINR:9.64910e-01, BpsHz:1.08274e-01
Node 67, SINR:9.64911e-01, BpsHz:1.08274e-01
Node 120, SINR:9.64910e-01, BpsHz:1.08274e-01
Node 141, SINR:9.64911e-01, BpsHz:1.08274e-01
Node 155, SINR:0.00000e+00, BpsHz:0.00000e+00
Node 175, SINR:9.64911e-01, BpsHz:1.08274e-01
Node 185, SINR:9.64911e-01, BpsHz:1.08274e-01
Node 98, SINR:9.64910e-01, BpsHz:1.08274e-01
Node 171, SINR:9.64911e-01, BpsHz:1.08274e-01
Node 80, SINR:9.64910e-01, BpsHz:1.08274e-01
---------------
==========Cluster 10, RcvInterf=1.14720e-14============
Node 94, SINR:0.00000e+00, BpsHz:0.00000e+00
Node 48, SINR:3.50127e-01, BpsHz:1.08274e-01
Node 163, SINR:3.50127e-01, BpsHz:1.08274e-01
Node 78, SINR:3.50127e-01, BpsHz:1.08274e-01
Node 112, SINR:3.50127e-01, BpsHz:1.08274e-01
---------------
==========Cluster 11, RcvInterf=3.98970e-15============
Node 130, SINR:4.55353e-01, BpsHz:1.08274e-01
Node 177, SINR:4.55353e-01, BpsHz:1.08274e-01
Node 178, SINR:0.00000e+00, BpsHz:0.00000e+00
Node 122, SINR:4.55353e-01, BpsHz:1.08274e-01
Node 149, SINR:4.55353e-01, BpsHz:1.08274e-01
Node 146, SINR:4.55353e-01, BpsHz:1.08274e-01
---------------
==========Cluster 12, RcvInterf=3.26759e-14============
Node 6, SINR:1.11805e+00, BpsHz:1.08274e-01
Node 11, SINR:1.11805e+00, BpsHz:1.08274e-01
Node 118, SINR:1.11805e+00, BpsHz:1.08274e-01
Node 121, SINR:1.11805e+00, BpsHz:1.08274e-01
Node 147, SINR:0.00000e+00, BpsHz:0.00000e+00
Node 150, SINR:1.11805e+00, BpsHz:1.08274e-01
Node 176, SINR:1.11805e+00, BpsHz:1.08274e-01
Node 186, SINR:1.11805e+00, BpsHz:1.08274e-01
Node 28, SINR:1.11805e+00, BpsHz:1.08274e-01
Node 22, SINR:1.11805e+00, BpsHz:1.08274e-01
Node 183, SINR:1.11805e+00, BpsHz:1.08274e-01
---------------
==========Cluster 13, RcvInterf=2.37519e-15============
Node 33, SINR:5.68779e-01, BpsHz:1.08274e-01
Node 51, SINR:5.68779e-01, BpsHz:1.08274e-01
Node 68, SINR:0.00000e+00, BpsHz:0.00000e+00
Node 109, SINR:5.68779e-01, BpsHz:1.08274e-01
Node 165, SINR:5.68779e-01, BpsHz:1.08274e-01
Node 189, SINR:5.68779e-01, BpsHz:1.08274e-01
Node 179, SINR:5.68779e-01, BpsHz:1.08274e-01
---------------
==========Cluster 14, RcvInterf=3.16758e-14============
Node 74, SINR:0.00000e+00, BpsHz:0.00000e+00
Node 126, SINR:2.52509e-01, BpsHz:1.08274e-01
Node 111, SINR:2.52509e-01, BpsHz:1.08274e-01
Node 107, SINR:2.52509e-01, BpsHz:1.08274e-01
---------------
==========Cluster 15, RcvInterf=2.30038e-14============
Node 99, SINR:0.00000e+00, BpsHz:-nan
---------------
==========Cluster 16, RcvInterf=2.59677e-13============
Node 13, SINR:0.00000e+00, BpsHz:0.00000e+00
Node 19, SINR:5.68779e-01, BpsHz:1.08274e-01
Node 65, SINR:5.68779e-01, BpsHz:1.08274e-01
Node 102, SINR:5.68779e-01, BpsHz:1.08274e-01
Node 54, SINR:5.68779e-01, BpsHz:1.08274e-01
Node 161, SINR:5.68779e-01, BpsHz:1.08274e-01
Node 182, SINR:5.68779e-01, BpsHz:1.08274e-01
---------------
==========Cluster 17, RcvInterf=3.04963e-14============
Node 30, SINR:0.00000e+00, BpsHz:0.00000e+00
Node 97, SINR:3.50127e-01, BpsHz:1.08274e-01
Node 153, SINR:3.50127e-01, BpsHz:1.08274e-01
Node 151, SINR:3.50127e-01, BpsHz:1.08274e-01
Node 103, SINR:3.50127e-01, BpsHz:1.08274e-01
---------------
==========Cluster 18, RcvInterf=1.36642e-13============
Node 62, SINR:1.28313e+00, BpsHz:1.08274e-01
Node 73, SINR:1.28313e+00, BpsHz:1.08274e-01
Node 96, SINR:1.28313e+00, BpsHz:1.08274e-01
Node 115, SINR:1.28313e+00, BpsHz:1.08274e-01
Node 138, SINR:1.28313e+00, BpsHz:1.08274e-01
Node 152, SINR:0.00000e+00, BpsHz:0.00000e+00
Node 180, SINR:1.28313e+00, BpsHz:1.08274e-01
Node 3, SINR:1.28313e+00, BpsHz:1.08274e-01
Node 145, SINR:1.28313e+00, BpsHz:1.08274e-01
Node 56, SINR:1.28313e+00, BpsHz:1.08274e-01
Node 135, SINR:1.28313e+00, BpsHz:1.08274e-01
Node 91, SINR:1.28313e+00, BpsHz:1.08274e-01
---------------
==========Cluster 19, RcvInterf=7.62419e-15============
Node 8, SINR:0.00000e+00, BpsHz:0.00000e+00
Node 55, SINR:2.52509e-01, BpsHz:1.08274e-01
Node 84, SINR:2.52509e-01, BpsHz:1.08274e-01
Node 57, SINR:2.52509e-01, BpsHz:1.08274e-01
---------------
==========Cluster 20, RcvInterf=5.41209e-15============
Node 134, SINR:0.00000e+00, BpsHz:0.00000e+00
Node 58, SINR:1.61950e-01, BpsHz:1.08274e-01
Node 38, SINR:1.61950e-01, BpsHz:1.08274e-01
---------------
==========Cluster 21, RcvInterf=4.06525e-14============
Node 89, SINR:0.00000e+00, BpsHz:0.00000e+00
Node 193, SINR:7.79376e-02, BpsHz:1.08274e-01
---------------
==========Cluster 22, RcvInterf=7.16835e-14============
Node 0, SINR:0.00000e+00, BpsHz:0.00000e+00
Node 167, SINR:7.79376e-02, BpsHz:1.08274e-01
---------------
