195
19
1.000000e-03
1.931016e-312
131
3000
1.411255e+01
4.511261e-01
1.411255e-05
6.524734e-07
0 0 0 0 0 0 0 0 0 0 0 0 0 0 0 0 0 0 0 0 0 0 0 0 0 0 0 0 0 0 0 0 0 0 0 0 0 0 0 0 0 0 0 0 0 0 0 0 0 0 0 0 0 0 0 0 0 0 0 0 0 0 1 0 0 0 0 0 0 0 0 0 0 0 0 0 0 0 0 0 0 0 0 0 0 0 0 0 0 0 0 0 0 0 0 0 1 0 0 0 0 0 0 0 0 0 0 0 0 0 0 0 0 0 0 0 0 0 0 0 0 0 0 0 0 0 0 0 0 0 0 0 0 0 0 0 0 0 1 0 0 0 0 0 0 0 0 0 0 0 0 0 0 0 0 0 0 0 0 0 0 0 0 0 0 0 0 0 0 0 0 0 0 0 0 0 0 0 0 0 0 0 0 0 0 0 0 0 0 0 0 0 0 0 0 
0 0 0 0 0 0 1 0 0 0 0 1 0 0 0 0 0 0 0 0 0 0 0 0 0 0 0 0 1 0 0 0 0 0 0 0 0 0 0 0 0 0 0 0 0 0 0 0 0 0 1 0 0 0 0 0 0 0 0 0 0 0 0 0 0 0 0 0 0 0 0 0 0 0 0 0 0 0 0 0 0 0 0 0 0 0 0 0 0 0 0 0 0 0 0 0 0 0 0 0 0 0 0 0 0 0 0 0 0 0 0 0 0 0 0 0 0 0 1 0 0 1 0 0 0 0 0 0 0 0 0 0 0 0 0 0 0 0 0 0 0 0 0 0 0 0 0 1 0 0 1 0 0 0 0 0 0 0 0 0 0 0 0 0 0 0 0 0 0 0 0 0 0 0 0 0 1 0 0 0 0 0 0 0 0 0 1 0 0 0 0 0 0 0 0 
0 0 1 1 0 0 0 0 0 0 0 0 0 0 0 0 0 0 0 0 0 0 0 0 0 0 0 0 0 0 0 0 0 0 0 0 0 0 0 0 0 0 0 0 0 0 0 0 0 0 0 0 0 0 0 0 0 0 0 0 0 0 0 0 0 0 0 0 0 0 0 0 0 0 0 0 0 0 0 0 0 0 0 0 0 0 0 0 0 0 0 0 0 0 0 0 0 0 0 0 0 0 0 0 0 0 0 0 0 0 0 0 0 0 0 0 0 0 0 1 0 0 0 0 0 0 0 0 0 0 0 0 0 0 0 1 0 0 0 1 0 0 0 0 0 1 0 0 0 0 0 0 0 0 0 0 0 0 0 0 0 0 0 0 0 0 0 0 0 0 0 0 0 0 1 0 0 0 0 0 0 1 0 0 0 0 0 0 0 0 0 0 0 0 0 
0 0 0 0 0 0 0 0 1 0 0 0 0 0 0 0 0 0 0 0 0 0 0 0 0 0 0 0 0 0 1 0 0 0 0 0 0 0 0 0 0 0 0 0 0 0 0 0 0 0 0 0 0 0 0 1 0 1 0 0 0 0 0 0 0 0 1 0 0 0 0 0 0 0 0 0 0 0 0 0 0 0 0 0 1 0 0 0 0 0 0 0 0 0 0 0 0 0 0 0 0 0 0 0 0 0 0 0 0 0 0 0 0 0 0 0 0 0 0 0 0 0 0 0 0 0 0 0 0 0 0 0 0 0 0 0 0 0 0 0 0 0 0 0 0 0 0 0 0 0 0 0 0 0 0 0 0 0 0 0 0 0 0 1 0 0 0 0 0 0 0 0 0 0 0 0 0 0 0 0 0 0 0 0 0 0 0 0 0 0 0 1 0 0 0 
0 0 0 0 0 0 0 0 0 0 1 0 0 0 0 0 0 0 0 0 0 0 0 0 0 1 0 0 0 0 0 0 0 0 0 0 0 0 0 0 0 0 0 0 0 0 0 0 0 0 0 0 0 0 0 0 0 0 0 0 0 0 0 0 0 0 0 0 0 0 0 0 0 0 0 0 0 0 0 0 0 0 0 0 0 0 0 0 0 1 0 0 0 0 0 0 0 0 0 0 0 1 0 1 0 0 0 0 0 0 0 0 0 0 0 0 0 0 0 0 0 0 0 0 0 0 0 0 0 0 0 0 0 0 0 0 0 0 0 0 0 0 0 0 0 0 0 0 0 0 0 1 0 0 0 0 0 0 0 0 0 0 0 0 0 0 0 0 0 0 0 0 0 0 0 0 0 0 0 0 0 0 0 0 0 0 0 0 0 0 0 0 0 1 0 
0 0 0 0 0 0 0 0 0 0 0 0 1 0 0 0 0 0 0 0 0 0 1 0 1 0 0 0 0 0 0 0 0 0 0 0 0 0 0 0 0 0 0 0 0 0 0 0 0 0 0 0 0 0 0 0 0 0 0 0 0 0 0 0 0 0 0 0 0 0 1 0 0 0 0 0 1 0 0 0 0 0 1 0 0 0 0 0 0 0 0 0 0 0 0 0 0 0 0 0 0 0 0 0 0 0 0 0 0 0 0 0 0 0 0 0 0 0 0 0 0 0 0 0 0 0 0 0 0 0 0 0 0 0 0 0 0 0 0 0 0 0 0 1 0 0 0 0 0 0 0 0 0 0 0 0 1 0 0 1 0 0 0 0 1 0 0 0 0 0 0 0 0 0 0 0 0 0 0 0 0 0 0 0 0 0 0 0 0 0 0 0 0 0 0 
0 0 0 0 0 0 0 0 0 0 0 0 0 0 0 0 0 0 1 0 0 0 0 0 0 0 0 0 0 0 0 0 0 1 0 0 0 0 0 0 0 0 0 0 0 0 0 0 0 0 0 1 0 0 0 0 0 0 0 0 0 0 0 0 0 0 0 0 1 0 0 0 0 0 0 0 0 0 0 0 0 0 0 0 0 0 0 0 0 0 0 0 0 0 0 0 0 0 0 0 0 0 0 0 0 0 0 0 0 1 0 0 0 0 0 0 0 0 0 0 0 0 0 0 0 0 0 0 0 1 1 0 0 0 0 0 0 0 0 0 0 0 0 0 0 0 0 0 0 1 0 0 0 0 0 0 0 0 0 0 0 0 0 0 0 1 0 0 0 0 0 0 0 0 0 0 0 1 0 1 0 0 0 0 0 0 0 0 0 1 0 0 0 0 0 
0 0 0 0 0 0 0 0 0 0 0 0 0 0 0 0 1 0 0 0 1 0 0 0 0 0 0 0 0 0 0 0 0 0 1 0 0 0 0 0 0 0 0 0 0 0 0 1 0 0 0 0 0 0 0 0 0 0 0 0 0 0 0 0 0 0 0 0 0 0 0 0 0 0 0 0 0 0 0 0 1 0 0 0 0 0 0 0 0 0 0 0 0 0 0 0 0 0 0 0 0 0 0 0 0 1 0 0 0 0 0 0 0 0 0 0 0 0 0 0 1 0 0 0 0 0 0 0 0 0 0 0 0 0 0 0 0 0 0 0 0 1 0 0 0 0 0 0 0 0 0 0 0 0 1 0 0 0 0 0 0 0 0 0 0 0 0 0 0 0 0 0 0 0 0 1 0 0 0 0 0 0 0 0 0 1 0 0 0 0 0 0 0 0 0 
0 0 0 0 0 0 0 0 0 0 0 0 0 0 0 0 0 0 0 0 0 0 0 0 0 0 0 0 0 0 0 0 0 0 0 1 0 0 0 0 0 0 0 0 0 0 0 0 0 0 0 0 0 0 0 0 0 0 0 0 0 0 0 0 0 0 0 0 0 0 0 0 0 0 0 0 0 0 0 0 0 0 0 0 0 0 0 0 0 0 0 0 0 0 0 0 0 0 0 0 0 0 0 0 0 0 0 0 0 0 0 0 0 0 0 0 0 0 0 0 0 0 0 0 0 0 0 0 0 0 0 0 0 0 0 0 0 0 0 0 0 0 0 0 0 0 0 0 0 0 0 0 0 0 0 0 0 0 0 0 0 0 0 0 0 0 0 0 0 0 0 0 0 0 0 0 0 0 0 0 0 0 0 0 0 0 0 0 0 0 0 0 0 0 0 
0 0 0 0 0 0 0 0 0 0 0 0 0 0 0 0 0 0 0 0 0 0 0 0 0 0 0 0 0 0 0 0 0 0 0 0 0 0 0 0 0 0 0 0 0 0 0 0 0 0 0 0 0 0 1 0 0 0 0 0 0 0 0 0 0 0 0 0 0 0 0 0 0 0 0 0 0 0 0 1 0 1 0 0 0 0 0 1 0 0 0 0 0 0 0 0 0 0 0 0 1 0 0 0 1 0 0 0 0 0 0 0 0 0 0 0 0 0 0 0 0 0 0 0 0 0 0 0 1 0 0 0 0 0 0 0 0 0 0 0 0 0 0 0 0 0 0 0 0 0 0 0 0 0 0 0 0 0 0 0 1 0 0 0 0 0 0 0 0 0 0 0 0 0 0 0 0 0 0 0 0 0 0 0 0 0 0 0 0 0 0 0 0 0 0 
0 0 0 0 1 1 0 0 0 1 0 0 0 0 0 0 0 0 0 0 0 0 0 0 0 0 1 0 0 0 0 0 0 0 0 0 0 0 0 0 0 0 0 0 0 0 1 0 0 0 0 0 0 0 0 0 0 0 0 0 0 0 0 0 0 0 0 0 0 0 0 1 0 0 0 0 0 0 0 0 0 0 0 0 0 0 0 0 0 0 0 0 0 0 0 0 0 0 0 0 0 0 0 0 0 0 0 0 0 0 0 0 0 0 0 0 0 0 0 0 0 0 0 0 0 0 0 0 0 0 0 0 0 0 0 0 0 0 0 0 0 0 0 0 0 0 0 0 0 0 0 0 0 0 0 0 0 0 0 0 0 0 0 0 0 0 0 0 1 0 0 0 0 0 0 0 0 0 0 0 0 0 0 0 0 0 0 0 0 0 0 0 0 0 0 
0 0 0 0 0 0 0 0 0 0 0 0 0 0 0 1 0 0 0 0 0 0 0 0 0 0 0 0 0 0 0 0 0 0 0 0 0 0 1 0 0 0 0 0 0 0 0 0 0 1 0 0 0 0 0 0 0 0 1 0 0 0 0 0 0 0 0 0 0 0 0 0 0 0 0 0 0 0 0 0 0 0 0 0 0 0 1 0 0 0 0 0 0 0 0 0 0 0 0 0 0 0 0 0 0 0 0 0 0 0 0 0 0 0 0 0 0 0 0 0 0 0 0 0 0 0 0 0 0 0 0 0 1 0 1 0 1 0 0 0 0 0 0 0 0 0 1 0 0 0 0 0 0 0 0 0 0 0 0 0 0 0 0 0 0 0 0 0 0 0 0 0 0 0 0 0 0 0 0 0 0 0 0 0 0 0 0 0 0 0 0 0 0 0 0 
0 1 0 0 0 0 0 0 0 0 0 0 0 0 0 0 0 0 0 0 0 1 0 0 0 0 0 0 0 0 0 0 0 0 0 0 0 0 0 1 0 0 0 0 0 0 0 0 0 0 0 0 0 0 0 0 0 0 0 0 0 0 0 0 0 0 0 0 0 0 0 0 0 0 0 0 0 0 1 0 0 0 0 0 0 0 0 0 0 0 0 0 0 0 0 0 0 0 0 0 0 0 0 0 0 0 0 0 0 0 0 0 1 0 0 0 0 0 0 0 0 0 0 0 1 0 0 0 0 0 0 0 0 0 0 0 0 0 0 0 0 0 0 0 0 0 0 0 0 0 0 0 0 0 0 0 0 0 0 0 0 0 0 0 0 0 0 0 0 0 0 0 0 0 0 0 0 0 0 0 0 0 0 0 0 0 0 0 1 0 0 0 0 0 0 
0 0 0 0 0 0 0 0 0 0 0 0 0 1 0 0 0 0 0 1 0 0 0 0 0 0 0 0 0 0 0 0 0 0 0 0 0 0 0 0 0 0 0 0 0 0 0 0 0 0 0 0 0 0 0 0 0 0 0 0 0 0 0 0 0 1 0 0 0 0 0 0 0 0 0 0 0 0 0 0 0 0 0 0 0 1 0 0 1 0 0 1 0 0 0 0 0 0 0 0 0 0 1 0 0 0 0 0 0 0 0 0 0 0 0 0 0 0 0 0 0 0 0 0 0 0 0 0 0 0 0 0 0 0 0 0 0 0 0 0 1 0 0 0 0 0 0 0 0 0 0 0 0 0 0 0 0 0 0 0 0 1 0 0 0 0 0 0 0 0 0 0 0 0 0 0 0 0 0 0 0 0 1 0 0 0 0 0 0 0 0 0 0 0 0 
0 0 0 0 0 0 0 0 0 0 0 0 0 0 0 0 0 0 0 0 0 0 0 0 0 0 0 0 0 0 0 1 0 0 0 0 0 0 0 0 0 1 0 0 0 0 0 0 0 0 0 0 0 0 0 0 0 0 0 0 0 0 0 0 0 0 0 0 0 0 0 0 0 0 0 0 0 0 0 0 0 0 0 0 0 0 0 0 0 0 0 0 0 0 0 0 0 0 0 0 0 0 0 0 0 0 0 0 0 0 0 0 0 0 0 0 0 1 0 0 0 0 0 0 0 0 0 0 0 0 0 0 0 1 0 0 0 0 0 0 0 0 1 0 0 0 0 0 0 0 0 0 0 0 0 0 0 1 0 0 0 0 0 0 0 0 0 0 0 0 0 0 0 0 0 0 0 0 0 0 0 0 0 0 0 0 0 0 0 0 0 0 0 0 0 
0 0 0 0 0 0 0 0 0 0 0 0 0 0 0 0 0 0 0 0 0 0 0 0 0 0 0 0 0 0 0 0 0 0 0 0 0 0 0 0 0 0 1 0 0 0 0 0 0 0 0 0 1 0 0 0 0 0 0 0 0 1 0 0 0 0 0 0 0 0 0 0 0 0 1 0 0 0 0 0 0 0 0 0 0 0 0 0 0 0 0 0 0 0 0 0 0 0 0 0 0 0 0 0 0 0 0 1 0 0 0 1 0 0 0 0 0 0 0 0 0 0 1 0 0 0 1 0 0 0 0 0 0 0 0 0 0 0 0 0 0 0 0 0 0 0 0 0 0 0 0 0 0 0 0 0 0 0 0 0 0 0 0 0 0 0 0 0 0 0 0 0 0 1 0 0 0 0 0 0 0 0 0 0 0 0 0 0 0 0 1 0 0 0 0 
0 0 0 0 0 0 0 0 0 0 0 0 0 0 0 0 0 0 0 0 0 0 0 0 0 0 0 0 0 0 0 0 0 0 0 0 0 0 0 0 0 0 0 1 0 0 0 0 0 0 0 0 0 0 0 0 0 0 0 1 0 0 0 0 0 0 0 0 0 0 0 0 0 0 0 0 0 0 0 0 0 0 0 0 0 0 0 0 0 0 0 0 0 1 0 0 0 0 0 0 0 0 0 0 0 0 0 0 0 0 1 0 0 0 0 0 0 0 0 0 0 0 0 0 0 1 0 0 0 0 0 0 0 0 0 0 0 0 0 0 0 0 0 0 0 0 0 0 0 0 0 0 0 0 0 0 0 0 0 0 0 0 0 0 0 0 0 1 0 0 0 1 0 0 0 0 0 0 0 0 0 0 0 0 0 0 0 0 0 0 0 0 0 0 0 
0 0 0 0 0 0 0 0 0 0 0 0 0 0 1 0 0 0 0 0 0 0 0 1 0 0 0 0 0 0 0 0 0 0 0 0 0 0 0 0 0 0 0 0 1 0 0 0 0 0 0 0 0 0 0 0 0 0 0 0 0 0 0 0 0 0 0 0 0 0 0 0 0 0 0 0 0 0 0 0 0 0 0 0 0 0 0 0 0 0 0 0 0 0 0 0 0 0 0 0 0 0 0 0 0 0 0 0 0 0 0 0 0 1 0 0 1 0 0 0 0 0 0 0 0 0 0 1 0 0 0 0 0 0 0 0 0 0 0 0 0 0 0 0 0 0 0 0 0 0 0 0 0 0 0 0 0 0 0 0 0 0 0 0 0 0 0 0 0 1 1 0 0 0 0 0 0 0 0 0 0 0 0 0 0 0 0 0 0 0 0 0 0 0 0 
0 0 0 0 0 0 0 0 0 0 0 0 0 0 0 0 0 0 0 0 0 0 0 0 0 0 0 0 0 0 0 0 0 0 0 0 0 0 0 0 0 0 0 0 0 1 0 0 0 0 0 0 0 1 0 0 0 0 0 0 1 0 0 0 1 0 0 0 0 0 0 0 0 0 0 0 0 0 0 0 0 0 0 0 0 0 0 0 0 0 0 0 0 0 0 0 0 0 0 1 0 0 0 0 0 0 0 0 1 0 0 0 0 0 1 0 0 0 0 0 0 0 0 0 0 0 0 0 0 0 0 1 0 0 0 0 0 0 0 0 0 0 0 0 0 0 0 0 0 0 0 0 0 0 0 0 0 0 0 0 0 0 0 0 0 0 0 0 0 0 0 0 0 0 0 0 0 0 0 0 0 0 0 0 0 0 0 0 0 0 0 0 0 0 0 
139 12 182 56 26 83 34 155 36 105 47 135 22 183 42 108 44 171 61 
0.000000E+00 8.270827E-06 8.853368E-05 1.548820E-05 7.185308E-07 8.010224E-06 1.700749E-04 0.000000E+00 1.434903E-06 1.735184E-05 3.118127E-05 0.000000E+00 3.576977E-05 7.795294E-05 3.974494E-07 1.322569E-04 2.726741E-04 0.000000E+00 1.859449E-04 4.462857E-06 3.911486E-04 0.000000E+00 4.437995E-05 1.025711E-05 5.045935E-06 0.000000E+00 6.236512E-06 0.000000E+00 1.232027E-04 0.000000E+00 2.479715E-04 4.205403E-06 0.000000E+00 0.000000E+00 1.248315E-04 0.000000E+00 0.000000E+00 0.000000E+00 1.548138E-05 1.823213E-05 0.000000E+00 0.000000E+00 1.089514E-04 0.000000E+00 1.488394E-05 1.200049E-06 0.000000E+00 4.170092E-05 0.000000E+00 1.561409E-04 4.307939E-06 3.877524E-05 1.106924E-04 2.554193E-05 3.852616E-04 0.000000E+00 0.000000E+00 3.863559E-05 3.559170E-07 8.146496E-06 0.000000E+00 7.768953E-04 2.342363E-07 0.000000E+00 1.442151E-05 4.670867E-05 1.308042E-04 0.000000E+00 5.100231E-06 0.000000E+00 1.707020E-04 6.830866E-06 0.000000E+00 0.000000E+00 2.483746E-05 0.000000E+00 6.321314E-08 0.000000E+00 4.652753E-06 8.898300E-05 8.620184E-07 1.101331E-05 0.000000E+00 0.000000E+00 5.957347E-05 3.827272E-08 2.485074E-05 4.911505E-06 4.441559E-05 6.927597E-06 0.000000E+00 5.901913E-05 0.000000E+00 9.973189E-05 0.000000E+00 0.000000E+00 1.524932E-07 0.000000E+00 0.000000E+00 3.982959E-05 3.139085E-05 7.001840E-05 2.235489E-06 1.601331E-04 0.000000E+00 2.587489E-04 0.000000E+00 0.000000E+00 1.027401E-04 6.956045E-05 8.304750E-07 3.214705E-06 4.271976E-06 2.623041E-07 8.260125E-06 0.000000E+00 2.000677E-06 3.219566E-06 2.619098E-04 3.606686E-06 2.493961E-04 3.392970E-06 9.893079E-04 0.000000E+00 1.169984E-04 3.500620E-06 4.092148E-04 6.965172E-05 1.764840E-05 1.986425E-04 4.596682E-04 1.917796E-05 5.885311E-04 8.278798E-05 0.000000E+00 4.130544E-06 2.867139E-04 0.000000E+00 0.000000E+00 2.403912E-07 3.339699E-05 1.214807E-05 1.030856E-05 3.670739E-05 0.000000E+00 2.962610E-05 2.678369E-04 1.096426E-05 0.000000E+00 7.753005E-05 2.147882E-06 1.232776E-05 0.000000E+00 0.000000E+00 0.000000E+00 0.000000E+00 9.639377E-05 1.415320E-06 0.000000E+00 5.854248E-05 1.151712E-05 6.688521E-05 0.000000E+00 1.350895E-04 3.524760E-05 2.616979E-04 0.000000E+00 5.403896E-07 1.049891E-05 3.816134E-04 0.000000E+00 7.230596E-05 0.000000E+00 2.569776E-04 5.065371E-06 8.716163E-07 4.083968E-05 9.999125E-04 0.000000E+00 3.320631E-05 0.000000E+00 0.000000E+00 0.000000E+00 0.000000E+00 0.000000E+00 2.236564E-05 8.864195E-05 0.000000E+00 2.844136E-07 1.176951E-04 1.566970E-04 4.207581E-08 0.000000E+00 1.971559E-07 0.000000E+00 
63 97 139 
12 51 122 148 151 177 187 7 29 119 
4 120 136 140 146 175 182 3 
9 56 58 192 85 67 164 31 
26 90 194 152 11 102 104 
13 25 77 83 144 157 160 165 23 71 
19 34 52 69 110 130 150 166 180 190 131 178 
48 81 142 155 176 186 21 17 121 35 106 
36 
105 161 82 88 101 80 129 55 
5 6 10 27 47 72 169 
16 39 59 87 135 137 147 50 133 
2 22 40 113 189 79 125 
20 66 86 103 162 183 14 89 141 92 
42 158 32 118 143 134 
53 75 108 112 43 127 191 174 62 123 
44 60 111 168 172 126 94 
15 45 114 117 171 24 128 170 
46 54 61 100 115 132 65 109 

============Find Best @ Round 985================
==========Cluster 0, RcvInterf=1.05398e-13============
Node 62, SINR:1.87112e-01, BpsHz:1.23728e-01
Node 96, SINR:1.87112e-01, BpsHz:1.23728e-01
Node 138, SINR:0.00000e+00, BpsHz:0.00000e+00
---------------
==========Cluster 1, RcvInterf=1.28140e-13============
Node 11, SINR:0.00000e+00, BpsHz:0.00000e+00
Node 50, SINR:1.16378e+00, BpsHz:1.23728e-01
Node 121, SINR:1.16378e+00, BpsHz:1.23728e-01
Node 147, SINR:1.16378e+00, BpsHz:1.23728e-01
Node 150, SINR:1.16378e+00, BpsHz:1.23728e-01
Node 176, SINR:1.16378e+00, BpsHz:1.23728e-01
Node 186, SINR:1.16378e+00, BpsHz:1.23728e-01
Node 6, SINR:1.16378e+00, BpsHz:1.23728e-01
Node 28, SINR:1.16378e+00, BpsHz:1.23728e-01
Node 118, SINR:1.16378e+00, BpsHz:1.23728e-01
---------------
==========Cluster 2, RcvInterf=3.05145e-13============
Node 3, SINR:8.22727e-01, BpsHz:1.23728e-01
Node 119, SINR:8.22727e-01, BpsHz:1.23728e-01
Node 135, SINR:8.22727e-01, BpsHz:1.23728e-01
Node 139, SINR:8.22727e-01, BpsHz:1.23728e-01
Node 145, SINR:8.22727e-01, BpsHz:1.23728e-01
Node 174, SINR:8.22727e-01, BpsHz:1.23728e-01
Node 181, SINR:0.00000e+00, BpsHz:0.00000e+00
Node 2, SINR:8.22727e-01, BpsHz:1.23728e-01
---------------
==========Cluster 3, RcvInterf=1.65613e-13============
Node 8, SINR:8.22727e-01, BpsHz:1.23728e-01
Node 55, SINR:0.00000e+00, BpsHz:0.00000e+00
Node 57, SINR:8.22727e-01, BpsHz:1.23728e-01
Node 191, SINR:8.22727e-01, BpsHz:1.23728e-01
Node 84, SINR:8.22727e-01, BpsHz:1.23728e-01
Node 66, SINR:8.22727e-01, BpsHz:1.23728e-01
Node 163, SINR:8.22727e-01, BpsHz:1.23728e-01
Node 30, SINR:8.22727e-01, BpsHz:1.23728e-01
---------------
==========Cluster 4, RcvInterf=3.16828e-13============
Node 25, SINR:0.00000e+00, BpsHz:0.00000e+00
Node 89, SINR:6.72922e-01, BpsHz:1.23728e-01
Node 193, SINR:6.72922e-01, BpsHz:1.23728e-01
Node 151, SINR:6.72922e-01, BpsHz:1.23728e-01
Node 10, SINR:6.72922e-01, BpsHz:1.23728e-01
Node 101, SINR:6.72922e-01, BpsHz:1.23728e-01
Node 103, SINR:6.72922e-01, BpsHz:1.23728e-01
---------------
==========Cluster 5, RcvInterf=1.17156e-13============
Node 12, SINR:1.16378e+00, BpsHz:1.23728e-01
Node 24, SINR:1.16378e+00, BpsHz:1.23728e-01
Node 76, SINR:1.16378e+00, BpsHz:1.23728e-01
Node 82, SINR:0.00000e+00, BpsHz:0.00000e+00
Node 143, SINR:1.16378e+00, BpsHz:1.23728e-01
Node 156, SINR:1.16378e+00, BpsHz:1.23728e-01
Node 159, SINR:1.16378e+00, BpsHz:1.23728e-01
Node 164, SINR:1.16378e+00, BpsHz:1.23728e-01
Node 22, SINR:1.16378e+00, BpsHz:1.23728e-01
Node 70, SINR:1.16378e+00, BpsHz:1.23728e-01
---------------
==========Cluster 6, RcvInterf=2.72685e-13============
Node 18, SINR:1.56865e+00, BpsHz:1.23728e-01
Node 33, SINR:0.00000e+00, BpsHz:0.00000e+00
Node 51, SINR:1.56865e+00, BpsHz:1.23728e-01
Node 68, SINR:1.56865e+00, BpsHz:1.23728e-01
Node 109, SINR:1.56865e+00, BpsHz:1.23728e-01
Node 129, SINR:1.56865e+00, BpsHz:1.23728e-01
Node 149, SINR:1.56865e+00, BpsHz:1.23728e-01
Node 165, SINR:1.56865e+00, BpsHz:1.23728e-01
Node 179, SINR:1.56865e+00, BpsHz:1.23728e-01
Node 189, SINR:1.56865e+00, BpsHz:1.23728e-01
Node 130, SINR:1.56865e+00, BpsHz:1.23728e-01
Node 177, SINR:1.56865e+00, BpsHz:1.23728e-01
---------------
==========Cluster 7, RcvInterf=1.64223e-13============
Node 47, SINR:1.35754e+00, BpsHz:1.23728e-01
Node 80, SINR:1.35754e+00, BpsHz:1.23728e-01
Node 141, SINR:1.35754e+00, BpsHz:1.23728e-01
Node 154, SINR:0.00000e+00, BpsHz:0.00000e+00
Node 175, SINR:1.35754e+00, BpsHz:1.23728e-01
Node 185, SINR:1.35754e+00, BpsHz:1.23728e-01
Node 20, SINR:1.35754e+00, BpsHz:1.23728e-01
Node 16, SINR:1.35754e+00, BpsHz:1.23728e-01
Node 120, SINR:1.35754e+00, BpsHz:1.23728e-01
Node 34, SINR:1.35754e+00, BpsHz:1.23728e-01
Node 105, SINR:1.35754e+00, BpsHz:1.23728e-01
---------------
==========Cluster 8, RcvInterf=6.31790e-13============
Node 35, SINR:0.00000e+00, BpsHz:-nan
---------------
==========Cluster 9, RcvInterf=1.70701e-13============
Node 104, SINR:0.00000e+00, BpsHz:0.00000e+00
Node 160, SINR:8.22727e-01, BpsHz:1.23728e-01
Node 81, SINR:8.22727e-01, BpsHz:1.23728e-01
Node 87, SINR:8.22727e-01, BpsHz:1.23728e-01
Node 100, SINR:8.22727e-01, BpsHz:1.23728e-01
Node 79, SINR:8.22727e-01, BpsHz:1.23728e-01
Node 128, SINR:8.22727e-01, BpsHz:1.23728e-01
Node 54, SINR:8.22727e-01, BpsHz:1.23728e-01
---------------
==========Cluster 10, RcvInterf=2.99484e-13============
Node 4, SINR:6.72922e-01, BpsHz:1.23728e-01
Node 5, SINR:6.72922e-01, BpsHz:1.23728e-01
Node 9, SINR:6.72922e-01, BpsHz:1.23728e-01
Node 26, SINR:6.72922e-01, BpsHz:1.23728e-01
Node 46, SINR:0.00000e+00, BpsHz:0.00000e+00
Node 71, SINR:6.72922e-01, BpsHz:1.23728e-01
Node 168, SINR:6.72922e-01, BpsHz:1.23728e-01
---------------
==========Cluster 11, RcvInterf=2.86277e-13============
Node 15, SINR:9.85946e-01, BpsHz:1.23728e-01
Node 38, SINR:9.85946e-01, BpsHz:1.23728e-01
Node 58, SINR:9.85946e-01, BpsHz:1.23728e-01
Node 86, SINR:9.85946e-01, BpsHz:1.23728e-01
Node 134, SINR:0.00000e+00, BpsHz:0.00000e+00
Node 136, SINR:9.85946e-01, BpsHz:1.23728e-01
Node 146, SINR:9.85946e-01, BpsHz:1.23728e-01
Node 49, SINR:9.85946e-01, BpsHz:1.23728e-01
Node 132, SINR:9.85946e-01, BpsHz:1.23728e-01
---------------
==========Cluster 12, RcvInterf=1.28424e-13============
Node 1, SINR:6.72922e-01, BpsHz:1.23728e-01
Node 21, SINR:0.00000e+00, BpsHz:0.00000e+00
Node 39, SINR:6.72922e-01, BpsHz:1.23728e-01
Node 112, SINR:6.72922e-01, BpsHz:1.23728e-01
Node 188, SINR:6.72922e-01, BpsHz:1.23728e-01
Node 78, SINR:6.72922e-01, BpsHz:1.23728e-01
Node 124, SINR:6.72922e-01, BpsHz:1.23728e-01
---------------
==========Cluster 13, RcvInterf=1.60694e-13============
Node 19, SINR:1.16378e+00, BpsHz:1.23728e-01
Node 65, SINR:1.16378e+00, BpsHz:1.23728e-01
Node 85, SINR:1.16378e+00, BpsHz:1.23728e-01
Node 102, SINR:1.16378e+00, BpsHz:1.23728e-01
Node 161, SINR:1.16378e+00, BpsHz:1.23728e-01
Node 182, SINR:0.00000e+00, BpsHz:0.00000e+00
Node 13, SINR:1.16378e+00, BpsHz:1.23728e-01
Node 88, SINR:1.16378e+00, BpsHz:1.23728e-01
Node 140, SINR:1.16378e+00, BpsHz:1.23728e-01
Node 91, SINR:1.16378e+00, BpsHz:1.23728e-01
---------------
==========Cluster 14, RcvInterf=4.66773e-14============
Node 41, SINR:0.00000e+00, BpsHz:0.00000e+00
Node 157, SINR:5.35429e-01, BpsHz:1.23728e-01
Node 31, SINR:5.35429e-01, BpsHz:1.23728e-01
Node 117, SINR:5.35429e-01, BpsHz:1.23728e-01
Node 142, SINR:5.35429e-01, BpsHz:1.23728e-01
Node 133, SINR:5.35429e-01, BpsHz:1.23728e-01
---------------
==========Cluster 15, RcvInterf=2.08392e-13============
Node 52, SINR:1.16378e+00, BpsHz:1.23728e-01
Node 74, SINR:1.16378e+00, BpsHz:1.23728e-01
Node 107, SINR:0.00000e+00, BpsHz:0.00000e+00
Node 111, SINR:1.16378e+00, BpsHz:1.23728e-01
Node 42, SINR:1.16378e+00, BpsHz:1.23728e-01
Node 126, SINR:1.16378e+00, BpsHz:1.23728e-01
Node 190, SINR:1.16378e+00, BpsHz:1.23728e-01
Node 173, SINR:1.16378e+00, BpsHz:1.23728e-01
Node 61, SINR:1.16378e+00, BpsHz:1.23728e-01
Node 122, SINR:1.16378e+00, BpsHz:1.23728e-01
---------------
==========Cluster 16, RcvInterf=1.47345e-13============
Node 43, SINR:0.00000e+00, BpsHz:0.00000e+00
Node 59, SINR:6.72922e-01, BpsHz:1.23728e-01
Node 110, SINR:6.72922e-01, BpsHz:1.23728e-01
Node 167, SINR:6.72922e-01, BpsHz:1.23728e-01
Node 171, SINR:6.72922e-01, BpsHz:1.23728e-01
Node 125, SINR:6.72922e-01, BpsHz:1.23728e-01
Node 93, SINR:6.72922e-01, BpsHz:1.23728e-01
---------------
==========Cluster 17, RcvInterf=1.76261e-13============
Node 14, SINR:8.22727e-01, BpsHz:1.23728e-01
Node 44, SINR:8.22727e-01, BpsHz:1.23728e-01
Node 113, SINR:8.22727e-01, BpsHz:1.23728e-01
Node 116, SINR:8.22727e-01, BpsHz:1.23728e-01
Node 170, SINR:0.00000e+00, BpsHz:0.00000e+00
Node 23, SINR:8.22727e-01, BpsHz:1.23728e-01
Node 127, SINR:8.22727e-01, BpsHz:1.23728e-01
Node 169, SINR:8.22727e-01, BpsHz:1.23728e-01
---------------
==========Cluster 18, RcvInterf=2.78557e-14============
Node 45, SINR:8.22727e-01, BpsHz:1.23728e-01
Node 53, SINR:8.22727e-01, BpsHz:1.23728e-01
Node 60, SINR:0.00000e+00, BpsHz:0.00000e+00
Node 99, SINR:8.22727e-01, BpsHz:1.23728e-01
Node 114, SINR:8.22727e-01, BpsHz:1.23728e-01
Node 131, SINR:8.22727e-01, BpsHz:1.23728e-01
Node 64, SINR:8.22727e-01, BpsHz:1.23728e-01
Node 108, SINR:8.22727e-01, BpsHz:1.23728e-01
---------------
