195
19
1.000000e-03
1.931016e-312
132
3000
1.483141e+01
4.654694e-01
1.483141e-05
4.455722e-07
0 0 0 0 0 0 0 0 0 0 0 0 1 0 0 0 0 0 0 0 0 0 0 0 1 0 0 0 0 0 0 0 0 0 0 0 0 0 0 0 0 0 0 0 0 0 0 0 0 0 0 0 0 0 0 0 0 0 0 0 0 0 0 0 0 0 0 0 0 0 0 0 0 0 0 0 1 0 0 0 0 0 1 0 0 0 0 0 0 0 0 0 0 0 0 0 0 0 0 0 0 0 0 0 0 0 0 0 0 0 0 0 0 0 0 0 0 1 0 0 0 0 0 1 0 0 0 0 0 0 0 0 0 0 0 0 0 0 0 0 0 0 1 1 0 0 0 0 0 0 0 0 0 0 0 0 1 0 0 1 0 0 0 0 0 0 0 0 0 0 0 0 0 0 0 0 0 0 0 0 0 0 0 0 0 0 0 0 0 0 0 0 0 0 0 
0 0 0 0 0 0 0 0 0 0 0 0 0 0 0 0 0 1 0 0 0 0 0 0 0 0 0 0 0 0 0 0 0 0 0 0 0 0 0 0 0 0 0 0 0 0 0 0 0 0 0 0 0 0 1 0 0 0 0 0 0 0 0 0 0 0 0 0 0 0 0 0 0 0 0 0 0 0 0 1 0 0 0 0 0 0 0 1 0 0 0 0 0 0 0 1 0 0 0 0 1 0 0 0 1 0 0 0 0 0 0 0 0 0 0 0 0 0 0 0 0 0 0 0 0 0 0 0 0 0 0 0 0 0 0 0 0 0 0 0 0 0 0 0 0 0 0 0 0 0 0 0 0 0 0 0 0 0 0 0 1 0 0 0 0 0 0 0 0 0 0 0 0 0 0 0 0 0 0 0 0 0 0 0 0 0 0 0 0 0 0 0 0 0 0 
0 0 0 0 0 0 0 0 0 0 0 0 0 1 0 0 0 0 0 0 0 0 0 0 0 0 0 0 0 0 0 0 0 0 0 0 0 0 0 0 0 0 0 0 0 0 0 0 0 0 0 0 0 0 0 0 0 0 0 0 0 0 0 0 0 1 0 0 0 0 0 0 0 0 0 0 0 0 0 0 0 0 0 0 0 1 0 0 0 0 0 0 0 0 0 0 0 0 0 0 0 0 1 0 0 0 0 0 0 0 0 0 0 0 0 0 0 0 0 0 0 0 0 0 0 0 0 0 0 0 0 0 0 0 0 0 0 0 0 0 0 0 0 0 0 0 0 0 0 0 0 0 0 0 0 0 0 0 0 0 0 1 0 0 0 0 0 0 0 0 0 0 0 0 0 0 0 0 0 0 0 0 1 0 0 0 0 0 0 0 0 0 0 0 0 
0 0 0 0 0 0 0 0 0 0 0 0 0 0 0 0 0 0 0 0 0 0 0 0 0 0 0 0 0 0 0 0 0 0 0 0 0 0 0 0 0 0 0 0 0 0 0 0 0 0 0 0 0 1 0 0 0 0 0 0 1 0 0 0 0 0 0 0 0 0 0 0 0 0 0 0 0 0 0 0 0 0 0 0 0 0 0 0 0 0 0 0 0 0 0 0 0 0 0 1 0 0 0 0 0 0 0 0 0 0 0 0 0 0 1 0 0 0 0 0 0 0 0 0 0 0 0 0 0 0 0 0 0 0 0 0 0 0 0 0 0 0 0 0 0 0 0 0 0 0 0 0 0 0 0 0 0 0 0 0 0 0 0 0 0 0 0 0 0 0 0 0 0 0 0 0 0 0 0 0 0 0 0 0 0 0 0 0 0 0 0 0 0 0 0 
0 0 0 0 0 0 0 0 0 0 0 0 0 0 0 0 0 0 0 0 0 1 0 0 0 0 0 0 0 0 0 0 0 0 0 0 0 0 0 1 0 0 0 0 0 0 0 0 1 0 0 0 0 0 0 0 0 0 0 0 0 0 0 0 0 0 0 0 0 0 0 0 0 0 0 0 0 0 1 0 0 0 0 0 0 0 0 0 0 0 0 0 0 0 1 0 0 0 0 0 0 0 0 0 0 0 0 0 0 0 0 0 1 0 0 0 0 0 0 0 0 0 0 0 0 0 0 0 0 0 0 0 0 0 0 0 0 0 0 0 0 0 0 0 0 0 0 0 0 0 0 0 0 0 0 0 0 0 0 0 0 0 0 0 0 0 0 0 0 0 0 0 0 0 0 0 0 0 0 0 0 0 0 0 1 0 0 0 1 0 0 0 0 0 0 
0 0 0 0 0 0 0 0 0 0 0 0 0 0 0 0 0 0 0 0 0 0 0 0 0 0 0 0 0 0 0 0 1 0 0 0 0 0 0 0 0 0 0 0 0 0 0 0 0 0 0 0 0 0 0 0 0 0 0 0 0 0 0 0 0 0 0 0 0 0 1 0 0 0 0 0 0 0 0 0 0 0 0 0 0 0 0 0 0 0 0 0 0 0 0 0 0 1 0 0 0 0 0 1 0 0 0 0 0 0 0 0 0 0 0 0 0 0 0 0 0 0 0 0 0 0 0 0 0 0 0 0 0 0 0 0 0 0 0 0 0 0 0 0 0 0 0 0 0 0 0 1 0 1 0 0 0 0 0 0 0 0 0 0 0 0 0 0 0 0 0 0 0 0 0 0 0 0 0 0 0 0 0 0 0 0 0 1 0 0 0 0 0 0 0 
0 0 0 0 0 0 0 0 0 0 0 0 0 0 0 0 0 0 1 0 0 0 0 0 0 0 0 0 0 0 0 0 0 1 0 0 0 0 0 0 0 0 0 0 0 0 0 0 0 0 0 1 0 0 0 0 0 0 0 0 0 0 0 0 0 0 0 0 1 0 0 0 0 0 0 0 0 0 0 0 0 0 0 0 0 0 0 0 0 0 0 0 0 0 0 0 0 0 0 0 0 0 0 0 0 0 0 0 0 1 0 0 0 0 0 0 0 0 0 0 0 0 0 0 0 0 0 0 0 1 0 0 0 0 0 0 0 0 0 0 0 0 0 0 0 0 0 0 0 0 0 0 0 0 0 0 0 0 0 0 0 0 0 0 0 0 0 0 0 0 0 0 0 0 0 0 0 0 0 1 0 0 0 0 0 0 0 0 0 1 0 0 0 0 0 
0 0 0 0 0 0 0 0 0 0 0 0 0 0 0 0 0 0 0 0 0 0 0 0 0 0 0 0 0 0 0 0 0 0 0 0 0 0 0 0 0 0 1 0 0 0 0 0 0 0 0 0 0 0 0 0 0 0 0 0 0 1 0 0 0 0 0 0 0 0 0 0 0 0 0 0 0 0 0 0 0 0 0 0 0 0 0 0 0 0 0 0 0 0 0 0 0 0 0 0 0 0 0 0 0 0 0 1 0 0 0 0 0 0 0 0 0 0 0 0 0 0 0 0 0 0 0 0 0 0 0 0 0 0 0 0 0 0 0 0 0 0 0 0 0 0 0 0 0 0 0 0 0 0 0 0 0 0 0 0 0 0 0 0 0 0 0 0 0 0 0 0 0 1 0 0 0 0 0 0 0 0 0 0 0 0 0 0 0 0 1 0 0 0 0 
0 0 0 0 0 0 0 0 0 0 0 0 0 0 0 0 0 0 0 0 0 0 0 0 0 0 0 0 0 0 0 1 0 0 0 0 0 0 0 0 0 1 0 1 0 0 0 0 0 0 0 0 0 0 0 0 0 0 0 1 0 0 0 0 0 0 0 0 0 0 0 0 0 0 0 0 0 0 0 0 0 0 0 0 0 0 0 0 0 0 1 0 0 0 0 0 0 0 0 0 0 0 0 0 0 0 0 0 0 0 1 0 0 0 0 0 0 0 0 0 0 0 0 0 0 1 0 0 0 0 0 0 0 0 0 0 0 0 0 0 0 0 0 0 0 0 0 0 1 0 0 0 0 0 0 0 0 1 0 0 0 0 1 0 0 0 0 1 0 0 0 0 0 0 0 0 0 0 0 0 0 0 0 0 0 0 0 0 0 0 0 0 0 0 0 
0 0 0 0 1 1 0 0 0 1 0 0 0 0 0 0 0 0 0 0 0 0 0 0 0 0 1 0 0 0 0 0 0 0 0 0 1 1 0 0 0 0 0 0 0 1 1 0 0 0 0 0 0 0 0 0 0 0 0 0 0 0 0 0 1 0 0 0 0 0 0 0 1 0 0 0 0 0 0 0 0 0 0 1 0 0 0 0 0 0 0 0 0 0 0 0 0 0 0 0 0 0 0 0 0 0 0 0 1 0 0 0 0 0 0 0 0 0 0 0 0 0 0 0 0 0 0 0 0 0 0 0 0 0 0 0 0 0 0 0 0 0 0 0 0 0 0 0 0 0 0 0 0 0 0 0 0 0 0 0 0 0 0 0 0 0 0 0 1 0 0 0 0 0 0 0 0 0 0 0 0 0 0 0 0 0 0 0 0 0 0 0 0 0 0 
0 0 0 0 0 0 0 0 0 0 0 0 0 0 0 0 0 0 0 0 0 0 0 0 0 0 0 1 0 0 0 0 0 0 0 0 0 0 0 0 0 0 0 0 0 0 0 0 0 0 0 0 0 0 0 0 1 0 0 0 0 0 1 0 0 0 0 0 0 0 0 0 0 0 0 0 0 0 0 0 0 0 0 0 0 0 0 0 0 0 0 0 0 0 0 0 1 0 0 0 0 0 0 0 0 0 0 0 0 0 0 0 0 0 0 0 0 0 0 0 0 0 0 0 0 0 0 0 0 0 0 0 0 0 0 0 0 0 1 0 0 0 0 0 0 0 0 0 0 0 0 0 1 0 0 0 0 0 0 0 0 0 0 0 0 0 0 0 0 0 0 0 0 0 0 0 0 0 0 0 0 0 0 0 0 0 0 0 0 0 0 0 0 0 0 
0 0 0 0 0 0 0 0 0 0 0 0 0 0 1 0 0 0 0 0 0 0 0 1 0 0 0 0 0 0 0 0 0 0 0 0 0 0 0 0 0 0 0 0 1 0 0 0 0 0 0 0 0 0 0 0 0 0 0 0 0 0 0 0 0 0 0 0 0 0 0 0 0 0 0 0 0 0 0 0 0 0 0 0 0 0 0 0 0 0 0 0 0 0 0 0 0 0 0 0 0 0 0 0 0 0 0 0 0 0 0 0 0 1 0 0 1 0 0 0 0 0 0 0 0 0 0 1 0 0 0 0 0 0 0 0 0 0 0 0 0 0 0 0 0 0 0 0 0 0 0 0 0 0 0 0 0 0 0 0 0 0 0 0 0 0 0 0 0 0 1 0 0 0 0 0 0 0 0 0 0 0 0 0 0 0 0 0 0 0 0 0 0 0 0 
0 0 0 0 0 0 0 0 0 0 0 0 0 0 0 0 0 0 0 0 0 0 0 0 0 1 0 0 0 0 0 0 0 0 0 0 0 0 0 0 0 0 0 0 0 0 0 0 0 0 0 0 0 0 0 0 0 0 0 0 0 0 0 0 0 0 0 0 0 0 0 0 0 0 0 0 0 0 0 0 0 0 0 0 0 0 0 0 0 1 0 0 0 0 0 0 0 0 0 0 0 1 0 0 0 0 0 0 0 0 0 0 0 0 0 0 0 0 0 0 0 0 0 0 0 0 0 0 0 0 0 0 0 0 0 0 0 0 0 0 0 0 0 0 0 0 0 0 0 0 0 0 0 0 0 0 0 0 0 0 0 0 0 0 0 0 0 0 0 0 0 0 0 0 0 0 0 0 0 0 0 0 0 0 0 0 0 0 0 0 0 0 0 0 0 
0 0 0 0 0 0 0 0 0 0 0 0 0 0 0 0 0 0 0 0 0 0 0 0 0 0 0 0 0 0 0 0 0 0 0 1 0 0 0 0 0 0 0 0 0 0 0 0 0 0 0 0 0 0 0 0 0 0 0 0 0 0 0 0 0 0 0 0 0 0 0 0 0 0 0 0 0 0 0 0 0 0 0 0 0 0 0 0 0 0 0 0 0 0 0 0 0 0 0 0 0 0 0 0 0 0 1 0 0 0 0 0 0 0 0 0 0 0 0 0 0 0 0 0 0 0 0 0 0 0 0 0 0 0 0 0 0 0 0 0 0 0 0 0 0 0 0 0 0 0 0 0 0 0 0 0 0 0 0 0 0 0 0 0 0 0 0 0 0 0 0 0 1 0 0 0 0 0 0 0 0 0 0 0 0 0 0 0 0 0 0 0 0 0 0 
0 0 0 0 0 0 0 0 1 0 0 0 0 0 0 0 0 0 0 0 0 0 0 0 0 0 0 0 0 0 0 0 0 0 0 0 0 0 0 0 0 0 0 0 0 0 0 0 0 0 0 0 1 0 0 1 0 1 0 0 0 0 0 1 0 0 0 0 0 0 0 0 0 0 1 0 0 0 0 0 0 0 0 0 1 0 0 0 0 0 0 0 1 0 0 0 0 0 0 0 0 0 0 0 0 0 0 0 0 0 0 1 0 0 0 0 0 0 0 0 0 0 1 0 0 0 1 0 0 0 0 0 0 0 0 0 0 0 0 0 0 0 0 0 0 0 0 0 0 0 0 0 0 0 0 0 0 0 0 0 0 0 0 0 0 0 0 0 0 0 0 0 0 0 0 0 0 0 0 0 0 0 0 0 0 0 0 0 0 0 0 1 0 0 0 
0 0 0 1 0 0 0 0 0 0 0 0 0 0 0 0 0 0 0 0 0 0 0 0 0 0 0 0 0 0 0 0 0 0 0 0 0 0 0 0 0 0 0 0 0 0 0 0 0 0 0 0 0 0 0 0 0 0 0 0 0 0 0 0 0 0 0 0 0 0 0 0 0 1 0 0 0 0 0 0 0 0 0 0 0 0 0 0 0 0 0 0 0 0 0 0 0 0 0 0 0 0 0 0 0 0 0 0 0 0 0 0 0 0 0 0 0 0 0 1 0 0 0 0 0 0 0 0 0 0 0 0 0 0 0 1 0 0 0 1 0 0 0 0 0 1 0 0 0 0 0 0 0 0 0 0 0 0 0 0 0 0 0 0 0 0 0 0 0 0 0 0 0 0 1 0 0 0 0 0 0 1 0 0 0 0 0 0 0 0 0 0 0 0 0 
0 0 0 0 0 0 0 0 0 0 0 0 0 0 0 0 0 0 0 0 1 0 0 0 0 0 0 0 0 0 0 0 0 0 1 0 0 0 0 0 0 0 0 0 0 0 0 1 0 0 0 0 0 0 0 0 0 0 0 0 0 0 0 0 0 0 0 0 0 0 0 0 0 0 0 0 0 0 0 0 1 0 0 0 0 0 0 0 0 0 0 0 0 0 0 0 0 0 1 0 0 0 0 0 0 1 0 0 0 0 0 0 0 0 0 0 0 0 0 0 1 0 0 0 0 0 0 0 0 0 0 0 0 0 0 0 0 0 0 0 0 1 0 0 0 0 0 0 0 0 0 0 0 0 1 1 0 0 0 0 0 0 0 0 0 0 0 0 0 0 0 0 0 0 0 1 0 0 0 0 0 0 0 0 0 1 0 0 0 0 0 0 0 0 0 
0 0 0 0 0 0 1 0 0 0 0 1 0 0 0 0 0 0 0 0 0 0 1 0 0 0 0 0 1 0 0 0 0 0 0 0 0 0 0 0 0 0 0 0 0 0 0 0 0 0 1 0 0 0 0 0 0 0 0 0 0 0 0 0 0 0 0 0 0 0 0 0 0 0 0 0 0 0 0 0 0 0 0 0 0 0 0 0 0 0 0 0 0 0 0 0 0 0 0 0 0 0 0 0 0 0 0 0 0 0 0 0 0 0 0 0 0 0 0 0 0 1 0 0 0 0 0 0 0 0 0 0 0 0 0 0 0 0 0 0 0 0 0 0 0 0 0 1 0 0 1 0 0 0 0 0 0 0 0 0 0 0 0 0 0 0 0 0 0 0 0 0 0 0 0 0 1 0 0 0 0 0 0 1 0 0 1 0 0 0 0 0 0 0 0 
0 0 0 0 0 0 0 0 0 0 0 0 0 0 0 1 0 0 0 0 0 0 0 0 0 0 0 0 0 0 0 0 0 0 0 0 0 0 1 0 0 0 0 0 0 0 0 0 0 1 0 0 0 0 0 0 0 0 1 0 0 0 0 0 0 0 0 0 0 0 0 0 0 0 0 0 0 0 0 0 0 0 0 0 0 0 1 0 0 0 0 0 0 0 0 0 0 0 0 0 0 0 0 0 0 0 0 0 0 0 0 0 0 0 0 0 0 0 0 0 0 0 0 0 0 0 0 0 0 0 0 0 1 0 1 0 1 0 0 0 0 0 0 0 0 0 0 0 0 0 0 0 0 0 0 0 0 0 0 0 0 0 0 0 0 0 0 0 0 0 0 0 0 0 0 0 0 0 0 0 0 0 0 0 0 0 0 0 0 0 0 0 0 0 1 
144 105 183 115 113 104 69 174 126 10 139 171 90 36 85 182 155 12 135 
0.000000E+00 0.000000E+00 0.000000E+00 3.472800E-06 7.751531E-05 1.880178E-06 1.280105E-04 0.000000E+00 3.191853E-06 0.000000E+00 0.000000E+00 0.000000E+00 8.456687E-04 2.147839E-05 6.567008E-08 3.992323E-05 0.000000E+00 8.720002E-05 2.914764E-05 0.000000E+00 2.015909E-04 2.114483E-06 5.801209E-04 1.694770E-06 3.959325E-05 1.170970E-06 2.120604E-06 5.627600E-05 9.273116E-05 0.000000E+00 0.000000E+00 2.611765E-04 2.889675E-05 5.895720E-07 6.433592E-05 0.000000E+00 1.937451E-05 8.265021E-07 4.673229E-06 3.885560E-05 0.000000E+00 1.851045E-04 1.488345E-07 1.212118E-05 2.459255E-06 1.560720E-04 1.744000E-05 2.149190E-05 8.721285E-06 4.713290E-05 3.242463E-06 8.665274E-08 1.050943E-05 1.142925E-06 2.502672E-04 3.048959E-05 8.509571E-07 1.210442E-05 1.074376E-07 3.146893E-05 1.458694E-05 9.978666E-07 2.171415E-07 3.810617E-05 7.576019E-05 1.286965E-05 0.000000E+00 0.000000E+00 0.000000E+00 0.000000E+00 1.558309E-05 0.000000E+00 6.333772E-05 1.539469E-05 1.532923E-04 0.000000E+00 1.034315E-04 0.000000E+00 2.984091E-06 5.780364E-05 4.442687E-07 0.000000E+00 6.152545E-05 7.415142E-05 0.000000E+00 1.054529E-08 7.501478E-06 3.190529E-06 0.000000E+00 0.000000E+00 3.864839E-06 0.000000E+00 3.621525E-05 0.000000E+00 3.412522E-06 4.689170E-05 1.413641E-07 5.607885E-05 7.612257E-05 8.652906E-07 2.039160E-05 8.893885E-07 6.159449E-07 0.000000E+00 0.000000E+00 1.333546E-04 8.804429E-07 2.538767E-05 4.030223E-04 3.772358E-07 3.941530E-06 9.587252E-05 0.000000E+00 4.334019E-08 0.000000E+00 0.000000E+00 3.305694E-07 9.996766E-04 0.000000E+00 8.086996E-07 1.285343E-04 2.553791E-06 3.706673E-04 6.950300E-06 0.000000E+00 0.000000E+00 1.288446E-04 1.150847E-05 0.000000E+00 4.954098E-05 0.000000E+00 0.000000E+00 1.776548E-04 0.000000E+00 0.000000E+00 9.261603E-07 8.654783E-05 0.000000E+00 0.000000E+00 5.390107E-08 0.000000E+00 6.260894E-06 2.682478E-04 0.000000E+00 0.000000E+00 6.642832E-06 0.000000E+00 8.252487E-06 3.040896E-05 0.000000E+00 1.616650E-06 4.014311E-06 1.419766E-06 5.703874E-06 0.000000E+00 2.523560E-05 8.616152E-06 7.180800E-04 0.000000E+00 1.700818E-05 7.481559E-06 1.842890E-05 6.366087E-05 0.000000E+00 0.000000E+00 0.000000E+00 0.000000E+00 9.318886E-05 1.355537E-04 0.000000E+00 0.000000E+00 0.000000E+00 7.431492E-08 0.000000E+00 1.135769E-06 4.492153E-07 3.073886E-05 0.000000E+00 0.000000E+00 1.343232E-05 0.000000E+00 0.000000E+00 0.000000E+00 2.023381E-04 1.243792E-07 1.152685E-05 6.671826E-05 5.769743E-05 1.404700E-06 1.699316E-06 1.528481E-07 1.495030E-05 0.000000E+00 0.000000E+00 8.520953E-05 
77 83 124 144 157 160 25 13 143 118 
88 105 161 101 80 55 18 96 
86 103 183 162 66 14 
100 115 54 61 
22 79 95 113 185 189 49 40 
33 104 152 154 71 98 188 
34 52 69 110 180 190 19 130 
174 43 191 108 62 
44 60 91 111 126 163 42 158 149 168 32 
6 10 27 37 38 47 73 5 65 169 84 109 46 
97 139 63 57 153 28 
15 114 117 171 45 24 128 
90 26 102 
36 173 107 
9 53 85 56 58 192 93 64 112 127 123 75 
4 120 136 140 175 182 146 74 
48 81 142 155 156 176 186 35 106 121 99 21 
12 51 122 148 151 177 187 7 184 29 23 
59 87 135 39 16 50 137 133 195 

============Find Best @ Round 1897================
==========Cluster 0, RcvInterf=2.18887e-13============
Node 76, SINR:1.11292e+00, BpsHz:1.19916e-01
Node 82, SINR:1.11292e+00, BpsHz:1.19916e-01
Node 123, SINR:1.11292e+00, BpsHz:1.19916e-01
Node 143, SINR:0.00000e+00, BpsHz:0.00000e+00
Node 156, SINR:1.11292e+00, BpsHz:1.19916e-01
Node 159, SINR:1.11292e+00, BpsHz:1.19916e-01
Node 24, SINR:1.11292e+00, BpsHz:1.19916e-01
Node 12, SINR:1.11292e+00, BpsHz:1.19916e-01
Node 142, SINR:1.11292e+00, BpsHz:1.19916e-01
Node 117, SINR:1.11292e+00, BpsHz:1.19916e-01
---------------
==========Cluster 1, RcvInterf=1.09769e-13============
Node 87, SINR:7.89318e-01, BpsHz:1.19916e-01
Node 104, SINR:0.00000e+00, BpsHz:0.00000e+00
Node 160, SINR:7.89318e-01, BpsHz:1.19916e-01
Node 100, SINR:7.89318e-01, BpsHz:1.19916e-01
Node 79, SINR:7.89318e-01, BpsHz:1.19916e-01
Node 54, SINR:7.89318e-01, BpsHz:1.19916e-01
Node 17, SINR:7.89318e-01, BpsHz:1.19916e-01
Node 95, SINR:7.89318e-01, BpsHz:1.19916e-01
---------------
==========Cluster 2, RcvInterf=9.32023e-14============
Node 85, SINR:5.15274e-01, BpsHz:1.19916e-01
Node 102, SINR:5.15274e-01, BpsHz:1.19916e-01
Node 182, SINR:0.00000e+00, BpsHz:0.00000e+00
Node 161, SINR:5.15274e-01, BpsHz:1.19916e-01
Node 65, SINR:5.15274e-01, BpsHz:1.19916e-01
Node 13, SINR:5.15274e-01, BpsHz:1.19916e-01
---------------
==========Cluster 3, RcvInterf=2.17251e-13============
Node 99, SINR:2.83201e-01, BpsHz:1.19916e-01
Node 114, SINR:0.00000e+00, BpsHz:0.00000e+00
Node 53, SINR:2.83201e-01, BpsHz:1.19916e-01
Node 60, SINR:2.83201e-01, BpsHz:1.19916e-01
---------------
==========Cluster 4, RcvInterf=4.37873e-14============
Node 21, SINR:7.89318e-01, BpsHz:1.19916e-01
Node 78, SINR:7.89318e-01, BpsHz:1.19916e-01
Node 94, SINR:7.89318e-01, BpsHz:1.19916e-01
Node 112, SINR:0.00000e+00, BpsHz:0.00000e+00
Node 184, SINR:7.89318e-01, BpsHz:1.19916e-01
Node 188, SINR:7.89318e-01, BpsHz:1.19916e-01
Node 48, SINR:7.89318e-01, BpsHz:1.19916e-01
Node 39, SINR:7.89318e-01, BpsHz:1.19916e-01
---------------
==========Cluster 5, RcvInterf=1.75802e-13============
Node 32, SINR:6.46605e-01, BpsHz:1.19916e-01
Node 103, SINR:0.00000e+00, BpsHz:0.00000e+00
Node 151, SINR:6.46605e-01, BpsHz:1.19916e-01
Node 153, SINR:6.46605e-01, BpsHz:1.19916e-01
Node 70, SINR:6.46605e-01, BpsHz:1.19916e-01
Node 97, SINR:6.46605e-01, BpsHz:1.19916e-01
Node 187, SINR:6.46605e-01, BpsHz:1.19916e-01
---------------
==========Cluster 6, RcvInterf=4.87796e-14============
Node 33, SINR:7.89318e-01, BpsHz:1.19916e-01
Node 51, SINR:7.89318e-01, BpsHz:1.19916e-01
Node 68, SINR:0.00000e+00, BpsHz:0.00000e+00
Node 109, SINR:7.89318e-01, BpsHz:1.19916e-01
Node 179, SINR:7.89318e-01, BpsHz:1.19916e-01
Node 189, SINR:7.89318e-01, BpsHz:1.19916e-01
Node 18, SINR:7.89318e-01, BpsHz:1.19916e-01
Node 129, SINR:7.89318e-01, BpsHz:1.19916e-01
---------------
==========Cluster 7, RcvInterf=4.79939e-14============
Node 173, SINR:0.00000e+00, BpsHz:0.00000e+00
Node 42, SINR:3.94418e-01, BpsHz:1.19916e-01
Node 190, SINR:3.94418e-01, BpsHz:1.19916e-01
Node 107, SINR:3.94418e-01, BpsHz:1.19916e-01
Node 61, SINR:3.94418e-01, BpsHz:1.19916e-01
---------------
==========Cluster 8, RcvInterf=2.79257e-13============
Node 43, SINR:1.29605e+00, BpsHz:1.19916e-01
Node 59, SINR:1.29605e+00, BpsHz:1.19916e-01
Node 90, SINR:1.29605e+00, BpsHz:1.19916e-01
Node 110, SINR:1.29605e+00, BpsHz:1.19916e-01
Node 125, SINR:0.00000e+00, BpsHz:0.00000e+00
Node 162, SINR:1.29605e+00, BpsHz:1.19916e-01
Node 41, SINR:1.29605e+00, BpsHz:1.19916e-01
Node 157, SINR:1.29605e+00, BpsHz:1.19916e-01
Node 148, SINR:1.29605e+00, BpsHz:1.19916e-01
Node 167, SINR:1.29605e+00, BpsHz:1.19916e-01
Node 31, SINR:1.29605e+00, BpsHz:1.19916e-01
---------------
==========Cluster 9, RcvInterf=1.07476e-13============
Node 5, SINR:1.71131e+00, BpsHz:1.19916e-01
Node 9, SINR:0.00000e+00, BpsHz:0.00000e+00
Node 26, SINR:1.71131e+00, BpsHz:1.19916e-01
Node 36, SINR:1.71131e+00, BpsHz:1.19916e-01
Node 37, SINR:1.71131e+00, BpsHz:1.19916e-01
Node 46, SINR:1.71131e+00, BpsHz:1.19916e-01
Node 72, SINR:1.71131e+00, BpsHz:1.19916e-01
Node 4, SINR:1.71131e+00, BpsHz:1.19916e-01
Node 64, SINR:1.71131e+00, BpsHz:1.19916e-01
Node 168, SINR:1.71131e+00, BpsHz:1.19916e-01
Node 83, SINR:1.71131e+00, BpsHz:1.19916e-01
Node 108, SINR:1.71131e+00, BpsHz:1.19916e-01
Node 45, SINR:1.71131e+00, BpsHz:1.19916e-01
---------------
==========Cluster 10, RcvInterf=2.35394e-14============
Node 96, SINR:5.15274e-01, BpsHz:1.19916e-01
Node 138, SINR:0.00000e+00, BpsHz:0.00000e+00
Node 62, SINR:5.15274e-01, BpsHz:1.19916e-01
Node 56, SINR:5.15274e-01, BpsHz:1.19916e-01
Node 152, SINR:5.15274e-01, BpsHz:1.19916e-01
Node 27, SINR:5.15274e-01, BpsHz:1.19916e-01
---------------
==========Cluster 11, RcvInterf=2.28402e-14============
Node 14, SINR:6.46605e-01, BpsHz:1.19916e-01
Node 113, SINR:6.46605e-01, BpsHz:1.19916e-01
Node 116, SINR:6.46605e-01, BpsHz:1.19916e-01
Node 170, SINR:0.00000e+00, BpsHz:0.00000e+00
Node 44, SINR:6.46605e-01, BpsHz:1.19916e-01
Node 23, SINR:6.46605e-01, BpsHz:1.19916e-01
Node 127, SINR:6.46605e-01, BpsHz:1.19916e-01
---------------
==========Cluster 12, RcvInterf=1.92581e-13============
Node 89, SINR:0.00000e+00, BpsHz:0.00000e+00
Node 25, SINR:1.80855e-01, BpsHz:1.19916e-01
Node 101, SINR:1.80855e-01, BpsHz:1.19916e-01
---------------
==========Cluster 13, RcvInterf=5.62887e-14============
Node 35, SINR:0.00000e+00, BpsHz:0.00000e+00
Node 172, SINR:1.80855e-01, BpsHz:1.19916e-01
Node 106, SINR:1.80855e-01, BpsHz:1.19916e-01
---------------
==========Cluster 14, RcvInterf=3.37130e-14============
Node 8, SINR:1.49506e+00, BpsHz:1.19916e-01
Node 52, SINR:1.49506e+00, BpsHz:1.19916e-01
Node 84, SINR:0.00000e+00, BpsHz:0.00000e+00
Node 55, SINR:1.49506e+00, BpsHz:1.19916e-01
Node 57, SINR:1.49506e+00, BpsHz:1.19916e-01
Node 191, SINR:1.49506e+00, BpsHz:1.19916e-01
Node 92, SINR:1.49506e+00, BpsHz:1.19916e-01
Node 63, SINR:1.49506e+00, BpsHz:1.19916e-01
Node 111, SINR:1.49506e+00, BpsHz:1.19916e-01
Node 126, SINR:1.49506e+00, BpsHz:1.19916e-01
Node 122, SINR:1.49506e+00, BpsHz:1.19916e-01
Node 74, SINR:1.49506e+00, BpsHz:1.19916e-01
---------------
==========Cluster 15, RcvInterf=5.75231e-14============
Node 3, SINR:7.89318e-01, BpsHz:1.19916e-01
Node 119, SINR:7.89318e-01, BpsHz:1.19916e-01
Node 135, SINR:7.89318e-01, BpsHz:1.19916e-01
Node 139, SINR:7.89318e-01, BpsHz:1.19916e-01
Node 174, SINR:7.89318e-01, BpsHz:1.19916e-01
Node 181, SINR:0.00000e+00, BpsHz:0.00000e+00
Node 145, SINR:7.89318e-01, BpsHz:1.19916e-01
Node 73, SINR:7.89318e-01, BpsHz:1.19916e-01
---------------
==========Cluster 16, RcvInterf=6.72761e-14============
Node 47, SINR:1.49506e+00, BpsHz:1.19916e-01
Node 80, SINR:1.49506e+00, BpsHz:1.19916e-01
Node 141, SINR:1.49506e+00, BpsHz:1.19916e-01
Node 154, SINR:0.00000e+00, BpsHz:0.00000e+00
Node 155, SINR:1.49506e+00, BpsHz:1.19916e-01
Node 175, SINR:1.49506e+00, BpsHz:1.19916e-01
Node 185, SINR:1.49506e+00, BpsHz:1.19916e-01
Node 34, SINR:1.49506e+00, BpsHz:1.19916e-01
Node 105, SINR:1.49506e+00, BpsHz:1.19916e-01
Node 120, SINR:1.49506e+00, BpsHz:1.19916e-01
Node 98, SINR:1.49506e+00, BpsHz:1.19916e-01
Node 20, SINR:1.49506e+00, BpsHz:1.19916e-01
---------------
==========Cluster 17, RcvInterf=8.07694e-14============
Node 11, SINR:0.00000e+00, BpsHz:0.00000e+00
Node 50, SINR:1.29605e+00, BpsHz:1.19916e-01
Node 121, SINR:1.29605e+00, BpsHz:1.19916e-01
Node 147, SINR:1.29605e+00, BpsHz:1.19916e-01
Node 150, SINR:1.29605e+00, BpsHz:1.19916e-01
Node 176, SINR:1.29605e+00, BpsHz:1.19916e-01
Node 186, SINR:1.29605e+00, BpsHz:1.19916e-01
Node 6, SINR:1.29605e+00, BpsHz:1.19916e-01
Node 183, SINR:1.29605e+00, BpsHz:1.19916e-01
Node 28, SINR:1.29605e+00, BpsHz:1.19916e-01
Node 22, SINR:1.29605e+00, BpsHz:1.19916e-01
---------------
==========Cluster 18, RcvInterf=7.78901e-14============
Node 58, SINR:9.44401e-01, BpsHz:1.19916e-01
Node 86, SINR:9.44401e-01, BpsHz:1.19916e-01
Node 134, SINR:0.00000e+00, BpsHz:0.00000e+00
Node 38, SINR:9.44401e-01, BpsHz:1.19916e-01
Node 15, SINR:9.44401e-01, BpsHz:1.19916e-01
Node 49, SINR:9.44401e-01, BpsHz:1.19916e-01
Node 136, SINR:9.44401e-01, BpsHz:1.19916e-01
Node 132, SINR:9.44401e-01, BpsHz:1.19916e-01
Node 194, SINR:9.44401e-01, BpsHz:1.19916e-01
---------------
