195
17
1.000000e-03
1.931016e-312
130
3000
1.410060e+01
5.474854e-01
1.410060e-05
6.173735e-07
0 0 0 0 0 0 0 0 0 0 0 0 0 0 1 0 0 0 0 0 0 0 0 1 0 0 0 0 0 0 0 0 0 0 0 1 0 0 0 0 0 0 0 0 1 0 0 0 0 0 0 0 0 0 0 0 0 0 0 0 0 0 0 0 0 0 0 0 0 0 0 0 0 0 0 0 0 0 0 0 0 0 0 0 0 0 0 0 0 0 0 0 0 0 0 0 0 0 0 0 0 0 0 0 0 0 0 0 0 0 0 0 0 1 0 0 1 0 0 0 0 0 0 0 0 0 0 1 0 0 0 0 0 0 0 0 0 0 0 0 0 0 0 0 0 0 0 0 0 0 0 0 0 0 0 0 0 0 0 0 0 0 0 0 0 0 1 0 0 0 1 0 1 0 0 0 0 0 0 0 0 0 0 0 0 0 0 0 0 0 0 0 0 0 0 
0 0 0 0 0 0 0 0 0 0 0 0 0 0 0 0 0 0 0 0 0 0 0 0 0 0 0 0 0 0 0 0 0 0 0 0 0 0 0 0 0 0 0 0 0 0 0 0 0 0 0 0 0 0 0 0 1 0 0 0 0 0 1 0 0 0 0 0 0 0 0 0 0 0 0 0 0 0 0 0 0 0 0 0 0 0 0 0 0 0 0 0 0 0 0 0 1 0 0 0 0 0 0 0 0 0 0 0 0 0 0 0 0 0 0 0 0 0 0 0 0 0 0 0 0 0 0 0 0 0 0 0 0 0 0 0 0 0 1 0 0 0 0 0 0 0 0 0 0 0 0 0 0 0 0 0 0 0 0 0 0 0 0 0 0 0 0 0 0 0 0 0 0 0 0 0 0 0 0 0 0 0 0 0 0 0 0 0 0 0 0 0 0 0 0 
0 0 0 0 0 0 0 0 0 0 0 0 0 0 0 0 0 0 0 0 1 0 0 0 0 0 0 0 0 1 0 0 0 0 1 0 0 0 0 0 1 0 0 0 0 0 0 0 0 0 0 0 0 0 0 0 0 0 0 0 0 0 0 0 0 0 0 0 0 1 0 0 0 0 0 0 0 0 0 0 1 0 0 0 0 0 0 0 0 0 0 0 0 0 0 0 0 0 0 0 0 0 0 0 0 0 0 0 0 0 0 0 0 0 0 0 0 0 0 0 0 0 0 0 0 0 0 0 0 0 0 0 0 0 0 0 0 0 0 0 0 0 0 0 0 0 0 0 0 0 0 0 0 0 1 0 0 0 0 0 0 0 0 0 0 0 0 0 0 0 0 0 0 0 0 0 0 0 0 0 0 0 0 0 0 0 0 0 0 0 0 0 0 0 0 
0 0 0 0 0 0 0 0 0 0 0 0 0 1 0 0 0 0 0 1 0 0 0 0 0 0 0 0 0 0 0 0 0 0 0 0 0 0 0 0 0 0 0 0 0 0 0 0 0 0 0 0 0 0 1 0 0 0 0 0 0 0 0 0 0 1 0 0 0 0 0 0 0 0 0 0 0 0 0 0 0 1 0 0 0 1 0 1 1 0 0 0 0 0 0 0 0 0 0 0 1 0 1 0 1 0 0 0 0 0 0 0 0 0 0 0 0 0 0 0 0 0 0 0 0 0 0 0 0 0 0 0 0 0 0 0 0 0 0 0 0 0 0 0 0 0 0 0 0 0 0 0 0 0 0 0 0 0 0 0 1 0 0 0 0 0 0 0 0 0 0 0 0 0 0 0 0 0 0 0 0 0 1 0 0 0 0 0 0 0 0 0 0 0 0 
1 0 0 0 1 0 0 1 0 0 0 0 0 0 0 0 0 0 0 0 0 0 0 0 0 0 0 0 0 0 0 0 0 0 0 0 0 0 0 0 0 0 0 0 0 0 1 0 0 0 0 0 0 0 0 0 0 0 0 0 0 0 0 0 0 0 0 0 0 0 0 0 0 0 0 0 0 1 0 0 0 0 0 0 0 0 0 0 0 0 0 0 0 1 0 0 0 0 0 0 0 0 0 0 0 0 0 0 0 0 0 0 0 0 0 0 0 0 0 0 1 0 0 0 0 0 0 0 0 0 0 0 0 0 0 0 0 0 0 0 0 0 0 0 0 0 0 0 0 0 0 0 0 0 0 1 0 0 0 0 0 0 0 0 0 0 0 0 1 0 0 1 0 0 0 0 0 0 0 0 0 0 0 0 0 0 0 0 0 0 0 0 0 0 0 
0 0 0 0 0 0 0 0 0 0 0 0 0 0 0 0 0 0 0 0 0 0 0 0 0 0 0 0 0 0 0 1 0 0 0 0 0 0 0 0 0 1 0 0 0 0 0 0 0 0 0 0 0 0 0 0 0 0 0 0 0 0 0 0 0 0 0 0 0 0 0 0 0 0 0 0 0 0 0 0 0 0 0 0 0 0 0 0 0 0 0 0 0 0 0 0 0 0 0 0 0 0 0 0 0 0 0 0 0 0 0 0 0 0 0 0 0 1 0 0 0 0 0 1 0 0 0 0 0 0 0 0 0 0 0 0 0 0 0 0 0 0 1 0 0 0 0 0 0 0 0 0 0 0 0 0 0 0 0 0 0 0 0 0 0 0 0 0 0 0 0 0 0 0 0 0 0 0 0 0 0 0 0 0 0 0 0 1 0 0 0 0 0 0 0 
0 0 0 0 0 0 0 0 0 0 0 0 1 0 0 0 0 0 0 0 0 0 1 0 1 0 0 0 0 0 0 0 0 0 0 0 0 0 0 0 0 0 0 0 0 0 0 0 0 0 0 0 0 0 0 0 0 0 0 0 0 0 0 0 0 0 0 0 0 0 0 0 0 0 0 0 1 0 0 0 0 0 1 0 0 0 0 0 0 0 0 0 0 0 0 0 0 0 0 0 0 0 0 0 0 0 0 0 0 0 0 0 0 0 0 0 0 0 0 0 0 0 0 0 0 0 0 0 0 0 0 0 0 0 0 0 0 0 0 0 0 0 0 0 0 0 0 0 0 0 0 0 0 0 0 0 1 0 0 1 0 0 0 0 0 0 0 0 0 0 0 0 0 0 0 0 0 0 0 0 0 0 0 0 0 0 0 0 0 0 0 0 0 0 0 
0 0 0 0 0 0 0 0 0 0 0 0 0 0 0 0 0 0 0 0 0 0 0 0 0 0 0 0 0 0 0 0 0 0 0 0 0 0 0 0 0 0 0 1 0 0 0 0 0 0 0 0 0 0 0 0 0 0 0 1 0 0 0 0 0 0 0 0 0 0 0 0 0 0 0 0 0 0 0 0 0 0 0 0 0 0 0 0 0 0 1 0 0 0 0 0 0 0 0 0 0 0 0 0 0 0 0 0 0 0 1 0 0 0 0 0 0 0 0 0 0 0 0 0 0 1 0 0 0 0 0 0 0 0 0 0 0 0 0 0 0 0 0 0 0 0 0 0 1 0 0 0 0 0 0 0 0 0 0 0 0 0 1 0 0 0 0 0 0 0 0 0 0 0 0 0 0 0 0 0 0 0 0 0 0 0 0 0 0 0 0 0 1 0 0 
0 0 0 0 0 0 0 0 0 0 0 0 0 0 0 0 0 0 0 0 0 0 0 0 0 0 0 0 0 0 0 0 0 0 0 0 0 0 0 0 0 0 1 0 0 0 0 0 0 0 0 0 0 0 0 0 0 0 0 0 0 1 0 0 0 0 0 0 0 0 0 0 0 0 0 0 0 0 0 0 0 0 0 0 0 0 0 0 0 0 0 0 0 0 0 0 0 0 0 0 0 0 0 0 0 0 0 1 0 0 0 0 0 0 0 0 0 0 0 0 0 0 0 0 0 0 0 0 0 0 0 0 0 0 0 0 0 0 0 0 0 0 0 0 0 0 0 0 0 0 0 0 0 0 0 0 0 0 0 0 0 0 0 0 0 0 0 0 0 0 0 0 0 1 0 0 0 0 0 0 0 0 0 0 0 0 0 0 0 0 1 0 0 0 0 
0 0 0 0 0 0 0 0 0 0 0 0 0 0 0 1 0 0 0 0 0 0 0 0 0 0 0 0 0 0 0 0 0 0 0 0 0 0 1 0 0 0 0 0 0 0 0 0 0 1 0 0 0 0 0 0 0 1 1 0 0 0 0 0 0 0 0 0 0 0 0 0 0 0 0 0 0 0 0 0 0 0 0 0 0 0 1 0 0 0 0 0 0 0 0 0 0 0 0 0 0 0 0 0 0 0 0 0 0 0 0 0 0 0 0 0 0 0 0 0 0 0 1 0 0 0 0 0 0 0 0 0 1 0 1 0 1 0 0 0 0 0 0 0 0 0 1 0 0 0 0 0 0 0 0 0 0 0 0 0 0 0 0 0 0 0 0 0 0 0 0 0 0 0 0 0 0 0 0 0 0 0 0 0 0 0 0 0 0 0 0 0 0 0 1 
0 0 0 0 0 0 1 0 0 0 0 1 0 0 0 0 0 0 0 0 0 0 0 0 0 0 0 0 1 0 0 0 0 0 0 0 0 0 0 0 0 0 0 0 0 0 0 0 0 0 1 0 0 0 0 0 0 0 0 0 0 0 0 0 0 0 0 0 0 0 0 0 0 0 0 0 0 0 0 0 0 0 0 0 0 0 0 0 0 0 0 0 0 0 0 0 0 0 0 0 0 0 0 0 0 0 0 0 0 0 0 0 0 0 0 0 0 0 0 0 0 1 0 0 0 0 0 0 0 0 0 0 0 0 0 0 0 0 0 0 0 0 0 0 0 0 0 1 0 0 1 0 0 0 0 0 0 0 0 0 0 0 0 0 0 0 0 0 0 0 0 0 0 0 0 0 1 0 0 0 0 0 0 0 0 0 1 0 0 0 0 0 0 0 0 
0 0 0 0 0 1 0 0 0 1 0 0 0 0 0 0 0 0 0 0 0 0 0 0 0 0 0 0 0 0 0 0 0 0 0 0 1 1 0 0 0 0 0 0 0 1 0 0 0 0 0 0 0 1 0 0 0 0 0 0 1 0 0 0 1 0 0 0 0 0 0 0 1 0 0 0 0 0 0 0 0 0 0 0 0 0 0 0 0 0 0 0 0 0 0 0 0 0 0 1 0 0 0 0 0 0 0 0 1 0 0 0 0 0 1 0 0 0 0 0 0 0 0 0 0 0 0 0 0 0 0 1 0 0 0 0 0 0 0 0 0 0 0 0 0 0 0 0 0 0 0 0 0 0 0 0 0 0 0 0 0 0 0 0 0 0 0 0 0 0 0 0 0 0 0 0 0 0 0 0 0 0 0 0 0 0 0 0 0 0 0 0 0 0 0 
0 0 0 0 0 0 0 0 0 0 0 0 0 0 0 0 0 0 1 0 0 0 0 0 0 0 0 0 0 0 0 0 0 1 0 0 0 0 0 0 0 0 0 0 0 0 0 0 0 0 0 1 0 0 0 0 0 0 0 0 0 0 0 0 0 0 0 0 1 0 0 0 0 0 0 0 0 0 0 0 0 0 0 0 0 0 0 0 0 0 0 0 0 0 0 0 0 0 0 0 0 0 0 0 0 0 1 0 0 1 0 0 0 0 0 0 0 0 0 0 0 0 0 0 0 0 0 0 0 0 1 0 0 0 0 0 0 0 0 0 0 0 0 0 0 0 0 0 0 1 0 0 0 0 0 0 0 0 0 0 0 0 0 0 0 0 0 0 0 0 0 0 0 0 0 0 0 1 0 1 0 0 0 0 0 0 0 0 0 1 0 0 0 0 0 
0 1 0 0 0 0 0 0 0 0 0 0 0 0 0 0 0 0 0 0 0 1 0 0 0 0 0 0 0 0 0 0 0 0 0 0 0 0 0 1 0 0 0 0 0 0 0 0 0 0 0 0 0 0 0 0 0 0 0 0 0 0 0 0 0 0 0 0 0 0 0 0 0 0 0 0 0 0 1 0 0 0 0 0 0 0 0 0 0 0 0 0 0 0 0 0 0 0 0 0 0 0 0 0 0 0 0 0 0 0 0 0 1 0 0 0 0 0 0 0 0 0 0 0 1 0 0 0 0 0 0 0 0 0 0 0 0 0 0 0 0 0 0 0 0 0 0 0 0 0 0 0 0 0 0 0 0 0 0 0 0 0 0 0 0 0 0 0 0 0 0 0 0 0 0 0 0 0 0 0 0 0 0 0 0 0 0 0 1 0 0 0 0 0 0 
0 0 0 0 0 0 0 0 0 0 1 0 0 0 0 0 0 0 0 0 0 0 0 0 0 0 0 0 0 0 0 0 0 0 0 0 0 0 0 0 0 0 0 0 0 0 0 0 0 0 0 0 1 0 0 0 0 0 0 0 0 0 0 1 0 0 0 0 0 0 0 0 0 0 1 0 0 0 0 0 0 0 0 0 1 0 0 0 0 0 0 0 1 0 0 0 0 0 1 0 0 0 0 0 0 0 0 0 0 0 0 1 0 0 0 0 0 0 0 0 0 0 0 0 0 0 1 0 0 0 0 0 0 0 0 0 0 0 0 0 0 0 0 0 0 0 0 0 0 0 0 0 0 0 0 0 0 0 0 0 0 0 0 0 0 0 0 0 0 0 0 0 0 0 0 0 0 0 0 0 0 0 0 0 0 1 0 0 0 0 0 0 0 0 0 
0 0 0 1 0 0 0 0 0 0 0 0 0 0 0 0 0 0 0 0 0 0 0 0 0 0 0 0 0 0 0 0 0 0 0 0 0 0 0 0 0 0 0 0 0 0 0 0 0 0 0 0 0 0 0 0 0 0 0 0 0 0 0 0 0 0 0 0 0 0 0 0 0 1 0 0 0 0 0 0 0 0 0 0 0 0 0 0 0 0 0 1 0 0 0 0 0 0 0 0 0 0 0 0 0 0 0 0 0 0 0 0 0 0 0 0 0 0 0 0 0 0 0 0 0 0 0 0 0 0 0 0 0 0 0 1 0 0 0 1 0 0 0 0 0 0 0 0 0 0 0 0 0 0 0 0 0 0 1 0 0 0 0 0 0 0 0 0 0 0 0 0 0 0 1 0 0 0 0 0 0 1 0 0 0 0 0 0 0 0 0 0 0 0 0 
0 0 0 0 0 0 0 0 0 0 0 0 0 0 0 0 0 0 0 0 0 0 0 0 0 0 0 0 0 0 1 0 0 0 0 0 0 0 0 0 0 0 0 0 0 0 0 0 0 0 0 0 0 0 0 1 0 0 0 0 0 0 0 0 0 0 1 0 0 0 0 0 0 0 0 0 0 0 0 0 0 0 0 0 0 0 0 0 0 0 0 0 0 0 0 0 0 1 0 0 0 0 0 0 0 0 0 0 0 0 0 0 0 0 0 0 0 0 0 0 0 0 0 0 0 0 0 0 0 0 0 0 0 0 0 0 0 0 0 0 0 0 0 0 0 0 0 0 0 0 0 1 0 1 0 0 0 0 0 0 0 0 0 1 0 0 0 0 0 0 0 0 0 0 0 0 0 0 0 0 0 0 0 0 0 0 0 0 0 0 0 0 0 0 0 
114 139 35 89 78 143 83 126 43 135 12 65 34 22 127 136 67 
1.083389E-04 4.460418E-06 0.000000E+00 4.254228E-06 6.544832E-06 1.243399E-04 6.159631E-05 1.415942E-04 0.000000E+00 2.925372E-05 1.412590E-04 0.000000E+00 7.329165E-06 1.688752E-04 3.886019E-06 5.810438E-05 0.000000E+00 0.000000E+00 5.961177E-05 6.308643E-05 1.056936E-06 0.000000E+00 9.093376E-06 1.875836E-06 1.033904E-06 0.000000E+00 0.000000E+00 0.000000E+00 4.462053E-05 3.139986E-05 2.488511E-07 7.510941E-07 0.000000E+00 0.000000E+00 0.000000E+00 1.264975E-05 7.777694E-05 6.780793E-06 6.801430E-06 9.832500E-06 4.187201E-06 1.329335E-05 0.000000E+00 4.617196E-06 3.694386E-05 1.229779E-06 4.322355E-05 0.000000E+00 0.000000E+00 6.859735E-05 1.560213E-06 1.243089E-05 6.585968E-05 6.857485E-04 9.999193E-04 9.105070E-05 4.398920E-07 3.668457E-04 1.563649E-07 1.198714E-05 3.169491E-05 4.192197E-06 1.122487E-07 3.435297E-06 0.000000E+00 3.860992E-04 0.000000E+00 0.000000E+00 1.635075E-06 1.471082E-04 0.000000E+00 0.000000E+00 2.941099E-07 7.141375E-07 1.897715E-05 0.000000E+00 1.295226E-08 0.000000E+00 2.509207E-06 0.000000E+00 2.922409E-05 2.329817E-06 0.000000E+00 0.000000E+00 4.541339E-04 2.054680E-05 1.091767E-05 3.203244E-05 0.000000E+00 0.000000E+00 1.472194E-06 6.903245E-06 1.578242E-06 2.369714E-06 0.000000E+00 0.000000E+00 7.307649E-08 1.527933E-07 1.609851E-04 7.621687E-04 7.121307E-04 0.000000E+00 4.734623E-05 0.000000E+00 7.376283E-05 0.000000E+00 8.603269E-05 4.021678E-05 8.669766E-06 2.230028E-05 1.501407E-06 1.723343E-04 2.303856E-06 0.000000E+00 2.731520E-04 0.000000E+00 1.008996E-05 1.127852E-05 0.000000E+00 0.000000E+00 1.100033E-04 1.228838E-06 7.649289E-04 4.373020E-06 6.309668E-05 0.000000E+00 0.000000E+00 5.819960E-05 0.000000E+00 0.000000E+00 1.473643E-04 1.199478E-05 2.585592E-04 0.000000E+00 0.000000E+00 0.000000E+00 1.259619E-04 0.000000E+00 0.000000E+00 3.451404E-07 0.000000E+00 0.000000E+00 0.000000E+00 0.000000E+00 0.000000E+00 0.000000E+00 1.176687E-04 3.970945E-06 1.158337E-05 2.485524E-05 7.779021E-07 7.938272E-05 0.000000E+00 8.714549E-06 5.899501E-05 6.726012E-04 1.975092E-05 0.000000E+00 4.736610E-06 1.199525E-05 2.680524E-04 0.000000E+00 2.424968E-05 5.753567E-05 0.000000E+00 0.000000E+00 1.646663E-05 0.000000E+00 3.014298E-07 0.000000E+00 1.697122E-07 6.631250E-05 5.551836E-06 5.560970E-07 1.919735E-05 0.000000E+00 1.479097E-05 3.205604E-04 0.000000E+00 1.064556E-05 0.000000E+00 9.012438E-07 3.016243E-05 0.000000E+00 0.000000E+00 9.466651E-05 3.210360E-05 1.225817E-05 1.533829E-07 3.773167E-05 4.140240E-06 0.000000E+00 3.651805E-04 0.000000E+00 1.240142E-04 
15 24 114 117 171 173 45 167 36 128 
97 139 63 57 
35 21 41 81 155 30 70 
14 20 82 86 88 89 103 105 161 183 55 101 66 
5 47 78 94 121 169 172 1 8 156 
32 118 143 124 188 42 
13 25 77 83 160 23 157 
44 91 111 126 149 60 163 193 
43 174 62 191 108 
16 39 50 59 87 135 147 137 133 195 58 123 
12 51 122 148 151 177 187 7 29 
10 37 38 46 61 65 73 109 115 132 100 6 54 
19 34 52 69 110 150 180 190 131 107 178 
2 22 189 113 79 40 125 
53 64 75 93 127 11 186 112 99 85 
74 136 140 182 4 92 159 175 
31 67 98 154 152 56 164 

============Find Best @ Round 2022================
==========Cluster 0, RcvInterf=9.83279e-14============
Node 14, SINR:8.88925e-01, BpsHz:1.01952e-01
Node 23, SINR:8.88925e-01, BpsHz:1.01952e-01
Node 113, SINR:0.00000e+00, BpsHz:0.00000e+00
Node 116, SINR:8.88925e-01, BpsHz:1.01952e-01
Node 170, SINR:8.88925e-01, BpsHz:1.01952e-01
Node 172, SINR:8.88925e-01, BpsHz:1.01952e-01
Node 44, SINR:8.88925e-01, BpsHz:1.01952e-01
Node 166, SINR:8.88925e-01, BpsHz:1.01952e-01
Node 35, SINR:8.88925e-01, BpsHz:1.01952e-01
Node 127, SINR:8.88925e-01, BpsHz:1.01952e-01
---------------
==========Cluster 1, RcvInterf=2.88540e-14============
Node 96, SINR:2.36151e-01, BpsHz:1.01952e-01
Node 138, SINR:0.00000e+00, BpsHz:0.00000e+00
Node 62, SINR:2.36151e-01, BpsHz:1.01952e-01
Node 56, SINR:2.36151e-01, BpsHz:1.01952e-01
---------------
==========Cluster 2, RcvInterf=2.03389e-13============
Node 34, SINR:0.00000e+00, BpsHz:0.00000e+00
Node 20, SINR:5.28070e-01, BpsHz:1.01952e-01
Node 40, SINR:5.28070e-01, BpsHz:1.01952e-01
Node 80, SINR:5.28070e-01, BpsHz:1.01952e-01
Node 154, SINR:5.28070e-01, BpsHz:1.01952e-01
Node 29, SINR:5.28070e-01, BpsHz:1.01952e-01
Node 69, SINR:5.28070e-01, BpsHz:1.01952e-01
---------------
==========Cluster 3, RcvInterf=8.77871e-14============
Node 13, SINR:1.33500e+00, BpsHz:1.01952e-01
Node 19, SINR:1.33500e+00, BpsHz:1.01952e-01
Node 81, SINR:1.33500e+00, BpsHz:1.01952e-01
Node 85, SINR:1.33500e+00, BpsHz:1.01952e-01
Node 87, SINR:1.33500e+00, BpsHz:1.01952e-01
Node 88, SINR:0.00000e+00, BpsHz:0.00000e+00
Node 102, SINR:1.33500e+00, BpsHz:1.01952e-01
Node 104, SINR:1.33500e+00, BpsHz:1.01952e-01
Node 160, SINR:1.33500e+00, BpsHz:1.01952e-01
Node 182, SINR:1.33500e+00, BpsHz:1.01952e-01
Node 54, SINR:1.33500e+00, BpsHz:1.01952e-01
Node 100, SINR:1.33500e+00, BpsHz:1.01952e-01
Node 65, SINR:1.33500e+00, BpsHz:1.01952e-01
---------------
==========Cluster 4, RcvInterf=2.36908e-13============
Node 4, SINR:8.88925e-01, BpsHz:1.01952e-01
Node 46, SINR:8.88925e-01, BpsHz:1.01952e-01
Node 77, SINR:0.00000e+00, BpsHz:0.00000e+00
Node 93, SINR:8.88925e-01, BpsHz:1.01952e-01
Node 120, SINR:8.88925e-01, BpsHz:1.01952e-01
Node 168, SINR:8.88925e-01, BpsHz:1.01952e-01
Node 171, SINR:8.88925e-01, BpsHz:1.01952e-01
Node 0, SINR:8.88925e-01, BpsHz:1.01952e-01
Node 7, SINR:8.88925e-01, BpsHz:1.01952e-01
Node 155, SINR:8.88925e-01, BpsHz:1.01952e-01
---------------
==========Cluster 5, RcvInterf=8.73700e-14============
Node 31, SINR:4.23812e-01, BpsHz:1.01952e-01
Node 117, SINR:4.23812e-01, BpsHz:1.01952e-01
Node 142, SINR:0.00000e+00, BpsHz:0.00000e+00
Node 123, SINR:4.23812e-01, BpsHz:1.01952e-01
Node 187, SINR:4.23812e-01, BpsHz:1.01952e-01
Node 41, SINR:4.23812e-01, BpsHz:1.01952e-01
---------------
==========Cluster 6, RcvInterf=4.30313e-14============
Node 12, SINR:5.28070e-01, BpsHz:1.01952e-01
Node 24, SINR:5.28070e-01, BpsHz:1.01952e-01
Node 76, SINR:5.28070e-01, BpsHz:1.01952e-01
Node 82, SINR:0.00000e+00, BpsHz:0.00000e+00
Node 159, SINR:5.28070e-01, BpsHz:1.01952e-01
Node 22, SINR:5.28070e-01, BpsHz:1.01952e-01
Node 156, SINR:5.28070e-01, BpsHz:1.01952e-01
---------------
==========Cluster 7, RcvInterf=2.11317e-13============
Node 43, SINR:6.39962e-01, BpsHz:1.01952e-01
Node 90, SINR:6.39962e-01, BpsHz:1.01952e-01
Node 110, SINR:6.39962e-01, BpsHz:1.01952e-01
Node 125, SINR:0.00000e+00, BpsHz:0.00000e+00
Node 148, SINR:6.39962e-01, BpsHz:1.01952e-01
Node 59, SINR:6.39962e-01, BpsHz:1.01952e-01
Node 162, SINR:6.39962e-01, BpsHz:1.01952e-01
Node 192, SINR:6.39962e-01, BpsHz:1.01952e-01
---------------
==========Cluster 8, RcvInterf=2.79715e-13============
Node 42, SINR:0.00000e+00, BpsHz:0.00000e+00
Node 173, SINR:3.26668e-01, BpsHz:1.01952e-01
Node 61, SINR:3.26668e-01, BpsHz:1.01952e-01
Node 190, SINR:3.26668e-01, BpsHz:1.01952e-01
Node 107, SINR:3.26668e-01, BpsHz:1.01952e-01
---------------
==========Cluster 9, RcvInterf=9.41044e-14============
Node 15, SINR:1.17568e+00, BpsHz:1.01952e-01
Node 38, SINR:1.17568e+00, BpsHz:1.01952e-01
Node 49, SINR:1.17568e+00, BpsHz:1.01952e-01
Node 58, SINR:1.17568e+00, BpsHz:1.01952e-01
Node 86, SINR:1.17568e+00, BpsHz:1.01952e-01
Node 134, SINR:0.00000e+00, BpsHz:0.00000e+00
Node 146, SINR:1.17568e+00, BpsHz:1.01952e-01
Node 136, SINR:1.17568e+00, BpsHz:1.01952e-01
Node 132, SINR:1.17568e+00, BpsHz:1.01952e-01
Node 194, SINR:1.17568e+00, BpsHz:1.01952e-01
Node 57, SINR:1.17568e+00, BpsHz:1.01952e-01
Node 122, SINR:1.17568e+00, BpsHz:1.01952e-01
---------------
==========Cluster 10, RcvInterf=6.30428e-14============
Node 11, SINR:0.00000e+00, BpsHz:0.00000e+00
Node 50, SINR:7.60047e-01, BpsHz:1.01952e-01
Node 121, SINR:7.60047e-01, BpsHz:1.01952e-01
Node 147, SINR:7.60047e-01, BpsHz:1.01952e-01
Node 150, SINR:7.60047e-01, BpsHz:1.01952e-01
Node 176, SINR:7.60047e-01, BpsHz:1.01952e-01
Node 186, SINR:7.60047e-01, BpsHz:1.01952e-01
Node 6, SINR:7.60047e-01, BpsHz:1.01952e-01
Node 28, SINR:7.60047e-01, BpsHz:1.01952e-01
---------------
==========Cluster 11, RcvInterf=4.41080e-14============
Node 9, SINR:1.33500e+00, BpsHz:1.01952e-01
Node 36, SINR:1.33500e+00, BpsHz:1.01952e-01
Node 37, SINR:1.33500e+00, BpsHz:1.01952e-01
Node 45, SINR:1.33500e+00, BpsHz:1.01952e-01
Node 60, SINR:1.33500e+00, BpsHz:1.01952e-01
Node 64, SINR:0.00000e+00, BpsHz:0.00000e+00
Node 72, SINR:1.33500e+00, BpsHz:1.01952e-01
Node 108, SINR:1.33500e+00, BpsHz:1.01952e-01
Node 114, SINR:1.33500e+00, BpsHz:1.01952e-01
Node 131, SINR:1.33500e+00, BpsHz:1.01952e-01
Node 99, SINR:1.33500e+00, BpsHz:1.01952e-01
Node 5, SINR:1.33500e+00, BpsHz:1.01952e-01
Node 53, SINR:1.33500e+00, BpsHz:1.01952e-01
---------------
==========Cluster 12, RcvInterf=1.24306e-13============
Node 18, SINR:1.02724e+00, BpsHz:1.01952e-01
Node 33, SINR:0.00000e+00, BpsHz:0.00000e+00
Node 51, SINR:1.02724e+00, BpsHz:1.01952e-01
Node 68, SINR:1.02724e+00, BpsHz:1.01952e-01
Node 109, SINR:1.02724e+00, BpsHz:1.01952e-01
Node 149, SINR:1.02724e+00, BpsHz:1.01952e-01
Node 179, SINR:1.02724e+00, BpsHz:1.01952e-01
Node 189, SINR:1.02724e+00, BpsHz:1.01952e-01
Node 130, SINR:1.02724e+00, BpsHz:1.01952e-01
Node 106, SINR:1.02724e+00, BpsHz:1.01952e-01
Node 177, SINR:1.02724e+00, BpsHz:1.01952e-01
---------------
==========Cluster 13, RcvInterf=8.26262e-14============
Node 1, SINR:5.28070e-01, BpsHz:1.01952e-01
Node 21, SINR:0.00000e+00, BpsHz:0.00000e+00
Node 188, SINR:5.28070e-01, BpsHz:1.01952e-01
Node 112, SINR:5.28070e-01, BpsHz:1.01952e-01
Node 78, SINR:5.28070e-01, BpsHz:1.01952e-01
Node 39, SINR:5.28070e-01, BpsHz:1.01952e-01
Node 124, SINR:5.28070e-01, BpsHz:1.01952e-01
---------------
==========Cluster 14, RcvInterf=2.88556e-13============
Node 52, SINR:8.88925e-01, BpsHz:1.01952e-01
Node 63, SINR:8.88925e-01, BpsHz:1.01952e-01
Node 74, SINR:8.88925e-01, BpsHz:1.01952e-01
Node 92, SINR:8.88925e-01, BpsHz:1.01952e-01
Node 126, SINR:0.00000e+00, BpsHz:0.00000e+00
Node 10, SINR:8.88925e-01, BpsHz:1.01952e-01
Node 185, SINR:8.88925e-01, BpsHz:1.01952e-01
Node 111, SINR:8.88925e-01, BpsHz:1.01952e-01
Node 98, SINR:8.88925e-01, BpsHz:1.01952e-01
Node 84, SINR:8.88925e-01, BpsHz:1.01952e-01
---------------
==========Cluster 15, RcvInterf=7.26429e-14============
Node 73, SINR:6.39962e-01, BpsHz:1.01952e-01
Node 135, SINR:0.00000e+00, BpsHz:0.00000e+00
Node 139, SINR:6.39962e-01, BpsHz:1.01952e-01
Node 181, SINR:6.39962e-01, BpsHz:1.01952e-01
Node 3, SINR:6.39962e-01, BpsHz:1.01952e-01
Node 91, SINR:6.39962e-01, BpsHz:1.01952e-01
Node 158, SINR:6.39962e-01, BpsHz:1.01952e-01
Node 174, SINR:6.39962e-01, BpsHz:1.01952e-01
---------------
==========Cluster 16, RcvInterf=1.81127e-13============
Node 30, SINR:5.28070e-01, BpsHz:1.01952e-01
Node 66, SINR:0.00000e+00, BpsHz:0.00000e+00
Node 97, SINR:5.28070e-01, BpsHz:1.01952e-01
Node 153, SINR:5.28070e-01, BpsHz:1.01952e-01
Node 151, SINR:5.28070e-01, BpsHz:1.01952e-01
Node 55, SINR:5.28070e-01, BpsHz:1.01952e-01
Node 163, SINR:5.28070e-01, BpsHz:1.01952e-01
---------------
