195
13
1.000000e-03
1.931016e-312
139
3000
1.499994e+01
7.077026e-01
1.499994e-05
6.756800e-07
0 0 0 0 0 0 0 0 0 0 0 0 0 1 0 0 0 0 0 1 0 0 0 0 0 0 0 0 0 0 0 0 0 0 0 0 0 0 0 0 0 0 0 0 0 0 0 0 0 0 0 0 0 0 1 0 0 0 0 0 0 0 0 0 0 1 0 0 0 0 0 0 0 0 0 0 0 0 0 0 0 1 0 0 0 1 0 0 1 0 0 0 0 0 0 0 0 0 0 0 1 0 1 0 0 0 0 0 0 0 0 0 0 0 0 0 0 0 0 0 0 0 0 0 0 0 0 0 0 0 0 0 0 0 0 0 0 0 0 0 0 0 0 0 0 0 0 0 0 0 0 0 0 0 0 0 0 0 0 0 1 1 0 0 0 0 0 0 0 0 0 0 0 0 0 0 0 0 0 0 0 0 1 0 0 0 0 0 0 0 0 0 0 0 0 
0 0 0 0 0 0 0 0 0 0 0 0 0 0 0 0 0 1 0 0 1 0 0 0 0 0 0 0 0 0 0 0 0 0 1 0 0 0 0 0 0 0 0 0 0 0 0 1 0 0 0 0 0 0 0 0 0 0 0 0 0 0 0 0 0 0 0 0 0 1 0 0 0 0 0 1 0 1 0 0 0 0 0 0 0 0 0 0 0 0 0 0 0 0 0 0 0 0 0 0 0 0 0 0 0 1 0 0 0 0 0 0 0 0 0 0 0 0 0 0 1 0 0 0 0 0 0 0 0 0 0 0 0 0 0 0 0 0 0 0 0 0 0 0 0 0 0 0 0 0 0 0 0 0 1 1 0 0 0 0 0 0 0 0 0 0 0 0 0 0 0 0 0 0 0 1 0 0 0 0 0 0 0 0 0 0 0 0 0 0 0 0 0 0 0 
0 0 0 0 0 0 0 0 0 0 0 0 0 0 0 1 0 0 0 0 0 1 0 0 0 0 0 0 0 0 0 0 0 0 0 0 0 0 1 1 0 0 0 0 0 0 0 0 1 1 0 0 0 0 0 0 0 0 1 0 0 0 0 0 0 0 0 0 0 0 0 0 0 0 0 0 0 0 1 0 0 0 0 0 0 0 1 0 0 0 0 0 0 0 1 0 0 0 0 0 0 0 0 0 0 0 0 0 0 0 0 0 1 0 0 0 0 0 0 0 0 0 0 0 0 0 0 0 0 0 0 0 1 0 1 0 1 0 0 0 0 0 0 0 0 0 1 0 0 0 0 0 0 0 0 0 0 0 0 0 0 0 0 0 0 0 0 0 0 0 0 0 0 0 0 0 0 0 0 0 0 0 0 0 1 0 0 0 1 0 0 0 0 0 1 
0 0 0 0 0 0 0 0 0 0 0 0 1 0 0 0 0 0 0 0 0 0 1 0 0 0 0 0 0 0 0 0 0 0 0 0 0 0 0 0 0 0 0 0 0 0 0 0 0 0 0 0 0 0 0 0 0 0 0 0 0 0 0 0 0 0 0 0 0 0 0 0 0 0 0 0 0 0 0 0 0 0 0 0 0 0 0 0 0 0 0 0 0 0 0 0 0 0 0 0 0 0 0 0 0 0 0 0 0 0 0 0 0 0 0 0 0 0 0 0 0 0 0 0 0 0 0 0 0 0 0 0 0 0 0 0 0 0 0 0 0 0 0 0 0 0 0 0 0 0 0 0 0 0 0 0 0 0 0 0 0 0 0 0 1 0 0 0 0 0 0 0 0 0 0 0 0 0 0 0 0 0 0 0 0 0 0 0 0 0 0 0 0 0 0 
0 0 0 0 0 0 0 0 0 0 0 0 0 0 1 0 0 0 1 0 0 0 0 0 0 0 0 0 0 0 0 0 0 1 0 1 0 0 0 0 0 0 0 0 1 0 0 0 0 0 0 1 0 0 0 0 0 0 0 0 0 0 0 0 0 0 0 0 1 0 0 0 0 0 0 0 0 0 0 0 0 0 0 0 0 0 0 0 0 0 0 0 0 0 0 0 0 0 0 0 0 0 0 0 0 0 1 0 0 1 0 0 0 1 0 0 1 0 0 0 0 0 0 0 0 0 0 0 0 0 1 0 0 0 0 0 0 0 0 0 0 0 0 0 0 0 0 0 0 1 0 0 0 0 0 0 0 0 0 0 0 0 0 0 0 1 1 0 0 0 1 0 1 0 0 0 0 1 0 1 0 0 0 0 0 0 0 0 0 1 0 0 0 0 0 
0 0 0 0 0 0 0 0 0 0 0 0 0 0 0 0 0 0 0 0 0 0 0 0 1 0 0 0 0 0 0 1 0 0 0 0 0 0 0 0 0 0 0 0 0 0 0 0 0 0 0 0 0 0 0 0 0 0 0 0 0 0 0 0 0 0 0 0 0 0 1 0 0 0 0 0 0 0 0 0 0 0 0 0 0 0 0 0 0 0 0 0 0 0 0 0 0 0 0 0 0 0 0 1 0 0 0 0 0 0 0 0 0 0 0 0 0 1 0 0 0 0 0 1 0 0 0 0 0 0 0 0 0 1 0 0 0 0 0 0 0 0 1 1 0 0 0 0 0 0 0 0 0 0 0 0 1 0 0 1 0 0 0 0 0 0 0 0 0 0 0 0 0 0 0 0 0 0 0 0 0 0 0 0 0 0 0 1 0 0 0 0 0 0 0 
0 0 0 0 0 0 0 0 0 0 1 0 0 0 0 0 0 0 0 0 0 0 0 0 0 1 0 0 0 0 0 0 0 0 0 0 0 0 0 0 0 0 0 0 0 0 0 0 0 0 0 0 0 0 0 0 0 0 0 0 0 0 0 1 0 0 0 0 0 0 0 0 0 0 0 0 0 0 0 0 0 0 0 0 0 0 0 0 0 1 0 0 0 0 0 0 0 0 1 0 0 0 0 0 0 0 0 0 0 0 0 0 0 0 0 0 0 0 0 0 0 0 0 0 0 0 1 0 0 0 0 0 0 0 0 0 0 0 0 0 0 0 0 0 0 0 0 0 0 0 0 0 0 0 0 0 0 0 0 0 0 0 0 0 0 0 0 0 0 0 0 0 0 0 0 0 0 0 0 0 0 0 0 0 0 0 0 0 0 0 0 0 1 1 0 
0 0 0 0 0 1 0 0 0 1 0 0 0 0 0 0 0 0 0 0 0 0 0 0 0 0 1 0 0 0 0 0 0 0 0 0 1 1 0 0 0 0 0 0 0 1 1 0 0 0 0 0 0 0 0 0 0 0 0 0 0 0 0 0 1 0 0 0 0 0 0 0 1 0 0 0 0 0 0 0 0 0 0 1 0 0 0 0 0 0 0 0 0 0 0 1 0 0 0 0 0 0 0 0 0 0 0 0 1 0 0 0 0 0 0 0 0 0 0 0 0 0 0 0 0 0 0 0 0 0 0 1 0 0 0 0 0 0 0 0 0 0 0 0 0 0 0 0 0 0 0 0 0 0 0 0 0 0 0 0 0 0 0 0 0 0 0 0 0 0 0 0 0 0 0 0 0 0 0 0 0 0 0 0 0 0 0 0 0 0 0 0 0 0 0 
0 0 0 1 0 0 0 0 0 0 0 0 0 0 0 0 0 0 0 0 0 0 0 0 0 0 0 1 0 0 0 0 0 0 0 0 0 0 0 0 0 0 0 0 0 0 0 0 0 0 0 0 0 0 0 0 1 0 0 0 0 0 1 0 0 0 0 0 0 0 0 0 0 1 0 0 0 0 0 0 0 0 0 0 0 0 0 0 0 0 0 0 0 0 0 0 1 0 0 0 0 0 0 0 0 0 0 0 0 0 0 0 0 0 0 1 0 0 0 0 0 0 0 0 0 0 0 0 0 0 0 0 0 0 0 1 0 0 1 1 1 0 0 0 0 1 0 0 0 0 0 0 1 0 0 0 0 0 1 0 0 0 0 0 0 0 0 0 0 1 0 0 0 0 0 0 0 0 0 0 1 1 0 0 0 0 0 0 0 0 0 0 0 0 0 
0 0 0 0 0 0 1 0 0 0 0 1 0 0 0 0 0 0 0 0 0 0 0 0 0 0 0 0 0 0 0 0 0 0 0 0 0 0 0 0 0 0 0 0 0 0 0 0 0 0 1 0 0 0 0 0 0 0 0 0 0 0 0 0 0 0 0 0 0 0 0 0 0 0 0 0 0 0 0 0 0 0 0 0 0 0 0 0 0 0 0 0 0 0 0 0 0 0 0 0 0 0 0 0 0 0 0 0 0 0 0 0 0 0 0 0 0 0 0 0 0 0 0 0 1 0 0 0 0 0 0 0 0 0 0 0 0 0 0 0 0 0 0 0 0 0 0 0 0 0 0 0 0 0 0 0 0 0 0 0 0 0 0 0 0 0 0 0 0 0 0 0 0 0 0 0 1 0 0 0 0 0 0 1 0 0 1 0 0 0 0 0 0 0 0 
0 0 1 0 0 0 0 0 0 0 0 0 0 0 0 0 0 0 0 0 0 0 0 0 0 0 0 0 0 0 0 0 0 0 0 0 0 0 0 0 0 0 1 0 0 0 0 0 0 0 0 0 0 0 0 0 0 0 0 0 0 1 0 0 0 0 0 0 0 0 0 0 0 0 1 0 0 0 0 0 0 0 0 0 0 0 0 0 0 0 0 0 0 0 0 0 0 0 0 0 0 0 0 0 0 0 0 1 0 0 0 0 0 0 0 0 0 0 0 0 0 0 0 0 0 0 0 0 0 0 0 0 0 0 0 0 0 0 0 0 0 0 0 0 0 0 0 0 0 0 0 0 0 0 0 0 0 0 0 0 0 0 0 0 0 0 0 0 0 0 0 0 0 1 0 0 0 0 0 0 0 0 0 0 0 0 0 0 0 0 1 0 0 0 0 
0 0 0 0 0 0 0 0 1 0 0 0 0 0 0 0 0 0 0 0 0 0 0 0 0 0 0 0 0 0 1 0 0 0 0 0 0 0 0 0 0 0 0 0 0 0 0 0 0 0 0 0 1 0 0 1 0 1 0 0 0 0 0 0 0 0 1 0 0 0 0 0 0 0 0 0 0 0 0 0 0 0 0 0 1 0 0 0 0 0 0 0 0 0 0 0 0 0 0 0 0 0 0 0 0 0 0 0 0 0 0 0 0 0 0 0 0 0 0 0 0 0 0 0 0 0 0 0 0 0 0 0 0 0 0 0 0 0 0 0 0 0 0 0 0 0 0 0 0 0 0 0 0 1 0 0 0 0 0 0 0 0 0 1 0 0 0 0 0 0 0 0 0 0 0 0 0 0 0 0 0 0 0 0 0 0 0 0 0 0 0 1 0 0 0 
1 0 0 0 0 0 0 0 0 0 0 0 0 0 0 0 0 0 0 0 0 0 0 0 0 0 0 0 0 0 0 0 0 0 0 0 0 0 0 0 0 1 0 1 0 0 0 0 0 0 0 0 0 1 0 0 0 0 0 0 0 0 0 0 0 0 0 0 0 0 0 0 0 0 0 0 0 0 0 0 0 0 0 0 0 0 0 0 0 0 1 0 0 0 0 0 0 0 0 1 0 0 0 0 0 0 0 0 0 0 1 0 0 0 1 0 0 0 0 0 0 0 0 0 0 1 0 0 0 0 0 0 0 0 0 0 0 0 0 0 0 0 0 0 0 0 0 0 1 0 0 0 0 0 0 0 0 1 0 0 0 0 1 0 0 0 0 1 0 0 0 0 0 0 0 0 0 0 0 0 0 0 0 0 0 0 0 0 0 0 0 0 0 0 0 
14 106 39 23 107 124 11 10 181 177 191 56 163 
3.196088E-05 0.000000E+00 2.594034E-06 9.982526E-07 0.000000E+00 6.318752E-07 4.742420E-06 0.000000E+00 1.079041E-06 0.000000E+00 0.000000E+00 8.303758E-06 1.063197E-06 0.000000E+00 2.776721E-04 5.398997E-05 0.000000E+00 1.142531E-05 9.996550E-04 7.128942E-07 5.404265E-05 2.396482E-04 0.000000E+00 0.000000E+00 1.157959E-05 1.377758E-05 7.126756E-07 1.455579E-04 0.000000E+00 0.000000E+00 1.864736E-04 2.988956E-05 0.000000E+00 6.756472E-05 6.936427E-05 7.523189E-06 6.511230E-06 2.777642E-07 0.000000E+00 4.927126E-04 0.000000E+00 2.880267E-05 2.059266E-06 1.269086E-05 9.081632E-04 5.245144E-05 5.861099E-06 1.724804E-05 1.095646E-04 3.053763E-04 3.310272E-05 3.993530E-05 3.285868E-04 1.040766E-04 2.613712E-05 0.000000E+00 1.039641E-04 2.905381E-05 1.622788E-06 0.000000E+00 0.000000E+00 1.548855E-05 5.881418E-05 3.754354E-05 2.546088E-05 2.562721E-06 9.836424E-05 0.000000E+00 5.115723E-05 4.962229E-07 2.397785E-05 0.000000E+00 2.128604E-05 6.199541E-06 1.398452E-04 6.803661E-05 0.000000E+00 4.952362E-05 2.545538E-04 0.000000E+00 0.000000E+00 9.257197E-05 0.000000E+00 2.492022E-05 4.479902E-05 7.668263E-06 2.273525E-05 0.000000E+00 4.675426E-05 1.286440E-05 2.387730E-05 0.000000E+00 0.000000E+00 0.000000E+00 3.062020E-05 4.665813E-05 2.241029E-05 0.000000E+00 2.523048E-05 2.083935E-04 1.786979E-04 0.000000E+00 1.281408E-06 2.198449E-04 0.000000E+00 0.000000E+00 0.000000E+00 2.876881E-05 1.354445E-04 3.342034E-05 1.236257E-06 0.000000E+00 3.144879E-05 1.773910E-04 2.170520E-04 1.797421E-06 4.699286E-04 4.825121E-05 0.000000E+00 0.000000E+00 3.874116E-05 0.000000E+00 0.000000E+00 0.000000E+00 7.789148E-05 8.776788E-06 5.160668E-05 0.000000E+00 0.000000E+00 0.000000E+00 2.443582E-04 3.191412E-04 7.020622E-04 2.697254E-05 5.836510E-06 9.343698E-06 1.326201E-04 0.000000E+00 1.150070E-05 3.346481E-05 8.092647E-05 0.000000E+00 3.811780E-06 1.026203E-06 0.000000E+00 4.140209E-06 3.970060E-04 0.000000E+00 1.186799E-04 3.077336E-04 0.000000E+00 0.000000E+00 3.529908E-08 2.316873E-04 6.838364E-05 8.469349E-05 1.614347E-05 3.037244E-05 1.090823E-04 2.894928E-05 5.332371E-05 1.814736E-05 0.000000E+00 1.015868E-04 7.359486E-07 1.027426E-05 1.714081E-04 1.861549E-05 0.000000E+00 2.689667E-04 2.283600E-04 0.000000E+00 1.695111E-05 2.840492E-07 0.000000E+00 6.533563E-05 0.000000E+00 2.415371E-04 0.000000E+00 5.188162E-04 0.000000E+00 2.384212E-05 1.465611E-05 6.963950E-07 5.593839E-06 0.000000E+00 2.543867E-07 1.865025E-05 1.361483E-04 1.272946E-05 0.000000E+00 3.164084E-08 6.281723E-05 4.750292E-06 5.433040E-04 
14 20 55 66 86 89 103 161 162 183 101 82 
18 21 35 48 70 76 106 121 155 176 78 156 
16 39 59 87 95 113 133 135 137 185 189 195 40 22 50 49 147 79 
13 23 165 
15 19 34 36 45 52 69 107 110 114 117 131 150 166 167 171 173 178 180 190 
71 124 134 143 144 157 160 188 25 118 32 104 
11 26 90 194 99 127 193 64 
6 10 27 37 38 65 73 47 109 84 96 46 132 
4 63 74 97 116 136 139 146 153 181 57 28 182 140 159 170 141 
7 12 177 184 187 125 51 
174 191 62 3 43 108 75 
9 56 192 58 85 67 31 154 164 53 
44 54 91 100 111 126 158 163 168 42 1 115 149 

============Find Best @ Round 1020================
==========Cluster 0, RcvInterf=2.94161e-14============
Node 13, SINR:0.00000e+00, BpsHz:0.00000e+00
Node 19, SINR:8.24598e-01, BpsHz:7.88708e-02
Node 54, SINR:8.24598e-01, BpsHz:7.88708e-02
Node 65, SINR:8.24598e-01, BpsHz:7.88708e-02
Node 85, SINR:8.24598e-01, BpsHz:7.88708e-02
Node 88, SINR:8.24598e-01, BpsHz:7.88708e-02
Node 102, SINR:8.24598e-01, BpsHz:7.88708e-02
Node 160, SINR:8.24598e-01, BpsHz:7.88708e-02
Node 161, SINR:8.24598e-01, BpsHz:7.88708e-02
Node 182, SINR:8.24598e-01, BpsHz:7.88708e-02
Node 100, SINR:8.24598e-01, BpsHz:7.88708e-02
Node 81, SINR:8.24598e-01, BpsHz:7.88708e-02
---------------
==========Cluster 1, RcvInterf=6.12842e-14============
Node 17, SINR:8.24598e-01, BpsHz:7.88708e-02
Node 20, SINR:8.24598e-01, BpsHz:7.88708e-02
Node 34, SINR:8.24598e-01, BpsHz:7.88708e-02
Node 47, SINR:8.24598e-01, BpsHz:7.88708e-02
Node 69, SINR:8.24598e-01, BpsHz:7.88708e-02
Node 75, SINR:8.24598e-01, BpsHz:7.88708e-02
Node 105, SINR:0.00000e+00, BpsHz:0.00000e+00
Node 120, SINR:8.24598e-01, BpsHz:7.88708e-02
Node 154, SINR:8.24598e-01, BpsHz:7.88708e-02
Node 175, SINR:8.24598e-01, BpsHz:7.88708e-02
Node 77, SINR:8.24598e-01, BpsHz:7.88708e-02
Node 155, SINR:8.24598e-01, BpsHz:7.88708e-02
---------------
==========Cluster 2, RcvInterf=5.57812e-14============
Node 15, SINR:1.53292e+00, BpsHz:7.88708e-02
Node 38, SINR:0.00000e+00, BpsHz:0.00000e+00
Node 58, SINR:1.53292e+00, BpsHz:7.88708e-02
Node 86, SINR:1.53292e+00, BpsHz:7.88708e-02
Node 94, SINR:1.53292e+00, BpsHz:7.88708e-02
Node 112, SINR:1.53292e+00, BpsHz:7.88708e-02
Node 132, SINR:1.53292e+00, BpsHz:7.88708e-02
Node 134, SINR:1.53292e+00, BpsHz:7.88708e-02
Node 136, SINR:1.53292e+00, BpsHz:7.88708e-02
Node 184, SINR:1.53292e+00, BpsHz:7.88708e-02
Node 188, SINR:1.53292e+00, BpsHz:7.88708e-02
Node 194, SINR:1.53292e+00, BpsHz:7.88708e-02
Node 39, SINR:1.53292e+00, BpsHz:7.88708e-02
Node 21, SINR:1.53292e+00, BpsHz:7.88708e-02
Node 49, SINR:1.53292e+00, BpsHz:7.88708e-02
Node 48, SINR:1.53292e+00, BpsHz:7.88708e-02
Node 146, SINR:1.53292e+00, BpsHz:7.88708e-02
Node 78, SINR:1.53292e+00, BpsHz:7.88708e-02
---------------
==========Cluster 3, RcvInterf=6.38007e-14============
Node 12, SINR:1.15540e-01, BpsHz:7.88708e-02
Node 22, SINR:0.00000e+00, BpsHz:0.00000e+00
Node 164, SINR:1.15540e-01, BpsHz:7.88708e-02
---------------
==========Cluster 4, RcvInterf=4.48858e-14============
Node 14, SINR:1.82558e+00, BpsHz:7.88708e-02
Node 18, SINR:1.82558e+00, BpsHz:7.88708e-02
Node 33, SINR:1.82558e+00, BpsHz:7.88708e-02
Node 35, SINR:1.82558e+00, BpsHz:7.88708e-02
Node 44, SINR:1.82558e+00, BpsHz:7.88708e-02
Node 51, SINR:1.82558e+00, BpsHz:7.88708e-02
Node 68, SINR:1.82558e+00, BpsHz:7.88708e-02
Node 106, SINR:0.00000e+00, BpsHz:0.00000e+00
Node 109, SINR:1.82558e+00, BpsHz:7.88708e-02
Node 113, SINR:1.82558e+00, BpsHz:7.88708e-02
Node 116, SINR:1.82558e+00, BpsHz:7.88708e-02
Node 130, SINR:1.82558e+00, BpsHz:7.88708e-02
Node 149, SINR:1.82558e+00, BpsHz:7.88708e-02
Node 165, SINR:1.82558e+00, BpsHz:7.88708e-02
Node 166, SINR:1.82558e+00, BpsHz:7.88708e-02
Node 170, SINR:1.82558e+00, BpsHz:7.88708e-02
Node 172, SINR:1.82558e+00, BpsHz:7.88708e-02
Node 177, SINR:1.82558e+00, BpsHz:7.88708e-02
Node 179, SINR:1.82558e+00, BpsHz:7.88708e-02
Node 189, SINR:1.82558e+00, BpsHz:7.88708e-02
---------------
==========Cluster 5, RcvInterf=2.92057e-14============
Node 70, SINR:8.24598e-01, BpsHz:7.88708e-02
Node 123, SINR:0.00000e+00, BpsHz:0.00000e+00
Node 133, SINR:8.24598e-01, BpsHz:7.88708e-02
Node 142, SINR:8.24598e-01, BpsHz:7.88708e-02
Node 143, SINR:8.24598e-01, BpsHz:7.88708e-02
Node 156, SINR:8.24598e-01, BpsHz:7.88708e-02
Node 159, SINR:8.24598e-01, BpsHz:7.88708e-02
Node 187, SINR:8.24598e-01, BpsHz:7.88708e-02
Node 24, SINR:8.24598e-01, BpsHz:7.88708e-02
Node 117, SINR:8.24598e-01, BpsHz:7.88708e-02
Node 31, SINR:8.24598e-01, BpsHz:7.88708e-02
Node 103, SINR:8.24598e-01, BpsHz:7.88708e-02
---------------
==========Cluster 6, RcvInterf=1.95540e-13============
Node 10, SINR:0.00000e+00, BpsHz:0.00000e+00
Node 25, SINR:4.66214e-01, BpsHz:7.88708e-02
Node 89, SINR:4.66214e-01, BpsHz:7.88708e-02
Node 193, SINR:4.66214e-01, BpsHz:7.88708e-02
Node 98, SINR:4.66214e-01, BpsHz:7.88708e-02
Node 126, SINR:4.66214e-01, BpsHz:7.88708e-02
Node 192, SINR:4.66214e-01, BpsHz:7.88708e-02
Node 63, SINR:4.66214e-01, BpsHz:7.88708e-02
---------------
==========Cluster 7, RcvInterf=5.98363e-14============
Node 5, SINR:9.27125e-01, BpsHz:7.88708e-02
Node 9, SINR:0.00000e+00, BpsHz:0.00000e+00
Node 26, SINR:9.27124e-01, BpsHz:7.88708e-02
Node 36, SINR:9.27125e-01, BpsHz:7.88708e-02
Node 37, SINR:9.27124e-01, BpsHz:7.88708e-02
Node 64, SINR:9.27125e-01, BpsHz:7.88708e-02
Node 72, SINR:9.27124e-01, BpsHz:7.88708e-02
Node 46, SINR:9.27125e-01, BpsHz:7.88708e-02
Node 108, SINR:9.27124e-01, BpsHz:7.88708e-02
Node 83, SINR:9.27124e-01, BpsHz:7.88708e-02
Node 95, SINR:9.27124e-01, BpsHz:7.88708e-02
Node 45, SINR:9.27124e-01, BpsHz:7.88708e-02
Node 131, SINR:9.27124e-01, BpsHz:7.88708e-02
---------------
==========Cluster 8, RcvInterf=2.12608e-14============
Node 3, SINR:1.39817e+00, BpsHz:7.88708e-02
Node 62, SINR:1.39817e+00, BpsHz:7.88708e-02
Node 73, SINR:1.39817e+00, BpsHz:7.88708e-02
Node 96, SINR:1.39817e+00, BpsHz:7.88708e-02
Node 115, SINR:1.39817e+00, BpsHz:7.88708e-02
Node 135, SINR:1.39817e+00, BpsHz:7.88708e-02
Node 138, SINR:1.39817e+00, BpsHz:7.88708e-02
Node 145, SINR:1.39817e+00, BpsHz:7.88708e-02
Node 152, SINR:1.39817e+00, BpsHz:7.88708e-02
Node 180, SINR:0.00000e+00, BpsHz:0.00000e+00
Node 56, SINR:1.39817e+00, BpsHz:7.88708e-02
Node 27, SINR:1.39817e+00, BpsHz:7.88708e-02
Node 181, SINR:1.39817e+00, BpsHz:7.88708e-02
Node 139, SINR:1.39817e+00, BpsHz:7.88708e-02
Node 158, SINR:1.39817e+00, BpsHz:7.88708e-02
Node 169, SINR:1.39817e+00, BpsHz:7.88708e-02
Node 140, SINR:1.39817e+00, BpsHz:7.88708e-02
---------------
==========Cluster 9, RcvInterf=7.10773e-14============
Node 6, SINR:3.88209e-01, BpsHz:7.88708e-02
Node 11, SINR:3.88209e-01, BpsHz:7.88708e-02
Node 176, SINR:0.00000e+00, BpsHz:0.00000e+00
Node 183, SINR:3.88209e-01, BpsHz:7.88708e-02
Node 186, SINR:3.88209e-01, BpsHz:7.88708e-02
Node 124, SINR:3.88209e-01, BpsHz:7.88708e-02
Node 50, SINR:3.88209e-01, BpsHz:7.88708e-02
---------------
==========Cluster 10, RcvInterf=1.06603e-13============
Node 173, SINR:3.88209e-01, BpsHz:7.88708e-02
Node 190, SINR:0.00000e+00, BpsHz:0.00000e+00
Node 61, SINR:3.88209e-01, BpsHz:7.88708e-02
Node 2, SINR:3.88209e-01, BpsHz:7.88708e-02
Node 42, SINR:3.88209e-01, BpsHz:7.88708e-02
Node 107, SINR:3.88209e-01, BpsHz:7.88708e-02
Node 74, SINR:3.88209e-01, BpsHz:7.88708e-02
---------------
==========Cluster 11, RcvInterf=1.60722e-13============
Node 8, SINR:6.35620e-01, BpsHz:7.88708e-02
Node 55, SINR:0.00000e+00, BpsHz:0.00000e+00
Node 191, SINR:6.35620e-01, BpsHz:7.88708e-02
Node 57, SINR:6.35620e-01, BpsHz:7.88708e-02
Node 84, SINR:6.35620e-01, BpsHz:7.88708e-02
Node 66, SINR:6.35620e-01, BpsHz:7.88708e-02
Node 30, SINR:6.35620e-01, BpsHz:7.88708e-02
Node 153, SINR:6.35620e-01, BpsHz:7.88708e-02
Node 163, SINR:6.35620e-01, BpsHz:7.88708e-02
Node 52, SINR:6.35620e-01, BpsHz:7.88708e-02
---------------
==========Cluster 12, RcvInterf=3.92903e-14============
Node 43, SINR:9.27124e-01, BpsHz:7.88708e-02
Node 53, SINR:9.27124e-01, BpsHz:7.88708e-02
Node 90, SINR:9.27124e-01, BpsHz:7.88708e-02
Node 99, SINR:9.27125e-01, BpsHz:7.88708e-02
Node 110, SINR:9.27124e-01, BpsHz:7.88708e-02
Node 125, SINR:9.27125e-01, BpsHz:7.88708e-02
Node 157, SINR:9.27125e-01, BpsHz:7.88708e-02
Node 162, SINR:0.00000e+00, BpsHz:0.00000e+00
Node 167, SINR:9.27124e-01, BpsHz:7.88708e-02
Node 41, SINR:9.27124e-01, BpsHz:7.88708e-02
Node 0, SINR:9.27124e-01, BpsHz:7.88708e-02
Node 114, SINR:9.27125e-01, BpsHz:7.88708e-02
Node 148, SINR:9.27124e-01, BpsHz:7.88708e-02
---------------
