195
17
1.000000e-03
1.931016e-312
131
3000
1.397060e+01
7.708740e-01
1.397060e-05
3.034566e-07
0 0 0 0 0 0 0 0 0 0 0 0 0 0 0 0 0 0 0 0 0 0 0 0 0 0 0 0 0 0 0 1 0 0 0 0 0 0 0 0 0 1 0 0 0 0 0 0 0 0 0 0 0 0 0 0 0 0 0 0 0 0 0 0 0 0 0 0 0 0 0 0 0 0 0 0 0 0 0 0 0 0 0 0 0 0 0 0 0 0 0 0 0 0 0 0 0 0 0 0 0 0 0 0 0 0 0 0 0 0 0 0 0 0 0 0 0 1 0 0 0 0 0 0 0 0 0 0 0 0 0 0 0 0 0 0 0 0 0 0 0 0 1 0 0 0 0 0 0 0 0 0 0 0 0 0 0 1 0 0 0 0 0 0 0 0 0 0 0 0 0 0 0 0 0 0 0 0 0 0 0 0 0 0 0 0 0 0 0 0 0 0 0 0 0 
0 0 0 0 0 0 1 0 0 0 0 0 0 0 0 0 0 0 0 0 0 0 0 0 0 0 0 0 0 0 0 0 0 0 0 0 0 0 0 0 0 0 0 0 0 0 0 0 0 0 0 0 0 0 0 0 0 0 0 0 0 0 0 0 0 0 0 0 0 0 0 0 0 0 0 0 0 0 0 0 0 0 0 0 0 0 0 0 0 0 0 0 0 0 0 0 0 0 0 0 0 0 0 0 0 0 0 0 0 0 0 0 0 0 0 0 0 0 0 0 0 0 0 0 0 0 0 0 0 0 0 0 0 0 0 0 0 0 0 0 0 0 0 0 0 0 0 0 0 0 0 0 0 0 0 0 0 0 0 0 0 0 0 0 0 0 0 0 0 0 0 0 0 0 0 0 0 0 0 0 0 0 0 1 0 0 1 0 0 0 0 0 0 0 0 
0 0 1 1 0 0 0 0 0 0 0 0 0 0 0 0 0 0 0 0 0 0 0 0 0 0 0 0 0 0 0 0 0 0 0 0 0 0 0 0 0 0 0 0 0 0 0 0 0 0 0 0 0 0 0 0 1 0 0 0 0 0 1 0 0 0 0 0 0 0 0 0 0 1 0 0 0 0 0 0 0 0 0 0 0 0 0 0 0 0 0 1 0 0 0 0 1 0 0 0 0 0 0 0 0 0 0 0 0 0 0 0 0 0 0 1 0 0 0 1 0 0 0 0 0 0 0 0 0 0 0 0 0 0 0 1 0 0 1 1 1 0 0 0 0 1 0 0 0 0 0 0 1 0 0 0 0 0 1 0 0 1 0 0 0 0 0 0 0 0 0 0 0 0 1 0 0 0 0 0 1 1 1 0 0 0 0 0 0 0 0 0 0 0 0 
0 0 0 0 0 0 0 0 0 0 0 0 0 0 0 0 0 0 0 0 0 0 0 0 0 0 0 0 0 0 0 0 0 0 1 0 0 0 0 0 0 0 0 0 0 0 0 1 0 0 0 0 0 0 0 0 0 0 0 0 0 0 0 0 0 0 0 1 0 1 0 0 0 0 0 0 0 1 0 0 1 0 0 0 0 0 0 0 0 0 0 0 0 1 0 0 0 0 1 0 0 0 0 0 0 1 0 0 0 0 0 0 0 0 0 0 0 0 0 0 1 0 0 0 0 0 0 0 0 0 0 0 0 0 0 0 0 0 0 0 0 1 0 0 0 0 0 0 0 0 0 0 0 0 1 1 0 0 0 0 0 0 0 0 0 0 0 0 0 0 0 1 0 0 0 1 0 0 0 0 0 0 0 0 0 1 0 0 0 0 0 0 0 0 0 
0 0 0 0 0 0 0 0 0 0 0 1 0 0 0 0 0 0 0 0 0 0 0 0 0 0 0 0 1 0 0 0 0 0 0 0 0 0 0 0 0 0 0 0 0 0 0 0 0 0 0 0 0 0 0 0 0 0 0 0 0 0 0 0 0 0 0 0 0 0 0 0 0 0 0 0 0 0 0 0 0 0 0 0 0 0 0 0 0 0 0 0 0 0 0 0 0 0 0 0 0 0 0 0 0 0 0 0 0 0 0 0 0 0 0 0 0 0 0 0 0 1 0 0 0 0 0 0 0 0 0 0 0 0 0 0 0 0 0 0 0 0 0 0 0 0 0 0 0 0 1 0 0 0 0 0 0 0 0 0 0 0 0 1 0 0 0 0 0 0 0 0 0 0 0 0 0 0 0 0 0 0 0 0 0 0 0 0 0 0 0 0 0 0 0 
0 0 0 0 0 0 0 0 0 0 0 0 0 0 0 0 0 0 0 0 0 0 0 0 0 0 0 0 0 0 0 0 0 0 0 0 0 0 0 0 0 0 0 0 0 0 0 0 0 1 0 0 0 0 0 0 0 0 0 0 0 0 0 0 0 0 0 0 0 0 0 0 0 0 0 0 0 0 0 0 0 0 0 0 0 0 0 0 0 0 0 0 0 0 0 0 0 0 0 0 0 0 0 0 0 0 0 0 0 0 0 0 0 0 0 0 0 0 0 0 0 0 1 0 0 0 0 0 0 0 0 0 0 0 0 0 0 0 0 0 0 0 0 0 0 0 1 0 0 0 0 0 0 0 0 0 0 0 0 0 0 0 0 0 0 0 0 0 0 0 0 0 0 0 0 0 0 0 0 0 0 0 0 0 0 0 0 0 0 0 0 0 0 0 0 
0 0 0 0 0 0 0 0 0 0 0 0 1 0 0 0 0 0 0 0 0 0 1 0 1 0 0 0 0 0 0 0 0 0 0 0 0 0 0 0 0 0 0 0 0 0 0 0 0 0 0 0 0 0 0 0 0 0 0 0 0 0 0 0 0 0 0 0 0 0 0 0 0 0 0 0 1 0 0 0 0 0 1 0 0 0 0 0 0 0 0 0 0 0 0 0 0 0 0 0 0 0 0 0 0 0 0 0 0 0 0 0 0 0 0 0 0 0 0 0 0 0 0 0 0 0 0 0 0 0 0 0 0 0 0 0 0 0 0 0 0 0 0 1 0 0 0 0 0 0 0 0 0 0 0 0 1 0 0 1 0 0 0 0 1 0 0 0 0 0 0 0 0 0 0 0 0 0 0 0 0 0 0 0 0 0 0 0 0 0 0 0 0 0 0 
0 1 0 0 0 0 0 0 0 0 0 0 0 0 0 0 0 0 0 0 0 1 0 0 0 0 0 0 0 0 0 0 0 0 0 0 0 0 0 1 0 0 0 0 0 0 0 0 0 0 0 0 0 0 0 0 0 0 0 0 0 0 0 0 0 0 0 0 0 0 0 0 0 0 0 0 0 0 1 0 0 0 0 0 0 0 0 0 0 0 0 0 0 0 1 0 0 0 0 0 0 0 0 0 0 0 0 0 0 0 0 0 1 0 0 0 0 0 0 0 0 0 0 0 1 0 0 0 0 0 0 0 0 0 0 0 0 0 0 0 0 0 0 0 0 0 0 0 0 0 0 0 0 0 0 0 0 0 0 0 0 0 0 0 0 0 0 0 0 0 0 0 0 0 0 0 0 0 0 0 0 0 0 0 0 0 0 0 1 0 0 0 0 0 0 
0 0 0 0 0 0 0 0 0 0 0 0 0 0 0 0 0 0 0 0 0 0 0 0 0 0 0 0 0 0 0 0 0 0 0 0 0 0 0 0 0 0 0 1 0 0 0 0 0 0 0 0 0 0 0 0 0 0 0 1 0 0 0 0 0 0 0 0 0 0 0 0 0 0 0 0 0 0 0 0 0 0 0 0 0 0 0 0 0 0 1 0 0 0 0 0 0 0 0 0 0 0 0 0 0 0 0 0 0 0 1 0 0 0 0 0 0 0 0 0 0 0 0 0 0 1 0 0 0 0 0 0 0 0 0 0 0 0 0 0 0 0 0 0 1 0 0 0 0 0 0 0 0 0 0 0 0 0 0 0 0 0 1 0 0 0 0 1 0 0 0 0 0 0 0 0 0 0 0 0 0 0 0 0 0 0 0 0 0 0 0 0 0 0 0 
0 0 0 0 0 0 0 0 1 0 0 0 0 0 0 0 0 0 0 0 0 0 0 0 0 0 0 0 0 0 0 0 0 0 0 0 0 0 0 0 0 0 0 0 0 0 0 0 0 0 0 0 1 0 0 0 0 0 0 0 0 0 0 1 0 0 0 0 0 0 0 0 0 0 1 0 0 0 0 0 0 0 0 0 1 0 0 0 0 0 0 0 1 0 0 0 0 0 0 0 0 0 0 0 0 0 0 1 0 0 0 1 0 0 0 0 0 0 0 0 0 0 0 0 0 0 1 0 0 0 0 0 0 0 0 0 0 0 0 0 0 0 0 0 0 0 0 0 0 0 0 0 0 0 0 0 0 0 0 0 0 0 0 0 0 0 0 0 0 0 0 0 0 0 0 0 0 0 0 0 0 0 0 0 0 0 0 0 0 0 0 1 0 0 0 
0 0 0 0 0 0 0 0 0 0 0 0 0 0 1 0 0 0 0 0 0 0 0 1 0 0 0 1 0 0 0 0 0 0 0 0 0 0 0 0 0 0 0 0 1 0 0 0 0 0 0 0 0 0 0 0 0 0 0 0 0 1 0 0 0 0 0 0 0 0 0 0 0 0 0 0 0 0 0 0 0 0 0 0 0 0 0 0 0 0 0 0 0 0 0 0 0 0 0 0 0 0 0 0 0 0 0 0 0 0 0 0 0 1 0 0 1 0 0 0 0 0 0 0 0 0 0 1 0 0 0 0 0 0 0 0 0 1 0 0 0 0 0 0 0 0 0 0 0 0 0 0 0 0 0 0 0 0 0 0 0 0 0 0 0 0 1 0 0 1 1 0 1 0 0 0 0 0 0 0 0 0 0 0 0 0 0 0 0 0 0 0 0 0 0 
0 0 0 0 0 0 0 0 0 0 0 0 0 1 0 0 0 0 0 0 0 0 0 0 0 0 0 0 0 0 0 0 0 0 0 0 0 0 0 0 0 0 0 0 0 0 0 0 0 0 0 0 0 0 1 0 0 0 0 0 0 0 0 0 0 0 0 0 0 0 0 1 0 0 0 0 0 0 0 1 0 1 0 1 0 0 0 1 1 0 0 0 0 0 0 1 0 0 0 0 1 0 0 0 1 0 0 0 0 0 0 0 0 0 0 0 0 0 0 0 0 0 0 0 0 0 0 0 1 0 0 0 0 0 0 0 0 0 0 0 0 0 0 0 0 0 0 0 0 0 0 0 0 0 0 0 0 0 0 0 1 0 0 0 0 0 0 0 0 0 0 0 0 0 0 0 0 0 0 0 0 0 0 0 0 0 0 0 0 0 0 0 0 0 0 
0 0 0 0 0 0 0 0 0 0 0 0 0 0 0 0 0 0 0 0 0 0 0 0 0 0 0 0 0 0 0 0 0 1 0 0 0 0 0 0 0 0 0 0 0 0 0 0 0 0 0 1 0 0 0 0 0 0 0 0 0 0 0 0 0 0 0 0 1 0 0 0 0 0 0 0 0 0 0 0 0 0 0 0 0 0 0 0 0 0 0 0 0 0 0 0 0 0 0 0 0 0 0 0 0 0 0 0 0 1 0 0 0 0 0 0 0 0 0 0 0 0 0 0 0 0 0 0 0 0 0 0 0 0 0 0 0 0 0 0 0 0 0 0 0 0 0 0 0 0 0 0 0 0 0 0 0 0 0 0 0 0 0 0 0 1 0 0 0 0 0 0 0 0 0 0 0 0 0 1 0 0 0 0 0 0 0 0 0 1 0 0 0 0 0 
0 0 0 0 0 0 0 0 0 0 0 0 0 0 0 0 0 0 0 0 0 0 0 0 0 0 0 0 0 0 0 0 0 0 0 0 0 0 0 0 0 0 0 0 0 0 0 0 0 0 0 0 0 0 0 0 0 0 0 0 0 0 0 0 0 0 0 0 0 0 0 0 0 0 0 0 0 0 0 0 0 0 0 0 0 0 0 0 0 0 0 0 0 0 0 0 0 0 0 0 0 0 0 0 0 0 0 0 0 0 0 0 0 0 0 0 0 0 0 0 0 0 0 0 0 0 0 0 0 0 1 0 0 0 0 0 0 0 0 0 0 0 0 0 0 0 0 0 0 0 0 0 0 0 0 0 0 0 0 0 0 0 0 0 0 0 0 0 0 0 0 0 0 0 0 0 0 0 0 0 0 0 0 0 0 0 0 0 0 0 0 0 0 0 0 
0 0 0 0 0 0 0 0 0 1 0 0 0 0 0 0 0 0 0 0 0 0 0 0 0 0 0 0 0 0 0 0 0 0 0 0 1 1 0 0 0 0 0 0 0 1 0 0 0 0 0 0 0 1 0 0 0 0 0 0 1 0 0 0 1 0 0 0 0 0 0 0 1 0 0 0 0 0 0 0 0 0 0 0 0 0 0 0 0 0 0 0 0 0 0 0 0 0 0 1 0 0 0 0 0 0 0 0 1 0 0 0 0 0 1 0 0 0 0 0 0 0 0 0 0 0 0 0 0 0 0 1 0 0 0 0 0 0 0 0 0 0 0 0 0 0 0 0 0 0 0 0 0 0 0 0 0 0 0 0 0 0 0 0 0 0 0 0 0 0 0 0 0 0 0 0 0 0 0 0 0 0 0 0 0 0 0 0 0 0 0 0 0 0 0 
0 0 0 0 0 0 0 0 0 0 0 0 0 0 0 1 0 0 0 0 0 0 0 0 0 0 0 0 0 0 0 0 0 0 0 0 0 0 1 0 0 0 0 0 0 0 0 0 0 0 0 0 0 0 0 0 0 0 0 0 0 0 0 0 0 0 0 0 0 0 0 0 0 0 0 0 0 0 0 0 0 0 0 0 0 0 1 0 0 0 0 0 0 0 0 0 0 0 0 0 0 0 0 0 0 0 0 0 0 0 0 0 0 0 0 0 0 0 0 0 0 0 0 0 0 0 0 0 0 0 0 0 1 0 1 0 1 0 0 0 0 0 0 0 0 0 0 0 0 0 0 0 0 0 0 0 0 0 0 0 0 0 0 0 0 0 0 0 0 0 0 0 0 0 0 0 0 0 0 0 0 0 0 0 0 0 0 0 0 0 0 0 0 0 0 
0 0 0 0 0 0 0 0 0 0 0 0 0 0 0 0 0 0 0 0 0 0 0 0 0 1 0 0 0 0 1 0 0 0 0 0 0 0 0 0 0 0 0 0 0 0 0 0 0 0 0 0 0 0 0 0 0 0 0 0 0 0 0 0 0 0 0 0 0 0 0 0 0 0 0 0 0 0 0 0 0 0 0 0 0 0 0 0 0 1 0 0 0 0 0 0 0 0 0 0 0 0 0 1 0 0 0 0 0 0 0 0 0 0 0 0 0 0 0 0 0 0 0 0 0 0 0 0 0 0 0 0 0 0 0 0 0 0 0 0 0 0 0 0 0 0 0 0 0 0 0 1 0 1 0 0 0 0 0 0 0 0 0 0 0 0 0 0 0 0 0 0 0 0 0 0 0 0 0 0 0 0 0 0 0 0 0 1 0 0 0 0 1 0 0 
42 187 136 48 122 147 83 22 126 93 24 105 69 131 46 87 152 
0.000000E+00 1.021690E-06 1.864569E-04 7.726458E-06 0.000000E+00 0.000000E+00 1.935171E-08 0.000000E+00 2.399226E-05 2.521735E-05 0.000000E+00 1.377328E-07 2.849531E-06 2.577137E-04 8.946903E-06 2.865720E-08 0.000000E+00 0.000000E+00 0.000000E+00 0.000000E+00 0.000000E+00 0.000000E+00 3.535445E-06 0.000000E+00 4.019749E-07 8.487019E-07 0.000000E+00 9.854461E-05 5.706402E-07 0.000000E+00 4.636052E-06 1.211857E-06 0.000000E+00 9.433020E-08 1.429980E-04 0.000000E+00 9.938710E-05 5.781933E-06 1.349548E-06 2.252203E-06 0.000000E+00 0.000000E+00 0.000000E+00 6.256009E-07 2.284796E-05 0.000000E+00 0.000000E+00 0.000000E+00 0.000000E+00 1.241529E-09 0.000000E+00 1.386424E-08 2.678795E-06 1.201109E-04 2.214471E-04 0.000000E+00 9.995833E-04 0.000000E+00 0.000000E+00 1.624181E-06 1.103600E-06 4.730510E-05 5.883818E-04 6.388891E-09 5.145898E-07 0.000000E+00 0.000000E+00 3.523637E-06 0.000000E+00 6.702514E-05 0.000000E+00 1.300668E-04 5.116593E-06 1.297005E-06 5.288606E-06 0.000000E+00 5.035755E-09 7.006993E-05 5.747514E-07 5.114713E-05 3.760232E-05 6.330415E-06 0.000000E+00 1.067102E-04 1.778800E-05 0.000000E+00 0.000000E+00 2.823116E-06 4.660879E-05 9.429718E-06 1.994729E-07 1.253756E-05 0.000000E+00 3.038709E-05 9.552242E-06 4.149177E-05 4.921540E-04 0.000000E+00 3.865894E-05 1.504220E-04 1.804335E-05 0.000000E+00 0.000000E+00 4.969020E-07 0.000000E+00 1.433147E-05 0.000000E+00 6.867392E-05 2.423714E-05 6.035688E-08 2.034311E-07 2.021561E-05 5.277143E-07 5.449835E-07 4.538423E-05 5.314590E-05 1.186649E-05 9.277715E-07 0.000000E+00 2.140623E-05 6.366953E-07 0.000000E+00 2.369755E-07 0.000000E+00 1.445273E-05 0.000000E+00 2.199337E-07 5.163820E-06 1.014424E-05 0.000000E+00 0.000000E+00 8.265143E-06 4.252938E-06 0.000000E+00 5.561240E-07 0.000000E+00 1.859893E-07 2.325019E-06 2.631263E-04 6.268384E-07 1.343401E-05 1.128202E-05 2.970584E-06 2.924225E-06 2.562788E-06 2.684103E-05 0.000000E+00 0.000000E+00 0.000000E+00 0.000000E+00 3.173699E-07 0.000000E+00 3.019432E-05 2.959451E-07 9.157356E-06 4.936716E-07 7.679028E-06 4.078479E-07 8.602552E-06 4.663676E-06 6.620002E-06 5.429055E-04 3.285679E-06 1.388333E-05 2.807934E-06 1.019579E-06 4.392093E-06 4.809684E-06 0.000000E+00 1.131280E-05 1.928064E-06 1.263781E-05 1.739082E-05 0.000000E+00 3.486590E-05 2.012958E-06 0.000000E+00 0.000000E+00 0.000000E+00 2.149141E-06 1.793277E-05 1.636824E-06 2.286941E-04 4.544290E-08 0.000000E+00 5.339666E-05 0.000000E+00 2.059960E-05 3.513342E-08 2.718868E-07 0.000000E+00 5.882557E-05 1.625321E-05 0.000000E+00 0.000000E+00 
42 118 158 143 32 
187 7 184 
3 4 57 63 74 92 97 116 120 136 139 140 141 146 153 159 162 175 181 182 183 
48 68 81 94 106 121 142 155 156 172 176 78 99 70 35 186 
12 122 151 29 164 
147 123 50 
13 25 77 83 160 157 144 23 165 
22 189 79 113 2 40 125 95 
111 126 44 60 91 145 168 163 
53 64 93 127 9 112 75 192 85 108 
15 24 45 114 117 128 138 167 170 171 173 28 62 
55 80 82 84 88 89 96 101 105 129 161 14 72 
52 69 110 190 166 34 180 
131 
10 38 46 61 65 73 109 132 115 37 100 54 
16 39 87 135 137 133 
104 152 154 26 90 31 188 193 

============Find Best @ Round 2113================
==========Cluster 0, RcvInterf=2.68855e-14============
Node 41, SINR:0.00000e+00, BpsHz:0.00000e+00
Node 117, SINR:2.22327e-01, BpsHz:7.24075e-02
Node 157, SINR:2.22327e-01, BpsHz:7.24075e-02
Node 142, SINR:2.22327e-01, BpsHz:7.24075e-02
Node 31, SINR:2.22327e-01, BpsHz:7.24075e-02
---------------
==========Cluster 1, RcvInterf=5.41794e-15============
Node 186, SINR:0.00000e+00, BpsHz:0.00000e+00
Node 6, SINR:1.05589e-01, BpsHz:7.24075e-02
Node 183, SINR:1.05589e-01, BpsHz:7.24075e-02
---------------
==========Cluster 2, RcvInterf=4.29478e-14============
Node 2, SINR:1.72858e+00, BpsHz:7.24075e-02
Node 3, SINR:1.72858e+00, BpsHz:7.24075e-02
Node 56, SINR:1.72858e+00, BpsHz:7.24075e-02
Node 62, SINR:1.72858e+00, BpsHz:7.24075e-02
Node 73, SINR:1.72858e+00, BpsHz:7.24075e-02
Node 91, SINR:1.72858e+00, BpsHz:7.24075e-02
Node 96, SINR:1.72858e+00, BpsHz:7.24075e-02
Node 115, SINR:1.72858e+00, BpsHz:7.24075e-02
Node 119, SINR:1.72858e+00, BpsHz:7.24075e-02
Node 135, SINR:0.00000e+00, BpsHz:0.00000e+00
Node 138, SINR:1.72858e+00, BpsHz:7.24075e-02
Node 139, SINR:1.72858e+00, BpsHz:7.24075e-02
Node 140, SINR:1.72858e+00, BpsHz:7.24075e-02
Node 145, SINR:1.72858e+00, BpsHz:7.24075e-02
Node 152, SINR:1.72858e+00, BpsHz:7.24075e-02
Node 158, SINR:1.72858e+00, BpsHz:7.24075e-02
Node 161, SINR:1.72858e+00, BpsHz:7.24075e-02
Node 174, SINR:1.72858e+00, BpsHz:7.24075e-02
Node 180, SINR:1.72858e+00, BpsHz:7.24075e-02
Node 181, SINR:1.72858e+00, BpsHz:7.24075e-02
Node 182, SINR:1.72858e+00, BpsHz:7.24075e-02
---------------
==========Cluster 3, RcvInterf=3.03722e-14============
Node 47, SINR:0.00000e+00, BpsHz:0.00000e+00
Node 67, SINR:1.12301e+00, BpsHz:7.24075e-02
Node 80, SINR:1.12301e+00, BpsHz:7.24075e-02
Node 93, SINR:1.12301e+00, BpsHz:7.24075e-02
Node 105, SINR:1.12301e+00, BpsHz:7.24075e-02
Node 120, SINR:1.12301e+00, BpsHz:7.24075e-02
Node 141, SINR:1.12301e+00, BpsHz:7.24075e-02
Node 154, SINR:1.12301e+00, BpsHz:7.24075e-02
Node 155, SINR:1.12301e+00, BpsHz:7.24075e-02
Node 171, SINR:1.12301e+00, BpsHz:7.24075e-02
Node 175, SINR:1.12301e+00, BpsHz:7.24075e-02
Node 77, SINR:1.12301e+00, BpsHz:7.24075e-02
Node 98, SINR:1.12301e+00, BpsHz:7.24075e-02
Node 69, SINR:1.12301e+00, BpsHz:7.24075e-02
Node 34, SINR:1.12301e+00, BpsHz:7.24075e-02
Node 185, SINR:1.12301e+00, BpsHz:7.24075e-02
---------------
==========Cluster 4, RcvInterf=1.30532e-14============
Node 11, SINR:2.22327e-01, BpsHz:7.24075e-02
Node 121, SINR:0.00000e+00, BpsHz:0.00000e+00
Node 150, SINR:2.22327e-01, BpsHz:7.24075e-02
Node 28, SINR:2.22327e-01, BpsHz:7.24075e-02
Node 163, SINR:2.22327e-01, BpsHz:7.24075e-02
---------------
==========Cluster 5, RcvInterf=1.30685e-14============
Node 146, SINR:0.00000e+00, BpsHz:0.00000e+00
Node 122, SINR:1.05589e-01, BpsHz:7.24075e-02
Node 49, SINR:1.05589e-01, BpsHz:7.24075e-02
---------------
==========Cluster 6, RcvInterf=7.36079e-15============
Node 12, SINR:4.94083e-01, BpsHz:7.24075e-02
Node 24, SINR:4.94083e-01, BpsHz:7.24075e-02
Node 76, SINR:4.94083e-01, BpsHz:7.24075e-02
Node 82, SINR:0.00000e+00, BpsHz:0.00000e+00
Node 159, SINR:4.94083e-01, BpsHz:7.24075e-02
Node 156, SINR:4.94083e-01, BpsHz:7.24075e-02
Node 143, SINR:4.94083e-01, BpsHz:7.24075e-02
Node 22, SINR:4.94083e-01, BpsHz:7.24075e-02
Node 164, SINR:4.94083e-01, BpsHz:7.24075e-02
---------------
==========Cluster 7, RcvInterf=1.09147e-14============
Node 21, SINR:0.00000e+00, BpsHz:0.00000e+00
Node 188, SINR:4.20947e-01, BpsHz:7.24075e-02
Node 78, SINR:4.20947e-01, BpsHz:7.24075e-02
Node 112, SINR:4.20947e-01, BpsHz:7.24075e-02
Node 1, SINR:4.20947e-01, BpsHz:7.24075e-02
Node 39, SINR:4.20947e-01, BpsHz:7.24075e-02
Node 124, SINR:4.20947e-01, BpsHz:7.24075e-02
Node 94, SINR:4.20947e-01, BpsHz:7.24075e-02
---------------
==========Cluster 8, RcvInterf=2.92369e-14============
Node 110, SINR:4.20947e-01, BpsHz:7.24075e-02
Node 125, SINR:0.00000e+00, BpsHz:0.00000e+00
Node 43, SINR:4.20947e-01, BpsHz:7.24075e-02
Node 59, SINR:4.20947e-01, BpsHz:7.24075e-02
Node 90, SINR:4.20947e-01, BpsHz:7.24075e-02
Node 144, SINR:4.20947e-01, BpsHz:7.24075e-02
Node 167, SINR:4.20947e-01, BpsHz:7.24075e-02
Node 162, SINR:4.20947e-01, BpsHz:7.24075e-02
---------------
==========Cluster 9, RcvInterf=4.85074e-14============
Node 52, SINR:5.70983e-01, BpsHz:7.24075e-02
Node 63, SINR:5.70983e-01, BpsHz:7.24075e-02
Node 92, SINR:0.00000e+00, BpsHz:0.00000e+00
Node 126, SINR:5.70983e-01, BpsHz:7.24075e-02
Node 8, SINR:5.70983e-01, BpsHz:7.24075e-02
Node 111, SINR:5.70983e-01, BpsHz:7.24075e-02
Node 74, SINR:5.70983e-01, BpsHz:7.24075e-02
Node 191, SINR:5.70983e-01, BpsHz:7.24075e-02
Node 84, SINR:5.70983e-01, BpsHz:7.24075e-02
Node 107, SINR:5.70983e-01, BpsHz:7.24075e-02
---------------
==========Cluster 10, RcvInterf=1.83599e-14============
Node 14, SINR:8.26258e-01, BpsHz:7.24075e-02
Node 23, SINR:0.00000e+00, BpsHz:0.00000e+00
Node 44, SINR:8.26258e-01, BpsHz:7.24075e-02
Node 113, SINR:8.26258e-01, BpsHz:7.24075e-02
Node 116, SINR:8.26258e-01, BpsHz:7.24075e-02
Node 127, SINR:8.26258e-01, BpsHz:7.24075e-02
Node 137, SINR:8.26258e-01, BpsHz:7.24075e-02
Node 166, SINR:8.26258e-01, BpsHz:7.24075e-02
Node 169, SINR:8.26258e-01, BpsHz:7.24075e-02
Node 170, SINR:8.26258e-01, BpsHz:7.24075e-02
Node 172, SINR:8.26258e-01, BpsHz:7.24075e-02
Node 27, SINR:8.26258e-01, BpsHz:7.24075e-02
Node 61, SINR:8.26258e-01, BpsHz:7.24075e-02
---------------
==========Cluster 11, RcvInterf=9.00010e-14============
Node 54, SINR:8.26258e-01, BpsHz:7.24075e-02
Node 79, SINR:8.26258e-01, BpsHz:7.24075e-02
Node 81, SINR:8.26258e-01, BpsHz:7.24075e-02
Node 83, SINR:8.26258e-01, BpsHz:7.24075e-02
Node 87, SINR:8.26258e-01, BpsHz:7.24075e-02
Node 88, SINR:8.26258e-01, BpsHz:7.24075e-02
Node 95, SINR:8.26258e-01, BpsHz:7.24075e-02
Node 100, SINR:8.26258e-01, BpsHz:7.24075e-02
Node 104, SINR:0.00000e+00, BpsHz:0.00000e+00
Node 128, SINR:8.26258e-01, BpsHz:7.24075e-02
Node 160, SINR:8.26258e-01, BpsHz:7.24075e-02
Node 13, SINR:8.26258e-01, BpsHz:7.24075e-02
Node 71, SINR:8.26258e-01, BpsHz:7.24075e-02
---------------
==========Cluster 12, RcvInterf=6.00043e-15============
Node 51, SINR:3.51391e-01, BpsHz:7.24075e-02
Node 68, SINR:0.00000e+00, BpsHz:0.00000e+00
Node 109, SINR:3.51391e-01, BpsHz:7.24075e-02
Node 189, SINR:3.51391e-01, BpsHz:7.24075e-02
Node 165, SINR:3.51391e-01, BpsHz:7.24075e-02
Node 33, SINR:3.51391e-01, BpsHz:7.24075e-02
Node 179, SINR:3.51391e-01, BpsHz:7.24075e-02
---------------
==========Cluster 13, RcvInterf=1.41848e-14============
Node 130, SINR:0.00000e+00, BpsHz:-nan
---------------
==========Cluster 14, RcvInterf=2.90843e-14============
Node 9, SINR:7.36862e-01, BpsHz:7.24075e-02
Node 37, SINR:7.36862e-01, BpsHz:7.24075e-02
Node 45, SINR:0.00000e+00, BpsHz:0.00000e+00
Node 60, SINR:7.36862e-01, BpsHz:7.24075e-02
Node 64, SINR:7.36862e-01, BpsHz:7.24075e-02
Node 72, SINR:7.36862e-01, BpsHz:7.24075e-02
Node 108, SINR:7.36862e-01, BpsHz:7.24075e-02
Node 131, SINR:7.36862e-01, BpsHz:7.24075e-02
Node 114, SINR:7.36862e-01, BpsHz:7.24075e-02
Node 36, SINR:7.36862e-01, BpsHz:7.24075e-02
Node 99, SINR:7.36862e-01, BpsHz:7.24075e-02
Node 53, SINR:7.36862e-01, BpsHz:7.24075e-02
---------------
==========Cluster 15, RcvInterf=5.53666e-15============
Node 15, SINR:2.85240e-01, BpsHz:7.24075e-02
Node 38, SINR:2.85240e-01, BpsHz:7.24075e-02
Node 86, SINR:0.00000e+00, BpsHz:0.00000e+00
Node 134, SINR:2.85240e-01, BpsHz:7.24075e-02
Node 136, SINR:2.85240e-01, BpsHz:7.24075e-02
Node 132, SINR:2.85240e-01, BpsHz:7.24075e-02
---------------
==========Cluster 16, RcvInterf=1.88493e-14============
Node 103, SINR:4.20947e-01, BpsHz:7.24075e-02
Node 151, SINR:0.00000e+00, BpsHz:0.00000e+00
Node 153, SINR:4.20947e-01, BpsHz:7.24075e-02
Node 25, SINR:4.20947e-01, BpsHz:7.24075e-02
Node 89, SINR:4.20947e-01, BpsHz:7.24075e-02
Node 30, SINR:4.20947e-01, BpsHz:7.24075e-02
Node 187, SINR:4.20947e-01, BpsHz:7.24075e-02
Node 192, SINR:4.20947e-01, BpsHz:7.24075e-02
---------------
