195
9
1.000000e-03
1.931016e-312
146
3000
1.074500e+01
1.065979e+00
1.074500e-05
8.386088e-07
0 0 0 0 0 0 0 0 0 0 0 0 1 0 0 0 0 0 0 0 0 0 0 0 1 0 0 0 0 0 0 1 1 0 0 0 0 0 0 0 0 0 0 0 0 0 0 0 0 0 0 0 0 0 0 0 0 0 0 0 0 0 0 0 0 0 0 0 0 0 1 0 0 0 0 0 1 0 0 0 0 0 1 0 0 0 0 0 0 0 0 0 0 0 0 0 0 0 0 0 0 0 0 1 0 0 0 0 0 0 0 0 0 0 0 0 0 1 0 0 0 0 0 1 0 0 0 0 0 0 0 0 0 1 0 0 0 0 0 0 0 0 1 1 0 0 0 0 0 0 0 1 0 0 0 0 1 0 0 1 0 0 0 0 1 0 0 0 0 0 0 0 0 0 0 0 0 0 0 0 0 0 0 0 0 0 0 1 0 0 0 0 0 0 0 
0 0 1 1 0 0 0 0 0 0 0 0 0 0 0 0 0 0 0 0 0 0 0 0 0 0 0 0 0 0 0 0 0 0 0 0 0 0 0 0 0 0 0 0 0 0 0 0 0 0 0 0 0 0 0 0 1 0 0 0 0 0 1 0 0 1 0 0 0 0 0 0 0 1 0 1 0 0 0 0 0 0 0 0 0 1 0 0 0 0 0 1 0 0 0 0 1 0 0 0 0 0 0 0 0 0 0 0 0 0 0 0 0 0 0 1 0 0 0 1 0 0 0 0 0 0 0 0 0 0 0 0 0 0 0 1 0 0 1 1 1 0 0 0 0 1 0 0 0 0 0 0 1 0 0 0 0 0 1 0 0 1 0 0 0 0 0 0 0 0 0 0 0 0 1 0 0 0 0 0 1 1 1 0 0 0 0 0 0 0 0 0 0 0 0 
0 0 0 0 0 0 0 0 0 0 0 0 0 0 0 0 0 0 0 0 0 0 0 0 0 0 0 0 0 0 0 0 0 0 0 0 0 0 0 0 0 0 0 0 0 0 0 0 0 0 0 0 1 0 0 0 0 1 0 0 0 0 0 1 0 0 0 0 0 0 0 0 0 0 1 0 0 0 0 0 0 0 0 0 1 0 0 0 0 0 0 0 1 0 0 0 0 0 0 0 0 0 0 0 0 0 0 1 0 0 0 1 0 0 0 0 0 0 0 0 0 0 0 0 0 0 1 0 0 0 0 0 0 0 0 0 0 0 0 0 0 0 0 0 0 0 0 0 0 0 0 0 0 0 0 0 0 0 0 0 0 0 0 0 0 0 0 0 0 0 0 0 0 0 0 0 0 0 0 0 0 0 0 0 0 0 0 0 0 0 0 1 0 0 0 
0 0 0 0 0 0 0 0 0 0 0 0 0 0 0 0 0 0 0 0 0 0 0 0 0 0 0 0 0 0 0 0 0 0 0 0 0 0 0 0 0 0 0 0 0 1 0 0 0 0 0 0 0 1 0 0 0 0 0 0 1 0 0 0 1 0 0 0 0 0 0 0 1 0 0 0 0 0 0 0 0 0 0 0 0 0 0 0 0 0 0 0 0 0 0 0 0 0 0 1 0 0 0 0 0 0 0 0 1 0 0 0 0 0 1 0 0 0 0 0 0 0 0 0 0 0 0 0 0 0 0 1 0 0 0 0 0 0 0 0 0 0 0 0 0 0 0 0 0 0 0 0 0 0 0 0 0 0 0 0 0 0 1 0 0 0 0 0 0 0 0 0 0 0 0 0 0 0 0 0 0 0 0 0 0 0 0 0 0 0 0 0 0 0 0 
0 0 0 0 0 0 0 0 0 0 0 0 0 0 0 1 0 0 1 0 0 0 0 0 0 0 0 0 0 0 0 0 0 1 0 0 0 0 0 0 0 0 0 0 0 0 0 0 0 1 0 1 0 0 0 0 0 0 0 0 0 0 0 0 0 0 0 0 1 0 0 0 0 0 0 0 0 0 0 0 0 0 0 0 0 0 1 0 0 0 0 0 0 0 0 0 0 0 0 0 0 0 0 0 0 0 0 0 0 1 0 0 0 0 0 0 0 0 0 0 0 0 1 0 0 0 0 0 0 1 1 0 1 0 1 0 1 0 0 0 0 0 0 0 0 0 1 0 0 1 0 0 0 0 0 0 0 0 0 0 0 0 0 0 0 1 0 0 0 0 0 0 0 0 0 0 0 1 1 1 0 0 0 0 0 0 0 0 0 1 0 0 0 0 1 
0 0 0 0 0 1 0 1 0 0 0 0 0 0 0 0 0 1 0 0 0 0 0 0 0 0 1 0 0 0 0 0 0 0 0 0 1 0 0 0 0 0 0 0 0 0 1 0 0 0 0 0 0 0 1 0 0 0 0 0 0 0 0 0 0 0 0 0 0 0 0 1 0 0 0 0 0 0 0 1 0 1 0 1 0 0 0 1 0 0 0 0 0 0 0 1 0 0 0 0 1 0 0 0 1 0 0 0 0 0 0 0 0 0 0 0 0 0 0 0 0 0 0 0 0 0 0 0 1 0 0 0 0 0 0 0 0 0 0 0 0 0 0 0 0 0 0 0 0 0 0 0 0 0 0 0 0 0 0 0 1 0 0 0 0 0 0 0 0 0 0 0 0 0 0 0 0 0 0 0 0 0 0 0 0 0 0 0 0 0 0 0 0 0 0 
0 0 0 0 0 0 0 0 0 0 0 0 0 0 1 0 0 0 0 0 0 0 0 1 0 0 0 0 0 0 0 0 0 0 0 1 0 0 0 0 0 0 0 0 1 0 0 0 0 0 0 0 0 0 0 0 0 0 0 0 0 1 0 0 0 0 0 0 0 0 0 0 0 0 0 0 0 0 0 0 0 0 0 0 0 0 0 0 0 0 0 0 0 0 0 0 0 0 0 0 0 0 0 0 0 0 0 0 0 0 0 0 0 1 0 0 1 0 0 0 0 0 0 0 0 0 0 1 0 0 0 0 0 0 0 0 0 1 0 0 0 0 0 0 0 0 0 0 0 0 0 0 0 0 0 0 0 0 0 0 0 0 0 0 0 0 1 0 0 1 1 0 1 0 0 0 0 0 0 0 0 0 0 0 0 0 0 0 0 0 0 0 0 0 0 
0 1 0 0 0 0 1 0 0 0 0 1 0 0 0 0 0 0 0 0 0 1 0 0 0 0 0 0 1 0 0 0 0 0 0 0 0 0 0 1 0 0 0 0 0 0 0 0 1 0 1 0 0 0 0 0 0 0 0 0 0 0 0 0 0 0 1 0 0 0 0 0 0 0 0 0 0 0 1 0 0 0 0 0 0 0 0 0 0 0 0 0 0 0 0 0 0 0 0 0 0 0 0 0 0 0 0 0 0 0 0 0 1 0 0 0 0 0 1 0 0 1 0 0 1 0 0 0 0 0 0 0 0 0 0 0 0 0 0 0 0 0 0 0 0 0 0 1 0 0 1 0 0 0 0 0 0 0 0 0 0 0 0 1 0 0 0 0 0 0 0 0 0 0 0 0 1 0 0 0 0 0 0 1 1 0 1 0 1 0 0 0 0 0 0 
0 0 0 0 0 0 0 0 0 0 1 0 0 0 0 0 0 0 0 0 0 0 0 0 0 0 0 0 0 0 0 0 0 0 0 0 0 0 0 0 0 0 0 1 0 0 0 1 0 0 0 0 0 0 0 0 0 0 0 1 0 0 0 0 0 0 0 1 0 0 0 0 0 0 0 0 0 0 0 0 1 0 0 0 0 0 0 0 0 1 0 0 0 1 0 0 0 0 1 0 0 1 0 0 0 1 0 0 0 0 0 0 0 0 0 0 0 0 0 0 1 0 0 0 0 0 0 0 0 0 0 0 0 0 0 0 0 0 0 0 0 1 0 0 0 0 0 0 1 0 0 0 0 0 1 1 0 0 0 0 0 0 0 0 0 0 0 0 0 0 0 1 0 0 0 1 0 0 0 0 0 0 0 0 0 1 0 0 0 0 0 0 0 0 0 
71 136 53 61 150 129 24 51 68 
0.000000E+00 2.733808E-04 7.939331E-05 3.289924E-06 0.000000E+00 2.556251E-05 2.536446E-04 1.097594E-05 0.000000E+00 0.000000E+00 1.194637E-04 1.532453E-06 6.065631E-04 0.000000E+00 6.709305E-06 5.477990E-04 0.000000E+00 1.212033E-05 5.845840E-05 0.000000E+00 0.000000E+00 1.816636E-04 0.000000E+00 0.000000E+00 6.687494E-06 0.000000E+00 2.456530E-05 0.000000E+00 9.040310E-05 0.000000E+00 0.000000E+00 1.308166E-04 2.062322E-05 7.098619E-06 0.000000E+00 1.527811E-05 8.230247E-05 0.000000E+00 0.000000E+00 9.993654E-04 0.000000E+00 0.000000E+00 0.000000E+00 1.560653E-04 1.713374E-05 8.655501E-07 5.252406E-05 3.267752E-06 9.332563E-05 2.227387E-05 0.000000E+00 9.627276E-05 0.000000E+00 1.842244E-05 6.196835E-04 0.000000E+00 4.256223E-04 8.070459E-05 0.000000E+00 4.889164E-05 0.000000E+00 3.547422E-05 2.505328E-04 4.317317E-06 1.040170E-05 3.823140E-04 5.364001E-05 0.000000E+00 4.339162E-05 0.000000E+00 0.000000E+00 6.165920E-06 3.531485E-05 5.522642E-07 2.482079E-06 2.693962E-04 1.334661E-04 0.000000E+00 3.868587E-05 6.414754E-05 1.310427E-04 5.101582E-05 7.238889E-05 3.316746E-06 3.922657E-06 1.519898E-04 3.043605E-04 1.018304E-05 0.000000E+00 8.251696E-05 0.000000E+00 5.338489E-06 2.035658E-06 3.420384E-05 0.000000E+00 1.311935E-07 2.095591E-04 0.000000E+00 1.009607E-05 2.872758E-05 3.993217E-05 8.495530E-05 0.000000E+00 8.294594E-06 7.216488E-06 1.206663E-04 0.000000E+00 1.212394E-05 7.410255E-05 1.247422E-04 0.000000E+00 1.079530E-06 2.647900E-04 4.086846E-07 5.957717E-06 2.262951E-05 8.898707E-06 7.640685E-04 3.605600E-04 9.114769E-06 1.065647E-06 5.009492E-06 4.880095E-05 4.108776E-05 5.521370E-04 0.000000E+00 6.974343E-06 3.872362E-06 0.000000E+00 2.770689E-05 3.132870E-06 1.383234E-05 9.927755E-05 9.231833E-06 1.500069E-04 0.000000E+00 6.045307E-04 1.743537E-06 1.120391E-04 2.669076E-07 5.720198E-06 1.195489E-05 8.654476E-05 8.089629E-05 0.000000E+00 1.142890E-05 3.484030E-05 4.086758E-05 1.203615E-04 0.000000E+00 9.694568E-10 6.793924E-05 1.285673E-05 0.000000E+00 4.856114E-05 3.279656E-07 3.608620E-04 0.000000E+00 3.662964E-06 3.888548E-04 6.070106E-05 2.311690E-04 6.715424E-05 1.845129E-05 4.082916E-05 2.181624E-04 3.293642E-06 0.000000E+00 0.000000E+00 8.483498E-06 1.445860E-06 3.730147E-06 1.304142E-05 0.000000E+00 1.484589E-05 1.286950E-05 5.791470E-05 1.842127E-05 1.966210E-06 1.126768E-05 7.635768E-06 6.969593E-07 9.737790E-05 2.414018E-04 4.663937E-04 6.040974E-05 1.366885E-04 2.414313E-06 3.752889E-04 1.471738E-04 0.000000E+00 6.266874E-05 0.000000E+00 0.000000E+00 1.457102E-05 
25 33 71 77 83 104 124 134 143 144 157 165 188 160 32 152 13 118 
3 4 57 63 74 86 92 97 116 120 136 139 140 141 146 153 159 162 175 181 182 183 66 76 
53 112 93 75 64 127 108 85 58 192 
46 54 61 65 73 100 109 115 132 163 
19 34 50 52 69 110 130 131 133 135 147 150 178 179 180 190 195 87 123 137 166 16 
6 8 18 27 72 80 84 88 96 101 105 129 161 82 37 47 55 
24 45 114 117 128 138 171 15 167 170 173 36 62 
2 7 12 22 49 51 79 122 125 148 151 164 177 184 187 189 67 113 119 40 185 29 
48 60 68 99 121 142 155 156 172 176 186 94 149 102 90 81 44 11 106 

============Find Best @ Round 2339================
==========Cluster 0, RcvInterf=6.01621e-14============
Node 24, SINR:8.53380e-01, BpsHz:5.23623e-02
Node 32, SINR:8.53380e-01, BpsHz:5.23623e-02
Node 70, SINR:0.00000e+00, BpsHz:0.00000e+00
Node 76, SINR:8.53380e-01, BpsHz:5.23623e-02
Node 82, SINR:8.53380e-01, BpsHz:5.23623e-02
Node 103, SINR:8.53380e-01, BpsHz:5.23623e-02
Node 123, SINR:8.53380e-01, BpsHz:5.23623e-02
Node 133, SINR:8.53380e-01, BpsHz:5.23623e-02
Node 142, SINR:8.53380e-01, BpsHz:5.23623e-02
Node 143, SINR:8.53380e-01, BpsHz:5.23623e-02
Node 156, SINR:8.53380e-01, BpsHz:5.23623e-02
Node 164, SINR:8.53380e-01, BpsHz:5.23623e-02
Node 187, SINR:8.53380e-01, BpsHz:5.23623e-02
Node 159, SINR:8.53380e-01, BpsHz:5.23623e-02
Node 31, SINR:8.53380e-01, BpsHz:5.23623e-02
Node 151, SINR:8.53380e-01, BpsHz:5.23623e-02
Node 12, SINR:8.53380e-01, BpsHz:5.23623e-02
Node 117, SINR:8.53380e-01, BpsHz:5.23623e-02
---------------
==========Cluster 1, RcvInterf=1.63933e-14============
Node 2, SINR:1.30431e+00, BpsHz:5.23623e-02
Node 3, SINR:1.30431e+00, BpsHz:5.23623e-02
Node 56, SINR:1.30431e+00, BpsHz:5.23623e-02
Node 62, SINR:1.30431e+00, BpsHz:5.23623e-02
Node 73, SINR:1.30431e+00, BpsHz:5.23623e-02
Node 85, SINR:1.30431e+00, BpsHz:5.23623e-02
Node 91, SINR:1.30431e+00, BpsHz:5.23623e-02
Node 96, SINR:1.30431e+00, BpsHz:5.23623e-02
Node 115, SINR:1.30431e+00, BpsHz:5.23623e-02
Node 119, SINR:1.30431e+00, BpsHz:5.23623e-02
Node 135, SINR:0.00000e+00, BpsHz:0.00000e+00
Node 138, SINR:1.30431e+00, BpsHz:5.23623e-02
Node 139, SINR:1.30431e+00, BpsHz:5.23623e-02
Node 140, SINR:1.30431e+00, BpsHz:5.23623e-02
Node 145, SINR:1.30431e+00, BpsHz:5.23623e-02
Node 152, SINR:1.30431e+00, BpsHz:5.23623e-02
Node 158, SINR:1.30431e+00, BpsHz:5.23623e-02
Node 161, SINR:1.30431e+00, BpsHz:5.23623e-02
Node 174, SINR:1.30431e+00, BpsHz:5.23623e-02
Node 180, SINR:1.30431e+00, BpsHz:5.23623e-02
Node 181, SINR:1.30431e+00, BpsHz:5.23623e-02
Node 182, SINR:1.30431e+00, BpsHz:5.23623e-02
Node 65, SINR:1.30431e+00, BpsHz:5.23623e-02
Node 75, SINR:1.30431e+00, BpsHz:5.23623e-02
---------------
==========Cluster 2, RcvInterf=5.66985e-14============
Node 52, SINR:0.00000e+00, BpsHz:0.00000e+00
Node 111, SINR:3.86320e-01, BpsHz:5.23623e-02
Node 92, SINR:3.86320e-01, BpsHz:5.23623e-02
Node 74, SINR:3.86320e-01, BpsHz:5.23623e-02
Node 63, SINR:3.86320e-01, BpsHz:5.23623e-02
Node 126, SINR:3.86320e-01, BpsHz:5.23623e-02
Node 107, SINR:3.86320e-01, BpsHz:5.23623e-02
Node 84, SINR:3.86320e-01, BpsHz:5.23623e-02
Node 57, SINR:3.86320e-01, BpsHz:5.23623e-02
Node 191, SINR:3.86320e-01, BpsHz:5.23623e-02
---------------
==========Cluster 3, RcvInterf=5.24361e-14============
Node 45, SINR:3.86320e-01, BpsHz:5.23623e-02
Node 53, SINR:3.86320e-01, BpsHz:5.23623e-02
Node 60, SINR:0.00000e+00, BpsHz:0.00000e+00
Node 64, SINR:3.86320e-01, BpsHz:5.23623e-02
Node 72, SINR:3.86320e-01, BpsHz:5.23623e-02
Node 99, SINR:3.86320e-01, BpsHz:5.23623e-02
Node 108, SINR:3.86320e-01, BpsHz:5.23623e-02
Node 114, SINR:3.86320e-01, BpsHz:5.23623e-02
Node 131, SINR:3.86320e-01, BpsHz:5.23623e-02
Node 162, SINR:3.86320e-01, BpsHz:5.23623e-02
---------------
==========Cluster 4, RcvInterf=1.85275e-14============
Node 18, SINR:1.14296e+00, BpsHz:5.23623e-02
Node 33, SINR:1.14296e+00, BpsHz:5.23623e-02
Node 49, SINR:1.14296e+00, BpsHz:5.23623e-02
Node 51, SINR:1.14296e+00, BpsHz:5.23623e-02
Node 68, SINR:1.14296e+00, BpsHz:5.23623e-02
Node 109, SINR:1.14296e+00, BpsHz:5.23623e-02
Node 129, SINR:1.14296e+00, BpsHz:5.23623e-02
Node 130, SINR:1.14296e+00, BpsHz:5.23623e-02
Node 132, SINR:1.14296e+00, BpsHz:5.23623e-02
Node 134, SINR:1.14296e+00, BpsHz:5.23623e-02
Node 146, SINR:1.14296e+00, BpsHz:5.23623e-02
Node 149, SINR:0.00000e+00, BpsHz:0.00000e+00
Node 177, SINR:1.14296e+00, BpsHz:5.23623e-02
Node 178, SINR:1.14296e+00, BpsHz:5.23623e-02
Node 179, SINR:1.14296e+00, BpsHz:5.23623e-02
Node 189, SINR:1.14296e+00, BpsHz:5.23623e-02
Node 194, SINR:1.14296e+00, BpsHz:5.23623e-02
Node 86, SINR:1.14296e+00, BpsHz:5.23623e-02
Node 122, SINR:1.14296e+00, BpsHz:5.23623e-02
Node 136, SINR:1.14296e+00, BpsHz:5.23623e-02
Node 165, SINR:1.14296e+00, BpsHz:5.23623e-02
Node 15, SINR:1.14296e+00, BpsHz:5.23623e-02
---------------
==========Cluster 5, RcvInterf=6.26305e-14============
Node 5, SINR:7.87318e-01, BpsHz:5.23623e-02
Node 7, SINR:7.87318e-01, BpsHz:5.23623e-02
Node 17, SINR:7.87318e-01, BpsHz:5.23623e-02
Node 26, SINR:7.87318e-01, BpsHz:5.23623e-02
Node 71, SINR:7.87318e-01, BpsHz:5.23623e-02
Node 79, SINR:7.87318e-01, BpsHz:5.23623e-02
Node 83, SINR:7.87318e-01, BpsHz:5.23623e-02
Node 87, SINR:7.87318e-01, BpsHz:5.23623e-02
Node 95, SINR:7.87318e-01, BpsHz:5.23623e-02
Node 100, SINR:7.87318e-01, BpsHz:5.23623e-02
Node 104, SINR:7.87318e-01, BpsHz:5.23623e-02
Node 128, SINR:0.00000e+00, BpsHz:0.00000e+00
Node 160, SINR:7.87318e-01, BpsHz:5.23623e-02
Node 81, SINR:7.87318e-01, BpsHz:5.23623e-02
Node 36, SINR:7.87318e-01, BpsHz:5.23623e-02
Node 46, SINR:7.87318e-01, BpsHz:5.23623e-02
Node 54, SINR:7.87318e-01, BpsHz:5.23623e-02
---------------
==========Cluster 6, RcvInterf=2.32776e-14============
Node 23, SINR:0.00000e+00, BpsHz:0.00000e+00
Node 44, SINR:5.45793e-01, BpsHz:5.23623e-02
Node 113, SINR:5.45793e-01, BpsHz:5.23623e-02
Node 116, SINR:5.45793e-01, BpsHz:5.23623e-02
Node 127, SINR:5.45793e-01, BpsHz:5.23623e-02
Node 137, SINR:5.45793e-01, BpsHz:5.23623e-02
Node 170, SINR:5.45793e-01, BpsHz:5.23623e-02
Node 14, SINR:5.45793e-01, BpsHz:5.23623e-02
Node 166, SINR:5.45793e-01, BpsHz:5.23623e-02
Node 169, SINR:5.45793e-01, BpsHz:5.23623e-02
Node 172, SINR:5.45793e-01, BpsHz:5.23623e-02
Node 35, SINR:5.45793e-01, BpsHz:5.23623e-02
Node 61, SINR:5.45793e-01, BpsHz:5.23623e-02
---------------
==========Cluster 7, RcvInterf=3.49328e-14============
Node 1, SINR:1.14296e+00, BpsHz:5.23623e-02
Node 6, SINR:1.14296e+00, BpsHz:5.23623e-02
Node 11, SINR:1.14296e+00, BpsHz:5.23623e-02
Node 21, SINR:1.14296e+00, BpsHz:5.23623e-02
Node 48, SINR:1.14296e+00, BpsHz:5.23623e-02
Node 50, SINR:0.00000e+00, BpsHz:0.00000e+00
Node 78, SINR:1.14296e+00, BpsHz:5.23623e-02
Node 121, SINR:1.14296e+00, BpsHz:5.23623e-02
Node 124, SINR:1.14296e+00, BpsHz:5.23623e-02
Node 147, SINR:1.14296e+00, BpsHz:5.23623e-02
Node 150, SINR:1.14296e+00, BpsHz:5.23623e-02
Node 163, SINR:1.14296e+00, BpsHz:5.23623e-02
Node 176, SINR:1.14296e+00, BpsHz:5.23623e-02
Node 183, SINR:1.14296e+00, BpsHz:5.23623e-02
Node 186, SINR:1.14296e+00, BpsHz:5.23623e-02
Node 188, SINR:1.14296e+00, BpsHz:5.23623e-02
Node 66, SINR:1.14296e+00, BpsHz:5.23623e-02
Node 112, SINR:1.14296e+00, BpsHz:5.23623e-02
Node 118, SINR:1.14296e+00, BpsHz:5.23623e-02
Node 39, SINR:1.14296e+00, BpsHz:5.23623e-02
Node 184, SINR:1.14296e+00, BpsHz:5.23623e-02
Node 28, SINR:1.14296e+00, BpsHz:5.23623e-02
---------------
==========Cluster 8, RcvInterf=3.66465e-14============
Node 47, SINR:9.21883e-01, BpsHz:5.23623e-02
Node 59, SINR:9.21883e-01, BpsHz:5.23623e-02
Node 67, SINR:0.00000e+00, BpsHz:0.00000e+00
Node 98, SINR:9.21883e-01, BpsHz:5.23623e-02
Node 120, SINR:9.21883e-01, BpsHz:5.23623e-02
Node 141, SINR:9.21883e-01, BpsHz:5.23623e-02
Node 154, SINR:9.21883e-01, BpsHz:5.23623e-02
Node 155, SINR:9.21883e-01, BpsHz:5.23623e-02
Node 171, SINR:9.21883e-01, BpsHz:5.23623e-02
Node 175, SINR:9.21883e-01, BpsHz:5.23623e-02
Node 185, SINR:9.21883e-01, BpsHz:5.23623e-02
Node 93, SINR:9.21883e-01, BpsHz:5.23623e-02
Node 148, SINR:9.21883e-01, BpsHz:5.23623e-02
Node 101, SINR:9.21883e-01, BpsHz:5.23623e-02
Node 89, SINR:9.21883e-01, BpsHz:5.23623e-02
Node 80, SINR:9.21883e-01, BpsHz:5.23623e-02
Node 43, SINR:9.21883e-01, BpsHz:5.23623e-02
Node 10, SINR:9.21883e-01, BpsHz:5.23623e-02
Node 105, SINR:9.21883e-01, BpsHz:5.23623e-02
---------------
