195
19
1.000000e-03
1.931016e-312
129
3000
1.274459e+01
5.606079e-01
1.274459e-05
5.689132e-07
0 0 0 0 0 0 0 0 0 0 1 0 0 0 0 0 0 0 0 0 0 0 0 0 0 1 0 0 0 0 0 0 0 0 0 0 0 0 0 0 0 0 0 0 0 0 0 0 0 0 0 0 0 0 0 0 0 0 0 0 0 0 0 0 0 0 0 0 0 0 0 0 0 0 0 0 0 0 0 0 0 0 0 0 0 0 0 0 0 1 0 0 0 0 0 0 0 0 0 0 0 0 0 1 0 0 0 0 0 0 0 0 0 0 0 0 0 0 0 0 0 0 0 0 0 0 0 0 0 0 0 0 0 1 0 0 0 0 0 0 0 0 0 0 0 0 0 0 0 0 0 1 0 1 0 0 0 0 0 0 0 0 0 0 0 0 0 0 0 0 0 0 0 0 0 0 0 0 0 0 0 0 0 0 0 0 0 0 0 0 0 0 0 1 0 
0 0 0 0 1 0 0 1 0 0 0 0 0 0 0 0 0 0 0 0 0 0 0 0 0 0 0 0 0 0 0 0 0 0 0 0 0 0 0 0 0 0 0 0 0 0 1 0 0 0 0 0 0 0 0 0 0 0 0 0 0 0 0 0 0 0 0 0 0 1 0 0 0 0 0 0 0 1 0 0 0 0 0 0 0 0 0 0 0 0 0 0 0 1 0 0 0 0 0 0 0 0 0 0 0 1 0 0 0 0 0 0 0 0 0 0 0 0 0 0 0 0 0 0 0 0 0 0 0 0 0 0 0 0 0 0 0 0 0 0 0 0 0 0 0 0 0 0 0 0 0 0 0 0 0 0 0 0 0 0 0 0 0 0 0 0 0 0 1 0 0 0 0 0 0 0 0 0 0 0 0 0 0 0 0 0 0 0 0 0 0 0 0 0 0 
0 0 0 0 0 0 0 0 0 0 0 0 0 0 0 0 0 0 0 0 0 0 0 0 0 0 0 0 0 0 0 0 0 0 0 0 0 0 0 0 0 0 0 0 0 1 0 0 0 0 0 0 0 1 0 0 0 0 0 0 1 0 0 0 1 0 0 0 0 0 0 0 0 0 0 0 0 0 0 0 0 0 0 0 0 0 0 0 0 0 0 0 0 0 0 0 0 0 0 1 0 0 0 0 0 0 0 0 0 0 0 0 0 0 1 0 0 0 0 0 0 0 0 0 0 0 0 0 0 0 0 1 0 0 0 0 0 0 0 0 0 0 0 0 0 0 0 0 0 0 0 0 0 0 0 0 0 0 0 0 0 0 0 0 0 0 0 0 0 0 0 0 0 0 0 0 0 0 0 0 0 0 0 0 0 0 0 0 0 0 0 0 0 0 0 
0 0 0 0 0 0 0 0 0 0 0 0 0 0 0 0 0 0 0 0 0 0 0 0 0 0 0 1 0 0 0 0 0 0 0 0 0 0 0 0 0 0 0 0 0 0 0 0 0 0 0 0 0 0 0 0 1 0 0 0 0 0 1 0 0 0 0 0 0 0 0 0 0 1 0 0 0 0 0 0 0 0 0 0 0 0 0 0 0 0 0 0 0 0 0 0 1 0 0 0 0 0 0 0 0 0 0 0 0 0 0 0 0 0 0 1 0 0 0 0 0 0 0 0 0 0 0 0 0 0 0 0 0 0 0 1 0 0 1 0 0 0 0 0 0 1 0 0 0 0 0 0 1 0 0 0 0 0 0 0 0 0 0 0 0 0 0 0 0 0 0 0 0 0 0 0 0 0 0 0 1 0 0 0 0 0 0 0 0 0 0 0 0 0 0 
0 0 0 0 0 0 0 0 0 0 0 0 0 0 1 0 0 0 0 0 0 0 0 1 0 0 0 0 0 0 0 0 0 0 0 1 0 0 0 0 0 0 0 0 1 0 0 0 0 0 0 0 0 0 0 0 0 0 0 0 0 0 0 0 0 0 0 0 0 0 0 0 0 0 0 0 0 0 0 0 0 0 0 0 0 0 0 0 0 0 0 0 0 0 0 0 0 0 0 0 0 0 0 0 0 0 1 0 0 0 0 0 0 1 0 0 1 0 0 0 0 0 0 0 0 0 0 1 0 0 0 0 0 0 0 0 0 1 0 0 0 0 0 0 0 0 0 0 0 0 0 0 0 0 0 0 0 0 0 0 0 0 0 0 0 0 0 0 0 1 1 0 1 0 0 0 0 0 0 0 0 0 0 0 0 0 0 0 0 0 0 0 0 0 0 
0 0 1 0 0 0 0 0 0 0 0 0 0 0 0 0 0 0 0 0 0 0 0 0 0 0 0 0 0 1 0 0 0 0 0 0 0 0 0 0 0 0 1 0 0 0 0 0 0 0 0 0 0 0 0 0 0 0 0 0 0 1 0 0 0 0 0 0 0 0 0 0 0 0 0 0 0 0 0 0 0 0 0 0 0 0 0 0 0 0 0 0 0 0 0 0 0 0 0 0 0 0 0 0 0 0 0 0 0 0 0 0 0 0 0 0 0 0 0 1 0 0 0 0 0 0 0 0 0 0 0 0 0 0 0 0 0 0 0 1 0 0 0 0 0 0 0 0 0 0 0 0 0 0 0 0 0 0 0 0 0 0 0 0 0 0 0 0 0 0 0 0 0 1 1 0 0 0 0 0 0 0 0 0 0 0 0 0 0 0 1 0 0 0 0 
0 0 0 0 0 0 1 0 0 0 0 1 0 0 0 0 0 0 0 0 0 0 0 0 0 0 0 0 0 0 0 0 0 0 0 0 0 0 0 0 0 0 0 0 0 0 0 0 0 0 1 0 0 0 0 0 0 0 0 0 0 0 0 0 0 0 0 0 0 0 0 0 0 0 0 0 0 0 0 0 0 0 0 0 0 0 0 0 0 0 0 0 0 0 0 0 0 0 0 0 0 0 0 0 0 0 0 0 0 0 0 0 0 0 0 0 0 0 1 0 0 1 0 0 0 0 0 0 0 0 0 0 0 0 0 0 0 0 0 0 0 0 0 0 0 0 0 1 0 0 1 0 0 0 0 0 0 0 0 0 0 0 0 0 0 0 0 0 0 0 0 0 0 0 0 0 1 0 0 0 0 0 0 1 0 0 1 0 0 0 0 0 0 0 0 
1 0 0 0 0 0 0 0 0 0 0 0 0 0 0 0 0 0 0 0 0 0 0 0 0 0 0 0 0 0 0 1 0 0 0 0 0 0 0 0 0 1 0 1 0 0 0 0 0 0 0 0 0 0 0 0 0 0 0 1 0 0 0 0 0 0 0 0 0 0 0 0 0 0 0 0 0 0 0 0 0 0 0 0 0 0 0 0 0 0 1 0 0 0 0 0 0 0 0 0 0 0 0 0 0 0 0 0 0 0 1 0 0 0 0 0 0 1 0 0 0 0 0 0 0 1 0 0 0 0 0 0 0 0 0 0 0 0 0 0 0 0 0 0 1 0 0 0 1 0 0 0 0 0 0 0 0 1 0 0 0 0 1 0 0 0 0 1 0 0 0 0 0 0 0 0 0 0 0 0 0 0 0 0 0 0 0 0 0 0 0 0 0 0 0 
0 0 0 0 0 0 0 0 0 0 0 0 0 0 0 1 0 0 0 0 0 1 0 0 0 0 0 0 0 0 0 0 0 0 0 0 0 0 1 1 0 0 0 0 0 0 0 0 1 0 0 0 0 0 0 0 0 0 1 0 0 0 0 0 0 0 0 0 0 0 0 0 0 0 0 0 0 0 1 0 0 0 0 0 0 0 1 0 0 0 0 0 0 0 1 0 0 0 0 0 0 0 0 0 0 0 0 0 0 0 0 0 1 0 0 0 0 0 0 0 0 0 0 0 0 0 0 0 0 0 0 0 0 0 1 0 1 0 0 0 0 0 0 0 0 0 0 0 0 0 0 0 0 0 0 0 0 0 0 0 0 0 0 0 0 0 0 0 0 0 0 0 0 0 0 0 0 0 0 0 0 0 0 0 1 0 0 0 1 0 0 0 0 0 0 
0 0 0 0 0 0 0 0 0 0 0 0 0 0 0 0 0 0 0 0 0 0 0 0 0 0 0 0 0 0 0 0 0 0 0 0 0 0 0 0 0 0 0 0 0 0 0 0 0 0 0 0 0 0 1 0 0 0 0 0 0 0 0 0 0 0 0 0 0 0 0 0 0 0 0 0 0 0 0 1 0 0 0 0 0 0 0 0 0 0 0 0 0 0 0 0 0 0 0 0 1 0 0 0 0 0 0 0 0 0 0 0 0 0 0 0 0 0 0 0 0 0 0 0 0 0 0 0 0 0 0 0 0 0 0 0 0 0 0 0 0 0 0 0 0 0 0 0 0 0 0 0 0 0 0 0 0 0 0 0 1 0 0 0 0 0 0 0 0 0 0 0 0 0 0 0 0 0 0 0 0 0 0 0 0 0 0 0 0 0 0 0 0 0 0 
0 0 0 0 0 0 0 0 0 0 0 0 0 0 0 0 0 0 0 0 0 0 0 0 0 0 0 0 0 0 0 0 0 0 0 0 0 0 0 0 0 0 0 0 0 0 0 1 0 0 0 0 0 0 0 0 0 0 0 0 0 0 0 0 0 0 0 1 0 0 0 0 0 0 0 0 0 0 0 0 0 0 0 0 0 0 0 0 0 0 0 0 0 0 0 0 0 0 1 0 0 0 0 0 0 0 0 0 0 0 0 0 0 0 0 0 0 0 0 0 0 0 0 0 0 0 0 0 0 0 0 0 0 0 0 0 0 0 0 0 0 0 0 0 0 0 0 0 0 0 0 0 0 0 0 1 0 0 0 0 0 0 0 0 0 0 0 0 0 0 0 0 0 0 0 1 0 0 0 0 0 0 0 0 0 1 0 0 0 0 0 0 0 0 0 
0 0 0 0 0 0 0 0 0 0 0 0 0 0 0 0 0 0 0 0 0 0 0 0 0 0 0 0 0 0 0 0 0 0 0 0 0 0 0 0 0 0 0 0 0 0 0 0 0 0 0 0 0 0 0 0 0 0 0 0 0 0 0 0 0 0 0 0 0 0 0 0 0 0 0 0 0 0 0 0 0 0 0 0 0 0 0 0 1 0 0 0 0 0 0 0 0 0 0 0 0 0 0 0 0 0 0 0 0 0 0 0 0 0 0 0 0 0 0 0 0 0 0 0 0 0 0 0 0 0 0 0 0 0 0 0 0 0 0 0 0 0 0 0 0 0 0 0 0 0 0 0 0 0 0 0 0 0 0 0 0 0 0 0 0 0 0 0 0 0 0 0 0 0 0 0 0 0 0 0 0 0 0 0 0 0 0 0 0 0 0 0 0 0 0 
0 0 0 0 0 0 0 0 0 0 0 0 1 0 0 0 0 0 0 0 0 0 0 0 1 0 0 0 0 0 0 0 0 0 0 0 0 0 0 0 0 0 0 0 0 0 0 0 0 0 0 0 0 0 0 0 0 0 0 0 0 0 0 0 0 0 0 0 0 0 0 0 0 0 0 0 1 0 0 0 0 0 1 0 0 0 0 0 0 0 0 0 0 0 0 0 0 0 0 0 0 0 0 0 0 0 0 0 0 0 0 0 0 0 0 0 0 0 0 0 0 0 0 0 0 0 0 0 0 0 0 0 0 0 0 0 0 0 0 0 0 0 0 1 0 0 0 0 0 0 0 0 0 0 0 0 1 0 0 1 0 0 0 0 1 0 0 0 0 0 0 0 0 0 0 0 0 0 0 0 0 0 0 0 0 0 0 0 0 0 0 0 0 0 0 
0 0 0 0 0 1 0 0 0 1 0 0 0 0 0 0 0 0 0 0 0 0 0 0 0 0 0 0 0 0 0 0 0 0 0 0 1 0 0 0 0 0 0 0 0 0 0 0 0 0 0 0 0 0 0 0 0 0 0 0 0 0 0 0 0 0 0 0 0 0 0 0 0 0 0 0 0 0 0 0 0 0 0 0 0 0 0 0 0 0 0 0 0 0 0 0 0 0 0 0 0 0 0 0 0 0 0 0 0 0 0 0 0 0 0 0 0 0 0 0 0 0 0 0 0 0 0 0 0 0 0 0 0 0 0 0 0 0 0 0 0 0 0 0 0 0 0 0 0 0 0 0 0 0 0 0 0 0 0 0 0 0 0 0 0 0 0 0 0 0 0 0 0 0 0 0 0 0 0 0 0 0 0 0 0 0 0 0 0 0 0 0 0 0 0 
0 0 0 0 0 0 0 0 1 0 0 0 0 0 0 0 0 0 0 0 0 0 0 0 0 0 0 0 0 0 0 0 0 0 0 0 0 0 0 0 0 0 0 0 0 0 0 0 0 0 0 0 1 0 0 1 0 0 0 0 0 0 0 1 0 0 0 0 0 0 0 0 0 0 1 0 0 0 0 0 0 0 0 0 1 0 0 0 0 0 0 0 1 0 0 0 0 0 0 0 0 0 0 0 0 0 0 1 0 0 0 1 0 0 0 0 0 0 0 0 0 0 0 0 0 0 1 0 0 0 0 0 0 0 0 0 0 0 0 0 0 0 0 0 0 0 0 0 0 0 0 0 0 0 0 0 0 0 0 0 0 0 0 0 0 0 0 0 0 0 0 0 0 0 0 0 0 0 0 0 0 0 0 0 0 0 0 0 0 0 0 0 0 0 0 
0 0 0 0 0 0 0 0 0 0 0 0 0 0 0 0 0 0 0 1 0 0 0 0 0 0 0 0 0 0 0 0 0 0 0 0 0 0 0 0 0 0 0 0 0 0 0 0 0 0 0 0 0 0 0 0 0 0 0 0 0 0 0 0 0 1 0 0 0 0 0 0 0 0 0 0 0 0 0 0 0 0 0 0 0 1 0 0 0 0 0 0 0 0 0 0 0 0 0 0 0 0 1 0 0 0 0 0 0 0 0 0 0 0 0 0 0 0 0 0 0 0 0 0 0 0 0 0 0 0 0 0 0 0 0 0 0 0 0 0 0 0 0 0 0 0 0 0 0 0 0 0 0 0 0 0 0 0 0 0 0 0 0 0 0 0 0 0 0 0 0 0 0 0 0 0 0 0 0 0 0 0 1 0 0 0 0 0 0 0 0 0 0 0 0 
0 0 0 0 0 0 0 0 0 0 0 0 0 0 0 0 0 0 1 0 0 0 0 0 0 0 0 0 0 0 0 0 0 1 0 0 0 0 0 0 0 0 0 0 0 0 0 0 0 1 0 0 0 0 0 0 0 0 0 0 0 0 0 0 0 0 0 0 1 0 0 0 0 0 0 0 0 0 0 0 0 0 0 0 0 0 0 0 0 0 0 0 0 0 0 0 0 0 0 0 0 0 0 0 0 0 0 0 0 1 0 0 0 0 0 0 0 0 0 0 0 0 1 0 0 0 0 0 0 1 1 0 1 0 0 0 0 0 0 0 0 0 0 0 0 0 1 0 0 1 0 0 0 0 0 0 0 0 0 0 0 0 0 0 0 0 0 0 0 0 0 0 0 0 0 0 0 1 1 1 0 0 0 0 0 0 0 0 0 0 0 0 0 0 1 
0 0 0 0 0 0 0 0 0 0 0 0 0 0 0 0 0 0 0 0 0 0 0 0 0 0 0 0 0 0 0 0 0 0 0 0 0 0 0 0 0 0 0 0 0 0 0 0 0 0 0 0 0 0 0 0 0 0 0 0 0 0 0 0 0 0 0 0 0 0 0 0 0 0 0 0 0 0 0 0 0 0 0 0 0 0 0 0 0 0 0 0 0 0 0 0 0 0 0 0 0 0 0 0 1 0 0 0 0 0 0 0 0 0 0 0 0 0 0 0 0 0 0 0 0 0 0 0 0 0 0 0 0 0 0 0 0 0 0 0 0 0 0 0 0 0 0 0 0 0 0 0 0 0 0 0 0 0 0 0 0 0 0 0 0 0 0 0 0 0 0 0 0 0 0 0 0 0 0 0 0 0 0 0 0 0 0 0 0 0 0 0 0 0 0 
0 0 0 0 0 0 0 0 0 0 0 0 0 0 0 0 1 0 0 0 1 0 0 0 0 0 0 0 0 0 0 0 0 0 0 0 0 0 0 0 0 0 0 0 0 0 0 0 0 0 0 0 0 0 0 0 0 0 0 0 0 0 0 0 0 0 0 0 0 0 0 0 0 0 0 0 0 0 0 0 0 0 0 0 0 0 0 0 0 0 0 0 0 0 0 0 0 0 0 0 0 0 0 0 0 0 0 0 0 0 0 0 0 0 0 0 0 0 0 0 0 0 0 0 0 0 0 0 0 0 0 0 0 0 0 0 0 0 0 0 0 0 0 0 0 0 0 0 0 0 0 0 0 0 0 0 0 0 0 0 0 0 0 0 0 0 0 0 0 0 0 0 0 0 0 0 0 0 0 0 0 0 0 0 0 0 0 0 0 0 0 0 0 0 0 
26 5 61 153 114 3 12 126 185 161 156 89 83 6 53 183 150 105 17 
1.542039E-04 0.000000E+00 0.000000E+00 0.000000E+00 0.000000E+00 0.000000E+00 6.055834E-05 4.416736E-06 1.094167E-04 9.940739E-08 1.278187E-05 0.000000E+00 1.577692E-05 0.000000E+00 8.757103E-06 1.933039E-04 0.000000E+00 0.000000E+00 4.684057E-04 6.818932E-07 1.015253E-08 3.726326E-05 0.000000E+00 4.227176E-06 2.225604E-06 0.000000E+00 0.000000E+00 5.881251E-04 0.000000E+00 3.331737E-05 0.000000E+00 1.092576E-04 0.000000E+00 5.687863E-05 0.000000E+00 2.850608E-05 8.365692E-07 0.000000E+00 8.062518E-06 2.093524E-04 0.000000E+00 7.743452E-05 1.078530E-04 5.070636E-06 8.325258E-05 2.361849E-06 2.361821E-07 3.456200E-07 3.986406E-05 1.784723E-04 1.533922E-06 0.000000E+00 0.000000E+00 5.026978E-05 1.613653E-06 3.734948E-04 2.029148E-04 0.000000E+00 8.565675E-05 1.316435E-05 0.000000E+00 1.519538E-04 9.822415E-05 1.931808E-05 2.838338E-05 7.136757E-06 0.000000E+00 2.475889E-07 3.476812E-04 4.399491E-05 0.000000E+00 0.000000E+00 0.000000E+00 2.208166E-05 1.110620E-05 0.000000E+00 2.788133E-08 2.028332E-06 4.563741E-05 4.972845E-07 0.000000E+00 0.000000E+00 0.000000E+00 0.000000E+00 1.755215E-05 5.847803E-09 1.702323E-04 0.000000E+00 0.000000E+00 2.839770E-06 1.616773E-06 0.000000E+00 9.108669E-06 2.337238E-05 9.210159E-06 0.000000E+00 4.156905E-05 0.000000E+00 4.510413E-06 7.838970E-05 8.660891E-08 0.000000E+00 3.415671E-07 6.564198E-05 0.000000E+00 4.887196E-05 3.600670E-04 5.424926E-05 0.000000E+00 9.995134E-04 1.648855E-06 4.830420E-06 4.157415E-07 0.000000E+00 1.625698E-05 8.657412E-07 2.273761E-05 7.010971E-04 9.325786E-05 7.892166E-06 0.000000E+00 1.208130E-06 3.910241E-04 0.000000E+00 0.000000E+00 0.000000E+00 3.120710E-05 1.311522E-04 0.000000E+00 2.220051E-04 2.510254E-05 3.774466E-05 7.954746E-04 2.459421E-04 1.561028E-04 5.833373E-05 3.832328E-04 3.521103E-05 1.350084E-05 1.165875E-04 0.000000E+00 0.000000E+00 0.000000E+00 1.619048E-05 2.077197E-05 5.125084E-05 2.791626E-04 3.904030E-06 1.272094E-05 0.000000E+00 7.647935E-07 5.053410E-06 0.000000E+00 4.494009E-05 0.000000E+00 0.000000E+00 4.251627E-05 3.003934E-04 0.000000E+00 2.582125E-05 0.000000E+00 0.000000E+00 2.663117E-05 0.000000E+00 1.554661E-05 0.000000E+00 0.000000E+00 3.898357E-05 3.596255E-07 4.502618E-04 3.824446E-07 0.000000E+00 1.251100E-05 2.221702E-05 2.763390E-06 9.356492E-07 1.454173E-05 1.476029E-04 1.575452E-05 9.028381E-05 1.308839E-07 0.000000E+00 0.000000E+00 9.572070E-05 0.000000E+00 1.522149E-05 3.156262E-05 0.000000E+00 1.850767E-05 0.000000E+00 8.491478E-06 0.000000E+00 0.000000E+00 8.081841E-08 1.167523E-04 
26 90 152 194 11 134 104 154 
5 169 78 47 8 94 70 106 
46 61 115 54 100 132 65 
57 63 97 116 139 153 181 74 136 146 28 
15 24 36 45 114 117 171 173 138 128 107 170 
3 175 191 174 120 62 43 140 30 
7 12 51 122 148 151 177 187 184 119 
42 44 60 91 111 126 145 149 163 32 168 158 118 1 
22 39 40 49 79 95 113 185 189 137 87 16 59 135 
161 101 80 55 
48 68 156 176 99 186 
89 
13 25 77 83 144 157 160 165 
6 10 37 
53 75 85 93 112 127 64 108 9 56 
20 86 103 183 66 
19 34 50 69 130 131 150 178 179 180 195 133 147 110 123 
105 
17 21 

============Find Best @ Round 2032================
==========Cluster 0, RcvInterf=1.30709e-13============
Node 25, SINR:0.00000e+00, BpsHz:0.00000e+00
Node 89, SINR:6.21082e-01, BpsHz:9.95653e-02
Node 151, SINR:6.21082e-01, BpsHz:9.95653e-02
Node 193, SINR:6.21082e-01, BpsHz:9.95653e-02
Node 10, SINR:6.21082e-01, BpsHz:9.95653e-02
Node 133, SINR:6.21082e-01, BpsHz:9.95653e-02
Node 103, SINR:6.21082e-01, BpsHz:9.95653e-02
Node 153, SINR:6.21082e-01, BpsHz:9.95653e-02
---------------
==========Cluster 1, RcvInterf=9.50680e-14============
Node 4, SINR:0.00000e+00, BpsHz:0.00000e+00
Node 168, SINR:6.21082e-01, BpsHz:9.95653e-02
Node 77, SINR:6.21082e-01, BpsHz:9.95653e-02
Node 46, SINR:6.21082e-01, BpsHz:9.95653e-02
Node 7, SINR:6.21082e-01, BpsHz:9.95653e-02
Node 93, SINR:6.21082e-01, BpsHz:9.95653e-02
Node 69, SINR:6.21082e-01, BpsHz:9.95653e-02
Node 105, SINR:6.21082e-01, BpsHz:9.95653e-02
---------------
==========Cluster 2, RcvInterf=1.26745e-13============
Node 45, SINR:5.12979e-01, BpsHz:9.95653e-02
Node 60, SINR:0.00000e+00, BpsHz:0.00000e+00
Node 114, SINR:5.12979e-01, BpsHz:9.95653e-02
Node 53, SINR:5.12979e-01, BpsHz:9.95653e-02
Node 99, SINR:5.12979e-01, BpsHz:9.95653e-02
Node 131, SINR:5.12979e-01, BpsHz:9.95653e-02
Node 64, SINR:5.12979e-01, BpsHz:9.95653e-02
---------------
==========Cluster 3, RcvInterf=1.86769e-13============
Node 56, SINR:9.93982e-01, BpsHz:9.95653e-02
Node 62, SINR:9.93982e-01, BpsHz:9.95653e-02
Node 96, SINR:9.93982e-01, BpsHz:9.95653e-02
Node 115, SINR:9.93982e-01, BpsHz:9.95653e-02
Node 138, SINR:9.93982e-01, BpsHz:9.95653e-02
Node 152, SINR:0.00000e+00, BpsHz:0.00000e+00
Node 180, SINR:9.93982e-01, BpsHz:9.95653e-02
Node 73, SINR:9.93982e-01, BpsHz:9.95653e-02
Node 135, SINR:9.93982e-01, BpsHz:9.95653e-02
Node 145, SINR:9.93982e-01, BpsHz:9.95653e-02
Node 27, SINR:9.93982e-01, BpsHz:9.95653e-02
---------------
==========Cluster 4, RcvInterf=1.87047e-13============
Node 14, SINR:1.13645e+00, BpsHz:9.95653e-02
Node 23, SINR:1.13645e+00, BpsHz:9.95653e-02
Node 35, SINR:1.13645e+00, BpsHz:9.95653e-02
Node 44, SINR:1.13645e+00, BpsHz:9.95653e-02
Node 113, SINR:0.00000e+00, BpsHz:0.00000e+00
Node 116, SINR:1.13645e+00, BpsHz:9.95653e-02
Node 170, SINR:1.13645e+00, BpsHz:9.95653e-02
Node 172, SINR:1.13645e+00, BpsHz:9.95653e-02
Node 137, SINR:1.13645e+00, BpsHz:9.95653e-02
Node 127, SINR:1.13645e+00, BpsHz:9.95653e-02
Node 106, SINR:1.13645e+00, BpsHz:9.95653e-02
Node 169, SINR:1.13645e+00, BpsHz:9.95653e-02
---------------
==========Cluster 5, RcvInterf=1.96876e-13============
Node 2, SINR:0.00000e+00, BpsHz:0.00000e+00
Node 174, SINR:7.36909e-01, BpsHz:9.95653e-02
Node 190, SINR:7.36909e-01, BpsHz:9.95653e-02
Node 173, SINR:7.36909e-01, BpsHz:9.95653e-02
Node 119, SINR:7.36909e-01, BpsHz:9.95653e-02
Node 61, SINR:7.36909e-01, BpsHz:9.95653e-02
Node 42, SINR:7.36909e-01, BpsHz:9.95653e-02
Node 139, SINR:7.36909e-01, BpsHz:9.95653e-02
Node 29, SINR:7.36909e-01, BpsHz:9.95653e-02
---------------
==========Cluster 6, RcvInterf=5.23339e-14============
Node 6, SINR:8.61012e-01, BpsHz:9.95653e-02
Node 11, SINR:0.00000e+00, BpsHz:0.00000e+00
Node 50, SINR:8.61012e-01, BpsHz:9.95653e-02
Node 121, SINR:8.61012e-01, BpsHz:9.95653e-02
Node 147, SINR:8.61012e-01, BpsHz:9.95653e-02
Node 150, SINR:8.61012e-01, BpsHz:9.95653e-02
Node 176, SINR:8.61012e-01, BpsHz:9.95653e-02
Node 186, SINR:8.61012e-01, BpsHz:9.95653e-02
Node 183, SINR:8.61012e-01, BpsHz:9.95653e-02
Node 118, SINR:8.61012e-01, BpsHz:9.95653e-02
---------------
==========Cluster 7, RcvInterf=9.29453e-14============
Node 41, SINR:1.45266e+00, BpsHz:9.95653e-02
Node 43, SINR:1.45266e+00, BpsHz:9.95653e-02
Node 59, SINR:1.45266e+00, BpsHz:9.95653e-02
Node 90, SINR:1.45266e+00, BpsHz:9.95653e-02
Node 110, SINR:1.45266e+00, BpsHz:9.95653e-02
Node 125, SINR:0.00000e+00, BpsHz:0.00000e+00
Node 144, SINR:1.45266e+00, BpsHz:9.95653e-02
Node 148, SINR:1.45266e+00, BpsHz:9.95653e-02
Node 162, SINR:1.45266e+00, BpsHz:9.95653e-02
Node 31, SINR:1.45266e+00, BpsHz:9.95653e-02
Node 167, SINR:1.45266e+00, BpsHz:9.95653e-02
Node 157, SINR:1.45266e+00, BpsHz:9.95653e-02
Node 117, SINR:1.45266e+00, BpsHz:9.95653e-02
Node 0, SINR:1.45266e+00, BpsHz:9.95653e-02
---------------
==========Cluster 8, RcvInterf=9.42180e-14============
Node 21, SINR:1.45266e+00, BpsHz:9.95653e-02
Node 38, SINR:1.45266e+00, BpsHz:9.95653e-02
Node 39, SINR:1.45266e+00, BpsHz:9.95653e-02
Node 48, SINR:1.45266e+00, BpsHz:9.95653e-02
Node 78, SINR:1.45266e+00, BpsHz:9.95653e-02
Node 94, SINR:1.45266e+00, BpsHz:9.95653e-02
Node 112, SINR:1.45266e+00, BpsHz:9.95653e-02
Node 184, SINR:0.00000e+00, BpsHz:0.00000e+00
Node 188, SINR:1.45266e+00, BpsHz:9.95653e-02
Node 136, SINR:1.45266e+00, BpsHz:9.95653e-02
Node 86, SINR:1.45266e+00, BpsHz:9.95653e-02
Node 15, SINR:1.45266e+00, BpsHz:9.95653e-02
Node 58, SINR:1.45266e+00, BpsHz:9.95653e-02
Node 134, SINR:1.45266e+00, BpsHz:9.95653e-02
---------------
==========Cluster 9, RcvInterf=1.04835e-14============
Node 160, SINR:0.00000e+00, BpsHz:0.00000e+00
Node 100, SINR:2.30032e-01, BpsHz:9.95653e-02
Node 79, SINR:2.30032e-01, BpsHz:9.95653e-02
Node 54, SINR:2.30032e-01, BpsHz:9.95653e-02
---------------
==========Cluster 10, RcvInterf=7.42900e-14============
Node 47, SINR:4.12084e-01, BpsHz:9.95653e-02
Node 67, SINR:4.12084e-01, BpsHz:9.95653e-02
Node 155, SINR:0.00000e+00, BpsHz:0.00000e+00
Node 175, SINR:4.12084e-01, BpsHz:9.95653e-02
Node 98, SINR:4.12084e-01, BpsHz:9.95653e-02
Node 185, SINR:4.12084e-01, BpsHz:9.95653e-02
---------------
==========Cluster 11, RcvInterf=5.13234e-14============
Node 88, SINR:0.00000e+00, BpsHz:-nan
---------------
==========Cluster 12, RcvInterf=9.37025e-14============
Node 12, SINR:6.21082e-01, BpsHz:9.95653e-02
Node 24, SINR:6.21082e-01, BpsHz:9.95653e-02
Node 76, SINR:6.21082e-01, BpsHz:9.95653e-02
Node 82, SINR:0.00000e+00, BpsHz:0.00000e+00
Node 143, SINR:6.21082e-01, BpsHz:9.95653e-02
Node 156, SINR:6.21082e-01, BpsHz:9.95653e-02
Node 159, SINR:6.21082e-01, BpsHz:9.95653e-02
Node 164, SINR:6.21082e-01, BpsHz:9.95653e-02
---------------
==========Cluster 13, RcvInterf=5.87056e-14============
Node 5, SINR:0.00000e+00, BpsHz:0.00000e+00
Node 9, SINR:1.48006e-01, BpsHz:9.95653e-02
Node 36, SINR:1.48006e-01, BpsHz:9.95653e-02
---------------
==========Cluster 14, RcvInterf=1.31968e-13============
Node 52, SINR:0.00000e+00, BpsHz:0.00000e+00
Node 74, SINR:8.61012e-01, BpsHz:9.95653e-02
Node 84, SINR:8.61012e-01, BpsHz:9.95653e-02
Node 92, SINR:8.61012e-01, BpsHz:9.95653e-02
Node 111, SINR:8.61012e-01, BpsHz:9.95653e-02
Node 126, SINR:8.61012e-01, BpsHz:9.95653e-02
Node 63, SINR:8.61012e-01, BpsHz:9.95653e-02
Node 107, SINR:8.61012e-01, BpsHz:9.95653e-02
Node 8, SINR:8.61012e-01, BpsHz:9.95653e-02
Node 55, SINR:8.61012e-01, BpsHz:9.95653e-02
---------------
==========Cluster 15, RcvInterf=8.19470e-14============
Node 19, SINR:3.17918e-01, BpsHz:9.95653e-02
Node 85, SINR:3.17918e-01, BpsHz:9.95653e-02
Node 102, SINR:3.17918e-01, BpsHz:9.95653e-02
Node 182, SINR:0.00000e+00, BpsHz:0.00000e+00
Node 65, SINR:3.17918e-01, BpsHz:9.95653e-02
---------------
==========Cluster 16, RcvInterf=1.87494e-13============
Node 18, SINR:1.62791e+00, BpsHz:9.95653e-02
Node 33, SINR:1.62791e+00, BpsHz:9.95653e-02
Node 49, SINR:1.62791e+00, BpsHz:9.95653e-02
Node 68, SINR:1.62791e+00, BpsHz:9.95653e-02
Node 129, SINR:1.62791e+00, BpsHz:9.95653e-02
Node 130, SINR:1.62791e+00, BpsHz:9.95653e-02
Node 149, SINR:0.00000e+00, BpsHz:0.00000e+00
Node 177, SINR:1.62791e+00, BpsHz:9.95653e-02
Node 178, SINR:1.62791e+00, BpsHz:9.95653e-02
Node 179, SINR:1.62791e+00, BpsHz:9.95653e-02
Node 194, SINR:1.62791e+00, BpsHz:9.95653e-02
Node 132, SINR:1.62791e+00, BpsHz:9.95653e-02
Node 146, SINR:1.62791e+00, BpsHz:9.95653e-02
Node 109, SINR:1.62791e+00, BpsHz:9.95653e-02
Node 122, SINR:1.62791e+00, BpsHz:9.95653e-02
---------------
==========Cluster 17, RcvInterf=2.81112e-14============
Node 104, SINR:0.00000e+00, BpsHz:-nan
---------------
==========Cluster 18, RcvInterf=1.48183e-13============
Node 16, SINR:0.00000e+00, BpsHz:0.00000e+00
Node 20, SINR:7.14506e-02, BpsHz:9.95653e-02
---------------
