195
15
1.000000e-03
1.931016e-312
134
3000
1.359841e+01
4.851532e-01
1.359841e-05
3.271084e-07
0 0 0 0 1 1 0 1 0 0 0 0 0 0 0 0 0 1 0 0 0 0 0 0 0 0 1 0 0 0 0 0 0 0 0 0 1 0 0 0 0 0 0 0 0 0 1 0 0 0 0 0 0 0 0 0 0 0 0 0 0 0 0 0 0 0 0 0 0 1 0 1 0 0 0 0 0 1 0 1 0 0 0 1 0 0 0 1 0 0 0 0 0 0 0 1 0 0 0 0 0 0 0 0 1 0 0 0 0 0 0 0 0 0 0 0 0 0 0 0 0 0 0 0 0 0 0 0 1 0 0 0 0 0 0 0 0 0 0 0 0 0 0 0 0 0 0 0 0 0 0 0 0 0 0 0 0 0 0 0 0 0 0 0 0 0 0 0 1 0 0 0 0 0 0 0 0 0 0 0 0 0 0 0 0 0 0 0 0 0 0 0 0 0 0 
0 0 0 0 0 0 0 0 0 0 0 0 0 0 0 0 0 0 1 0 0 0 0 0 0 0 0 0 0 0 0 0 0 1 0 0 0 0 0 0 0 0 0 0 0 0 0 0 0 1 0 1 0 0 0 0 0 0 0 0 0 0 0 0 0 0 0 0 1 0 0 0 0 0 0 0 0 0 0 0 0 0 0 0 0 0 0 0 0 0 0 0 0 0 0 0 0 0 0 0 0 0 0 0 0 0 0 0 0 0 0 0 0 0 0 0 0 0 0 0 0 0 1 0 0 0 0 0 0 1 1 0 0 0 0 0 0 0 0 0 0 0 0 0 0 0 1 0 0 1 0 0 0 0 0 0 0 0 0 0 0 0 0 0 0 1 0 0 0 0 0 0 0 0 0 0 0 1 1 1 0 0 0 0 0 0 0 0 0 0 0 0 0 0 1 
0 0 0 0 0 0 0 0 0 0 0 0 0 1 0 0 0 0 0 1 0 0 0 0 0 0 0 0 0 0 0 0 0 0 0 0 0 0 0 0 0 0 0 0 0 0 0 0 0 0 0 0 0 0 1 0 0 0 0 0 0 0 0 0 0 1 0 0 0 0 0 0 0 0 0 0 0 0 0 0 0 0 0 0 0 1 0 0 1 0 0 0 0 0 0 0 0 0 0 0 0 0 1 0 0 0 0 0 0 0 0 0 0 0 0 0 0 0 0 0 0 0 0 0 0 0 0 0 0 0 0 0 0 0 0 0 0 0 0 0 0 0 0 0 0 0 0 0 0 0 0 0 0 0 0 0 0 0 0 0 0 1 0 0 0 0 0 0 0 0 0 0 0 0 0 0 0 0 0 0 0 0 1 0 0 0 0 0 0 0 0 0 0 0 0 
0 0 0 0 0 0 0 0 0 0 0 0 0 0 0 0 1 0 0 0 0 0 0 0 0 0 0 0 0 0 0 0 0 0 0 0 0 0 0 0 0 0 0 0 0 0 0 1 0 0 0 0 0 0 0 0 0 0 0 0 0 0 0 0 0 0 0 0 0 0 0 0 0 0 0 0 0 0 0 0 1 0 0 0 0 0 0 0 0 0 0 0 0 0 0 0 0 0 0 0 0 0 0 0 0 0 0 0 0 0 0 0 0 0 0 0 0 0 0 0 1 0 0 0 0 0 0 0 0 0 0 0 0 0 0 0 0 0 0 0 0 1 0 0 0 0 0 0 0 0 0 0 0 0 1 1 0 0 0 0 0 0 0 0 0 0 0 0 0 0 0 0 0 0 0 1 0 0 0 0 0 0 0 0 0 1 0 0 0 0 0 0 0 0 0 
0 0 0 0 0 0 0 0 0 0 0 0 0 0 0 1 0 0 0 0 0 1 0 0 0 0 0 0 0 0 0 0 0 0 0 0 0 0 1 1 0 0 0 0 0 0 0 0 0 0 0 0 0 0 0 0 0 0 1 0 0 0 0 0 0 0 0 0 0 0 0 0 0 0 0 0 0 0 1 0 0 0 0 0 0 0 1 0 0 0 0 0 0 0 1 0 0 0 0 0 0 0 0 0 0 0 0 0 0 0 0 0 1 0 0 0 0 0 0 0 0 0 0 0 0 0 0 0 0 0 0 0 0 0 0 0 0 0 0 0 0 0 0 0 0 0 0 0 0 0 0 0 0 0 0 0 0 0 0 0 0 0 0 0 0 0 0 0 0 0 0 0 0 0 0 0 0 0 0 0 0 0 0 0 1 0 0 0 1 0 0 0 0 0 0 
0 0 0 0 0 0 0 0 0 0 0 0 1 0 0 0 0 0 0 0 0 0 1 0 0 0 0 0 0 0 0 0 0 0 0 0 0 0 0 0 0 0 0 0 0 0 0 0 0 0 0 0 0 0 0 0 0 0 0 0 0 0 0 0 0 0 0 0 0 0 0 0 0 0 0 0 0 0 0 0 0 0 0 0 0 0 0 0 0 0 0 0 0 0 0 0 0 0 0 0 0 0 0 0 0 0 0 0 0 0 0 0 0 0 0 0 0 0 0 0 0 0 0 0 0 0 0 0 0 0 0 0 0 0 0 0 0 0 0 0 0 0 0 0 0 0 0 0 0 0 0 0 0 0 0 0 0 0 0 0 0 0 0 0 1 0 0 0 0 0 0 0 0 0 0 0 0 0 0 0 0 0 0 0 0 0 0 0 0 0 0 0 0 0 0 
0 0 0 0 0 0 0 0 0 0 0 0 0 0 1 0 0 0 0 0 0 0 0 1 0 0 0 0 0 0 0 0 0 0 0 1 0 0 0 0 0 0 0 0 1 0 0 0 0 0 0 0 0 0 0 0 0 0 0 0 0 0 0 0 0 0 0 0 0 0 0 0 0 0 0 0 0 0 0 0 0 0 0 0 0 0 0 0 0 0 0 0 0 0 0 0 0 0 0 0 0 0 0 0 0 0 0 0 0 0 0 0 0 1 0 0 1 0 0 0 0 0 0 0 0 0 0 1 0 0 0 0 0 0 0 0 0 1 0 0 0 0 0 0 0 0 0 0 0 0 0 0 0 0 0 0 0 0 0 0 0 0 0 0 0 0 0 0 0 0 1 0 1 0 0 0 0 0 0 0 0 0 0 0 0 0 0 0 0 0 0 0 0 0 0 
0 0 0 0 0 0 0 0 0 0 0 0 0 0 0 0 0 0 0 0 0 0 0 0 1 0 0 0 0 0 0 0 0 0 0 0 0 0 0 0 0 0 0 0 0 0 0 0 0 0 0 0 0 0 0 0 0 0 0 0 0 0 0 0 0 0 0 0 0 0 1 0 0 0 0 0 0 0 0 0 0 0 0 0 0 0 0 0 0 0 0 0 0 0 0 0 0 0 0 0 0 0 0 0 0 0 0 0 0 0 0 0 0 0 0 0 0 1 0 0 0 0 0 1 0 0 0 0 0 0 0 0 0 0 0 0 0 0 0 0 0 0 1 1 0 0 0 0 0 0 0 0 0 0 0 0 1 0 0 1 0 0 0 0 0 0 0 0 0 0 0 0 0 0 0 0 0 0 0 0 0 0 0 0 0 0 0 1 0 0 0 0 0 0 0 
0 0 0 0 0 0 0 0 0 0 1 0 0 0 0 0 0 0 0 0 0 0 0 0 0 1 0 0 0 0 0 0 0 0 0 0 0 0 0 0 0 0 0 0 0 0 0 0 0 0 0 0 0 0 0 0 0 0 0 0 0 0 0 1 0 0 0 0 0 0 0 0 0 0 0 0 0 0 0 0 0 0 0 0 0 0 0 0 0 1 0 0 1 0 0 0 0 0 0 0 0 0 0 0 0 0 0 0 0 0 0 0 0 0 0 0 0 0 0 0 0 0 0 0 0 0 1 0 0 0 0 0 0 0 0 0 0 0 0 0 0 0 0 0 0 0 0 0 0 0 0 1 0 0 0 0 0 0 0 0 0 0 0 0 0 0 0 0 0 0 0 0 0 0 0 0 0 0 0 0 0 0 0 0 0 0 0 0 0 0 0 0 0 1 0 
0 0 0 0 0 0 0 0 0 0 0 0 0 0 0 0 0 0 0 0 0 0 0 0 0 0 0 0 0 0 0 0 0 0 0 0 0 0 0 0 0 0 0 0 0 1 0 0 0 0 0 0 0 1 0 0 0 0 0 0 1 0 0 0 1 0 0 0 0 0 0 0 1 0 0 0 0 0 0 0 0 0 0 0 0 0 0 0 0 0 0 0 0 0 0 0 0 0 0 0 0 0 0 0 0 0 0 0 1 0 0 0 0 0 1 0 0 0 0 0 0 0 0 0 0 0 0 0 0 0 0 1 0 0 0 0 0 0 0 0 0 0 0 0 0 0 0 0 0 0 0 0 0 0 0 0 0 0 0 0 0 0 0 0 0 0 0 0 0 0 0 0 0 0 0 0 0 0 0 0 0 0 0 0 0 0 0 0 0 0 0 0 0 0 0 
0 0 0 1 0 0 0 0 0 0 0 0 0 0 0 0 0 0 0 0 0 0 0 0 0 0 0 1 0 0 0 0 0 0 0 0 0 0 0 0 0 0 0 0 0 0 0 0 0 0 0 0 0 0 0 0 1 0 0 0 0 0 1 0 0 0 0 0 0 0 0 0 0 1 0 0 0 0 0 0 0 0 0 0 0 0 0 0 0 0 0 0 0 0 0 0 1 0 0 0 0 0 0 0 0 0 0 0 0 0 0 0 0 0 0 1 0 0 0 0 0 0 0 0 0 0 0 0 0 0 0 0 0 0 0 0 0 0 1 0 0 0 0 0 0 1 0 0 0 0 0 0 1 0 0 0 0 0 0 0 0 0 0 0 0 0 0 0 0 0 0 0 0 0 0 0 0 0 0 0 1 1 0 0 0 0 0 0 0 0 0 0 0 0 0 
0 0 0 0 0 0 1 0 0 0 0 1 0 0 0 0 0 0 0 0 0 0 0 0 0 0 0 0 0 0 0 0 0 0 0 0 0 0 0 0 0 0 0 0 0 0 0 0 0 0 1 0 0 0 0 0 0 0 0 0 0 0 0 0 0 0 0 0 0 0 0 0 0 0 0 0 0 0 0 0 0 0 0 0 0 0 0 0 0 0 0 0 0 0 0 0 0 0 0 0 0 0 0 0 0 0 0 0 0 0 0 0 0 0 0 0 0 0 0 0 0 1 0 0 1 0 0 0 0 0 0 0 0 0 0 0 0 0 0 0 0 0 0 0 0 0 0 1 0 0 0 0 0 0 0 0 0 0 0 0 0 0 0 0 0 0 0 0 0 0 0 0 0 0 0 0 1 0 0 0 0 0 0 1 0 0 1 0 0 0 0 0 0 0 0 
0 0 1 0 0 0 0 0 0 0 0 0 0 0 0 0 0 0 0 0 0 0 0 0 0 0 0 0 0 1 0 0 0 0 0 0 0 0 0 0 0 0 1 0 0 0 0 0 0 0 0 0 0 0 0 0 0 0 0 0 0 1 0 0 0 0 0 0 0 0 0 0 0 0 0 0 0 0 0 0 0 0 0 0 0 0 0 0 0 0 0 0 0 0 0 0 0 0 0 0 0 0 0 0 0 0 0 1 0 0 0 1 0 0 0 0 0 0 0 0 0 0 0 0 0 0 0 0 0 0 0 0 0 0 0 0 0 0 0 0 0 0 0 0 0 0 0 0 0 0 0 0 0 0 0 0 0 0 0 0 0 0 0 0 0 0 0 0 0 0 0 0 0 1 1 0 0 0 0 0 0 0 0 0 0 0 0 0 0 0 1 0 0 0 0 
0 0 0 0 0 0 0 0 1 0 0 0 0 0 0 0 0 0 0 0 0 0 0 0 0 0 0 0 0 0 0 0 0 0 0 0 0 0 0 0 0 0 0 0 0 0 0 0 0 0 0 0 0 0 0 1 0 1 0 0 0 0 0 0 0 0 1 0 0 0 0 0 0 0 0 0 0 0 0 0 0 0 0 0 1 0 0 0 0 0 0 0 0 0 0 0 0 1 0 0 0 0 0 0 0 0 0 0 0 0 0 0 0 0 0 0 0 0 0 0 0 0 0 0 0 0 0 0 0 0 0 0 0 0 0 0 0 0 0 0 0 0 0 0 0 0 0 0 0 0 0 0 0 1 0 0 0 0 0 0 0 0 0 1 0 0 0 0 0 0 0 0 0 0 0 0 0 0 0 0 0 0 0 0 0 0 0 0 0 0 0 1 0 0 0 
1 0 0 0 0 0 0 0 0 0 0 0 0 0 0 0 0 0 0 0 0 0 0 0 0 0 0 0 0 0 0 0 0 0 0 0 0 0 0 0 0 1 0 1 0 0 0 0 0 0 0 0 0 0 0 0 0 0 0 1 0 0 0 0 0 0 0 0 0 0 0 0 0 0 0 0 0 0 0 0 0 0 0 0 0 0 0 0 0 0 1 0 0 0 0 0 0 0 0 0 0 0 0 0 0 0 0 0 0 0 1 0 0 0 0 0 0 0 0 0 0 0 0 0 0 1 0 0 0 0 0 0 0 0 0 0 0 0 0 0 0 0 0 0 1 0 0 0 0 0 0 0 0 0 0 0 0 1 0 0 0 0 1 0 0 0 0 1 0 0 0 0 0 0 0 0 0 0 0 0 0 0 0 0 0 0 0 0 0 0 0 0 0 0 0 
72 150 103 155 185 23 114 124 11 46 153 177 191 56 126 
1.165174E-04 0.000000E+00 2.758875E-06 5.243489E-06 1.068441E-05 1.599707E-05 4.397400E-06 4.244210E-08 6.256479E-07 0.000000E+00 0.000000E+00 7.699644E-06 1.797947E-06 3.133168E-06 4.455861E-06 9.844294E-05 7.457698E-05 3.476640E-06 1.101277E-04 9.166222E-10 0.000000E+00 1.897688E-05 0.000000E+00 2.150907E-06 1.871182E-05 8.905093E-06 1.334194E-05 1.710093E-04 0.000000E+00 3.916024E-05 0.000000E+00 0.000000E+00 0.000000E+00 1.337283E-05 0.000000E+00 1.450470E-05 2.143992E-04 0.000000E+00 4.105959E-06 1.066159E-04 0.000000E+00 5.850998E-05 2.190125E-06 3.831402E-06 4.236126E-05 0.000000E+00 4.695170E-06 1.140529E-05 0.000000E+00 4.196093E-05 3.069443E-05 1.813648E-04 0.000000E+00 4.090602E-04 3.121702E-04 0.000000E+00 5.900162E-05 1.684594E-05 4.362200E-05 9.947064E-06 3.758518E-06 1.647280E-05 2.856067E-05 2.426614E-05 1.752532E-06 4.628466E-06 5.703340E-05 0.000000E+00 8.174391E-05 3.920689E-05 3.874656E-05 0.000000E+00 1.742551E-05 6.420693E-06 0.000000E+00 0.000000E+00 0.000000E+00 1.190598E-04 2.324155E-05 9.996415E-04 2.357640E-07 0.000000E+00 0.000000E+00 3.454176E-05 2.597529E-05 2.225001E-07 8.669337E-05 9.465883E-05 3.205066E-05 8.314857E-06 1.221643E-06 0.000000E+00 4.104858E-05 0.000000E+00 4.690413E-06 4.663056E-06 1.208705E-05 1.264555E-04 0.000000E+00 0.000000E+00 0.000000E+00 0.000000E+00 0.000000E+00 0.000000E+00 2.140353E-04 0.000000E+00 0.000000E+00 3.059697E-05 8.254412E-05 0.000000E+00 1.245885E-06 1.280212E-04 2.117227E-07 0.000000E+00 1.545645E-04 2.517319E-07 1.156954E-05 7.797065E-05 0.000000E+00 0.000000E+00 6.821039E-05 4.693009E-05 9.193434E-05 0.000000E+00 7.222472E-05 0.000000E+00 3.335579E-05 6.673393E-05 1.426299E-05 5.219601E-05 5.901901E-06 2.814849E-05 0.000000E+00 0.000000E+00 0.000000E+00 0.000000E+00 0.000000E+00 1.791636E-05 3.925643E-06 0.000000E+00 0.000000E+00 3.322523E-06 6.159576E-06 1.658274E-06 1.569542E-05 1.490223E-05 6.563439E-05 2.190565E-05 0.000000E+00 0.000000E+00 0.000000E+00 9.789250E-05 0.000000E+00 1.343365E-04 0.000000E+00 1.339199E-05 2.608675E-05 2.269790E-04 0.000000E+00 4.678006E-05 0.000000E+00 1.936943E-05 2.012267E-05 5.890188E-05 1.244545E-06 4.109883E-04 0.000000E+00 2.945622E-05 6.689299E-05 0.000000E+00 1.945986E-07 0.000000E+00 6.365951E-06 3.020996E-07 3.122638E-05 2.383890E-07 0.000000E+00 3.470316E-05 3.704072E-06 2.122678E-05 3.805717E-08 5.063651E-05 1.027673E-06 6.457308E-07 0.000000E+00 6.117052E-06 2.358796E-07 3.013753E-05 9.425312E-06 0.000000E+00 0.000000E+00 1.834594E-08 0.000000E+00 3.070335E-06 2.744982E-05 
5 6 8 18 27 47 70 72 78 84 88 96 129 169 37 105 80 
19 34 50 69 130 131 147 150 178 179 180 195 123 52 166 
20 66 86 103 162 183 14 89 55 
48 81 142 155 176 186 156 17 121 
16 22 39 40 79 95 113 185 189 59 87 
13 23 165 
15 24 36 45 114 117 171 173 138 128 
124 143 144 157 160 188 71 25 118 
11 90 194 127 26 93 64 152 
46 61 65 132 73 109 115 54 
4 63 74 97 116 139 153 181 57 182 146 28 
7 12 177 184 187 125 51 122 148 
3 43 174 191 62 175 30 108 112 
9 56 85 192 58 67 154 98 164 
44 60 91 111 126 163 145 42 168 1 158 

============Find Best @ Round 1646================
==========Cluster 0, RcvInterf=3.88707e-14============
Node 4, SINR:2.58210e+00, BpsHz:1.15050e-01
Node 5, SINR:2.58210e+00, BpsHz:1.15050e-01
Node 7, SINR:2.58210e+00, BpsHz:1.15050e-01
Node 17, SINR:2.58210e+00, BpsHz:1.15050e-01
Node 26, SINR:2.58210e+00, BpsHz:1.15050e-01
Node 46, SINR:2.58210e+00, BpsHz:1.15050e-01
Node 69, SINR:2.58210e+00, BpsHz:1.15050e-01
Node 71, SINR:0.00000e+00, BpsHz:0.00000e+00
Node 77, SINR:2.58210e+00, BpsHz:1.15050e-01
Node 83, SINR:2.58210e+00, BpsHz:1.15050e-01
Node 87, SINR:2.58210e+00, BpsHz:1.15050e-01
Node 95, SINR:2.58210e+00, BpsHz:1.15050e-01
Node 128, SINR:2.58210e+00, BpsHz:1.15050e-01
Node 168, SINR:2.58210e+00, BpsHz:1.15050e-01
Node 36, SINR:2.58210e+00, BpsHz:1.15050e-01
Node 104, SINR:2.58210e+00, BpsHz:1.15050e-01
Node 79, SINR:2.58210e+00, BpsHz:1.15050e-01
---------------
==========Cluster 1, RcvInterf=2.02912e-14============
Node 18, SINR:2.05401e+00, BpsHz:1.15050e-01
Node 33, SINR:2.05401e+00, BpsHz:1.15050e-01
Node 49, SINR:2.05401e+00, BpsHz:1.15050e-01
Node 68, SINR:2.05401e+00, BpsHz:1.15050e-01
Node 129, SINR:2.05401e+00, BpsHz:1.15050e-01
Node 130, SINR:2.05401e+00, BpsHz:1.15050e-01
Node 146, SINR:2.05401e+00, BpsHz:1.15050e-01
Node 149, SINR:0.00000e+00, BpsHz:0.00000e+00
Node 177, SINR:2.05401e+00, BpsHz:1.15050e-01
Node 178, SINR:2.05401e+00, BpsHz:1.15050e-01
Node 179, SINR:2.05401e+00, BpsHz:1.15050e-01
Node 194, SINR:2.05401e+00, BpsHz:1.15050e-01
Node 122, SINR:2.05401e+00, BpsHz:1.15050e-01
Node 51, SINR:2.05401e+00, BpsHz:1.15050e-01
Node 165, SINR:2.05401e+00, BpsHz:1.15050e-01
---------------
==========Cluster 2, RcvInterf=8.90992e-14============
Node 19, SINR:8.92644e-01, BpsHz:1.15050e-01
Node 65, SINR:8.92644e-01, BpsHz:1.15050e-01
Node 85, SINR:8.92644e-01, BpsHz:1.15050e-01
Node 102, SINR:0.00000e+00, BpsHz:0.00000e+00
Node 161, SINR:8.92644e-01, BpsHz:1.15050e-01
Node 182, SINR:8.92644e-01, BpsHz:1.15050e-01
Node 13, SINR:8.92644e-01, BpsHz:1.15050e-01
Node 88, SINR:8.92644e-01, BpsHz:1.15050e-01
Node 54, SINR:8.92644e-01, BpsHz:1.15050e-01
---------------
==========Cluster 3, RcvInterf=5.77946e-14============
Node 47, SINR:8.92644e-01, BpsHz:1.15050e-01
Node 80, SINR:8.92644e-01, BpsHz:1.15050e-01
Node 141, SINR:8.92644e-01, BpsHz:1.15050e-01
Node 154, SINR:0.00000e+00, BpsHz:0.00000e+00
Node 175, SINR:8.92644e-01, BpsHz:1.15050e-01
Node 185, SINR:8.92644e-01, BpsHz:1.15050e-01
Node 155, SINR:8.92644e-01, BpsHz:1.15050e-01
Node 16, SINR:8.92644e-01, BpsHz:1.15050e-01
Node 120, SINR:8.92644e-01, BpsHz:1.15050e-01
---------------
==========Cluster 4, RcvInterf=5.00521e-14============
Node 15, SINR:1.21991e+00, BpsHz:1.15050e-01
Node 21, SINR:1.21991e+00, BpsHz:1.15050e-01
Node 38, SINR:1.21991e+00, BpsHz:1.15050e-01
Node 39, SINR:1.21991e+00, BpsHz:1.15050e-01
Node 78, SINR:1.21991e+00, BpsHz:1.15050e-01
Node 94, SINR:1.21991e+00, BpsHz:1.15050e-01
Node 112, SINR:1.21991e+00, BpsHz:1.15050e-01
Node 184, SINR:0.00000e+00, BpsHz:0.00000e+00
Node 188, SINR:1.21991e+00, BpsHz:1.15050e-01
Node 58, SINR:1.21991e+00, BpsHz:1.15050e-01
Node 86, SINR:1.21991e+00, BpsHz:1.15050e-01
---------------
==========Cluster 5, RcvInterf=7.44301e-14============
Node 12, SINR:1.72917e-01, BpsHz:1.15050e-01
Node 22, SINR:0.00000e+00, BpsHz:0.00000e+00
Node 164, SINR:1.72917e-01, BpsHz:1.15050e-01
---------------
==========Cluster 6, RcvInterf=9.49501e-14============
Node 14, SINR:1.04976e+00, BpsHz:1.15050e-01
Node 23, SINR:1.04976e+00, BpsHz:1.15050e-01
Node 35, SINR:1.04976e+00, BpsHz:1.15050e-01
Node 44, SINR:1.04976e+00, BpsHz:1.15050e-01
Node 113, SINR:0.00000e+00, BpsHz:0.00000e+00
Node 116, SINR:1.04976e+00, BpsHz:1.15050e-01
Node 170, SINR:1.04976e+00, BpsHz:1.15050e-01
Node 172, SINR:1.04976e+00, BpsHz:1.15050e-01
Node 137, SINR:1.04976e+00, BpsHz:1.15050e-01
Node 127, SINR:1.04976e+00, BpsHz:1.15050e-01
---------------
==========Cluster 7, RcvInterf=5.24662e-14============
Node 123, SINR:0.00000e+00, BpsHz:0.00000e+00
Node 142, SINR:8.92644e-01, BpsHz:1.15050e-01
Node 143, SINR:8.92644e-01, BpsHz:1.15050e-01
Node 156, SINR:8.92644e-01, BpsHz:1.15050e-01
Node 159, SINR:8.92644e-01, BpsHz:1.15050e-01
Node 187, SINR:8.92644e-01, BpsHz:1.15050e-01
Node 70, SINR:8.92644e-01, BpsHz:1.15050e-01
Node 24, SINR:8.92644e-01, BpsHz:1.15050e-01
Node 117, SINR:8.92644e-01, BpsHz:1.15050e-01
---------------
==========Cluster 8, RcvInterf=6.80749e-14============
Node 10, SINR:0.00000e+00, BpsHz:0.00000e+00
Node 89, SINR:7.47573e-01, BpsHz:1.15050e-01
Node 193, SINR:7.47573e-01, BpsHz:1.15050e-01
Node 126, SINR:7.47573e-01, BpsHz:1.15050e-01
Node 25, SINR:7.47573e-01, BpsHz:1.15050e-01
Node 92, SINR:7.47573e-01, BpsHz:1.15050e-01
Node 63, SINR:7.47573e-01, BpsHz:1.15050e-01
Node 151, SINR:7.47573e-01, BpsHz:1.15050e-01
---------------
==========Cluster 9, RcvInterf=1.40057e-13============
Node 45, SINR:0.00000e+00, BpsHz:0.00000e+00
Node 60, SINR:7.47573e-01, BpsHz:1.15050e-01
Node 64, SINR:7.47573e-01, BpsHz:1.15050e-01
Node 131, SINR:7.47573e-01, BpsHz:1.15050e-01
Node 72, SINR:7.47573e-01, BpsHz:1.15050e-01
Node 108, SINR:7.47573e-01, BpsHz:1.15050e-01
Node 114, SINR:7.47573e-01, BpsHz:1.15050e-01
Node 53, SINR:7.47573e-01, BpsHz:1.15050e-01
---------------
==========Cluster 10, RcvInterf=2.41468e-14============
Node 3, SINR:1.40420e+00, BpsHz:1.15050e-01
Node 62, SINR:1.40420e+00, BpsHz:1.15050e-01
Node 73, SINR:1.40420e+00, BpsHz:1.15050e-01
Node 96, SINR:1.40420e+00, BpsHz:1.15050e-01
Node 115, SINR:1.40420e+00, BpsHz:1.15050e-01
Node 138, SINR:1.40420e+00, BpsHz:1.15050e-01
Node 152, SINR:0.00000e+00, BpsHz:0.00000e+00
Node 180, SINR:1.40420e+00, BpsHz:1.15050e-01
Node 56, SINR:1.40420e+00, BpsHz:1.15050e-01
Node 181, SINR:1.40420e+00, BpsHz:1.15050e-01
Node 145, SINR:1.40420e+00, BpsHz:1.15050e-01
Node 27, SINR:1.40420e+00, BpsHz:1.15050e-01
---------------
==========Cluster 11, RcvInterf=1.79211e-14============
Node 6, SINR:8.92644e-01, BpsHz:1.15050e-01
Node 11, SINR:8.92644e-01, BpsHz:1.15050e-01
Node 176, SINR:0.00000e+00, BpsHz:0.00000e+00
Node 183, SINR:8.92644e-01, BpsHz:1.15050e-01
Node 186, SINR:8.92644e-01, BpsHz:1.15050e-01
Node 124, SINR:8.92644e-01, BpsHz:1.15050e-01
Node 50, SINR:8.92644e-01, BpsHz:1.15050e-01
Node 121, SINR:8.92644e-01, BpsHz:1.15050e-01
Node 147, SINR:8.92644e-01, BpsHz:1.15050e-01
---------------
==========Cluster 12, RcvInterf=3.96331e-14============
Node 2, SINR:8.92644e-01, BpsHz:1.15050e-01
Node 42, SINR:8.92644e-01, BpsHz:1.15050e-01
Node 173, SINR:8.92644e-01, BpsHz:1.15050e-01
Node 190, SINR:0.00000e+00, BpsHz:0.00000e+00
Node 61, SINR:8.92644e-01, BpsHz:1.15050e-01
Node 174, SINR:8.92644e-01, BpsHz:1.15050e-01
Node 29, SINR:8.92644e-01, BpsHz:1.15050e-01
Node 107, SINR:8.92644e-01, BpsHz:1.15050e-01
Node 111, SINR:8.92644e-01, BpsHz:1.15050e-01
---------------
==========Cluster 13, RcvInterf=5.57884e-14============
Node 8, SINR:8.92644e-01, BpsHz:1.15050e-01
Node 55, SINR:0.00000e+00, BpsHz:0.00000e+00
Node 84, SINR:8.92644e-01, BpsHz:1.15050e-01
Node 191, SINR:8.92644e-01, BpsHz:1.15050e-01
Node 57, SINR:8.92644e-01, BpsHz:1.15050e-01
Node 66, SINR:8.92644e-01, BpsHz:1.15050e-01
Node 153, SINR:8.92644e-01, BpsHz:1.15050e-01
Node 97, SINR:8.92644e-01, BpsHz:1.15050e-01
Node 163, SINR:8.92644e-01, BpsHz:1.15050e-01
---------------
==========Cluster 14, RcvInterf=8.18250e-14============
Node 43, SINR:1.21991e+00, BpsHz:1.15050e-01
Node 59, SINR:1.21991e+00, BpsHz:1.15050e-01
Node 90, SINR:1.21991e+00, BpsHz:1.15050e-01
Node 110, SINR:1.21991e+00, BpsHz:1.15050e-01
Node 125, SINR:0.00000e+00, BpsHz:0.00000e+00
Node 162, SINR:1.21991e+00, BpsHz:1.15050e-01
Node 144, SINR:1.21991e+00, BpsHz:1.15050e-01
Node 41, SINR:1.21991e+00, BpsHz:1.15050e-01
Node 167, SINR:1.21991e+00, BpsHz:1.15050e-01
Node 0, SINR:1.21991e+00, BpsHz:1.15050e-01
Node 157, SINR:1.21991e+00, BpsHz:1.15050e-01
---------------
