195
9
1.000000e-03
1.931016e-312
145
3000
1.090236e+01
1.169739e+00
1.090236e-05
6.466818e-07
0 0 0 0 1 0 0 1 0 0 0 0 0 0 0 0 0 1 0 0 0 0 0 0 0 0 1 0 0 0 0 0 0 0 0 0 0 0 0 0 0 0 0 0 0 0 1 0 0 0 0 0 0 0 1 0 0 0 0 0 0 0 0 0 0 0 0 0 0 1 0 1 0 0 0 1 0 0 0 1 0 1 0 1 0 0 0 1 1 0 0 0 0 0 0 1 0 0 0 0 1 0 0 0 1 1 0 0 0 0 0 0 0 0 0 0 0 0 0 0 0 0 0 0 0 0 0 0 1 0 0 0 0 0 0 0 0 0 0 0 0 0 0 0 0 0 0 0 0 0 0 0 0 0 0 0 0 0 0 0 1 0 0 0 0 0 0 0 0 0 0 0 0 0 0 0 0 0 0 0 0 0 0 0 0 0 0 0 0 0 0 0 0 0 0 
0 0 0 0 0 0 0 0 1 0 0 0 0 0 0 0 0 0 0 0 0 0 0 0 0 0 0 0 0 0 0 0 0 0 0 0 0 0 0 0 0 0 0 0 0 0 0 0 0 0 0 0 1 0 0 0 0 1 0 0 0 0 0 1 0 0 0 0 0 0 0 0 0 0 1 0 0 0 0 0 0 0 0 0 1 0 0 0 0 0 0 0 0 0 0 0 0 0 0 0 0 0 0 0 0 0 0 1 0 0 0 1 0 0 0 0 0 0 0 0 0 0 0 0 0 0 1 0 0 0 0 0 0 0 0 0 0 0 0 0 0 0 0 0 0 0 0 0 0 0 0 0 0 0 0 0 0 0 0 0 0 0 0 0 0 0 0 0 0 0 0 0 0 0 0 0 0 0 0 0 0 0 0 0 0 0 0 0 0 0 0 1 0 0 0 
1 0 0 0 0 0 0 0 0 0 0 0 0 0 0 0 0 0 0 0 0 0 0 0 0 0 0 0 0 0 0 0 0 0 0 0 0 1 0 0 0 0 0 0 0 1 0 0 0 0 0 0 0 1 0 0 0 0 0 0 1 0 0 0 1 0 0 0 0 0 0 0 1 0 0 0 0 0 0 0 0 0 0 0 0 0 0 0 0 0 0 0 0 0 0 0 0 0 0 1 0 0 0 0 0 0 0 0 1 0 0 0 0 0 1 0 0 0 0 0 0 0 0 0 0 0 0 0 0 0 0 1 0 0 0 0 0 0 0 0 0 0 0 0 0 0 0 0 0 0 0 0 0 0 0 0 0 0 0 0 0 0 1 0 0 0 0 0 0 0 0 0 0 0 0 0 0 0 0 0 0 0 0 0 0 0 0 0 0 0 0 0 0 0 0 
0 0 0 0 0 0 0 0 0 0 1 0 0 0 0 0 0 0 0 0 0 0 0 0 0 1 0 0 0 0 0 0 0 0 0 0 0 0 0 0 0 0 0 1 0 0 0 1 0 0 0 0 0 0 0 0 0 0 0 1 0 0 0 0 0 0 0 1 0 0 0 0 0 0 0 0 0 0 0 0 1 0 0 0 0 0 0 0 0 1 1 0 0 1 0 0 0 0 1 0 0 1 0 0 0 0 0 0 0 0 0 0 0 0 0 0 0 0 0 0 1 0 0 0 0 1 0 0 0 0 0 0 0 0 0 0 0 0 0 0 0 1 0 0 0 0 0 0 1 0 0 0 0 0 1 1 0 0 0 0 0 0 0 0 0 0 0 0 0 0 0 1 0 0 0 1 0 0 0 0 0 0 0 0 0 1 0 0 0 0 0 0 1 0 0 
0 1 0 0 0 0 1 0 0 0 0 1 0 0 0 0 0 0 0 0 0 1 0 0 0 0 0 0 0 0 0 0 0 0 0 0 0 0 0 0 0 0 0 0 0 0 0 0 1 0 1 0 0 0 0 0 0 0 0 0 0 0 0 0 0 0 1 0 0 0 0 0 0 0 0 0 0 0 1 0 0 0 0 0 0 0 0 0 0 0 0 0 0 0 0 0 0 1 0 0 0 0 0 0 0 0 0 0 0 0 0 0 0 0 0 0 0 0 0 0 0 1 0 0 1 0 0 0 0 0 0 0 0 0 0 0 0 0 0 0 0 0 0 0 0 0 0 1 0 0 1 0 0 0 0 0 0 0 0 0 0 0 0 1 0 0 0 0 0 0 0 0 0 0 0 0 1 0 0 0 0 0 0 1 0 0 1 0 1 0 0 0 0 0 0 
0 0 0 0 0 0 0 0 0 0 0 0 1 0 0 0 0 0 0 0 0 0 1 0 1 0 0 0 0 0 0 1 1 0 0 0 0 0 0 0 0 0 0 0 0 0 0 0 0 0 0 0 0 0 0 0 0 0 0 0 0 0 0 0 0 0 0 0 0 0 1 0 0 0 0 0 1 0 0 0 0 0 1 0 0 0 0 0 0 0 0 0 0 0 0 0 0 0 0 0 0 0 0 1 0 0 0 0 0 0 0 0 0 0 0 0 0 1 0 0 0 0 0 1 0 0 0 0 0 0 0 0 0 1 0 0 0 0 0 0 0 0 1 1 0 0 0 0 0 0 0 0 0 0 0 0 1 0 0 1 0 0 0 0 1 0 0 0 0 0 0 0 0 0 0 0 0 0 0 0 0 0 0 0 0 0 0 1 0 0 0 0 0 0 0 
0 0 1 1 0 0 0 0 0 0 0 0 0 0 0 0 0 0 0 0 0 0 0 0 0 0 0 0 0 0 0 0 0 0 0 0 0 0 0 0 0 0 0 0 0 0 0 0 0 0 0 0 0 0 0 0 1 0 0 0 0 0 1 0 0 1 0 0 0 0 0 0 0 1 0 0 0 0 0 0 0 0 0 0 0 0 0 0 0 0 0 1 0 0 0 0 1 0 0 0 0 0 0 0 0 0 0 0 0 0 0 0 0 0 0 1 0 0 0 1 0 0 0 0 0 0 0 0 0 0 0 0 0 0 0 1 0 0 1 1 1 0 0 0 0 1 0 0 0 0 0 0 1 0 0 0 0 0 1 0 0 1 0 0 0 0 0 0 0 0 0 0 0 0 1 0 0 0 0 0 1 1 1 0 0 0 0 0 0 0 0 0 0 0 0 
0 0 0 0 0 0 0 0 0 0 0 0 0 0 0 0 0 0 0 0 0 0 0 1 0 0 0 0 0 0 0 0 0 0 0 1 0 0 0 0 0 0 0 0 1 0 0 0 0 0 0 0 0 0 0 0 0 0 0 0 0 0 0 0 0 0 0 0 0 0 0 0 0 0 0 0 0 0 0 0 0 0 0 0 0 0 0 0 0 0 0 0 0 0 0 0 0 0 0 0 0 0 0 0 0 0 0 0 0 0 0 0 0 1 0 0 1 0 0 0 0 0 0 0 0 0 0 1 0 0 0 0 0 0 0 0 0 1 0 0 0 0 0 0 0 0 0 0 0 0 0 0 0 0 0 0 0 0 0 0 0 0 0 0 0 0 1 0 0 1 1 0 1 0 0 0 0 0 0 0 0 0 0 0 0 0 0 0 0 0 0 0 0 0 0 
0 0 0 0 0 0 0 0 0 0 0 0 0 0 0 0 0 0 1 0 0 0 0 0 0 0 0 0 0 0 0 0 0 1 0 0 0 0 1 0 0 0 0 0 0 0 0 0 0 1 0 1 0 0 0 0 0 0 0 0 0 0 0 0 0 0 0 0 1 0 0 0 0 0 0 0 0 0 0 0 0 0 0 0 0 0 1 0 0 0 0 0 0 0 0 0 0 0 0 0 0 0 0 0 0 0 0 0 0 1 0 0 0 0 0 0 0 0 0 0 0 0 1 0 0 0 0 0 0 1 1 0 1 0 1 0 1 0 0 0 0 0 0 0 0 0 1 0 0 1 0 0 0 0 0 0 0 0 0 0 0 0 0 0 0 0 0 0 0 0 0 0 0 0 0 0 0 1 1 1 0 0 0 0 0 0 0 0 0 1 0 0 0 0 1 
18 53 46 68 51 25 136 24 150 
4.155363E-05 1.768980E-04 6.927593E-05 2.870676E-06 1.218173E-05 0.000000E+00 1.641271E-04 2.168319E-07 1.747787E-05 0.000000E+00 1.008905E-04 9.916123E-07 6.443146E-05 0.000000E+00 0.000000E+00 0.000000E+00 0.000000E+00 0.000000E+00 3.325880E-05 0.000000E+00 0.000000E+00 1.175500E-04 3.778571E-05 0.000000E+00 0.000000E+00 2.639203E-04 3.205385E-05 0.000000E+00 0.000000E+00 0.000000E+00 0.000000E+00 1.895889E-04 1.478445E-05 4.038625E-06 0.000000E+00 7.970610E-06 0.000000E+00 3.569962E-06 3.254300E-04 0.000000E+00 0.000000E+00 0.000000E+00 0.000000E+00 1.318017E-04 8.938696E-06 0.000000E+00 1.367653E-05 2.759711E-06 6.038871E-05 1.267229E-05 0.000000E+00 5.477256E-05 0.000000E+00 7.416056E-05 9.994720E-04 0.000000E+00 3.713836E-04 5.768371E-05 0.000000E+00 4.129040E-05 6.814004E-07 0.000000E+00 2.186065E-04 3.085808E-06 3.177252E-07 3.335943E-04 3.470912E-05 0.000000E+00 2.468684E-05 5.429270E-07 3.698821E-06 8.127122E-07 3.159158E-06 4.818871E-07 1.774069E-06 9.133531E-05 4.370891E-06 0.000000E+00 2.503267E-05 2.925184E-04 1.106694E-04 2.424097E-05 1.183518E-06 3.800603E-05 2.803724E-06 0.000000E+00 1.731601E-04 4.787686E-06 8.994130E-05 6.968797E-05 4.399803E-04 4.658186E-06 0.000000E+00 2.888613E-05 0.000000E+00 7.014592E-06 1.828542E-04 4.092899E-05 8.526424E-06 9.287563E-05 2.024256E-04 7.174721E-05 0.000000E+00 5.550255E-05 2.968102E-05 5.998987E-06 0.000000E+00 8.665603E-06 1.496483E-05 7.096971E-05 0.000000E+00 7.715958E-07 0.000000E+00 2.132113E-07 2.802176E-05 1.974575E-05 4.642467E-06 4.527461E-04 0.000000E+00 7.953240E-06 8.999700E-07 3.241518E-06 2.776437E-05 1.097477E-05 3.572742E-04 2.604173E-04 4.984920E-06 2.020216E-06 6.553966E-06 1.576331E-05 1.782387E-06 5.103180E-06 5.648208E-05 5.386761E-05 8.534360E-05 0.000000E+00 3.439363E-04 9.096057E-07 9.776155E-05 2.328946E-07 4.991252E-06 1.009625E-05 8.359423E-05 5.540553E-06 0.000000E+00 9.972477E-06 1.982173E-05 2.644440E-05 1.016488E-04 0.000000E+00 6.273115E-10 0.000000E+00 1.121835E-05 0.000000E+00 4.101129E-05 2.769765E-07 3.904755E-05 0.000000E+00 3.196179E-06 3.590331E-05 1.915323E-04 2.017103E-04 1.561513E-04 1.193937E-05 7.172618E-06 0.000000E+00 1.718297E-06 0.000000E+00 0.000000E+00 4.425852E-06 7.543072E-07 3.150217E-06 6.803728E-06 0.000000E+00 1.295402E-05 1.086866E-05 3.747517E-05 1.048043E-05 1.118638E-06 6.410534E-06 6.662714E-06 6.081432E-07 8.496867E-05 1.562051E-04 0.000000E+00 5.101778E-05 8.844774E-05 2.685429E-05 2.428401E-04 8.373172E-05 0.000000E+00 4.479256E-05 6.282539E-05 0.000000E+00 8.289907E-06 
5 8 18 47 70 72 82 84 88 96 101 105 106 129 161 89 80 27 55 76 
53 112 127 64 85 108 192 9 58 75 
38 46 61 65 73 109 115 132 54 100 1 163 
48 60 68 90 94 99 102 121 142 149 155 156 172 176 186 193 44 126 11 81 91 26 
2 7 12 22 49 51 67 79 98 122 125 148 151 164 177 184 187 189 
13 23 25 33 71 77 83 124 134 143 144 157 160 165 188 32 118 104 
3 4 57 63 74 92 97 116 120 136 139 140 141 146 153 159 162 175 181 182 183 66 
24 45 114 117 128 138 167 170 171 173 36 
19 34 50 52 69 110 130 131 133 147 150 178 179 180 190 195 135 87 123 137 39 

============Find Best @ Round 919================
==========Cluster 0, RcvInterf=2.12462e-14============
Node 4, SINR:8.74666e-01, BpsHz:4.77176e-02
Node 7, SINR:8.74666e-01, BpsHz:4.77176e-02
Node 17, SINR:0.00000e+00, BpsHz:0.00000e+00
Node 46, SINR:8.74666e-01, BpsHz:4.77176e-02
Node 69, SINR:8.74666e-01, BpsHz:4.77176e-02
Node 71, SINR:8.74666e-01, BpsHz:4.77176e-02
Node 81, SINR:8.74666e-01, BpsHz:4.77176e-02
Node 83, SINR:8.74666e-01, BpsHz:4.77176e-02
Node 87, SINR:8.74666e-01, BpsHz:4.77176e-02
Node 95, SINR:8.74666e-01, BpsHz:4.77176e-02
Node 100, SINR:8.74666e-01, BpsHz:4.77176e-02
Node 104, SINR:8.74666e-01, BpsHz:4.77176e-02
Node 105, SINR:8.74666e-01, BpsHz:4.77176e-02
Node 128, SINR:8.74666e-01, BpsHz:4.77176e-02
Node 160, SINR:8.74666e-01, BpsHz:4.77176e-02
Node 88, SINR:8.74666e-01, BpsHz:4.77176e-02
Node 79, SINR:8.74666e-01, BpsHz:4.77176e-02
Node 26, SINR:8.74666e-01, BpsHz:4.77176e-02
Node 54, SINR:8.74666e-01, BpsHz:4.77176e-02
Node 75, SINR:8.74666e-01, BpsHz:4.77176e-02
---------------
==========Cluster 1, RcvInterf=4.14875e-14============
Node 52, SINR:0.00000e+00, BpsHz:0.00000e+00
Node 111, SINR:3.46728e-01, BpsHz:4.77176e-02
Node 126, SINR:3.46728e-01, BpsHz:4.77176e-02
Node 63, SINR:3.46728e-01, BpsHz:4.77176e-02
Node 84, SINR:3.46728e-01, BpsHz:4.77176e-02
Node 107, SINR:3.46728e-01, BpsHz:4.77176e-02
Node 191, SINR:3.46728e-01, BpsHz:4.77176e-02
Node 8, SINR:3.46728e-01, BpsHz:4.77176e-02
Node 57, SINR:3.46728e-01, BpsHz:4.77176e-02
Node 74, SINR:3.46728e-01, BpsHz:4.77176e-02
---------------
==========Cluster 2, RcvInterf=3.08157e-14============
Node 37, SINR:4.38827e-01, BpsHz:4.77176e-02
Node 45, SINR:0.00000e+00, BpsHz:0.00000e+00
Node 60, SINR:4.38827e-01, BpsHz:4.77176e-02
Node 64, SINR:4.38827e-01, BpsHz:4.77176e-02
Node 72, SINR:4.38827e-01, BpsHz:4.77176e-02
Node 108, SINR:4.38827e-01, BpsHz:4.77176e-02
Node 114, SINR:4.38827e-01, BpsHz:4.77176e-02
Node 131, SINR:4.38827e-01, BpsHz:4.77176e-02
Node 53, SINR:4.38827e-01, BpsHz:4.77176e-02
Node 99, SINR:4.38827e-01, BpsHz:4.77176e-02
Node 0, SINR:4.38827e-01, BpsHz:4.77176e-02
Node 162, SINR:4.38827e-01, BpsHz:4.77176e-02
---------------
==========Cluster 3, RcvInterf=2.44236e-14============
Node 47, SINR:1.00287e+00, BpsHz:4.77176e-02
Node 59, SINR:1.00287e+00, BpsHz:4.77176e-02
Node 67, SINR:0.00000e+00, BpsHz:0.00000e+00
Node 89, SINR:1.00287e+00, BpsHz:4.77176e-02
Node 93, SINR:1.00287e+00, BpsHz:4.77176e-02
Node 98, SINR:1.00287e+00, BpsHz:4.77176e-02
Node 101, SINR:1.00287e+00, BpsHz:4.77176e-02
Node 120, SINR:1.00287e+00, BpsHz:4.77176e-02
Node 141, SINR:1.00287e+00, BpsHz:4.77176e-02
Node 148, SINR:1.00287e+00, BpsHz:4.77176e-02
Node 154, SINR:1.00287e+00, BpsHz:4.77176e-02
Node 155, SINR:1.00287e+00, BpsHz:4.77176e-02
Node 171, SINR:1.00287e+00, BpsHz:4.77176e-02
Node 175, SINR:1.00287e+00, BpsHz:4.77176e-02
Node 185, SINR:1.00287e+00, BpsHz:4.77176e-02
Node 192, SINR:1.00287e+00, BpsHz:4.77176e-02
Node 43, SINR:1.00287e+00, BpsHz:4.77176e-02
Node 125, SINR:1.00287e+00, BpsHz:4.77176e-02
Node 10, SINR:1.00287e+00, BpsHz:4.77176e-02
Node 80, SINR:1.00287e+00, BpsHz:4.77176e-02
Node 90, SINR:1.00287e+00, BpsHz:4.77176e-02
Node 25, SINR:1.00287e+00, BpsHz:4.77176e-02
---------------
==========Cluster 4, RcvInterf=3.38748e-14============
Node 1, SINR:7.54669e-01, BpsHz:4.77176e-02
Node 6, SINR:7.54669e-01, BpsHz:4.77176e-02
Node 11, SINR:7.54669e-01, BpsHz:4.77176e-02
Node 21, SINR:7.54669e-01, BpsHz:4.77176e-02
Node 48, SINR:7.54669e-01, BpsHz:4.77176e-02
Node 50, SINR:0.00000e+00, BpsHz:0.00000e+00
Node 66, SINR:7.54669e-01, BpsHz:4.77176e-02
Node 78, SINR:7.54669e-01, BpsHz:4.77176e-02
Node 97, SINR:7.54669e-01, BpsHz:4.77176e-02
Node 121, SINR:7.54669e-01, BpsHz:4.77176e-02
Node 124, SINR:7.54669e-01, BpsHz:4.77176e-02
Node 147, SINR:7.54669e-01, BpsHz:4.77176e-02
Node 150, SINR:7.54669e-01, BpsHz:4.77176e-02
Node 163, SINR:7.54669e-01, BpsHz:4.77176e-02
Node 176, SINR:7.54669e-01, BpsHz:4.77176e-02
Node 183, SINR:7.54669e-01, BpsHz:4.77176e-02
Node 186, SINR:7.54669e-01, BpsHz:4.77176e-02
Node 188, SINR:7.54669e-01, BpsHz:4.77176e-02
---------------
==========Cluster 5, RcvInterf=3.08858e-14============
Node 12, SINR:7.54669e-01, BpsHz:4.77176e-02
Node 22, SINR:7.54669e-01, BpsHz:4.77176e-02
Node 24, SINR:0.00000e+00, BpsHz:0.00000e+00
Node 32, SINR:7.54669e-01, BpsHz:4.77176e-02
Node 70, SINR:7.54669e-01, BpsHz:4.77176e-02
Node 76, SINR:7.54669e-01, BpsHz:4.77176e-02
Node 82, SINR:7.54669e-01, BpsHz:4.77176e-02
Node 123, SINR:7.54669e-01, BpsHz:4.77176e-02
Node 133, SINR:7.54669e-01, BpsHz:4.77176e-02
Node 142, SINR:7.54669e-01, BpsHz:4.77176e-02
Node 143, SINR:7.54669e-01, BpsHz:4.77176e-02
Node 156, SINR:7.54669e-01, BpsHz:4.77176e-02
Node 159, SINR:7.54669e-01, BpsHz:4.77176e-02
Node 164, SINR:7.54669e-01, BpsHz:4.77176e-02
Node 187, SINR:7.54669e-01, BpsHz:4.77176e-02
Node 31, SINR:7.54669e-01, BpsHz:4.77176e-02
Node 117, SINR:7.54669e-01, BpsHz:4.77176e-02
Node 103, SINR:7.54669e-01, BpsHz:4.77176e-02
---------------
==========Cluster 6, RcvInterf=2.10307e-14============
Node 2, SINR:1.00287e+00, BpsHz:4.77176e-02
Node 3, SINR:1.00287e+00, BpsHz:4.77176e-02
Node 56, SINR:1.00287e+00, BpsHz:4.77176e-02
Node 62, SINR:1.00287e+00, BpsHz:4.77176e-02
Node 73, SINR:1.00287e+00, BpsHz:4.77176e-02
Node 91, SINR:1.00287e+00, BpsHz:4.77176e-02
Node 96, SINR:1.00287e+00, BpsHz:4.77176e-02
Node 115, SINR:1.00287e+00, BpsHz:4.77176e-02
Node 119, SINR:1.00287e+00, BpsHz:4.77176e-02
Node 135, SINR:0.00000e+00, BpsHz:0.00000e+00
Node 138, SINR:1.00287e+00, BpsHz:4.77176e-02
Node 139, SINR:1.00287e+00, BpsHz:4.77176e-02
Node 140, SINR:1.00287e+00, BpsHz:4.77176e-02
Node 145, SINR:1.00287e+00, BpsHz:4.77176e-02
Node 152, SINR:1.00287e+00, BpsHz:4.77176e-02
Node 158, SINR:1.00287e+00, BpsHz:4.77176e-02
Node 161, SINR:1.00287e+00, BpsHz:4.77176e-02
Node 174, SINR:1.00287e+00, BpsHz:4.77176e-02
Node 180, SINR:1.00287e+00, BpsHz:4.77176e-02
Node 181, SINR:1.00287e+00, BpsHz:4.77176e-02
Node 182, SINR:1.00287e+00, BpsHz:4.77176e-02
Node 65, SINR:1.00287e+00, BpsHz:4.77176e-02
---------------
==========Cluster 7, RcvInterf=1.19820e-14============
Node 23, SINR:0.00000e+00, BpsHz:0.00000e+00
Node 44, SINR:3.92016e-01, BpsHz:4.77176e-02
Node 113, SINR:3.92016e-01, BpsHz:4.77176e-02
Node 116, SINR:3.92016e-01, BpsHz:4.77176e-02
Node 127, SINR:3.92016e-01, BpsHz:4.77176e-02
Node 137, SINR:3.92016e-01, BpsHz:4.77176e-02
Node 166, SINR:3.92016e-01, BpsHz:4.77176e-02
Node 169, SINR:3.92016e-01, BpsHz:4.77176e-02
Node 170, SINR:3.92016e-01, BpsHz:4.77176e-02
Node 172, SINR:3.92016e-01, BpsHz:4.77176e-02
Node 35, SINR:3.92016e-01, BpsHz:4.77176e-02
---------------
==========Cluster 8, RcvInterf=7.33054e-15============
Node 18, SINR:9.37708e-01, BpsHz:4.77176e-02
Node 33, SINR:9.37708e-01, BpsHz:4.77176e-02
Node 49, SINR:9.37708e-01, BpsHz:4.77176e-02
Node 51, SINR:9.37708e-01, BpsHz:4.77176e-02
Node 68, SINR:9.37708e-01, BpsHz:4.77176e-02
Node 109, SINR:9.37708e-01, BpsHz:4.77176e-02
Node 129, SINR:9.37708e-01, BpsHz:4.77176e-02
Node 130, SINR:9.37708e-01, BpsHz:4.77176e-02
Node 132, SINR:9.37708e-01, BpsHz:4.77176e-02
Node 146, SINR:9.37708e-01, BpsHz:4.77176e-02
Node 149, SINR:0.00000e+00, BpsHz:0.00000e+00
Node 177, SINR:9.37708e-01, BpsHz:4.77176e-02
Node 178, SINR:9.37708e-01, BpsHz:4.77176e-02
Node 179, SINR:9.37708e-01, BpsHz:4.77176e-02
Node 189, SINR:9.37708e-01, BpsHz:4.77176e-02
Node 194, SINR:9.37708e-01, BpsHz:4.77176e-02
Node 134, SINR:9.37708e-01, BpsHz:4.77176e-02
Node 86, SINR:9.37708e-01, BpsHz:4.77176e-02
Node 122, SINR:9.37708e-01, BpsHz:4.77176e-02
Node 136, SINR:9.37708e-01, BpsHz:4.77176e-02
Node 38, SINR:9.37708e-01, BpsHz:4.77176e-02
---------------
