195
19
1.000000e-03
1.931016e-312
131
3000
1.454594e+01
4.332733e-01
1.454594e-05
3.531780e-07
0 0 0 0 0 0 0 0 0 0 0 0 1 0 0 0 0 0 0 0 0 0 1 0 1 0 0 0 0 0 0 0 0 0 0 0 0 0 0 0 0 0 0 0 0 0 0 0 0 0 0 0 0 0 0 0 0 0 0 0 0 0 0 0 0 0 0 0 0 0 0 0 0 0 0 0 1 0 0 0 0 0 1 0 0 0 0 0 0 0 0 0 0 0 0 0 0 0 0 0 0 0 0 0 0 0 0 0 0 0 0 0 0 0 0 0 0 0 0 0 0 0 0 0 0 0 0 0 0 0 0 0 0 0 0 0 0 0 0 0 0 0 0 1 0 0 0 0 0 0 0 0 0 0 0 0 1 0 0 1 0 0 0 0 1 0 0 0 0 0 0 0 0 0 0 0 0 0 0 0 0 0 0 0 0 0 0 0 0 0 0 0 0 0 0 
0 0 0 0 0 0 1 0 0 0 0 1 0 0 0 0 0 0 0 0 0 0 0 0 0 0 0 0 0 0 0 0 0 0 0 0 0 0 0 0 0 0 0 0 0 0 0 0 0 0 1 0 0 0 0 0 0 0 0 0 0 0 0 0 0 0 0 0 0 0 0 0 0 0 0 0 0 0 0 0 0 0 0 0 0 0 0 0 0 0 0 0 0 0 0 0 0 0 0 0 0 0 0 0 0 0 0 0 0 0 0 0 0 0 0 0 0 0 1 0 0 1 0 0 0 0 0 0 0 0 0 0 0 0 0 0 0 0 0 0 0 0 0 0 0 0 0 1 0 0 1 0 0 0 0 0 0 0 0 0 0 0 0 0 0 0 0 0 0 0 0 0 0 0 0 0 1 0 0 0 0 0 0 1 0 0 1 0 0 0 0 0 0 0 0 
0 0 0 0 0 0 0 0 0 0 0 0 0 0 0 0 0 0 0 0 0 0 0 0 0 0 0 0 0 0 0 1 0 0 0 0 0 0 0 0 0 1 0 1 0 0 0 0 0 0 0 0 0 0 0 0 0 0 0 1 0 0 0 0 0 0 0 0 0 0 0 0 0 0 0 0 0 0 0 0 0 0 0 0 0 0 0 0 0 0 1 0 0 0 0 0 0 0 0 0 0 0 0 0 0 0 0 0 0 0 1 0 0 0 0 0 0 1 0 0 0 0 0 0 0 1 0 0 0 0 0 0 0 0 0 0 0 0 0 0 0 0 0 0 1 0 0 0 1 0 0 0 0 0 0 0 0 1 0 0 0 0 1 0 0 0 0 1 0 0 0 0 0 0 0 0 0 0 0 0 0 0 0 0 0 0 0 0 0 0 0 0 0 0 0 
0 0 0 0 0 0 0 0 1 0 1 0 0 0 0 0 0 0 0 0 0 0 0 0 0 0 0 0 0 0 0 0 0 0 0 0 0 0 0 0 0 0 0 0 0 0 0 0 0 0 0 0 1 0 0 0 0 1 0 0 0 0 0 1 0 0 0 0 0 0 0 0 0 0 1 0 0 0 0 0 0 0 0 0 1 0 0 0 0 0 0 0 1 0 0 0 0 0 0 0 0 0 0 0 0 0 0 0 0 0 0 1 0 0 0 0 0 0 0 0 0 0 0 0 0 0 1 0 0 0 0 0 0 0 0 0 0 0 0 0 0 0 0 0 0 0 0 0 0 0 0 0 0 0 0 0 0 0 0 0 0 0 0 0 0 0 0 0 0 0 0 0 0 0 0 0 0 0 0 0 0 0 0 0 0 0 0 0 0 0 0 1 0 0 0 
0 0 0 0 0 0 0 0 0 0 0 0 0 0 1 0 0 0 0 0 0 0 0 1 0 0 0 0 0 0 0 0 0 0 0 1 0 0 0 0 0 0 0 0 1 0 0 0 0 0 0 0 0 0 0 0 0 0 0 0 0 0 0 0 0 0 0 0 0 0 0 0 0 0 0 0 0 0 0 0 0 0 0 0 0 0 0 0 0 0 0 0 0 0 0 0 0 0 0 0 0 0 0 0 0 0 0 0 0 0 0 0 0 1 0 0 1 0 0 0 0 0 0 0 0 0 0 1 0 0 0 0 0 0 0 0 0 1 0 0 0 0 0 0 0 0 0 0 0 0 0 0 0 0 0 0 0 0 0 0 0 0 0 0 0 0 1 0 0 1 1 0 1 0 0 0 0 0 0 0 0 0 0 0 0 0 0 0 0 0 0 0 0 0 0 
0 0 0 0 0 1 0 1 0 0 0 0 0 0 0 0 0 1 0 0 0 0 0 0 0 0 1 0 0 0 0 0 0 0 0 0 1 0 0 0 0 0 0 0 0 0 1 0 0 0 0 0 0 0 0 0 0 0 0 0 0 0 0 0 0 0 0 0 0 0 0 1 0 0 0 0 0 0 0 1 0 0 0 1 0 0 0 1 0 0 0 0 0 0 0 1 0 0 0 0 1 0 0 0 1 0 0 0 0 0 0 0 0 0 0 0 0 0 0 0 0 0 0 0 0 0 0 0 1 0 0 0 0 0 0 0 0 0 0 0 0 0 0 0 0 0 0 0 0 0 0 0 0 0 0 0 0 0 0 0 0 0 0 0 0 0 0 0 0 0 0 0 0 0 0 0 0 0 0 0 0 0 0 0 0 0 0 0 0 0 0 0 0 0 0 
0 0 0 0 0 0 0 0 0 0 0 0 0 0 0 0 0 0 0 0 0 0 0 0 0 0 0 0 0 0 0 0 0 0 0 0 0 0 0 0 0 0 0 0 0 0 0 0 0 0 0 1 0 0 0 0 0 0 0 0 0 0 0 0 0 0 0 0 0 0 0 0 0 0 0 0 0 0 0 0 0 0 0 0 0 0 0 0 0 0 0 0 0 0 0 0 0 0 0 0 0 0 0 0 0 0 0 0 0 1 0 0 0 0 0 0 0 0 0 0 0 0 0 0 0 0 0 0 0 0 0 0 0 0 0 0 0 0 0 0 0 0 0 0 0 0 0 0 0 0 0 0 0 0 0 0 0 0 0 0 0 0 0 0 0 1 0 0 0 0 0 0 0 0 0 0 0 0 0 0 0 0 0 0 0 0 0 0 0 1 0 0 0 0 0 
0 0 0 0 0 0 0 0 0 0 0 0 0 0 0 0 0 0 0 0 0 0 0 0 0 0 0 0 0 0 0 0 0 0 0 0 0 0 0 0 0 0 0 0 0 0 0 0 0 1 0 0 0 0 0 0 0 0 0 0 0 0 0 0 0 0 0 0 0 0 0 0 0 0 0 0 0 0 0 0 0 0 0 0 0 0 0 0 0 0 0 0 0 0 0 0 0 0 0 0 0 0 0 0 0 0 0 0 0 0 0 0 0 0 0 0 0 0 0 0 0 0 0 0 0 0 0 0 0 0 1 0 0 0 0 0 0 0 0 0 0 0 0 0 0 0 0 0 0 0 0 0 0 0 0 0 0 0 0 0 0 0 0 0 0 0 0 0 0 0 0 0 0 0 0 0 0 1 1 0 0 0 0 0 0 0 0 0 0 0 0 0 0 0 0 
0 0 0 0 0 0 0 0 0 0 0 0 0 0 0 0 0 0 0 0 0 0 0 0 0 0 0 0 0 0 0 0 0 0 0 0 0 1 0 0 0 0 0 0 0 1 0 0 0 0 0 0 0 0 0 0 0 0 0 0 1 0 0 0 1 0 0 0 0 0 0 0 1 0 0 0 0 0 0 0 0 0 0 0 0 0 0 0 0 0 0 0 0 0 0 0 0 0 0 0 0 0 0 0 0 0 0 0 1 0 0 0 0 0 1 0 0 0 0 0 0 0 0 0 0 0 0 0 0 0 0 1 0 0 0 0 0 0 0 0 0 0 0 0 0 0 0 0 0 0 0 0 0 0 0 0 0 0 0 0 0 0 0 0 0 0 0 0 0 0 0 0 0 0 0 0 0 0 0 0 0 0 0 0 0 0 0 0 0 0 0 0 0 0 0 
0 0 0 0 0 0 0 0 0 0 0 0 0 0 0 0 0 0 1 0 0 0 0 0 0 0 0 0 0 0 0 0 0 0 0 0 0 0 0 0 0 0 0 0 0 0 0 0 0 0 0 0 0 0 0 0 0 0 0 0 0 0 0 0 0 0 0 0 0 0 0 0 0 0 0 0 0 0 0 0 0 0 0 0 0 0 0 0 0 0 0 0 0 0 0 0 0 0 0 0 0 0 0 0 0 0 0 0 0 0 0 0 0 0 0 0 0 0 0 0 0 0 0 0 0 0 0 0 0 1 0 0 1 0 0 0 0 0 0 0 0 0 0 0 0 0 0 0 0 0 0 0 0 0 0 0 0 0 0 0 0 0 0 0 0 0 0 0 0 0 0 0 0 0 0 0 0 0 0 1 0 0 0 0 0 0 0 0 0 0 0 0 0 0 1 
0 0 0 0 0 0 0 0 0 0 0 0 0 0 0 0 0 0 0 0 0 0 0 0 0 1 0 0 0 0 0 0 0 0 0 0 0 0 0 0 0 0 0 0 0 0 0 0 0 0 0 0 0 0 0 0 0 0 0 0 0 0 0 0 0 0 1 0 0 0 0 0 0 0 0 0 0 0 0 0 0 0 0 0 0 0 0 0 0 1 0 0 0 0 0 0 0 1 0 0 0 0 0 1 0 0 0 0 0 0 0 0 0 0 0 0 0 0 0 0 0 0 0 0 0 0 0 0 0 0 0 0 0 0 0 0 0 0 0 0 0 0 0 0 0 0 0 0 0 0 0 1 0 1 0 0 0 0 0 0 0 0 0 0 0 0 0 0 0 0 0 0 0 0 0 0 0 0 0 0 0 0 0 0 0 0 0 1 0 0 0 0 0 1 0 
0 1 0 0 0 0 0 0 0 0 0 0 0 0 0 0 0 0 0 0 0 1 0 0 0 0 0 0 0 0 0 0 0 0 0 0 0 0 0 1 0 0 0 0 0 0 0 0 0 0 0 0 0 0 0 0 0 0 0 0 0 0 0 0 0 0 0 0 0 0 0 0 0 0 0 0 0 0 1 0 0 0 0 0 0 0 0 0 0 0 0 0 0 0 0 0 0 0 0 0 0 0 0 0 0 0 0 0 0 0 0 0 1 0 0 0 0 0 0 0 0 0 0 0 1 0 0 0 0 0 0 0 0 0 0 0 0 0 0 0 0 0 0 0 0 0 0 0 0 0 0 0 0 0 0 0 0 0 0 0 0 0 0 0 0 0 0 0 0 0 0 0 0 0 0 0 0 0 0 0 0 0 0 0 0 0 0 0 1 0 0 0 0 0 0 
0 0 1 0 0 0 0 0 0 0 0 0 0 0 0 0 0 0 0 0 0 0 0 0 0 0 0 0 0 0 0 0 0 0 0 0 0 0 0 0 0 0 0 0 0 0 0 0 0 0 0 0 0 0 0 0 0 0 0 0 0 0 0 0 0 0 0 0 0 0 0 0 0 0 0 0 0 0 0 0 0 0 0 0 0 0 0 0 0 0 0 1 0 0 0 0 0 0 0 0 0 0 0 0 0 0 0 0 0 0 0 0 0 0 0 0 0 0 0 1 0 0 0 0 0 0 0 0 0 0 0 0 0 0 0 1 0 0 0 1 0 0 0 0 0 1 0 0 0 0 0 0 0 0 0 0 0 0 0 0 0 0 0 0 0 0 0 0 0 0 0 0 0 0 1 0 0 0 0 0 0 1 0 0 0 0 0 0 0 0 0 0 0 0 0 
0 0 0 0 0 0 0 0 0 0 0 0 0 0 0 1 0 0 0 0 0 0 0 0 0 0 0 0 0 0 0 0 0 0 0 0 0 0 1 0 0 0 0 0 0 0 0 0 0 0 0 0 0 0 0 0 0 0 0 0 0 0 0 0 0 0 0 0 0 0 0 0 0 0 0 0 0 0 0 0 0 0 0 0 0 0 1 0 0 0 0 0 0 0 0 0 0 0 0 0 0 0 0 0 0 0 0 0 0 0 0 0 0 0 0 0 0 0 0 0 0 0 0 0 0 0 0 0 0 0 0 0 0 0 1 0 1 0 0 0 0 0 0 0 0 0 0 0 0 0 0 0 0 0 0 0 0 0 0 0 0 0 0 0 0 0 0 0 0 0 0 0 0 0 0 0 0 0 0 0 0 0 0 0 0 0 0 0 0 0 0 0 0 0 0 
0 0 0 0 0 0 0 0 0 0 0 0 0 0 0 0 0 0 0 0 0 0 0 0 0 0 0 0 0 0 0 0 0 0 0 0 0 0 0 0 0 0 1 0 0 0 0 0 0 0 0 0 0 0 0 0 0 0 0 0 0 1 0 0 0 0 0 0 0 0 0 0 0 0 0 0 0 0 0 0 0 0 0 0 0 0 0 0 0 0 0 0 0 0 0 0 0 0 0 0 0 0 0 0 0 0 0 0 0 0 0 0 0 0 0 0 0 0 0 0 0 0 0 0 0 0 0 0 0 0 0 0 0 0 0 0 0 0 0 0 0 0 0 0 0 0 0 0 0 0 0 0 0 0 0 0 0 0 0 0 0 0 0 0 0 0 0 0 0 0 0 0 0 1 0 0 0 0 0 0 0 0 0 0 0 0 0 0 0 0 1 0 0 0 0 
0 0 0 0 0 0 0 0 0 0 0 0 0 0 0 0 0 0 0 0 0 0 0 0 0 0 0 0 0 0 0 0 0 0 0 0 0 0 0 0 0 0 0 0 0 0 0 0 0 0 0 0 0 0 0 0 1 0 0 0 0 0 1 0 0 0 0 0 0 0 0 0 0 0 0 0 0 0 0 0 0 0 0 0 0 0 0 0 0 0 0 0 0 0 0 0 1 0 0 0 0 0 0 0 0 0 0 0 0 0 0 0 0 0 0 0 0 0 0 0 0 0 0 0 0 0 0 0 0 0 0 0 0 0 0 0 0 0 1 0 0 0 0 0 0 0 0 0 0 0 0 0 0 0 0 0 0 0 0 0 0 0 0 0 0 0 0 0 0 0 0 0 0 0 0 0 0 0 0 0 0 0 0 0 0 0 0 0 0 0 0 0 0 0 0 
0 0 0 0 0 0 0 0 0 0 0 0 0 0 0 0 1 0 0 0 1 0 0 0 0 0 0 0 0 1 0 0 0 0 0 0 0 0 0 0 1 0 0 0 0 0 0 0 0 0 0 0 0 0 0 0 0 0 0 0 0 0 0 0 0 0 0 0 0 0 0 0 0 0 0 0 0 0 0 0 0 0 0 0 0 0 0 0 0 0 0 0 0 0 0 0 0 0 0 0 0 0 0 0 0 1 0 0 0 0 0 0 0 0 0 0 0 0 0 0 0 0 0 0 0 0 0 0 0 0 0 0 0 0 0 0 0 0 0 0 0 0 0 0 0 0 0 0 0 0 0 0 0 0 0 0 0 0 0 0 0 0 0 0 0 0 0 0 0 0 0 0 0 0 0 0 0 0 0 0 0 0 0 0 0 0 0 0 0 0 0 0 0 0 0 
0 0 0 0 0 0 0 0 0 0 0 0 0 1 0 0 0 0 0 1 0 0 0 0 0 0 0 0 0 0 0 0 0 0 0 0 0 0 0 0 0 0 0 0 0 0 0 0 0 0 0 0 0 0 1 0 0 0 0 0 0 0 0 0 0 1 0 0 0 0 0 0 0 0 0 0 0 0 0 0 0 0 0 0 0 1 0 0 1 0 0 0 0 0 0 0 0 0 0 0 0 0 1 0 0 0 0 0 0 0 0 0 0 0 0 0 0 0 0 0 0 0 0 0 0 0 0 0 0 0 0 0 0 0 0 0 0 0 0 0 0 0 0 0 0 0 0 0 0 0 0 0 0 0 0 0 0 0 0 0 0 1 0 0 0 0 0 0 0 0 0 0 0 0 0 0 0 0 0 0 0 0 0 0 0 0 0 0 0 0 0 0 0 0 0 
0 0 0 0 0 0 0 0 0 0 0 0 0 0 0 0 0 0 0 0 0 0 0 0 0 0 0 0 0 0 0 0 0 0 0 0 0 0 0 0 0 0 0 0 0 0 0 1 0 0 0 0 0 0 0 0 0 0 0 0 0 0 0 0 0 0 0 1 0 0 0 0 0 0 0 0 0 1 0 0 0 0 0 0 0 0 0 0 0 0 0 0 0 0 0 0 0 0 1 0 0 0 0 0 0 0 0 0 0 0 0 0 0 0 0 0 0 0 0 0 1 0 0 0 0 0 0 0 0 0 0 0 0 0 0 0 0 0 0 0 0 1 0 0 0 0 0 0 0 0 0 0 0 0 1 1 0 0 0 0 0 0 0 0 0 0 0 0 0 0 0 1 0 0 0 1 0 0 0 0 0 0 0 0 0 0 0 0 0 0 0 0 0 0 0 
83 12 126 64 114 96 52 179 46 130 152 22 182 87 43 139 17 103 156 
0.000000E+00 4.060519E-06 2.266781E-05 0.000000E+00 0.000000E+00 4.551702E-05 8.794147E-05 4.368739E-05 3.377878E-05 0.000000E+00 2.718563E-05 0.000000E+00 2.783479E-05 4.346669E-06 1.356105E-06 1.014837E-07 0.000000E+00 9.990756E-05 4.254192E-08 1.271638E-09 6.436959E-08 0.000000E+00 3.453493E-05 6.546111E-07 3.926570E-06 4.037694E-06 4.295325E-05 0.000000E+00 0.000000E+00 2.967815E-05 0.000000E+00 1.557925E-04 0.000000E+00 0.000000E+00 0.000000E+00 4.414389E-06 2.736080E-04 3.330479E-05 4.779152E-06 8.950968E-06 4.208244E-07 1.104154E-04 0.000000E+00 7.230317E-06 1.289231E-05 0.000000E+00 1.466444E-04 1.523629E-06 0.000000E+00 7.150774E-07 2.227527E-06 0.000000E+00 1.078510E-05 0.000000E+00 4.330763E-04 0.000000E+00 6.046901E-07 2.968007E-04 0.000000E+00 1.877131E-05 6.356901E-06 1.500934E-06 1.543007E-07 0.000000E+00 2.964113E-06 6.421109E-06 5.571095E-05 1.091469E-06 0.000000E+00 0.000000E+00 0.000000E+00 1.552543E-05 2.947233E-05 0.000000E+00 2.193960E-05 0.000000E+00 4.919025E-08 4.976580E-04 2.284244E-06 8.390314E-04 0.000000E+00 0.000000E+00 0.000000E+00 5.134837E-06 3.553094E-05 3.086763E-07 0.000000E+00 2.363595E-04 4.446415E-05 4.486183E-05 2.305387E-06 5.618805E-05 1.212833E-08 0.000000E+00 0.000000E+00 0.000000E+00 1.004533E-07 4.028009E-05 1.988367E-05 0.000000E+00 6.309835E-04 0.000000E+00 0.000000E+00 2.364008E-06 2.273286E-04 9.351828E-05 0.000000E+00 0.000000E+00 1.396095E-04 2.968180E-10 2.351134E-06 6.906875E-05 2.097304E-06 0.000000E+00 2.614198E-04 0.000000E+00 3.521096E-06 9.997080E-04 1.354270E-04 9.234413E-07 5.849239E-06 1.754419E-06 0.000000E+00 0.000000E+00 5.743975E-05 0.000000E+00 9.087787E-07 2.030993E-05 1.010411E-06 0.000000E+00 5.072642E-08 4.760844E-05 2.328745E-06 0.000000E+00 1.969401E-06 1.057568E-06 6.586438E-07 5.452702E-06 0.000000E+00 6.154879E-08 0.000000E+00 6.797890E-06 0.000000E+00 2.856441E-05 2.961915E-05 7.585346E-06 0.000000E+00 5.669345E-06 1.813903E-05 0.000000E+00 1.110616E-06 0.000000E+00 0.000000E+00 1.407957E-06 3.318562E-05 0.000000E+00 7.501026E-05 4.283368E-04 0.000000E+00 4.555571E-05 0.000000E+00 2.687137E-05 3.797389E-05 0.000000E+00 2.742845E-05 1.728787E-07 5.746364E-06 5.558743E-05 0.000000E+00 6.972654E-05 5.922452E-08 4.744801E-05 1.937426E-06 1.990996E-07 1.296917E-06 4.124710E-06 2.111717E-05 7.179523E-07 0.000000E+00 4.522670E-08 0.000000E+00 0.000000E+00 0.000000E+00 1.390035E-04 0.000000E+00 0.000000E+00 4.583452E-05 9.800247E-05 1.396314E-07 2.343471E-08 1.482332E-06 8.281797E-05 0.000000E+00 1.574105E-05 1.366344E-06 
13 25 77 83 144 157 160 23 165 
12 51 122 148 151 177 187 7 184 119 
44 60 91 111 126 149 163 145 168 42 158 32 118 
64 93 127 85 53 9 11 75 192 112 58 
15 24 36 45 114 117 171 173 167 128 138 170 
6 8 18 27 37 47 72 80 84 96 129 105 101 88 
52 110 190 166 
131 179 178 50 
38 46 61 65 73 109 132 115 
130 19 180 195 133 
26 104 152 154 194 90 98 188 67 
2 22 79 113 189 40 125 
120 136 140 175 182 146 3 92 
87 16 137 135 39 
43 174 62 191 
57 63 97 139 
17 21 30 106 41 
20 86 103 162 14 66 89 55 
48 68 121 142 156 176 99 172 155 78 

============Find Best @ Round 2200================
==========Cluster 0, RcvInterf=9.93649e-14============
Node 12, SINR:1.04289e+00, BpsHz:1.28826e-01
Node 24, SINR:1.04289e+00, BpsHz:1.28826e-01
Node 76, SINR:1.04289e+00, BpsHz:1.28826e-01
Node 82, SINR:0.00000e+00, BpsHz:0.00000e+00
Node 143, SINR:1.04289e+00, BpsHz:1.28826e-01
Node 156, SINR:1.04289e+00, BpsHz:1.28826e-01
Node 159, SINR:1.04289e+00, BpsHz:1.28826e-01
Node 22, SINR:1.04289e+00, BpsHz:1.28826e-01
Node 164, SINR:1.04289e+00, BpsHz:1.28826e-01
---------------
==========Cluster 1, RcvInterf=5.32824e-14============
Node 11, SINR:0.00000e+00, BpsHz:0.00000e+00
Node 50, SINR:1.23370e+00, BpsHz:1.28826e-01
Node 121, SINR:1.23370e+00, BpsHz:1.28826e-01
Node 147, SINR:1.23370e+00, BpsHz:1.28826e-01
Node 150, SINR:1.23370e+00, BpsHz:1.28826e-01
Node 176, SINR:1.23370e+00, BpsHz:1.28826e-01
Node 186, SINR:1.23370e+00, BpsHz:1.28826e-01
Node 6, SINR:1.23370e+00, BpsHz:1.28826e-01
Node 183, SINR:1.23370e+00, BpsHz:1.28826e-01
Node 118, SINR:1.23370e+00, BpsHz:1.28826e-01
---------------
==========Cluster 2, RcvInterf=1.01699e-13============
Node 43, SINR:1.91990e+00, BpsHz:1.28826e-01
Node 59, SINR:1.91990e+00, BpsHz:1.28826e-01
Node 90, SINR:1.91990e+00, BpsHz:1.28826e-01
Node 110, SINR:1.91990e+00, BpsHz:1.28826e-01
Node 125, SINR:0.00000e+00, BpsHz:0.00000e+00
Node 148, SINR:1.91990e+00, BpsHz:1.28826e-01
Node 162, SINR:1.91990e+00, BpsHz:1.28826e-01
Node 144, SINR:1.91990e+00, BpsHz:1.28826e-01
Node 167, SINR:1.91990e+00, BpsHz:1.28826e-01
Node 41, SINR:1.91990e+00, BpsHz:1.28826e-01
Node 157, SINR:1.91990e+00, BpsHz:1.28826e-01
Node 31, SINR:1.91990e+00, BpsHz:1.28826e-01
Node 117, SINR:1.91990e+00, BpsHz:1.28826e-01
---------------
==========Cluster 3, RcvInterf=3.19806e-14============
Node 63, SINR:0.00000e+00, BpsHz:0.00000e+00
Node 92, SINR:1.44234e+00, BpsHz:1.28826e-01
Node 126, SINR:1.44234e+00, BpsHz:1.28826e-01
Node 84, SINR:1.44234e+00, BpsHz:1.28826e-01
Node 52, SINR:1.44234e+00, BpsHz:1.28826e-01
Node 8, SINR:1.44234e+00, BpsHz:1.28826e-01
Node 10, SINR:1.44234e+00, BpsHz:1.28826e-01
Node 74, SINR:1.44234e+00, BpsHz:1.28826e-01
Node 191, SINR:1.44234e+00, BpsHz:1.28826e-01
Node 111, SINR:1.44234e+00, BpsHz:1.28826e-01
Node 57, SINR:1.44234e+00, BpsHz:1.28826e-01
---------------
==========Cluster 4, RcvInterf=3.60231e-15============
Node 14, SINR:1.67047e+00, BpsHz:1.28826e-01
Node 23, SINR:1.67047e+00, BpsHz:1.28826e-01
Node 35, SINR:1.67047e+00, BpsHz:1.28826e-01
Node 44, SINR:1.67047e+00, BpsHz:1.28826e-01
Node 113, SINR:0.00000e+00, BpsHz:0.00000e+00
Node 116, SINR:1.67047e+00, BpsHz:1.28826e-01
Node 170, SINR:1.67047e+00, BpsHz:1.28826e-01
Node 172, SINR:1.67047e+00, BpsHz:1.28826e-01
Node 166, SINR:1.67047e+00, BpsHz:1.28826e-01
Node 127, SINR:1.67047e+00, BpsHz:1.28826e-01
Node 137, SINR:1.67047e+00, BpsHz:1.28826e-01
Node 169, SINR:1.67047e+00, BpsHz:1.28826e-01
---------------
==========Cluster 5, RcvInterf=2.04982e-13============
Node 5, SINR:2.19263e+00, BpsHz:1.28826e-01
Node 7, SINR:2.19263e+00, BpsHz:1.28826e-01
Node 17, SINR:2.19263e+00, BpsHz:1.28826e-01
Node 26, SINR:2.19263e+00, BpsHz:1.28826e-01
Node 36, SINR:2.19263e+00, BpsHz:1.28826e-01
Node 46, SINR:2.19263e+00, BpsHz:1.28826e-01
Node 71, SINR:2.19263e+00, BpsHz:1.28826e-01
Node 79, SINR:2.19263e+00, BpsHz:1.28826e-01
Node 83, SINR:2.19263e+00, BpsHz:1.28826e-01
Node 95, SINR:0.00000e+00, BpsHz:0.00000e+00
Node 128, SINR:2.19263e+00, BpsHz:1.28826e-01
Node 104, SINR:2.19263e+00, BpsHz:1.28826e-01
Node 100, SINR:2.19263e+00, BpsHz:1.28826e-01
Node 87, SINR:2.19263e+00, BpsHz:1.28826e-01
---------------
==========Cluster 6, RcvInterf=4.11396e-15============
Node 51, SINR:0.00000e+00, BpsHz:0.00000e+00
Node 109, SINR:3.07200e-01, BpsHz:1.28826e-01
Node 189, SINR:3.07200e-01, BpsHz:1.28826e-01
Node 165, SINR:3.07200e-01, BpsHz:1.28826e-01
---------------
==========Cluster 7, RcvInterf=2.53285e-14============
Node 130, SINR:3.07200e-01, BpsHz:1.28826e-01
Node 178, SINR:0.00000e+00, BpsHz:0.00000e+00
Node 177, SINR:3.07200e-01, BpsHz:1.28826e-01
Node 49, SINR:3.07200e-01, BpsHz:1.28826e-01
---------------
==========Cluster 8, RcvInterf=2.12138e-13============
Node 37, SINR:8.68377e-01, BpsHz:1.28826e-01
Node 45, SINR:0.00000e+00, BpsHz:0.00000e+00
Node 60, SINR:8.68377e-01, BpsHz:1.28826e-01
Node 64, SINR:8.68377e-01, BpsHz:1.28826e-01
Node 72, SINR:8.68377e-01, BpsHz:1.28826e-01
Node 108, SINR:8.68377e-01, BpsHz:1.28826e-01
Node 131, SINR:8.68377e-01, BpsHz:1.28826e-01
Node 114, SINR:8.68377e-01, BpsHz:1.28826e-01
---------------
==========Cluster 9, RcvInterf=5.45580e-15============
Node 129, SINR:0.00000e+00, BpsHz:0.00000e+00
Node 18, SINR:4.29297e-01, BpsHz:1.28826e-01
Node 179, SINR:4.29297e-01, BpsHz:1.28826e-01
Node 194, SINR:4.29297e-01, BpsHz:1.28826e-01
Node 132, SINR:4.29297e-01, BpsHz:1.28826e-01
---------------
==========Cluster 10, RcvInterf=5.27614e-14============
Node 25, SINR:1.04289e+00, BpsHz:1.28826e-01
Node 103, SINR:1.04289e+00, BpsHz:1.28826e-01
Node 151, SINR:0.00000e+00, BpsHz:0.00000e+00
Node 153, SINR:1.04289e+00, BpsHz:1.28826e-01
Node 193, SINR:1.04289e+00, BpsHz:1.28826e-01
Node 89, SINR:1.04289e+00, BpsHz:1.28826e-01
Node 97, SINR:1.04289e+00, BpsHz:1.28826e-01
Node 187, SINR:1.04289e+00, BpsHz:1.28826e-01
Node 66, SINR:1.04289e+00, BpsHz:1.28826e-01
---------------
==========Cluster 11, RcvInterf=5.02500e-14============
Node 1, SINR:7.08771e-01, BpsHz:1.28826e-01
Node 21, SINR:0.00000e+00, BpsHz:0.00000e+00
Node 78, SINR:7.08771e-01, BpsHz:1.28826e-01
Node 112, SINR:7.08771e-01, BpsHz:1.28826e-01
Node 188, SINR:7.08771e-01, BpsHz:1.28826e-01
Node 39, SINR:7.08771e-01, BpsHz:1.28826e-01
Node 124, SINR:7.08771e-01, BpsHz:1.28826e-01
---------------
==========Cluster 12, RcvInterf=6.03873e-14============
Node 119, SINR:8.68377e-01, BpsHz:1.28826e-01
Node 135, SINR:8.68377e-01, BpsHz:1.28826e-01
Node 139, SINR:8.68377e-01, BpsHz:1.28826e-01
Node 174, SINR:8.68377e-01, BpsHz:1.28826e-01
Node 181, SINR:0.00000e+00, BpsHz:0.00000e+00
Node 145, SINR:8.68377e-01, BpsHz:1.28826e-01
Node 2, SINR:8.68377e-01, BpsHz:1.28826e-01
Node 91, SINR:8.68377e-01, BpsHz:1.28826e-01
---------------
==========Cluster 13, RcvInterf=3.73808e-14============
Node 86, SINR:0.00000e+00, BpsHz:0.00000e+00
Node 15, SINR:4.29297e-01, BpsHz:1.28826e-01
Node 136, SINR:4.29297e-01, BpsHz:1.28826e-01
Node 134, SINR:4.29297e-01, BpsHz:1.28826e-01
Node 38, SINR:4.29297e-01, BpsHz:1.28826e-01
---------------
==========Cluster 14, RcvInterf=9.53461e-14============
Node 42, SINR:0.00000e+00, BpsHz:0.00000e+00
Node 173, SINR:3.07200e-01, BpsHz:1.28826e-01
Node 61, SINR:3.07200e-01, BpsHz:1.28826e-01
Node 190, SINR:3.07200e-01, BpsHz:1.28826e-01
---------------
==========Cluster 15, RcvInterf=3.15111e-14============
Node 56, SINR:3.07200e-01, BpsHz:1.28826e-01
Node 62, SINR:3.07200e-01, BpsHz:1.28826e-01
Node 96, SINR:3.07200e-01, BpsHz:1.28826e-01
Node 138, SINR:0.00000e+00, BpsHz:0.00000e+00
---------------
==========Cluster 16, RcvInterf=1.57364e-13============
Node 16, SINR:0.00000e+00, BpsHz:0.00000e+00
Node 20, SINR:4.29297e-01, BpsHz:1.28826e-01
Node 29, SINR:4.29297e-01, BpsHz:1.28826e-01
Node 105, SINR:4.29297e-01, BpsHz:1.28826e-01
Node 40, SINR:4.29297e-01, BpsHz:1.28826e-01
---------------
==========Cluster 17, RcvInterf=1.34732e-13============
Node 19, SINR:8.68377e-01, BpsHz:1.28826e-01
Node 85, SINR:8.68377e-01, BpsHz:1.28826e-01
Node 102, SINR:0.00000e+00, BpsHz:0.00000e+00
Node 161, SINR:8.68377e-01, BpsHz:1.28826e-01
Node 13, SINR:8.68377e-01, BpsHz:1.28826e-01
Node 65, SINR:8.68377e-01, BpsHz:1.28826e-01
Node 88, SINR:8.68377e-01, BpsHz:1.28826e-01
Node 54, SINR:8.68377e-01, BpsHz:1.28826e-01
---------------
==========Cluster 18, RcvInterf=1.17897e-13============
Node 47, SINR:1.23370e+00, BpsHz:1.28826e-01
Node 67, SINR:1.23370e+00, BpsHz:1.28826e-01
Node 120, SINR:1.23370e+00, BpsHz:1.28826e-01
Node 141, SINR:1.23370e+00, BpsHz:1.28826e-01
Node 155, SINR:0.00000e+00, BpsHz:0.00000e+00
Node 175, SINR:1.23370e+00, BpsHz:1.28826e-01
Node 98, SINR:1.23370e+00, BpsHz:1.28826e-01
Node 171, SINR:1.23370e+00, BpsHz:1.28826e-01
Node 154, SINR:1.23370e+00, BpsHz:1.28826e-01
Node 77, SINR:1.23370e+00, BpsHz:1.28826e-01
---------------
