195 3 1023.94 0.48 0.950000 8 -1.0 2522        973.303 165 5.260212e-06 4.102377e-06 5.260212e+00 9.272461e+00 3     9.362589e-06 1.453267e+01
195 7 1023.94 0.48 0.950000 8 -1.0 1092        973.435 156 1.140923e-05 1.268789e-06 1.140923e+01 1.408081e+00 7     1.267802e-05 1.281731e+01
195 5 1023.94 0.48 0.950000 8 -1.0 1769        973.639 168 6.966693e-06 2.123018e-06 6.966693e+00 2.976074e+00 5     9.089711e-06 9.942767e+00
195 9 1023.94 0.48 0.950000 8 -1.0 2937        974.066 151 1.097700e-05 1.092838e-06 1.097700e+01 1.083679e+00 9     1.206984e-05 1.206068e+01
195 11 1023.94 0.48 0.950000 8 -1.0 1745        973.982 158 1.251743e-05 8.762657e-07 1.251743e+01 1.286926e+00 11     1.339370e-05 1.380436e+01
195 13 1023.94 0.48 0.950000 8 -1.0 2730        973.610 158 1.252484e-05 4.651864e-07 1.252484e+01 1.268921e+00 13     1.299002e-05 1.379376e+01
195 3 1023.94 0.48 0.950000 8 -1.0 2340        974.638 169 5.280906e-06 4.694533e-06 5.280906e+00 9.687500e+00 3     9.975439e-06 1.496841e+01
195 17 1023.94 0.48 0.950000 8 -1.0 2438        974.599 153 1.533363e-05 7.297247e-07 1.533363e+01 5.405998e-01 17     1.606335e-05 1.587423e+01
195 15 1023.94 0.48 0.950000 8 -1.0 1646        973.114 149 1.359841e-05 3.271084e-07 1.359841e+01 4.851532e-01 15     1.392552e-05 1.408357e+01
195 7 1023.94 0.48 0.950000 8 -1.0 1355        974.203 165 9.987779e-06 1.257798e-06 9.987779e+00 2.225952e+00 7     1.124558e-05 1.221373e+01
195 5 1023.94 0.48 0.950000 8 -1.0 2663        975.452 166 9.549305e-06 2.149068e-06 9.549304e+00 2.954102e+00 5     1.169837e-05 1.250341e+01
195 19 1023.94 0.48 0.950000 8 -1.0 2200        973.543 150 1.454594e-05 3.531780e-07 1.454594e+01 4.332733e-01 19     1.489912e-05 1.497921e+01
195 3 1023.94 0.48 0.950000 8 -1.0 34        972.836 173 6.888389e-06 3.900533e-06 6.888388e+00 8.159180e+00 3     1.078892e-05 1.504757e+01
195 11 1023.94 0.48 0.950000 8 -1.0 609        972.798 158 1.250308e-05 7.730634e-07 1.250308e+01 1.057434e+00 11     1.327614e-05 1.356051e+01
195 9 1023.94 0.48 0.950000 8 -1.0 1138        976.257 157 1.129706e-05 7.362210e-07 1.129706e+01 1.492920e+00 9     1.203328e-05 1.278998e+01
195 21 1023.94 0.48 0.950000 8 -1.0 576        976.590 154 1.479524e-05 3.543718e-07 1.479524e+01 3.834152e-01 21     1.514961e-05 1.517865e+01
195 23 1023.94 0.48 0.950000 8 -1.0 2109        973.368 150 1.456643e-05 2.793190e-07 1.456643e+01 3.647232e-01 23     1.484575e-05 1.493115e+01
195 13 1023.94 0.48 0.950000 8 -1.0 1306        974.450 156 1.278855e-05 4.550109e-07 1.278854e+01 8.285522e-01 13     1.324356e-05 1.361710e+01
195 7 1023.94 0.48 0.950000 8 -1.0 2034        976.072 151 1.225053e-05 1.196989e-06 1.225053e+01 1.427917e+00 7     1.344752e-05 1.367845e+01
195 5 1023.94 0.48 0.950000 8 -1.0 1043        973.457 162 8.073475e-06 2.030526e-06 8.073475e+00 2.803955e+00 5     1.010400e-05 1.087743e+01
195 3 1023.94 0.48 0.950000 8 -1.0 530        974.229 169 7.145355e-06 4.014595e-06 7.145355e+00 8.051758e+00 3     1.115995e-05 1.519711e+01
195 17 1023.94 0.48 0.950000 8 -1.0 2022        973.819 147 1.410060e-05 6.173735e-07 1.410060e+01 5.474854e-01 17     1.471798e-05 1.464809e+01
195 15 1023.94 0.48 0.950000 8 -1.0 1423        974.279 156 1.339051e-05 8.895765e-07 1.339051e+01 6.328964e-01 15     1.428009e-05 1.402341e+01
195 9 1023.94 0.48 0.950000 8 -1.0 2339        973.003 155 1.074500e-05 8.386088e-07 1.074500e+01 1.065979e+00 9     1.158361e-05 1.181098e+01
195 19 1023.94 0.48 0.950000 8 -1.0 1895        973.199 153 1.445980e-05 3.036070e-07 1.445980e+01 4.457092e-01 19     1.476340e-05 1.490551e+01
195 11 1023.94 0.48 0.950000 8 -1.0 2109        973.737 153 1.161038e-05 7.354185e-07 1.161038e+01 8.682251e-01 11     1.234580e-05 1.247861e+01
195 3 1023.94 0.48 0.950000 8 -1.0 35        975.399 172 6.938573e-06 3.878670e-06 6.938572e+00 7.749023e+00 3     1.081724e-05 1.468760e+01
195 7 1023.94 0.48 0.950000 8 -1.0 897        975.209 162 1.091672e-05 1.211493e-06 1.091672e+01 1.718750e+00 7     1.212822e-05 1.263547e+01
195 5 1023.94 0.48 0.950000 8 -1.0 1318        973.336 156 7.069665e-06 1.455527e-06 7.069664e+00 3.669434e+00 5     8.525191e-06 1.073910e+01
195 13 1023.94 0.48 0.950000 8 -1.0 413        972.960 157 1.341836e-05 7.389211e-07 1.341836e+01 7.281494e-01 13     1.415728e-05 1.414650e+01
195 23 1023.94 0.48 0.950000 8 -1.0 1800        973.869 149 1.514702e-05 2.906351e-07 1.514702e+01 6.953430e-01 23     1.543765e-05 1.584236e+01
195 3 1023.94 0.48 0.950000 8 -1.0 280        973.146 170 6.867755e-06 3.870293e-06 6.867755e+00 7.973633e+00 3     1.073805e-05 1.484139e+01
195 17 1023.94 0.48 0.950000 8 -1.0 645        973.093 153 1.360761e-05 3.259385e-07 1.360761e+01 8.552551e-01 17     1.393355e-05 1.446286e+01
195 5 1023.94 0.48 0.950000 8 -1.0 1783        975.777 165 9.378033e-06 1.616587e-06 9.378032e+00 4.145508e+00 5     1.099462e-05 1.352354e+01
195 15 1023.94 0.48 0.950000 8 -1.0 1840        974.235 149 1.446692e-05 3.818308e-07 1.446692e+01 7.833862e-01 15     1.484875e-05 1.525030e+01
195 7 1023.94 0.48 0.950000 8 -1.0 2155        973.275 149 1.181059e-05 1.154838e-06 1.181059e+01 1.520691e+00 7     1.296543e-05 1.333128e+01
195 9 1023.94 0.48 0.950000 8 -1.0 1705        973.946 151 1.096652e-05 7.816527e-07 1.096652e+01 1.240845e+00 9     1.174817e-05 1.220736e+01
195 21 1023.94 0.48 0.950000 8 -1.0 1282        974.855 154 1.499182e-05 3.950898e-07 1.499182e+01 3.580856e-01 21     1.538691e-05 1.534990e+01
195 11 1023.94 0.48 0.950000 8 -1.0 2989        975.688 156 1.288029e-05 1.139481e-06 1.288029e+01 8.985901e-01 11     1.401978e-05 1.377888e+01
195 13 1023.94 0.48 0.950000 8 -1.0 2094        974.401 150 1.210581e-05 4.870452e-07 1.210581e+01 8.706665e-01 13     1.259286e-05 1.297648e+01
195 19 1023.94 0.48 0.950000 8 -1.0 2032        973.016 148 1.274459e-05 5.689132e-07 1.274459e+01 5.606079e-01 19     1.331351e-05 1.330520e+01
195 5 1023.94 0.48 0.950000 8 -1.0 2357        974.736 152 9.886050e-06 1.699847e-06 9.886050e+00 3.798828e+00 5     1.158590e-05 1.368488e+01
195 7 1023.94 0.48 0.950000 8 -1.0 1382        973.573 151 1.089977e-05 1.371438e-06 1.089977e+01 1.576538e+00 7     1.227121e-05 1.247631e+01
195 9 1023.94 0.48 0.950000 8 -1.0 435        973.612 156 1.337774e-05 9.378036e-07 1.337774e+01 1.082153e+00 9     1.431554e-05 1.445989e+01
195 17 1023.94 0.48 0.950000 8 -1.0 2113        972.788 148 1.397060e-05 3.034566e-07 1.397060e+01 7.708740e-01 17     1.427405e-05 1.474147e+01
195 15 1023.94 0.48 0.950000 8 -1.0 2904        972.826 149 1.266817e-05 7.385419e-07 1.266817e+01 9.843445e-01 15     1.340671e-05 1.365252e+01
195 23 1023.94 0.48 0.950000 8 -1.0 1309        973.332 151 1.467346e-05 2.116137e-07 1.467346e+01 5.155182e-01 23     1.488508e-05 1.518898e+01
195 13 1023.94 0.48 0.950000 8 -1.0 2059        973.305 154 1.297348e-05 5.313923e-07 1.297348e+01 9.948730e-01 13     1.350488e-05 1.396836e+01
195 11 1023.94 0.48 0.950000 8 -1.0 2277        975.415 146 1.187864e-05 1.022103e-06 1.187864e+01 7.751465e-01 11     1.290074e-05 1.265378e+01
195 21 1023.94 0.48 0.950000 8 -1.0 1003        972.961 154 1.585770e-05 3.135813e-07 1.585770e+01 6.004333e-01 21     1.617128e-05 1.645814e+01
195 9 1023.94 0.48 0.950000 8 -1.0 919        973.580 154 1.090236e-05 6.466818e-07 1.090236e+01 1.169739e+00 9     1.154904e-05 1.207210e+01
195 15 1023.94 0.48 0.950000 8 -1.0 1894        972.783 148 1.314672e-05 5.824454e-07 1.314672e+01 9.121704e-01 15     1.372917e-05 1.405889e+01
195 13 1023.94 0.48 0.950000 8 -1.0 1020        973.643 152 1.499994e-05 6.756800e-07 1.499994e+01 7.077026e-01 13     1.567562e-05 1.570764e+01
195 11 1023.94 0.48 0.950000 8 -1.0 2896        974.615 149 1.226552e-05 5.600374e-07 1.226551e+01 7.365417e-01 11     1.282555e-05 1.300206e+01
195 17 1023.94 0.48 0.950000 8 -1.0 1544        975.316 148 1.420131e-05 5.200913e-07 1.420131e+01 4.184723e-01 17     1.472141e-05 1.461979e+01
195 19 1023.94 0.48 0.950000 8 -1.0 985        972.872 150 1.411255e-05 6.524734e-07 1.411255e+01 4.511261e-01 19     1.476502e-05 1.456367e+01
195 15 1023.94 0.48 0.950000 8 -1.0 1884        975.967 155 1.326953e-05 4.111400e-07 1.326953e+01 6.977844e-01 15     1.368067e-05 1.396731e+01
195 21 1023.94 0.48 0.950000 8 -1.0 1928        975.757 153 1.404213e-05 4.713843e-07 1.404213e+01 4.974747e-01 21     1.451352e-05 1.453960e+01
195 23 1023.94 0.48 0.950000 8 -1.0 2155        974.388 150 1.520111e-05 3.102140e-07 1.520111e+01 2.460861e-01 23     1.551132e-05 1.544720e+01
195 17 1023.94 0.48 0.950000 8 -1.0 327        973.426 156 1.358504e-05 4.642802e-07 1.358504e+01 5.973816e-01 17     1.404932e-05 1.418242e+01
195 19 1023.94 0.48 0.950000 8 -1.0 2371        973.017 151 1.429964e-05 2.736217e-07 1.429963e+01 4.309082e-01 19     1.457326e-05 1.473054e+01
195 23 1023.94 0.48 0.950000 8 -1.0 1556        974.570 146 1.436886e-05 4.282193e-07 1.436886e+01 3.727913e-01 23     1.479708e-05 1.474165e+01
195 21 1023.94 0.48 0.950000 8 -1.0 1448        975.100 143 1.363519e-05 5.976051e-07 1.363519e+01 4.379654e-01 21     1.423280e-05 1.407316e+01
195 19 1023.94 0.48 0.950000 8 -1.0 1897        973.816 151 1.483141e-05 4.455722e-07 1.483141e+01 4.654694e-01 19     1.527699e-05 1.529688e+01
195 21 1023.94 0.48 0.950000 8 -1.0 1990        974.701 144 1.388446e-05 6.103375e-07 1.388446e+01 5.741119e-01 21     1.449480e-05 1.445858e+01
195 23 1023.94 0.48 0.950000 8 -1.0 551        974.203 149 1.611696e-05 2.968904e-07 1.611696e+01 4.446220e-01 23     1.641385e-05 1.656158e+01
